2443371	2443878
667996	668364
25314073	25314502
10020351	10020755
83660443	83660857
71553779	71554170
57410704	57411103
1124379	1124717
1727969	1728344
3108342	3108677
7072501	7072870
190861725	190862088
3482281	3482629
148787975	148788309
48965097	48965432
6000093	6000490
1695139	1695476
152283872	152284187
38321463	38321768
190825626	190825952
6721962	6722332
178171243	178171588
39978079	39978426
140216874	140217170
16918399	16918712
8470500	8470817
1811671	1812079
38732787	38733128
76498675	76499153
1630833	1631199
56814751	56815124
152020461	152020806
183846432	183846767
4670917	4671238
141444953	141445273
13550581	13550883
124485944	124486261
4996857	4997177
6976144	6976439
183859290	183859604
185926375	185926711
40926567	40926905
3445227	3445576
164465552	164465878
186518788	186519089
144695175	144695478
37604660	37604988
87843564	87843855
6548373	6548696
39136964	39137263
2221736	2222060
166414493	166414785
29150	29444
25989777	25990080
53411644	53411948
8404917	8405209
184328262	184328589
10174993	10175276
1350038	1350358
129112459	129112777
76649164	76649465
40910713	40911009
7805763	7806055
38862490	38862771
83350546	83350843
10159424	10159731
139840313	139840618
25047289	25047586
154006341	154006669
1160938	1161274
82834551	82834846
40311296	40311593
129375464	129375744
6875736	6876029
77101032	77101314
57666341	57666640
1747969	1748290
1345714	1346033
57904196	57904494
4184678	4184946
41694925	41695221
185089611	185089884
1750380	1750691
4329386	4329697
6682942	6683281
39979499	39979808
8268929	8269237
6329063	6329334
24421099	24421395
7083800	7084066
8609357	8609705
6332821	6333130
40319154	40319459
75094438	75094745
55083997	55084282
677766	678090
55100453	55100726
129495843	129496106
190714213	190714500
24490336	24490608
113558483	113558727
1901002	1901284
736427	736761
6021434	6021714
103178933	103179207
57167690	57167963
185021507	185021746
7803900	7804147
71370920	71371194
114468723	114468985
123638051	123638303
38070861	38071127
78016557	78016819
48129845	48130097
185459222	185459511
38181320	38181588
41884844	41885130
184183620	184183896
74439457	74439744
74999999	75000296
4490152	4490427
41663538	41663795
25441603	25441854
103266591	103266896
79565921	79566218
8243931	8244220
152197969	152198248
5823378	5823674
15957926	15958221
99916272	99916618
152722791	152723057
40843054	40843343
185185362	185185627
166052409	166052720
100870180	100870447
154354251	154354501
10462913	10463211
1550637	1550882
174178961	174179226
55185127	55185401
38677211	38677461
53777930	53778169
183727524	183727804
160367696	160367993
184393442	184393678
110343607	110343867
38063682	38063941
108658198	108658471
40899658	40899911
146478860	146479123
1066717	1066950
58030176	58030509
140572798	140573066
84174029	84174301
47688380	47688642
154049130	154049365
151164081	151164349
148905211	148905467
7103735	7104040
82388619	82388861
7989186	7989458
39471055	39471329
100729475	100729749
88071996	88072250
78161681	78161962
78539857	78540113
10015444	10015675
99977233	99977511
56212628	56212912
74595350	74595589
106395141	106395415
4432374	4432604
90032289	90032558
3049136	3049445
78124816	78125076
3039078	3039362
596487	596723
48946713	48946974
129784681	129784950
140020586	140020846
108939790	108940042
99388756	99388984
89436870	89437101
4336987	4337280
155547934	155548165
122924585	122924813
82765910	82766160
25443232	25443457
170534333	170534598
7763464	7763693
6919484	6919728
103220901	103221141
95327910	95328152
140578184	140578469
75236625	75236852
113445064	113445380
40327507	40327751
15651661	15651894
90175988	90176227
12634755	12635001
146540516	146540761
175635634	175635844
140452069	140452316
24689072	24689298
171180819	171181050
139951850	139952092
71467211	71467447
10166534	10166773
124694065	124694282
52762036	52762271
74312133	74312347
49034532	49034758
159651182	159651421
174427070	174427305
184761478	184761710
13432984	13433195
16003073	16003329
99861056	99861277
84430318	84430472
47928677	47928909
24981769	24982035
111437606	111437801
52697372	52697607
8689954	8690227
77008422	77008649
8178606	8178842
15884319	15884568
81991017	81991225
183994774	183995005
164113236	164113477
141281013	141281265
160096719	160096944
112996378	112996597
122871385	122871616
185085002	185085247
160124202	160124439
48580456	48580686
57826478	57826720
185961000	185961234
164253990	164254180
113243030	113243282
9705129	9705345
54774874	54775101
110254181	110254402
174673862	174674074
86669109	86669325
100326745	100326961
160408454	160408664
1731537	1731756
5792072	5792287
174415571	174415811
6335678	6335932
3347877	3348090
8596186	8596457
81256992	81257235
83123259	83123494
74122948	74123172
17638491	17638707
236071	236330
6333822	6334061
76837200	76837446
154265567	154265832
75397661	75397902
75600985	75601208
78306617	78306837
10551349	10551568
120971100	120971323
88600674	88600911
103953727	103953956
128508190	128508411
81283828	81284067
68193056	68193289
128460034	128460249
185666994	185667222
41646358	41646551
13658183	13658431
155473310	155473541
148629376	148629617
17550769	17551015
56733215	56733453
82272909	82273141
10188380	10188592
160376832	160377065
159593436	159593638
139602253	139602472
110624156	110624390
7337538	7337828
7721389	7721616
84565908	84566132
39183715	39183927
154464067	154464309
13655761	13656016
55094270	55094509
94712834	94713061
129730696	129730945
58057143	58057343
48292458	48292705
10016931	10017102
100384124	100384331
122821618	122821849
103967921	103968141
154671469	154671682
85165689	85165925
129301148	129301280
172955276	172955503
48318136	48318320
56050886	56051063
78522106	78522335
152038599	152038793
89945316	89945505
139792266	139792486
165653099	165653297
4386659	4386868
140374281	140374411
48277369	48277570
15397927	15398085
75548321	75548530
124271419	124271623
2980210	2980418
40151562	40151812
10556354	10556531
77973526	77973725
55189093	55189277
110215293	110215480
154064185	154064393
8412423	8412620
147016335	147016539
148440048	148440250
55099544	55099743
87417322	87417540
130283918	130284133
83189803	83190017
5379813	5380027
18595262	18595482
84412120	84412320
16796585	16796775
79875317	79875527
8919813	8920027
5461933	5462122
166034321	166034509
69364206	69364426
190123472	190123696
152565877	152566088
58293023	58293214
171059837	171060044
125634564	125634704
38761275	38761449
111553056	111553288
123499073	123499261
5052240	5052441
6252510	6252735
25182237	25182427
10583755	10583979
1608382	1608602
101014616	101014823
54796243	54796436
1912497	1912710
153422079	153422265
53454346	53454545
110971194	110971381
140089069	140089264
129349065	129349251
146155330	146155553
187123085	187123312
84561019	84561443
128321985	128322200
15807307	15807463
25793926	25794106
26062950	26063151
139011740	139011936
16584232	16584437
77299239	77299449
56178784	56178894
41283131	41283327
112204326	112204490
111236701	111236939
40919037	40919212
154556002	154556183
122865205	122865409
155480624	155480852
20775115	20775322
115729064	115729240
57702895	57703107
187508646	187508853
18077499	18077706
17449401	17449586
187810377	187810583
27012068	27012294
122173452	122173677
48548449	48548614
186104876	186105073
15480681	15480863
122658048	122658216
71425040	71425238
75800054	75800252
47124812	47125016
6550369	6550557
77679579	77679769
3882411	3882610
119903030	119903205
38858423	38858628
182064517	182064701
187647111	187647307
89594183	89594365
39697384	39697583
13656151	13656357
83643087	83643242
158125783	158125970
5806432	5806641
170731583	170731764
184319941	184320115
10539691	10539894
81287194	81287328
79873120	79873321
21767513	21767707
174338141	174338565
99666646	99666816
7158639	7158772
85425104	85425285
55875069	55875216
8548878	8549029
10161967	10162171
173813558	173813749
114315935	114316142
74730213	74730359
173076981	173077405
159588914	159589079
3454293	3454434
125183486	125183651
4254531	4254753
5401634	5401822
85180495	85180677
13629361	13629537
103541839	103542063
6909580	6909737
113156280	113156465
78739399	78739590
79513537	79513961
184183118	184183346
7852303	7852497
73168950	73169082
89300079	89300313
122405816	122405985
147164648	147164798
170414154	170414332
146877538	146877696
104012897	104013044
173946348	173946501
81257909	81258015
174209554	174209759
7297823	7297946
108951632	108951768
106392839	106392993
190510354	190510778
87979938	87980085
54671034	54671187
76988895	76989108
155540000	155540157
75596469	75596575
2765891	2766110
141772293	141772460
110354593	110354740
71875820	71875937
87144756	87144916
10076412	10076555
83206464	83206659
104021036	104021220
154128806	154129007
1312341	1312765
9764774	9764985
3320445	3320570
81973587	81974011
6765403	6765573
151130668	151130826
58309024	58309130
105781771	105781927
87816993	87817165
142228427	142228568
84203296	84203456
26862004	26862178
17113854	17114278
147163156	147163361
73371063	73371223
4147461	4147659
186055564	186055988
165700998	165701207
169864267	169864424
88894835	88894984
159417315	159417470
87419726	87420150
166386058	166386227
186226263	186226403
120134056	120134480
26030453	26030590
41890238	41890399
88014826	88014932
76769457	76769661
84692359	84692546
107423347	107423499
84181792	84181988
53881928	53882056
126234690	126234855
159091680	159092104
7846063	7846247
6703191	6703399
182449829	182449993
169844975	169845112
86048866	86049014
112952995	112953140
72050046	72050191
55837680	55837835
111132570	111132690
86291710	86291840
154077537	154077690
106062042	106062466
170969040	170969202
134067925	134068076
88191426	88191587
150901979	150902403
151881978	151882402
76358020	76358154
56188011	56188164
110327610	110327782
108834550	108834709
15233239	15233357
24474708	24474906
152570761	152570889
3944273	3944476
103930373	103930561
188527781	188527937
6266004	6266169
119963074	119963498
119202198	119202338
99428025	99428147
155424900	155425048
981033	981191
154945370	154945564
114199616	114199734
100732934	100733358
83934178	83934335
122113713	122113822
120550140	120550312
129306839	129306971
122647801	122648225
90148246	90148381
177968492	177968916
2956840	2957264
158899865	158900289
175041612	175042036
111440128	111440282
78980814	78980933
10405497	10405611
5814767	5814953
156363559	156363689
170695915	170696339
43134128	43134250
167942822	167942999
22899127	22899551
122229084	122229193
17473944	17474368
75186292	75186433
25927537	25927675
153767962	153768139
4680057	4680190
154004562	154004986
40058402	40058589
61066888	61067063
79533682	79533837
83281722	83282146
141559121	141559281
9125267	9125691
16027748	16028172
86718121	86718332
42284178	42284284
113525882	113525992
8888738	8889162
140524858	140524992
144320493	144320917
175143540	175143664
1811671	1812243
97091306	97091730
15459150	15459574
123653399	123653823
15731630	15731832
22390877	22391301
150835612	150836036
124017151	124017575
77965676	77966100
81961315	81961486
74207046	74207470
9766715	9767139
16207168	16207592
37454543	37454967
17326095	17326268
78279592	78279704
80497676	80497828
26331802	26332226
159093781	159093911
110920051	110920176
110219758	110220182
108655271	108655695
147940191	147940615
88418380	88418513
44631277	44631701
190833483	190833623
170232794	170233218
96283970	96284394
10065458	10065604
6089422	6089846
109493826	109493986
139443563	139443987
186959449	186959557
187394014	187394438
87574404	87574828
88770251	88770357
159176851	159177275
128886664	128886793
159174607	159174779
42282446	42282642
87819868	87819975
168998294	168998414
17810217	17810381
153329701	153330125
103352452	103352876
55299853	55300277
110926606	110927030
140430892	140431316
73568059	73568169
148511576	148511684
122577327	122577751
79590563	79590987
8237976	8238100
187071077	187071501
75973548	75973697
6676361	6676785
155427400	155427824
184177932	184178356
183838921	183839345
80838299	80838723
48018238	48018662
148082194	148082300
141805554	141805978
140148897	140149321
88296967	88297125
141174444	141174618
86068763	86068887
85499716	85500140
41959778	41959957
160113170	160113594
56995554	56995978
47838724	47838834
4763259	4763683
16445113	16445537
82296854	82297278
101017152	101017576
26083520	26083944
129231458	129231882
180228658	180229082
82181567	82181991
6475812	6476236
187867767	187868191
159546036	159546460
130265093	130265517
69241672	69242096
107290587	107291011
138956892	138957316
76498675	76499153
73433600	73433727
1914758	1915182
141348661	141349085
2188057	2188481
139476748	139477172
47670837	47671261
37385401	37385528
18690940	18691364
10143027	10143451
72095439	72095863
170540602	170541026
74528379	74528803
95254062	95254486
3785452	3785876
10171454	10171878
55827665	55827771
107159983	107160407
84283779	84283901
82326956	82327380
175077343	175077767
152966855	152967279
141782634	141782753
123523832	123523970
6894079	6894503
76817068	76817174
89739786	89740210
186942679	186943103
20761799	20761905
40230579	40231003
5144455	5144879
178302072	178302496
54572560	54572984
79963226	79963650
15240304	15240728
54063318	54063742
119786418	119786524
155543777	155544201
106441991	106442415
168543861	168544285
143048036	143048460
123498099	123498268
54357181	54357605
164469602	164470026
86339218	86339642
14873713	14874137
54467646	54468070
122618192	122618616
108500136	108500560
81911080	81911504
174222727	174223151
37391601	37392025
167086951	167087375
82840375	82840799
38895245	38895669
9900262	9900686
42867592	42868016
79785585	79786009
3749200	3749624
2245272	2245696
141281316	141281446
38784427	38784851
37568362	37568786
27686108	27686532
56412838	56413262
140540916	140541052
75177403	75177827
108104279	108104703
144403915	144404339
26460934	26461062
138654404	138654563
78394647	78395071
127525424	127525848
74904109	74904533
165938056	165938480
88157065	88157237
164471418	164471842
96077305	96077729
140555054	140555192
23137369	23137793
46846326	46846750
175553297	175553721
154570630	154571054
4727800	4728224
113444133	113444557
109755937	109756361
17349040	17349464
17599138	17599562
37803807	37803937
85671431	85671855
88140757	88141181
67953608	67954032
30381985	30382409
145064221	145064394
119604094	119604518
159937703	159938127
129486689	129487113
53242276	53242700
122383788	122384212
143274259	143274683
171774544	171774968
164405955	164406379
78229998	78230422
170712842	170713266
31372478	31372902
163969556	163969980
4261871	4262295
96046058	96046482
115580669	115580786
8169943	8170367
185231390	185231814
68154654	68155078
96087060	96087484
27086324	27086748
139859462	139859886
186555216	186555640
8322072	8322496
154216207	154216631
109434276	109434700
25769478	25769902
79438185	79438609
89133101	89133525
1514893	1515317
1279914	1280338
104128799	104129223
133148937	133149361
185932579	185933003
83383618	83383724
8887536	8887960
90080021	90080445
187641093	187641517
53849732	53850156
42570642	42571066
181585911	181586335
89735407	89735831
3420145	3420569
88954440	88954864
16510601	16511025
151967073	151967497
154239861	154240285
7033882	7034306
182222894	182223318
40929614	40930038
3436535	3436959
144828951	144829375
89580487	89580911
73161642	73162066
86005546	86005970
96126012	96126436
57049533	57049957
6593542	6593966
94685768	94686192
68580695	68581119
72806702	72807126
77705383	77705807
166458124	166458548
57291055	57291479
140374378	140374802
148978033	148978457
177198697	177199121
141531143	141531567
5826369	5826793
84249561	84249985
27049909	27050333
15964705	15965129
103544807	103545231
169506627	169507051
99707988	99708412
174911240	174911664
174202161	174202585
37189681	37190105
113153234	113153658
95542602	95543026
124024043	124024467
2965104	2965528
8963224	8963354
73885155	73885579
174238142	174238566
2443371	2443878
78520554	78520978
47706711	47707135
6136275	6136699
172767358	172767782
69041248	69041672
150185292	150185716
185018372	185018796
155265845	155266269
83995143	83995567
57534412	57534836
4695832	4696256
10528037	10528461
123679123	123679547
154564507	154564931
53848732	53849156
27693723	27694147
9382939	9383363
89290377	89290801
56504267	56504691
187457434	187457858
4509619	4510043
68198294	68198718
184679372	184679796
145532996	145533420
95225525	95225949
24737671	24738095
25995304	25995728
174153034	174153458
65024403	65024827
185171940	185172364
151788192	151788616
178476112	178476536
119585789	119586213
144942733	144943157
38759581	38760005
146813096	146813520
186392489	186392913
151218971	151219395
154153814	154154238
107819783	107820207
120988416	120988840
38608139	38608563
48111631	48112055
104707179	104707603
110573905	110574329
140150596	140151020
173953579	173954003
110495518	110495942
23968341	23968765
139481534	139481958
165621544	165621968
77425999	77426423
159777992	159778416
154684559	154684983
140418868	140419292
113686730	113687154
73192423	73192847
21790863	21791287
144632884	144633308
71517804	71518228
113683847	113684271
107187323	107187747
155947163	155947587
48559488	48559912
100482242	100482666
96102524	96102948
74964622	74965046
40721026	40721450
4109359	4109507
83196958	83197382
103370894	103371318
48035819	48036243
163959273	163959697
27320370	27320794
151897868	151898292
155728157	155728581
130088996	130089420
173123609	173124033
74735021	74735445
154566285	154566709
76916875	76917299
9002181	9002605
145708517	145708941
164172294	164172718
47935831	47936255
76633490	76633914
72136580	72137004
169074984	169075408
77904067	77904491
16272553	16272977
40845764	40846188
55543541	55543965
91236208	91236632
20424042	20424466
7153526	7153950
88976031	88976455
89627612	89628036
142054572	142054996
103652302	103652726
155250465	155250889
140613438	140613862
190511240	190511664
112563240	112563664
1261709	1262133
170644325	170644749
41992560	41992984
119145396	119145820
24810990	24811414
180788414	180788838
81046521	81046945
128709674	128710098
2674890	2675314
1044600	1045024
17513668	17514092
145493805	145494229
122435547	122435971
186017195	186017619
26070825	26071249
75054951	75055375
77351882	77352306
110725312	110725736
56275586	56276010
164191010	164191434
55524747	55525171
42521802	42522226
81243875	81244299
140538844	140539268
187870087	187870511
117279704	117280128
100806231	100806655
37979352	37979776
1769586	1770010
86965149	86965573
113269662	113270086
39385324	39385748
186064235	186064659
154495486	154495910
73775173	73775597
1598087	1598511
110236979	110237403
75857941	75858365
96088942	96089366
71978994	71979418
17470229	17470653
885556	885980
24477791	24478215
72579310	72579734
127548390	127548814
95311959	95312383
20396778	20397202
95048865	95049289
65404956	65405380
74173957	74174381
127326533	127326957
2376965	2377389
56409992	56410416
9579464	9579888
177262085	177262509
141116974	141117398
137785676	137786100
7239984	7240408
123573518	123573942
88760470	88760894
74519329	74519753
7723675	7724099
147837618	147838042
1858300	1858724
140576137	140576561
141247556	141247980
52708924	52709348
47492528	47492952
4273633	4274057
146538069	146538493
6000093	6000490
9705225	9705649
140690011	140690435
140337241	140337665
83500138	83500562
140682580	140683004
75719703	75720127
3794506	3794930
56715871	56716295
122198696	122199120
84827082	84827506
27177978	27178402
146530937	146531361
155337276	155337700
150931651	150932075
174092263	174092687
170407256	170407680
238268	238692
166277042	166277466
173934566	173934990
175685246	175685670
56228036	56228460
78783224	78783648
87712246	87712670
77432215	77432639
73887347	73887771
187475629	187476053
156275072	156275496
48898828	48899252
26789699	26790123
187218131	187218555
17764272	17764696
4987525	4987949
148764290	148764714
25236354	25236778
155903590	155904014
127877707	127878131
15758137	15758561
1815638	1816062
140973233	140973657
26412323	26412747
84914936	84915360
184521295	184521719
5636376	5636800
85372709	85373133
153020694	153021118
6784969	6785393
159114247	159114671
114249660	114250084
144175541	144175965
78915529	78915953
85892487	85892911
38730484	38730908
130562343	130562767
148328382	148328806
76813625	76814049
17174908	17175332
323852	324276
119890442	119890866
8112338	8112762
90562226	90562650
139104006	139104430
9661318	9661742
25532896	25533320
39466688	39467112
170487459	170487883
123145439	123145863
55837769	55838193
9803814	9804238
142267293	142267717
112981366	112981790
71409967	71410391
24990316	24990740
42304370	42304794
6383922	6384346
133563319	133563743
155003862	155004286
6622723	6623147
104855336	104855760
128703251	128703675
89140163	89140587
6078090	6078514
88426971	88427395
113339264	113339688
89460592	89461016
109414173	109414597
78354522	78354946
3325744	3326168
190724120	190724544
153561436	153561860
114015885	114016309
926481	926905
147466228	147466652
119811235	119811659
166017962	166018386
68612413	68612837
47566363	47566787
78499296	78499720
123371944	123372368
10091047	10091471
87927650	87928074
178362166	178362590
78880703	78881127
157889647	157890071
108981294	108981718
38036853	38037277
71570119	71570543
90822947	90823371
25192050	25192474
23719164	23719588
8430448	8430872
8017233	8017657
8942910	8943334
190017895	190018319
42997337	42997761
155270971	155271395
68737563	68737987
152451919	152452343
7772001	7772425
6046535	6046959
69137472	69137896
166033487	166033911
107250159	107250583
48005529	48005953
83773386	83773810
178426179	178426603
120207522	120207946
120235508	120235932
21769979	21770403
178260901	178261325
153700601	153701025
12853894	12854318
140933751	140934175
3557950	3558374
81100634	81101058
108275445	108275869
152567403	152567827
187112593	187113017
36352684	36353108
68589630	68590054
169473181	169473605
146075708	146076132
140971424	140971848
169945874	169946298
1606622	1607046
71767895	71768319
5981710	5982134
48932722	48933146
16291488	16291912
183849157	183849581
185905126	185905550
47664982	47665406
39437473	39437897
3401550	3401974
140626200	140626624
158913177	158913601
128990073	128990497
18023742	18024166
84205483	84205907
41816555	41816979
48945365	48945789
2418136	2418560
112775630	112776054
25146455	25146879
154970974	154971398
40552864	40553288
154713465	154713889
113441397	113441821
146761308	146761732
118998326	118998750
78274810	78275234
37972386	37972810
74830653	74831077
190895208	190895632
100378391	100378815
26326792	26327216
150920625	150921049
1359573	1359997
121077243	121077667
170290810	170291234
7193956	7194380
123681039	123681463
55306993	55307417
190901363	190901787
4596932	4597356
5391461	5391885
188914968	188915392
13369922	13370346
152682178	152682602
870504	870928
253012	253436
190825758	190826182
8240181	8240605
169931143	169931567
7655514	7655938
6683092	6683516
113020771	113021195
103184179	103184603
184171042	184171466
55058907	55059331
144317838	144318262
807645	808069
8344405	8344829
2438005	2438429
177044853	177045277
70183613	70184037
38834519	38834943
187058547	187058971
129529146	129529570
120548319	120548743
81136595	81137019
56310972	56311396
68566506	68566930
6111992	6112416
15151378	15151802
84031481	84031905
170208027	170208451
88759335	88759759
54480784	54481208
100323871	100324295
6875877	6876301
95092755	95093179
184544415	184544839
6575702	6576126
1086005	1086429
144452494	144452918
2415046	2415470
174341425	174341849
77816769	77817193
109102840	109103264
8285522	8285946
103546740	103547164
154706904	154707328
177972575	177972999
55549763	55550187
86890109	86890533
185064866	185065290
181587384	181587808
68784138	68784562
111432093	111432517
2957044	2957468
9533660	9534084
88774120	88774544
99064043	99064467
99368816	99369240
30716029	30716453
182503720	182504144
103531201	103531625
78275015	78275439
164602356	164602780
128400143	128400567
4432491	4432915
4576929	4577353
33062529	33062953
113554548	113554972
109948222	109948646
10262369	10262793
4521015	4521439
17513878	17514302
17563735	17564159
183010430	183010854
140661649	140662073
1003879	1004303
74123986	74124410
167422981	167423405
153656509	153656933
82327169	82327593
76579001	76579425
96431297	96431721
47465433	47465857
15164318	15164742
190642475	190642899
677916	678340
90359310	90359734
2757628	2758052
1663378	1663802
155269814	155270238
88386952	88387376
2355888	2356312
77968188	77968612
148018179	148018603
85391339	85391763
155320620	155321044
41216605	41217029
107971683	107972107
134075780	134076204
68776014	68776438
156874311	156874735
128653785	128654209
174281752	174282176
39592869	39593293
127504659	127505083
80219145	80219569
84410819	84411243
155558831	155559255
84376629	84377053
159499605	159500029
37795151	37795575
82346212	82346636
7196131	7196555
129703455	129703879
3951652	3952076
76215013	76215437
165918493	165918917
120992350	120992774
11767460	11767884
20249712	20250136
2912133	2912557
71049345	71049769
119191571	119191995
6345528	6345952
174458040	174458464
153375524	153375948
83819386	83819810
55842854	55843278
1339676	1340100
99849749	99850173
152198090	152198514
7187839	7188263
25368620	25369044
15849792	15850216
48271966	48272390
8276575	8276999
55250745	55251169
77868562	77868986
39256729	39257153
129209246	129209670
137558481	137558905
107122503	107122927
68854104	68854528
155213752	155214176
71601627	71602051
6009759	6010183
37070170	37070594
102090353	102090777
128972346	128972770
127027788	127028212
151881231	151881655
6682465	6682632
164476066	164476490
108661475	108661899
155700504	155700928
74300029	74300453
85080921	85081345
77029561	77029985
74531685	74532109
142142470	142142894
3447533	3447957
122743898	122744322
83763709	83764133
174911970	174912394
2420865	2421289
26721550	26721974
135856466	135856890
106636834	106637258
75242610	75243034
145011878	145012302
144251123	144251547
41695623	41696047
109052050	109052474
141516098	141516522
6912321	6912745
41753617	41754041
38806302	38806726
103462832	103463256
83045072	83045496
70746881	70747305
123835448	123835872
184284301	184284725
94997667	94998091
154497291	154497715
53536840	53537264
77172783	77173207
108681671	108682095
44450872	44451296
110083927	110084351
154387472	154387896
70036216	70036640
142175518	142175942
169930861	169931285
156708261	156708685
1066826	1067250
140483606	140484030
119960917	119961341
134241711	134242135
154694288	154694712
80684590	80685014
57301569	57301993
83723082	83723506
174512887	174513311
153878977	153879401
48142984	48143408
152533695	152534119
146137646	146138070
76480688	76481112
173588095	173588519
153856287	153856711
11425626	11426050
7652401	7652825
159771957	159772381
3468003	3468427
3882514	3882938
7325635	7326059
65450657	65451081
24795203	24795627
16266444	16266868
144901888	144902312
72419291	72419715
183929649	183930073
94818678	94819102
25062523	25062947
44728357	44728781
6193835	6194259
46650154	46650578
6548538	6548962
109145767	109146191
173751400	173751824
127144915	127145339
124580922	124581346
3516484	3516908
184285053	184285477
4903642	4904066
129112629	129113053
187590547	187590971
92034230	92034654
80741558	80741982
20686741	20687165
6689743	6690167
177711073	177711497
127513247	127513671
13600902	13601326
141251448	141251872
15198587	15199011
123852004	123852428
124502399	124502823
170074024	170074448
185089742	185090166
103500033	103500457
4882252	4882676
82181767	82182191
44762154	44762578
41965135	41965559
75756142	75756566
121640070	121640494
76649312	76649736
56301185	56301609
148600269	148600693
171295890	171296314
119274016	119274440
13195200	13195624
1569907	1570331
102651636	102652060
95517046	95517470
14789482	14789906
146018871	146019295
10015544	10015968
47707574	47707998
147432099	147432523
125243412	125243836
104125297	104125721
109076524	109076948
16766243	16766667
1402170	1402594
118369062	118369486
116773596	116774020
5712227	5712651
7128006	7128430
48104304	48104728
73419245	73419669
48131302	48131726
146101424	146101848
87975146	87975570
42280899	42281323
93012460	93012884
6691717	6692141
14751475	14751899
4482288	4482712
152498929	152499353
42406036	42406460
8588317	8588741
104986106	104986530
164509012	164509436
69538904	69539328
2950599	2951023
57493104	57493528
25858969	25859393
113248993	113249417
106587845	106588269
84205685	84206109
85403973	85404397
6610354	6610778
88140988	88141412
47385841	47386265
9104800	9105224
129784800	129785224
22692339	22692763
25669721	25670145
113872502	113872926
129262730	129263154
99669759	99670183
130067765	130068189
23369630	23370054
74921780	74922204
83139464	83139888
138740989	138741413
13250520	13250944
184178870	184179294
10463053	10463477
151935465	151935889
9497096	9497520
142079356	142079780
17818620	17819044
26134466	26134890
6697683	6698107
185021632	185022056
694744	695168
117520977	117521401
184523786	184524210
165689619	165690043
75895314	75895738
12846651	12847075
185570353	185570777
52751520	52751944
35153672	35154096
111265268	111265692
8023540	8023964
78620783	78621207
128273413	128273837
165870617	165871041
95047784	95048208
40982300	40982724
85450282	85450706
83663312	83663736
36826268	36826692
6910982	6911406
185928559	185928983
184425318	184425742
160367821	160368245
148538512	148538936
113135804	113136228
122744125	122744549
165805200	165805624
123749074	123749498
1124516	1124940
24516401	24516825
77669866	77670290
1861015	1861439
100336899	100337323
920230	920654
184642453	184642877
54179630	54180054
2713934	2714358
190935859	190936283
155466835	155467259
109604590	109605014
79844589	79845013
55535936	55536360
124312012	124312436
68566810	68567234
181749545	181749969
171011232	171011656
185643995	185644419
167013059	167013483
53531751	53532175
119606508	119606932
78740943	78741367
12726096	12726520
26938663	26939087
38895490	38895914
3031766	3032190
2385963	2386387
77905275	77905699
129565869	129566293
2600386	2600810
95667883	95668307
125255194	125255618
8408578	8409002
25429427	25429851
189580213	189580637
110899042	110899466
105825219	105825643
71779623	71780047
72638274	72638698
185828385	185828809
47947878	47948302
144257826	144258250
87855824	87856248
108575733	108576157
3347978	3348402
169989597	169990021
155337994	155338418
40310129	40310553
152525381	152525805
16279824	16280248
114873562	114873986
142575183	142575607
85088693	85089117
129141437	129141861
65873531	65873955
35409266	35409690
184274720	184275144
183399524	183399948
56915015	56915439
145982510	145982934
94709850	94710274
7044768	7045192
113687536	113687960
39412117	39412541
21792036	21792460
159331392	159331816
41727231	41727655
122577531	122577955
163418683	163419107
8586925	8587349
126657273	126657697
90355500	90355924
145095532	145095956
175286151	175286575
6332957	6333381
2217978	2218402
78297892	78298316
99034155	99034579
110747879	110748303
73993535	73993959
78739499	78739923
155040500	155040924
111429999	111430423
189092309	189092733
53100601	53101025
41855962	41856386
56602816	56603240
54522441	54522865
115307746	115308170
153381554	153381978
822685	823109
140619491	140619915
4890469	4890893
3478174	3478598
178588834	178589258
127878745	127879169
4147577	4148001
48949718	48950142
120375832	120376256
22238694	22239118
96016504	96016928
160365796	160366220
65647427	65647851
139792367	139792791
156874524	156874948
145085640	145086064
111507416	111507840
128526406	128526830
122919211	122919635
2965304	2965728
20315224	20315648
84767316	84767740
13109697	13110121
160237081	160237505
1581095	1581519
756313	756737
6681270	6681694
95652936	95653360
136292300	136292724
160096835	160097259
10624217	10624641
3195503	3195927
87955046	87955470
100039247	100039671
48907399	48907823
54487200	54487624
184027960	184028384
128907133	128907557
7335522	7335946
140004625	140005049
177298736	177299160
80273490	80273914
69443240	69443664
6229710	6230134
99749950	99750374
100298491	100298915
111436058	111436482
3010997	3011421
175795084	175795508
151515166	151515590
78288042	78288466
8299450	8299874
3235661	3236085
26163027	26163451
41260781	41261205
187287490	187287914
151138398	151138822
93308576	93309000
23616090	23616514
37884262	37884686
163648262	163648686
139416046	139416470
184638865	184639289
4250190	4250614
119693232	119693656
39104901	39105325
88464924	88465348
88743475	88743899
144620009	144620433
144296651	144297075
22131059	22131483
186989146	186989570
141347849	141348273
123139942	123140366
57402024	57402448
48683797	48684221
113066924	113067348
176457988	176458412
7103895	7104319
69926336	69926760
3597279	3597703
83812398	83812822
22436481	22436905
28688224	28688648
122291891	122292315
125639852	125640276
53038321	53038745
7557876	7558300
138045404	138045828
144939549	144939973
140485662	140486086
1761445	1761869
14839494	14839918
159339851	159340275
184365150	184365574
82636891	82637315
82393360	82393784
77966623	77967047
169435327	169435751
147113185	147113609
38320426	38320850
166305678	166306102
175029119	175029543
7877796	7878220
187649272	187649696
185427843	185428267
44495977	44496401
95265638	95266062
8857479	8857903
57709725	57710149
183783271	183783695
48084977	48085401
63460915	63461339
18368623	18369047
169786073	169786497
1371035	1371459
116011630	116012054
139497912	139498336
87857484	87857908
81282435	81282859
176868231	176868655
99849971	99850395
4869205	4869629
23935797	23936221
37804948	37805372
175240306	175240730
14255850	14256274
165856550	165856974
86678078	86678502
36401323	36401747
111401302	111401726
83961392	83961816
165982062	165982486
110345165	110345589
178297204	178297628
77548160	77548584
68414840	68415264
185687049	185687473
83819587	83820011
68758680	68759104
89330315	89330739
40301993	40302417
109571189	109571613
72598413	72598837
166264899	166265323
7297869	7298293
99120338	99120762
1515095	1515519
183376921	183377345
39087522	39087946
12730978	12731402
40978258	40978682
73904553	73904977
84561224	84561648
90094012	90094436
165893044	165893468
78339469	78339893
40608342	40608766
123749284	123749708
3574116	3574540
79092630	79093054
17495142	17495566
141294029	141294453
187647155	187647579
109664273	109664697
26497870	26498294
2932613	2933037
7104560	7104984
164032717	164033141
89377777	89378201
1765267	1765691
108655472	108655896
99552176	99552600
4329511	4329935
6429429	6429853
185958058	185958482
6666256	6666680
88274628	88275052
8439001	8439425
74312287	74312711
640271	640695
8902371	8902795
20546265	20546689
100919112	100919536
188850180	188850604
7464297	7464721
107443988	107444412
27002436	27002860
84014203	84014627
15683278	15683702
86149395	86149819
125033007	125033431
159823680	159824104
78619447	78619871
57442016	57442440
38904295	38904719
108974099	108974523
83600669	83601093
186514139	186514563
6551184	6551608
95296512	95296936
145676003	145676427
139753044	139753468
65578874	65579298
57758817	57759241
1161093	1161517
187284139	187284563
104836365	104836789
20420442	20420866
2632640	2633064
187091073	187091497
81242902	81243326
140223152	140223576
135249949	135250373
101038897	101039321
21471137	21471561
183891697	183892121
129521493	129521917
83520522	83520946
26823227	26823651
140105264	140105688
148515200	148515624
70243242	70243666
61671328	61671752
39979630	39980054
7277435	7277859
56420550	56420974
989746	990170
114992120	114992544
71705258	71705682
127711804	127712228
44451075	44451499
93084508	93084932
151169360	151169784
6779515	6779939
109280996	109281420
159181126	159181550
155176122	155176546
48485781	48486205
10539787	10540211
82840995	82841419
44929352	44929776
35935991	35936415
112864833	112865257
74177138	74177562
6476021	6476445
183730880	183731304
3075163	3075587
122342726	122343150
3446865	3447289
174202362	174202786
157966673	157967097
141230196	141230620
2425801	2426225
166245641	166246065
113485992	113486416
31998257	31998681
109697044	109697468
98908156	98908580
26332002	26332426
154003228	154003652
154052835	154053259
175143606	175144030
129474349	129474773
40738891	40739315
166395841	166396265
24972272	24972696
187421824	187422248
3752059	3752483
57843048	57843472
37133894	37134318
160868101	160868525
185989926	185990350
113438387	113438811
76769568	76769992
1501946	1502370
169104816	169105240
78352019	78352443
123088581	123089005
73334635	73335059
2219117	2219541
58077266	58077690
106418041	106418465
81540234	81540658
15973007	15973431
73148980	73149404
84329859	84330283
128972553	128972977
22964020	22964444
188337862	188338286
151720341	151720765
74668912	74669336
6718380	6718804
140671185	140671609
126204882	126205306
144502707	144503131
164172500	164172924
17649570	17649994
81514055	81514479
9929235	9929659
124582269	124582693
125632566	125632990
8875627	8876051
24033935	24034359
88886504	88886928
99760412	99760836
46894639	46895063
185208723	185209147
143761660	143762084
144106074	144106498
45455224	45455648
143581795	143582219
108679068	108679492
69890948	69891372
96756808	96757232
110598069	110598493
6717741	6718165
15003096	15003520
52892128	52892552
596592	597016
8087465	8087889
154386633	154387057
40925526	40925950
156730924	156731348
155849783	155850207
126662961	126663385
2397384	2397808
143946457	143946881
1716005	1716429
88906722	88907146
17616138	17616562
1348319	1348743
152329764	152330188
38185970	38186394
57774894	57775318
41234411	41234835
40285625	40286049
166621976	166622400
3076044	3076468
123981201	123981625
74008721	74009145
113110861	113111285
130139508	130139932
150835812	150836236
163880216	163880640
146877618	146878042
10258562	10258986
38133126	38133550
56413039	56413463
152854519	152854943
154732792	154733216
184665378	184665802
107423432	107423856
99014004	99014428
2073081	2073505
6710930	6711354
133254056	133254480
90479301	90479725
38875113	38875537
8194356	8194780
4412501	4412925
22870934	22871358
72575672	72576096
24350720	24351144
7240183	7240607
16644459	16644883
139406510	139406934
123697098	123697522
73434719	73435143
184454840	184455264
124319230	124319654
7721483	7721907
6034426	6034850
140202327	140202751
184540498	184540922
32138006	32138430
78004433	78004857
109056628	109057052
56213800	56214224
9920575	9920999
169916646	169917070
16507275	16507699
127503858	127504282
67987663	67988087
4837871	4838295
31795491	31795915
110736906	110737330
68412689	68413113
56502209	56502633
2283254	2283678
77507100	77507524
68539779	68540203
55707141	55707565
7383084	7383508
52881515	52881939
127317823	127318247
41996516	41996940
155254301	155254725
74908371	74908795
77932793	77933217
26475513	26475937
618739	619163
89447380	89447804
110899832	110900256
4092455	4092879
36189342	36189766
163864380	163864804
146809563	146809987
72392679	72393103
95219973	95220397
90758648	90759072
177198900	177199324
27060249	27060673
173935423	173935847
157598364	157598788
144220006	144220430
145045402	145045826
57556556	57556980
144508830	144509254
74537005	74537429
99850702	99851126
