195577700	195578158
46530162	46530582
13691874	13692362
46120204	46120700
46671380	46671837
43810920	43811295
140911102	140911510
139048173	139048597
5021975	5022365
39329814	39330218
13689780	13690145
46599714	46600149
5163691	5164047
48477373	48477770
5468044	5468420
38044813	38045269
17882757	17883090
9757481	9757838
46746434	46746886
38038325	38038731
3221297	3221667
45079186	45079569
38692681	38693110
14302649	14303008
42588910	42589306
40621996	40622370
13503053	13503473
45701509	45701893
15309468	15309811
37000206	37000557
38016119	38016493
9344261	9344623
194650008	194650350
14962644	14963043
195586143	195586542
8811053	8811402
42485339	42485670
40626042	40626403
12761557	12761882
15149613	15149994
46936679	46937084
45634628	45634973
5017827	5018180
12933483	12933855
47462524	47462865
16219819	16220179
46951004	46951401
13537747	13538115
185378207	185378550
13133657	13133989
158362051	158362395
32509283	32509648
38159457	38159857
9544895	9545273
45034076	45034438
195641912	195642237
195589945	195590288
13036449	13036831
39333355	39333728
15419749	15420126
128399541	128399928
13025709	13026097
33925719	33926059
197632879	197633223
185661286	185661655
184089353	184089684
194403312	194403653
52481025	52481447
33115978	33116313
183602589	183602906
194054507	194054827
150505589	150505887
48193011	48193369
10780567	10780935
40350880	40351202
45252065	45252426
156799527	156799882
183968061	183968404
37896885	37897231
141456890	141457270
48031473	48031771
186857453	186857803
194992223	194992580
42922482	42922815
15244228	15244562
184279050	184279407
10385821	10386187
51976057	51976401
187465791	187466107
172428845	172429199
13926914	13927252
20381849	20382158
141030598	141030924
14244971	14245306
39041503	39041826
156391710	156392168
46908251	46908599
185695200	185695541
4697674	4698001
9828547	9828886
142547579	142547889
45698304	45698635
187457703	187458080
14832857	14833160
16288822	16289164
48199612	48199925
170408198	170408533
14675360	14675677
138642323	138642610
192162323	192162628
193505928	193506269
64009075	64009432
40369138	40369443
195923519	195923831
25689555	25689899
24040450	24040767
12851503	12851876
127293830	127294146
157583164	157583491
32989189	32989521
38388026	38388356
47040082	47040396
12747996	12748304
9012710	9013006
33414359	33414684
139238926	139239289
45802593	45802947
45706654	45706970
52157171	52157476
13699389	13699669
9394860	9395182
50653394	50653698
42141321	42141626
148990956	148991262
10987385	10987728
184521100	184521420
186334869	186335174
33185984	33186297
134027259	134027549
197325927	197326227
141363730	141364074
12909471	12909787
128964566	128964910
51703324	51703619
197237035	197237393
141594359	141594658
42232671	42232985
38008815	38009140
123361153	123361570
8664620	8664946
38045896	38046255
39419601	39419927
126108129	126108431
45980303	45980627
47879227	47879554
187397433	187397738
39540114	39540420
50311765	50312114
44955415	44955722
186332652	186332972
13068823	13069127
16592331	16592629
45970585	45970882
47517401	47517763
38562915	38563219
32338227	32338536
195621529	195621910
11888289	11888602
25482785	25483082
50361992	50362328
42872773	42873099
9542218	9542532
170131953	170132257
50283656	50283974
12883232	12883548
196255611	196255960
10983775	10984098
184007225	184007641
194064690	194064981
185977334	185977630
196564771	196565060
45588183	45588498
47866281	47866571
32219404	32219708
141178984	141179286
46759283	46759626
12236157	12236446
138313548	138313828
4753081	4753374
58291751	58292056
43680094	43680363
52419241	52419563
149939065	149939378
49208462	49208779
115503370	115503686
42581409	42581724
138698614	138698915
12176571	12176882
157065600	157065932
50310368	50310689
170529802	170530106
36742504	36742775
39489380	39489682
14589814	14590176
156956909	156957217
25618641	25618944
75772663	75772956
39231332	39231627
155523960	155524269
8755631	8755931
15160095	15160422
153970877	153971169
155869660	155869916
52035488	52035841
46419891	46420189
182401414	182401691
46491288	46491621
196669189	196669511
53253934	53254237
53229991	53230307
187458630	187458961
43112774	43113089
183735198	183735519
50231981	50232272
24227433	24227728
47292114	47292411
33828947	33829248
194827159	194827502
13938097	13938365
12217415	12217685
137787466	137787750
138660160	138660454
45948381	45948646
138830700	138831003
70169559	70169868
138655028	138655357
184135635	184135956
51671944	51672248
38173155	38173414
50263550	50263859
14822464	14822769
14509568	14509870
136751298	136751592
50556957	50557240
13541646	13541979
157324417	157324704
155100240	155100546
39002535	39002801
32551677	32551943
24722026	24722305
58518532	58518794
15093058	15093355
71924554	71924854
75692149	75692449
9109082	9109361
6841053	6841342
143393246	143393519
47563638	47563898
48701507	48701821
4675141	4675394
169581250	169581515
194033495	194033795
124187080	124187374
184258933	184259187
5347100	5347366
42577940	42578247
45553022	45553294
184261793	184262109
25938560	25938828
159706347	159706633
150643498	150643761
52007964	52008299
44155704	44155987
39142653	39142923
52265569	52265837
14967210	14967468
45082235	45082508
115538674	115538970
42289044	42289302
14550431	14550697
38669470	38669772
120277781	120278040
141160278	141160529
4392561	4392814
9974499	9974887
44277484	44277739
40233387	40233664
19908295	19908575
10376288	10376570
37595929	37596180
127794459	127794737
32822982	32823299
73150266	73150533
140730390	140730685
36910399	36910658
48586224	48586501
50609589	50609845
44240197	44240449
11102394	11102728
172195136	172195412
39168061	39168365
129209087	129209365
185701355	185701612
50651572	50651816
46965028	46965358
127945678	127945935
5099522	5099788
51716159	51716422
67164295	67164543
126701358	126701600
38537561	38538032
150945549	150945833
136471141	136471406
100789151	100789442
48777426	48777690
9029684	9029963
193498596	193498891
138136406	138136695
39072356	39072616
38521396	38521653
50473542	50473803
188672442	188672720
49059318	49059620
11101266	11101540
139072854	139073121
126471107	126471389
42791540	42791807
52178361	52178621
187037540	187037835
13535938	13536278
186938014	186938275
49840030	49840324
12521420	12521660
143067804	143068100
124480126	124480397
53106734	53107025
16360869	16361152
10024664	10024944
125156723	125157003
171171060	171171364
150863855	150864128
196756655	196756932
118603610	118603955
9768737	9769156
184231583	184231866
42613853	42614088
187456650	187456916
51753187	51753472
129653381	129653635
185597680	185597915
13494303	13494583
56528799	56529052
196705574	196705842
172050360	172050620
155868341	155868591
168867155	168867422
149945611	149945940
10800265	10800553
37821097	37821362
11025076	11025308
52254488	52254738
127889805	127890076
187036662	187036904
52516200	52516462
4332041	4332294
113006976	113007222
58153121	58153391
47555156	47555447
170027971	170028250
15671698	15671933
172384667	172384918
169755564	169755848
179276622	179276890
184072087	184072425
172468223	172468484
49709174	49709460
185960375	185960636
170527338	170527587
195752943	195753242
183100241	183100487
51536076	51536355
40358625	40358885
24306249	24306486
58173508	58173757
187459883	187460129
10206314	10206633
16090290	16090502
172390995	172391258
123208307	123208553
196246090	196246321
193290236	193290487
58615900	58616191
57204218	57204482
183613078	183613343
53409086	53409356
46538311	46538569
34057046	34057280
10266659	10266879
197894529	197894783
38780205	38780462
128880472	128880734
122661758	122662026
123371249	123371518
184186236	184186502
10825102	10825390
58626399	58626633
179033836	179034072
50230067	50230352
137690111	137690347
169386942	169387192
42785801	42786036
44364907	44365181
50159028	50159284
4762398	4762661
53148014	53148233
101292468	101292717
11985576	11985838
138198254	138198497
27175761	27175987
16290887	16291165
59561225	59561448
194193064	194193325
24279580	24279789
52854834	52855092
31608560	31608823
185025958	185026188
139038670	139038929
187432250	187432510
113871325	113871588
46890026	46890306
134319717	134319995
128157419	128157673
58163471	58163710
126398136	126398362
196336214	196336457
43419726	43419950
51008926	51009154
128503176	128503421
42702449	42702681
124620243	124620484
183959700	183959956
172179387	172179650
51426841	51427098
149198258	149198481
181418306	181418546
58554359	58554600
65327838	65328070
116489727	116490006
156848448	156848699
141079777	141080016
113345687	113345928
8744300	8744536
184445277	184445513
34148346	34148564
192185100	192185340
189679397	189679618
171490327	171490564
196411844	196412054
11278384	11278606
131748196	131748448
112361817	112362063
40220535	40220763
171547791	171548049
158445591	158445841
49943807	49944022
184081098	184081333
49876738	49876951
42543215	42543450
129102164	129102417
181419916	181420187
184495632	184495832
10305648	10305866
128689151	128689405
127814035	127814280
123005202	123005443
69021590	69021849
155761743	155761957
24538124	24538363
195800184	195800416
38323488	38323727
156100321	156100550
69355597	69355833
64519353	64519578
47365835	47366078
129995103	129995315
197653350	197653552
150583194	150583399
75692302	75692726
178733363	178733586
183945236	183945470
107646430	107646648
141681459	141681717
194294601	194294814
50226799	50227021
167098068	167098290
185959680	185959919
17454525	17454742
195283289	195283503
133931804	133932051
32218796	32219060
14317090	14317376
128594476	128594715
50297462	50297705
172313963	172314185
136732782	136733006
140718942	140719161
50587595	50587828
48673173	48673434
155040957	155041165
196249585	196249847
185451779	185451988
114009761	114009961
33173168	33173384
182803491	182803717
140974862	140975079
184063550	184063757
151186170	151186400
48595637	48595943
151901331	151901564
50579935	50580190
141998903	141999120
183484841	183485087
193323743	193324014
195980533	195980747
58449447	58449693
133142484	133142723
124407759	124408026
195501864	195502120
177495622	177495817
186258378	186258604
33996533	33996752
58202970	58203203
183967347	183967591
25574318	25574546
122398033	122398255
42797276	42797475
128745993	128746219
184998623	184998836
20267344	20267558
164903587	164903815
156173668	156173872
138634804	138635066
66458238	66458461
142648068	142648296
120136122	120136354
52325531	52325724
139847491	139847693
16016227	16016440
184988351	184988558
42871944	42872169
141173846	141174069
13350070	13350247
150127775	150127985
53144273	53144491
45266712	45266942
124278784	124278960
48235992	48236204
101947978	101948193
38192708	38192940
194722756	194722960
16331908	16332109
2198024	2198249
97742145	97742369
36771036	36771252
57040937	57041138
36998626	36998858
183846943	183847154
13271186	13271425
167883515	167883743
134396123	134396357
49740939	49741176
140998232	140998397
123047746	123047971
127174454	127174696
114102689	114102913
128513972	128514154
118960393	118960595
101355156	101355366
149902040	149902246
159523020	159523224
42822370	42822582
124283899	124284084
150886151	150886372
39709991	39710192
32185679	32185885
43897231	43897438
149212048	149212253
132378186	132378417
56591646	56591806
46901841	46902082
149654598	149654795
71779109	71779316
4712119	4712335
11845566	11845754
138921281	138921452
184529763	184529975
131753820	131754053
125304543	125304766
38697285	38697471
25898498	25898725
171332403	171332598
49486635	49486809
149489521	149489744
149230154	149230380
135614071	135614238
11815847	11816043
139146471	139146680
46736793	46737014
129661171	129661331
36833917	36834128
4763843	4764059
169684377	169684615
32975720	32975950
156166183	156166374
3242390	3242607
119539913	119540180
65658643	65658844
13922115	13922326
14503323	14503535
111762568	111762761
176590602	176590800
122473771	122473978
176232110	176232321
15346904	15347010
88252778	88252996
160638909	160639118
19926962	19927157
42881193	42881443
160131539	160131718
179040523	179040748
67022331	67022572
147079692	147079933
36946247	36946469
37254589	37254809
158509197	158509401
176532158	176532375
16642896	16643045
141170973	141171172
38688149	38688373
8459116	8459333
140824723	140824940
184002667	184002884
184187263	184187402
182906759	182906945
46249904	46250087
187148493	187148696
15374027	15374233
183187184	183187407
184788373	184788586
182335988	182336198
48315209	48315386
185071965	185072169
51428399	51428623
176656892	176657102
99787702	99787905
112770145	112770342
148661432	148661621
149111250	149111437
149009077	149009251
150439167	150439371
160659758	160659968
156855316	156855526
132071467	132071708
45549662	45549817
139770269	139770492
185486344	185486585
183103865	183104080
69170113	69170313
134513777	134514002
36885245	36885437
44574384	44574600
48442395	48442557
51853841	51854034
167765100	167765305
52016511	52016734
141899692	141899902
56481240	56481415
127371105	127371275
52038305	52038492
40547314	40547465
42623832	42624026
135794148	135794339
43003192	43003364
9768737	9769156
71730380	71730576
170736302	170736498
64449325	64449511
193179515	193179743
42560260	42560684
143152695	143152908
17274938	17275112
45097125	45097324
170217451	170217657
171046594	171046774
127786997	127787207
9904356	9904578
36749251	36749450
186647977	186648172
25634097	25634218
66623939	66624045
52885469	52885680
31490102	31490298
44956516	44956692
164924587	164924785
151097234	151097411
8281526	8281721
28709257	28709436
15599191	15599366
120513987	120514204
138048046	138048246
141027595	141027738
197274580	197274775
62174621	62174819
58515343	58515540
123442501	123442699
48774423	48774631
184466415	184466601
97758315	97758739
142712930	142713092
196251467	196251671
72924734	72924909
64016422	64016611
113874333	113874533
17686669	17686880
126241244	126241372
73143252	73143471
39106807	39106994
43197302	43197507
49051598	49051784
64470203	64470398
48274116	48274540
149526114	149526267
47891640	47891749
183197822	183198037
129118518	129118679
197669940	197670120
143604776	143604957
111830758	111830943
97438140	97438308
172705168	172705359
72942118	72942321
39250076	39250221
107148813	107149023
10321948	10322091
130611821	130612012
178103220	178103408
170767726	170767927
123084710	123084894
69740346	69740498
156192916	156193142
10814517	10814646
132760167	132760304
138665124	138665317
137771013	137771437
14274211	14274332
52462637	52462829
57134217	57134393
118347675	118347846
181427431	181427603
157250479	157250664
130257939	130258178
124869457	124869647
49577194	49577352
178864909	178865333
108633997	108634156
31810363	31810533
182902466	182902687
141741279	141741457
156391710	156392168
14194286	14194429
32217214	32217420
170905616	170905726
10785828	10786023
99364225	99364344
158377579	158377757
128309885	128310092
63979363	63979554
128145202	128145327
11197212	11197351
172208003	172208212
10992603	10992765
155713447	155713616
32416632	32416815
48545124	48545318
113296771	113296987
172393503	172393684
48647069	48647238
65718091	65718273
33957374	33957539
396163	396330
99527129	99527325
133646423	133646847
111436486	111436661
15447059	15447223
44460161	44460267
141280377	141280585
179039488	179039671
158635793	158635923
45212976	45213117
156258940	156259132
73135262	73135401
47323126	47323317
66909190	66909370
120280171	120280346
196715047	196715471
157290362	157290786
187334220	187334343
151157483	151157677
100309483	100309690
14257811	14257941
15282962	15283151
128303352	128303511
39194380	39194524
13234456	13234642
156167889	156168044
141022348	141022477
17074015	17074163
10364098	10364300
99973129	99973280
133620037	133620166
133103294	133103718
69062787	69062922
129062852	129062999
39166856	39166962
50264871	50265071
42160349	42160539
158563696	158563811
115533616	115534040
52968723	52968905
30810199	30810623
107565205	107565327
27700660	27701084
75241326	75241462
185276810	185277234
38043123	38043293
65736915	65737045
13325150	13325364
196675359	196675539
49025336	49025554
133382569	133382993
131513689	131513888
171585859	171586045
53333670	53333868
139280947	139281371
149070367	149070509
194838570	194838994
8483806	8483973
127263188	127263357
42158771	42158937
129369221	129369398
141193217	141193347
140954497	140954681
32440623	32440790
183197971	183198395
195621529	195622151
63336963	63337120
159724428	159724590
12583233	12583413
127689955	127690087
191134882	191135072
182840119	182840543
122102924	122103077
59312469	59312587
195749042	195749158
112453708	112453864
195285464	195285603
62651579	62651750
171284709	171284880
33925015	33925211
58980568	58980739
125917193	125917360
185293163	185293587
56889895	56890319
179367416	179367647
179529528	179529676
190602099	190602293
71466209	71466351
158512877	158513029
59299209	59299350
32060654	32060809
101396159	101396265
137837692	137838116
187396802	187396944
5772771	5773195
153736018	153736128
150481627	150482051
133537764	133537905
49195534	49195958
50384772	50384927
194354152	194354339
40032147	40032325
167645902	167646118
118536643	118536812
183757745	183758169
129047611	129047810
111686636	111686778
125853089	125853225
139935071	139935495
196913824	196914248
58810047	58810201
133930802	133930940
141088879	141089303
158152316	158152476
42271450	42271638
151556897	151557064
142305607	142306031
182428369	182428793
73551997	73552104
98062864	98063033
13696954	13697137
69210859	69211027
20081409	20081549
161569726	161570150
66872811	66872964
133649287	133649434
130478666	130478814
102392455	102392622
65425369	65425525
127730168	127730284
53744322	53744471
134474127	134474262
49132000	49132193
4985374	4985517
112754196	112754620
13432765	13433189
52833233	52833344
177201033	177201160
15190131	15190555
89148254	89148404
106783426	106783562
72314531	72314955
121714379	121714803
81539632	81540056
66428647	66429071
69459617	69459754
152192476	152192644
46436717	46436866
46318131	46318307
170881119	170881267
47830654	47830867
75601415	75601543
13395626	13396050
25635662	25635837
54864660	54865084
153486620	153487044
12828944	12829122
58571038	58571462
196696735	196697159
169907025	169907179
52048745	52048911
137665191	137665615
48723328	48723615
108836982	108837139
45029690	45029854
138553070	138553494
100181872	100182037
145907478	145907621
159040104	159040528
152189840	152190028
38704241	38704347
195474915	195475090
21525795	21526219
140950519	140950664
8705281	8705450
34725475	34725629
8797254	8797678
124269369	124269557
118864207	118864631
128336511	128336698
39424579	39425003
69841381	69841532
197252699	197252833
125691167	125691591
184894694	184894804
99405961	99406140
3237811	3238235
85625350	85625537
119278424	119278597
197777808	197777943
46798344	46798495
54887813	54888237
72004731	72004868
150548055	150548479
155588339	155588515
9464955	9465085
136840525	136840949
63804332	63804496
99472207	99472631
156880393	156880817
50628274	50628698
58159534	58159958
186539335	186539441
113557498	113557696
158970691	158970842
158507358	158507782
28359047	28359198
127852496	127852602
159750100	159750270
10897595	10898019
68925401	68925517
75471357	75471520
72987801	72988225
197476519	197476665
45385470	45385894
24190498	24190922
184592802	184593226
132445134	132445558
156853440	156853864
12180849	12180980
43800989	43801413
182431977	182432104
186882840	186883264
127409843	127409955
50690177	50690601
125978277	125978701
106954666	106955090
7186397	7186821
197807496	197807718
153313119	153313230
129035362	129035786
115411723	115412147
12537240	12537664
59843457	59843881
49378059	49378226
167806114	167806538
140834076	140834204
11376572	11376745
150102661	150103085
113464073	113464234
56381185	56381609
172554313	172554465
182877261	182877433
30240572	30240996
191906150	191906294
186232060	186232484
128564844	128565014
170889854	170890278
24725268	24725692
186784435	186784859
138634287	138634529
149205357	149205781
186567127	186567551
12943173	12943597
93968345	93968769
85616201	85616625
135222814	135222958
129543909	129544020
141632034	141632458
70157328	70157497
32281558	32281982
24815228	24815652
132118275	132118411
140455906	140456330
193688063	193688189
48514559	48514983
136110574	136110751
149956764	149957188
38749232	38749656
72715268	72715692
87820419	87820843
142563195	142563619
128564969	128565393
13714812	13714963
148675409	148675833
167458750	167459174
99508348	99508490
156227475	156227899
15642816	15643240
87019128	87019234
13457906	13458330
183862984	183863408
12988960	12989384
152553002	152553426
120342020	120342148
128772350	128772456
33677479	33677903
179485786	179486210
194315393	194315817
157335917	157336341
52826424	52826848
148673237	148673661
185995295	185995719
149597644	149598068
121811343	121811767
150004275	150004699
170900813	170901237
138680061	138680485
45586187	45586611
179281168	179281592
116477008	116477432
5178309	5178733
108196513	108196659
108125407	108125831
194392277	194392414
41922724	41923148
193422230	193422654
122075268	122075692
99809198	99809622
152760913	152761101
179646807	179647231
183622305	183622471
47481542	47481966
123698626	123699050
12932740	12932848
127125039	127125463
71561155	71561579
150021713	150021819
156393253	156393677
48506757	48507181
169380033	169380139
178786898	178787322
182896988	182897412
108943207	108943631
42039414	42039838
674225	674649
124232107	124232531
36856270	36856694
54462442	54462548
41137190	41137614
101412525	101412708
119319577	119320001
20553252	20553676
34302215	34302330
4039821	4040245
52505933	52506357
111732534	111732640
47841217	47841641
66988798	66989222
46715828	46715934
188865769	188866193
71760199	71760325
57947721	57948145
13301731	13302155
57022888	57023312
38081402	38081826
21881161	21881585
72867226	72867650
165613718	165614142
53972645	53973069
43624946	43625370
128291376	128291800
12179460	12179884
49878577	49879001
67435155	67435579
133540705	133541129
197228806	197229230
196729546	196729970
52422270	52422694
11208416	11208840
108208513	108208937
143670189	143670613
193855595	193856019
152242337	152242761
139656667	139656797
186327390	186327522
133916469	133916893
98320903	98321327
108380982	108381406
16870282	16870706
39458824	39459248
190595730	190596154
128183016	128183440
131245572	131245996
142585831	142586255
47520612	47521036
46256117	46256541
196264314	196264473
9868883	9869307
158977856	158978280
123437926	123438350
24681756	24682180
39243561	39243985
185973408	185973832
37953505	37953929
133213290	133213714
108769407	108769831
38537561	38538032
72871500	72871924
134192757	134193181
122111720	122112144
93723134	93723558
57993730	57994154
49645271	49645695
34052748	34053172
45374996	45375420
51137807	51137914
39447887	39448094
71118989	71119413
39748782	39749206
117716275	117716699
11420682	11421106
179468475	179468899
124714249	124714673
101521991	101522415
128040891	128041315
157072476	157072900
112998536	112998960
195583468	195583892
38665072	38665496
50407984	50408408
49027127	49027551
4613395	4613819
147102546	147102970
114137529	114137953
77304388	77304812
139437244	139437668
186470932	186471356
194947802	194948226
111707910	111708334
10465155	10465579
160992477	160992901
46887260	46887684
46649206	46649630
56285394	56285818
149435199	149435623
163207990	163208414
11608401	11608825
124647399	124647823
122913286	122913710
121977588	121978012
119610757	119611181
61922036	61922460
168936135	168936559
43248093	43248517
49044815	49045239
81959384	81959808
153008844	153009268
41737427	41737577
172993576	172994000
58400308	58400732
169480684	169481108
127550662	127551086
100035387	100035811
129817013	129817437
52373567	52373991
5068667	5068812
192534208	192534314
32381565	32381989
67840458	67840882
13968762	13969186
151636188	151636295
132254815	132255239
141448070	141448494
129548379	129548803
128216875	128216990
124487626	124488050
132061819	132062243
146909562	146909986
53460964	53461388
82182148	82182572
88162714	88163138
184525750	184526174
5023453	5023877
129346727	129347151
10234517	10234941
30054420	30054844
10925171	10925595
186830950	186831374
176381648	176382072
128127430	128127854
51409394	51409818
21058555	21058979
115705392	115705816
4313508	4313932
73481561	73481985
20971519	20971943
8378141	8378565
27353545	27353969
9153030	9153454
31766159	31766583
148708865	148709289
136936519	136936943
194125345	194125769
35949838	35950262
152628007	152628431
151789714	151790138
136824076	136824500
69474349	69474773
73557481	73557905
66124302	66124726
172059279	172059703
140641458	140641882
14591004	14591428
49332890	49333314
24130254	24130678
52446051	52446475
101414584	101415008
14538835	14539259
17300288	17300712
74316717	74317141
46413957	46414381
39679248	39679672
32376151	32376575
126663951	126664375
194980729	194981153
45120329	45120753
137899430	137899854
196950831	196951255
185394962	185395386
65422277	65422701
158981494	158981918
111387757	111388181
49937255	49937679
78694876	78695300
19390390	19390814
17734801	17735225
138739720	138740144
182082135	182082559
161277171	161277595
5268439	5268863
135969024	135969448
98048347	98048771
196172235	196172659
185720842	185721266
150874378	150874802
52478918	52479342
157211413	157211837
125647961	125648385
149470222	149470646
9824410	9824834
183278360	183278784
177801978	177802402
14955676	14956100
185986838	185987262
63335236	63335660
156919458	156919882
88052284	88052708
196213097	196213521
32195651	32196075
124882526	124882950
155728625	155729049
194755998	194756422
14453430	14453854
61367451	61367875
149206854	149207278
40151371	40151795
167758397	167758821
61356762	61357186
14440168	14440592
50648801	50649225
37493152	37493576
42232823	42233247
37034209	37034633
171752856	171753280
131929576	131930000
87399763	87400187
127092810	127093234
129961686	129962110
140582503	140582927
30734986	30735410
70589050	70589474
53020981	53021405
31604041	31604465
14957329	14957753
111340356	111340780
194059997	194060421
141845018	141845442
108742477	108742901
12937581	12938005
17918787	17919211
23930094	23930518
71701954	71702378
46775018	46775442
172435282	172435706
14443639	14444063
12864493	12864917
49491911	49492335
171146036	171146460
118601163	118601587
97512222	97512646
132449877	132450301
136829189	136829613
124211602	124212026
24624484	24624908
113631777	113632201
101528011	101528435
65770740	65771164
182627016	182627440
141564250	141564674
186306936	186307360
119963061	119963485
70113304	70113728
73241189	73241613
33418978	33419402
170128216	170128640
15568471	15568895
18336711	18337135
158984568	158984992
75343288	75343712
47206083	47206507
133297426	133297850
184459615	184460039
143367520	143367944
5352159	5352583
17935897	17936321
195837274	195837698
194361602	194362026
57029390	57029814
25952504	25952928
131268178	131268602
139995485	139995909
25074891	25075315
133943374	133943798
49738786	49739210
177002249	177002673
121820409	121820833
12917397	12917821
180629883	180630307
107872191	107872615
10557819	10558243
106924958	106925382
98891851	98892275
109450670	109451094
72704921	72705345
194991430	194991854
50452478	50452902
51833906	51834330
69720239	69720663
156831578	156832002
127266674	127267098
16925474	16925898
148838015	148838439
53168672	53169096
195955096	195955520
152292240	152292664
71979717	71980141
99251089	99251513
37217171	37217595
47028684	47029108
167402184	167402608
24110473	24110897
135761452	135761876
133758322	133758746
131972068	131972492
178154463	178154887
18799579	18800003
114810942	114811366
37297904	37298328
40761376	40761800
59038549	59038973
122279460	122279884
11696662	11697086
123599972	123600396
110033345	110033769
139239093	139239517
127678733	127679157
143363315	143363739
109115234	109115658
49694270	49694694
54180633	54181057
194843863	194844287
14715223	14715647
75707956	75708380
48989918	48990342
31573164	31573588
81631107	81631531
64516096	64516520
93953020	93953444
52086884	52087308
155853678	155854102
180522622	180523046
10459459	10459883
111855922	111856346
127465222	127465646
19188023	19188447
112012140	112012564
46468870	46469294
56736484	56736908
14248307	14248731
108800808	108801232
176351287	176351711
5829575	5829999
8649204	8649628
125832583	125833007
44360460	44360884
21794260	21794684
193963862	193964286
141512292	141512716
8152887	8153311
106328523	106328947
124705343	124705767
13536073	13536497
158257185	158257609
108994504	108994928
131725424	131725848
5082993	5083417
156192432	156192644
38601847	38602271
14688208	14688632
67408216	67408640
49726648	49727072
39225801	39226225
172340991	172341415
56337624	56338048
163340148	163340572
139938862	139939286
189685034	189685458
88268393	88268817
39583299	39583723
39485046	39485470
38885348	38885772
100480012	100480436
170679295	170679719
73046777	73047201
33106463	33106887
127414986	127415410
47417875	47418299
182399933	182400357
171551997	171552421
189676197	189676621
197529026	197529450
42270233	42270657
158390359	158390783
72973200	72973624
46204463	46204887
55214967	55215391
13109787	13110211
70599845	70600269
31592128	31592552
39768925	39769349
145936657	145937081
143691841	143692265
9862595	9863019
129711721	129712145
124070533	124070957
118603610	118603968
196698019	196698443
122747318	122747742
43732320	43732744
154622109	154622533
139347869	139348293
28390614	28391038
125803023	125803447
184023372	184023796
155761827	155762251
4287241	4287665
159721338	159721762
192520707	192521131
159851477	159851901
21212462	21212886
126456408	126456832
17839476	17839900
10386002	10386426
104282871	104283295
119408925	119409349
15668492	15668916
148665031	148665455
142705892	142706316
4376246	4376670
50294386	50294810
27722663	27723087
118817440	118817864
72142002	72142426
13088982	13089406
14272185	14272609
134097153	134097577
107140017	107140441
60417305	60417729
137820405	137820829
66327098	66327522
184007225	184007641
142575829	142576253
13186973	13187397
170214207	170214631
11203338	11203762
43327529	43327953
142840085	142840509
27753539	27753963
158031113	158031537
134198370	134198794
195616905	195617329
159546243	159546667
195293680	195294104
56836118	56836542
9975863	9976287
100495508	100495932
50425781	50426205
87553053	87553477
136477309	136477733
133495869	133496293
126108273	126108697
183945349	183945773
52312711	52313135
100612437	100612861
134359732	134360156
44065652	44066076
171281043	171281467
88229516	88229940
186868427	186868851
8343647	8344071
170885927	170886351
68927502	68927926
26753883	26754307
135969854	135970278
133095642	133096066
129201525	129201949
139283093	139283517
155701618	155702042
8677289	8677713
137833748	137834172
6820789	6821213
136754481	136754905
40474304	40474728
33294193	33294617
167929057	167929481
36874935	36875359
143494198	143494622
161023135	161023559
138067006	138067430
155070671	155071095
79895680	79896104
133206740	133207164
55468749	55469173
154672507	154672931
132003493	132003917
197180851	197181275
12972935	12973359
127572479	127572903
5518114	5518538
38882484	38882908
72236160	72236584
111434753	111435177
151000687	151001111
46949627	46950051
42860880	42861304
72005851	72006275
39448321	39448745
114936391	114936815
46976979	46977403
66304423	66304847
126465268	126465692
126973483	126973907
193987561	193987985
155074321	155074745
124000604	124001028
150213365	150213789
157252441	157252865
15403995	15404419
17852330	17852754
15247255	15247679
122977681	122978105
137411603	137412027
46974083	46974507
115858883	115859307
169796264	169796688
14411099	14411523
59197823	59198247
33773900	33774324
1481056	1481480
39854031	39854455
23958305	23958729
112238230	112238654
185178495	185178919
50359126	50359550
5847852	5848276
113455300	113455724
193544123	193544547
5625616	5626040
15030407	15030831
98742404	98742828
149248429	149248853
155470831	155471255
9974499	9974887
52879620	52880044
57583071	57583495
37065583	37066007
100515415	100515839
14548916	14549340
137511468	137511892
50336498	50336922
108537235	108537659
42599302	42599726
167812523	167812947
114009855	114010279
129042699	129043123
12525565	12525989
125965168	125965592
14155836	14156260
87309313	87309737
13580369	13580793
42774361	42774785
52087498	52087922
13264697	13265121
43128757	43129181
120225967	120226391
180821391	180821815
48598391	48598815
27399121	27399545
64561152	64561576
8979721	8980145
71908283	71908707
99562045	99562469
152161794	152162218
16969010	16969434
127192011	127192435
195249031	195249455
15839446	15839870
33758249	33758673
140617157	140617581
156252936	156253360
20287241	20287665
98315706	98316130
14473065	14473489
52776449	52776873
43585690	43586114
160425172	160425596
9850349	9850773
183221512	183221936
171758414	171758838
4728875	4729299
152184472	152184896
171364110	171364534
44571406	44571830
109128624	109129048
46450331	46450755
169223528	169223952
5288336	5288760
192530486	192530910
54904337	54904761
138051304	138051728
58408629	58409053
13242409	13242833
14412955	14413379
122018715	122019139
46705116	46705540
70408135	70408559
50259214	50259638
125403014	125403438
30083745	30084169
118753571	118753995
31737009	31737433
33980552	33980976
55643416	55643840
184026434	184026858
23968197	23968621
41117509	41117933
42484159	42484583
62544206	62544630
23802897	23803321
175659177	175659601
58477463	58477887
11695243	11695667
50665151	50665575
113058455	113058879
193310586	193311010
120286548	120286972
46525327	46525751
123965805	123966229
42676608	42677032
62187096	62187520
194240796	194241220
13036621	13037045
63947475	63947899
192284504	192284928
197806776	197807200
43701120	43701544
14561711	14562135
186974027	186974451
44967664	44968088
142759073	142759497
47412540	47412964
126701477	126701901
36582367	36582791
45874170	45874594
77087497	77087921
176368207	176368631
100429433	100429857
50311920	50312344
192908243	192908667
197239000	197239424
127309670	127310094
42654968	42655392
196019387	196019811
112046213	112046637
12857173	12857597
112156411	112156835
182208366	182208790
172700500	172700924
170452168	170452592
58645024	58645448
54467787	54468211
157809353	157809777
141508109	141508533
163722076	163722500
31251544	31251968
160361783	160362207
12750344	12750768
49966713	49967137
123798169	123798593
138763718	138764142
195926217	195926641
158629980	158630404
24704924	24705348
18430604	18431028
31728877	31729301
159880987	159881411
126554755	126555179
52926569	52926993
49577249	49577673
169282677	169283101
129033612	129034036
16419446	16419870
171421806	171422230
107471457	107471881
44753973	44754397
197057921	197058345
71429181	71429605
169491260	169491684
161126767	161127191
165572358	165572782
31734145	31734569
58293317	58293741
87841624	87842048
188674628	188675052
150127871	150128295
141457172	141457292
47044024	47044448
5811514	5811938
43920632	43921056
172628951	172629375
24401147	24401571
182422684	182423108
112301041	112301465
46469422	46469846
38038325	38038741
52142696	52143120
180520604	180521028
141871203	141871627
145905095	145905519
9291242	9291666
126422609	126423033
134245875	134246299
12871972	12872396
93560435	93560859
185979447	185979871
54925584	54926008
106837024	106837448
37588385	37588809
135797564	135797988
172007339	172007763
39314571	39314995
52009890	52010314
13661240	13661664
75478779	75479203
71446204	71446628
9120215	9120639
122640573	122640997
114018232	114018656
170831498	170831922
186371734	186372158
142623884	142624308
152678996	152679420
43301912	43302336
128825200	128825624
114546314	114546738
148579032	148579456
157164812	157165236
43741382	43741806
186182216	186182640
46624940	46625364
14905176	14905600
190529554	190529978
134077269	134077693
38027270	38027694
46503674	46504098
152257139	152257563
196050527	196050951
150221161	150221585
161141707	161142131
100353642	100354066
151143779	151144203
40279655	40280079
197466370	197466794
72036197	72036621
17218229	17218653
42643338	42643762
124910911	124911335
93586207	93586631
139307275	139307699
123026524	123026948
43203545	43203969
58273820	58274244
123277900	123278324
51016758	51017182
21332041	21332465
123751815	123752239
87217019	87217443
138642461	138642885
181044379	181044803
131757042	131757466
137768356	137768780
14643507	14643931
153008070	153008494
41935448	41935872
38065483	38065907
121265455	121265879
52715999	52716423
128569032	128569456
22605586	22606010
87194689	87195113
13343656	13344080
32943404	32943828
128582360	128582784
52543966	52544390
17728121	17728545
10729808	10730232
193512077	193512501
130611912	130612336
9842182	9842606
15546494	15546918
121602350	121602774
142694150	142694574
20232465	20232889
155577652	155578076
23001855	23002279
101944240	101944664
108737696	108738120
195906770	195907194
12087875	12088299
101356959	101357383
197798804	197799228
38331061	38331485
143047340	143047764
119107394	119107818
173246836	173247260
159602561	159602985
39144673	39145097
162774608	162775032
51703463	51703887
50390110	50390534
10745585	10746009
52266778	52267202
18600846	18601270
155419670	155420094
169772001	169772425
5561912	5562336
190142121	190142545
25616537	25616961
107293479	107293903
33817962	33818386
115631917	115632341
28389983	28390407
6811526	6811950
98713023	98713447
55439451	55439875
125654949	125655373
57146313	57146737
14649805	14650229
52913096	52913520
41330242	41330666
11891409	11891833
81809950	81810374
143694355	143694779
52089190	52089614
79135545	79135969
15511795	15512219
124884000	124884424
194235342	194235766
105405130	105405554
33072205	33072629
138181674	138182098
21592578	21593002
63214267	63214691
128025854	128026278
140768586	140769010
14164816	14165240
139241264	139241688
179139291	179139715
58223207	58223631
49603647	49604071
37875249	37875673
72636485	72636909
47448224	47448648
115502688	115503112
10987532	10987956
133466876	133467300
188466809	188467233
14416706	14417130
46118065	46118489
40282418	40282842
16030882	16031306
119901739	119902163
13098620	13099044
19584739	19585163
37856041	37856465
44957105	44957529
146051913	146052337
40823604	40824028
42877658	42878082
130418609	130419033
150784837	150785261
176148011	176148435
87131927	87132351
134557440	134557864
33840110	33840534
123060837	123061261
99218018	99218442
135511020	135511444
11376684	11377108
133583969	133584393
1123691	1124115
52485686	52486110
197185170	197185594
171178314	171178738
54985434	54985858
100322275	100322699
65155943	65156367
127402550	127402974
114759455	114759879
156189895	156190319
16441018	16441442
46936679	46937090
47841434	47841858
184787415	184787839
12872201	12872625
53867014	53867438
10202660	10203084
11302112	11302536
196674367	196674791
132522672	132523096
11703843	11704267
155869793	155870217
123735317	123735741
128131510	128131934
44107295	44107719
98543101	98543525
42940727	42941151
71635706	71636130
39025649	39026073
182727889	182728313
13202467	13202891
12976840	12977264
197874840	197875264
38179519	38179943
38692681	38693110
14802516	14802940
138661860	138662284
126194223	126194647
51676425	51676849
128563983	128564407
130752290	130752714
167599855	167600279
43731977	43732401
78708505	78708929
81351107	81351531
13681490	13681914
34021743	34022167
155696078	155696502
64384858	64385282
50380208	50380632
69488806	69489230
32726691	32727115
42696234	42696658
169780419	169780843
159928705	159929129
143315956	143316380
170201182	170201606
152882921	152883345
48282350	48282774
191848289	191848713
33275373	33275797
10976771	10977195
184301813	184302237
138047151	138047575
48450103	48450527
13054684	13055108
125822543	125822967
10747983	10748407
38563061	38563485
46410046	46410470
170075943	170076367
67432065	67432489
47454590	47455014
31173637	31174061
185625014	185625438
197106153	197106577
196983649	196984073
168582698	168583122
101405190	101405614
32775090	32775514
195309820	195310244
131899121	131899545
96581972	96582396
146358603	146359027
122701671	122702095
156161538	156161962
183310007	183310431
158249874	158250298
101100683	101101107
133096292	133096716
187923812	187924236
112373799	112374223
155456912	155457336
12964286	12964710
12478949	12479373
42568031	42568455
119187743	119188167
154463680	154464104
77397326	77397750
127609795	127610219
87347240	87347664
153230989	153231413
140629723	140630147
53231097	53231521
58306675	58307099
45085106	45085530
169647888	169648312
171287340	171287764
107574485	107574909
127468454	127468878
119400135	119400559
87820636	87821060
195932137	195932561
125640494	125640918
65319884	65320308
54408489	54408913
106990629	106991053
180312723	180313147
173089637	173090061
101426140	101426564
13521258	13521682
152226430	152226854
184782873	184783297
129327481	129327905
134959247	134959671
38204648	38205072
33481289	33481713
197246722	197247146
57213594	57214018
183853001	183853425
49968240	49968664
129070770	129071194
98292260	98292684
182621908	182622332
185685989	185686413
70139470	70139894
50335353	50335777
178684370	178684794
149693719	149694143
182665632	182666056
46334777	46335201
108817096	108817520
98833386	98833810
100456220	100456644
11577892	11578316
186648971	186649395
44225679	44226103
32915132	32915556
123270887	123271311
32939403	32939827
141929811	141930235
38569894	38570318
67040238	67040662
40115124	40115548
155042228	155042652
169462325	169462749
13380529	13380953
14320839	14321263
123375511	123375935
77369684	77370108
193031941	193032365
50219999	50220423
118864409	118864833
107472320	107472744
14342536	14342960
108327612	108328036
47896519	47896943
17182574	17182998
133553014	133553438
45214623	45215047
39302462	39302886
16875693	16876117
52187446	52187870
142677606	142678030
65009829	65010253
67644343	67644767
151045398	151045822
43625952	43626376
152695947	152696371
155571499	155571923
42589107	42589531
161571896	161572320
149286716	149287140
126067094	126067518
4575778	4576202
49737866	49738290
125635337	125635761
52570380	52570804
107395484	107395908
28370018	28370442
39765665	39766089
100850619	100851043
50340412	50340836
53090460	53090884
195721166	195721590
138156178	138156602
183755576	183756000
156922077	156922501
113213856	113214280
126383440	126383864
126091674	126092098
32042355	32042779
52273338	52273762
28310456	28310880
61516041	61516465
99978953	99979377
31503372	31503796
38035447	38035871
13140486	13140910
85409900	85410324
179193972	179194396
115555748	115556172
67160127	67160551
43690881	43691305
158291509	158291933
36782739	36783163
156806581	156807005
143727302	143727726
56833448	56833872
12604364	12604788
128839374	128839798
55519116	55519540
44666356	44666780
40208451	40208875
73042509	73042933
47706036	47706460
509833	510257
138921381	138921805
139007063	139007487
31494193	31494617
155043047	155043471
14433740	14434164
143085512	143085936
61550189	61550613
32045559	32045983
943844	944268
3057146	3057570
69997403	69997827
8366414	8366838
180397783	180398207
129809511	129809935
14832999	14833423
1317132	1317556
9890471	9890895
155129641	155130065
53263948	53264372
49377381	49377805
152552219	152552643
118582804	118583228
42752998	42753422
45133598	45134022
194909227	194909651
126378813	126379237
172698665	172699089
186440182	186440606
124295520	124295944
14589969	14590393
37477120	37477544
120137700	120138124
140217998	140218422
145783271	145783695
124921016	124921440
57419810	57420234
150669664	150670088
107656864	107657288
128947682	128948106
69373482	69373906
134956181	134956605
179164329	179164753
170155891	170156315
83977521	83977945
50412983	50413407
11815926	11816350
115641507	115641931
5610087	5610511
10379544	10379968
185655832	185656256
98536325	98536749
9120435	9120859
197253861	197254285
128286509	128286933
133551287	133551711
197229006	197229430
159706476	159706900
127973801	127974225
38065977	38066401
108224659	108225083
150451065	150451489
62218742	62219166
58121427	58121851
42702558	42702982
40234046	40234470
155138629	155139053
101532558	101532982
40911451	40911875
45269473	45269897
108598756	108599180
48814263	48814687
125800364	125800788
45179359	45179783
35988009	35988433
98376292	98376716
171241821	171242245
194005169	194005593
27509054	27509478
62608252	62608676
10210540	10210964
64230065	64230489
97377513	97377937
129721850	129722274
12848647	12849071
114245874	114246298
190040091	190040515
105237650	105238074
23926035	23926459
10376427	10376851
131376918	131377342
43544558	43544982
32954960	32955384
100914916	100915340
33047556	33047980
191220369	191220793
152743760	152744184
138832270	138832694
27769928	27770352
5164389	5164813
171232243	171232667
107262528	107262952
135455574	135455998
138178606	138179030
11025189	11025613
141775837	141776261
44803156	44803580
121465458	121465882
46726861	46727285
170587741	170588165
148598464	148598888
11137591	11138015
186143721	186144145
135637509	135637933
193793648	193794072
146044918	146045342
134168119	134168543
187426920	187427344
3212599	3213023
129824822	129825246
42581567	42581991
62318433	62318857
22130689	22131113
12620206	12620630
196244119	196244543
65046558	65046982
14899008	14899432
119072100	119072524
136335969	136336393
51426951	51427375
3175172	3175596
151139767	151140191
184933644	184934068
134211311	134211735
43814666	43815090
150558497	150558921
123420904	123421328
41904494	41904918
97686763	97687187
182339717	182340141
77208342	77208766
10433902	10434326
47517566	47517990
42543314	42543738
119759010	119759434
9969619	9970043
157290563	157290987
160438137	160438561
31382579	31383003
56336420	56336844
25873059	25873483
123094213	123094637
193170082	193170506
28328101	28328525
128669379	128669803
42753203	42753627
157069763	157070187
48970430	48970854
185540886	185541310
172526921	172527345
194406438	194406862
9266198	9266622
16408119	16408543
31574814	31575238
39425729	39426153
152891898	152892322
93755725	93756149
45553153	45553577
149483515	149483939
114081598	114082022
96857976	96858400
147101402	147101826
50456958	50457382
4972155	4972579
43257207	43257631
13600975	13601399
167124697	167125121
139174670	139175094
141941379	141941803
118993754	118994178
57041031	57041455
197358839	197359263
101214353	101214777
25597981	25598405
191119726	191120150
142700768	142701192
22159242	22159666
158563729	158564153
62215607	62216031
15094151	15094575
36878539	36878963
46705316	46705740
49170380	49170804
114811145	114811569
160204161	160204585
49034644	49035068
79570346	79570770
60740816	60741240
38060264	38060688
171661076	171661500
139048173	139048597
138638121	138638545
37845506	37845930
6246561	6246985
90231598	90232022
97978566	97978990
42999076	42999500
180894372	180894796
127398405	127398829
149928486	149928910
186508243	186508667
158491618	158492042
154898090	154898514
17472316	17472740
138653370	138653794
183220535	183220959
5780427	5780851
26003726	26004150
63574560	63574984
136471766	136472190
128266365	128266789
40555239	40555663
146180847	146181271
15853644	15854068
194240995	194241419
41489867	41490291
181413119	181413543
46792194	46792618
134964888	134965312
169663060	169663484
171506827	171507251
99550785	99551209
128201841	128202265
195344003	195344427
153161699	153162123
13684857	13685281
44460249	44460673
171256244	171256668
132378319	132378743
40222661	40223085
53384670	53385094
9894212	9894636
113212973	113213397
197003671	197004095
52516323	52516747
133176299	133176723
45363120	45363544
150321097	150321521
43967583	43968007
171358402	171358826
36964915	36965339
16616248	16616672
15995336	15995760
13163061	13163485
83572629	83573053
107361840	107362264
181966107	181966531
137728483	137728907
36739089	36739513
85392038	85392462
180573203	180573627
37612792	37613216
13147326	13147750
50191776	50192200
184243942	184244366
138632002	138632426
141295242	141295666
125485091	125485515
132361049	132361473
107379200	107379624
75629349	75629773
5019137	5019561
121574371	121574795
11247557	11247981
192758835	192759259
33173264	33173688
57947928	57948352
113609116	113609540
65411550	65411974
42877858	42878282
131975798	131976222
23754305	23754729
172051845	172052269
137427812	137428236
55933839	55934263
30969431	30969855
139260687	139261111
14509743	14510167
25905029	25905453
53915664	53916088
46939178	46939602
128881538	128881962
192166807	192167231
101355241	101355665
182109978	182110402
185026089	185026513
122660648	122661072
98710261	98710685
193383143	193383567
122755151	122755575
57842377	57842801
167211039	167211463
130766380	130766804
181976334	181976758
122667326	122667750
77368876	77369300
70580191	70580615
194705840	194706264
128506097	128506521
157487147	157487571
44378734	44379158
48722893	48723317
13034424	13034848
38016297	38016721
16765508	16765932
9143811	9144235
135235109	135235533
149654701	149655125
126207108	126207532
40971547	40971971
73105513	73105937
57620809	57621233
53547577	53548001
183835398	183835822
10063039	10063463
153758064	153758488
187013420	187013844
52231787	52232211
13133817	13134241
156900657	156901081
139847577	139848001
139026046	139026470
36944136	36944560
129862459	129862883
125117818	125118242
136581118	136581542
124505519	124505943
138145050	138145474
123595686	123596110
10452034	10452458
46965172	46965596
65652383	65652807
143020155	143020579
167813422	167813846
173301889	173302313
195582715	195583139
183165433	183165857
122879998	122880422
53702917	53703341
182400135	182400559
13804403	13804827
44702612	44703036
64152343	64152767
189369799	189370223
76094117	76094541
6296866	6297290
151143988	151144412
185938691	185939115
46129341	46129765
178816416	178816840
75552574	75552998
58546336	58546760
20082517	20082941
184257764	184258188
129874279	129874703
193498728	193499152
194692619	194693043
73504915	73505339
126217748	126218172
160814509	160814933
50249923	50250347
148668595	148669019
185563827	185564251
43784330	43784754
88054271	88054695
107409331	107409755
149958641	149959065
113563418	113563842
5053489	5053913
139812039	139812463
41244444	41244868
5771570	5771994
41938133	41938557
65618684	65619108
182555649	182556073
163503445	163503869
51744578	51745002
196326547	196326971
178043179	178043603
113464165	113464589
13461850	13462274
127266874	127267298
193885997	193886421
123499984	123500408
33135344	33135768
13569878	13570302
150125975	150126399
125398018	125398442
101359532	101359956
112367777	112368201
32706288	32706712
168759408	168759832
111056893	111057317
154912733	154913157
150497328	150497752
93788043	93788467
9623429	9623853
134349278	134349702
125851655	125852079
176768498	176768922
14940328	14940752
8899617	8900041
197653459	197653883
157418183	157418607
196359256	196359680
105235733	105236157
48457048	48457472
143002066	143002490
122986661	122987085
139396187	139396611
13082551	13082975
194844065	194844489
13283151	13283575
47463837	47464261
51348495	51348919
12521544	12521968
119917159	119917583
126564739	126565163
72121846	72122270
196411948	196412372
160167319	160167743
16577377	16577801
46452759	46453183
177077509	177077933
51426024	51426448
81715649	81716073
126191232	126191656
53148114	53148538
3022220	3022644
47286159	47286583
36913192	36913616
62479014	62479438
186998900	186999324
184789205	184789629
135481259	135481683
138418076	138418500
123047823	123048247
9038500	9038924
18015708	18016132
122734442	122734866
72722513	72722937
50357279	50357703
39854255	39854679
153553299	153553723
53711416	53711840
37577445	37577869
21258110	21258534
59593305	59593729
127061600	127062024
141031479	141031903
15468599	15469023
84596950	84597374
37645191	37645615
133646622	133647046
19189280	19189704
58285796	58286220
140869267	140869691
194071024	194071448
179569788	179570212
148680330	148680754
195854398	195854822
126209412	126209836
37783127	37783551
184002745	184003169
56374539	56374963
45253584	45254008
55756151	55756575
9446341	9446765
41492336	41492760
33818162	33818586
24520213	24520637
43156030	43156454
130199539	130199963
30821165	30821589
45586388	45586812
76157112	76157536
14815980	14816404
126206213	126206637
15082649	15083073
142735155	142735579
135897851	135898275
142712975	142713399
196229679	196230103
14264407	14264831
145494568	145494992
13817790	13818214
38523397	38523821
49966915	49967339
71975334	71975758
179128134	179128558
119099512	119099936
167770854	167771278
9791245	9791669
42603800	42604224
156989238	156989662
185671374	185671798
101403559	101403983
153688533	153688957
12598640	12599064
69022856	69023280
149597851	149598275
38028181	38028605
48723450	48723874
121248176	121248600
44293724	44294148
50611513	50611937
190231484	190231908
123348415	123348839
138131722	138132146
13541796	13542220
136296641	136297065
46896204	46896628
48463703	48464127
131987767	131988191
119147378	119147802
45729889	45730313
10735131	10735555
68942770	68943194
173271427	173271851
75763338	75763762
170566123	170566547
46736908	46737332
6433784	6434208
196569649	196570073
62819185	62819609
149939224	149939648
5019969	5020393
52016647	52017071
44924671	44925095
169756485	169756909
157473045	157473469
154052673	154053097
140271770	140272194
66423088	66423512
183706157	183706581
53879482	53879906
183233619	183234043
13462049	13462473
112997002	112997426
10331470	10331894
113871445	113871869
111410133	111410557
124546257	124546681
52079160	52079584
30975634	30976058
48595789	48596213
136751426	136751850
54572361	54572785
72281920	72282344
33954963	33955387
135727819	135728243
38046062	38046486
11033564	11033988
149684836	149685260
127371175	127371599
70802710	70803134
159943380	159943804
52274493	52274917
146295452	146295876
38600354	38600778
125691381	125691805
100325743	100326167
197894529	197894843
169337466	169337890
134031232	134031656
100369543	100369967
133472711	133473135
47891684	47892108
112854924	112855348
5038443	5038867
43051092	43051516
38061184	38061608
12923432	12923856
3285120	3285544
15591733	15592157
113254723	113255147
53521269	53521693
174839019	174839443
33123237	33123661
186205600	186206024
193554217	193554641
176369404	176369828
40684231	40684655
44955560	44955984
132440619	132441043
48597496	48597920
49756672	49757096
169738864	169739288
105546730	105547154
60728550	60728974
33462447	33462871
178154674	178155098
45825095	45825519
119461759	119462183
172021714	172022138
112698109	112698533
40566059	40566483
139018167	139018591
169834928	169835352
123016350	123016774
27660832	27661256
45540970	45541394
128221915	128222339
180349068	180349492
42641879	42642303
47315045	47315469
138906432	138906856
138680262	138680686
73897354	73897778
156294712	156295136
116737912	116738336
128746109	128746533
125931819	125932243
169531480	169531904
69969162	69969586
184802631	184803055
75390907	75391331
183604443	183604867
52941527	52941951
194354260	194354684
49672156	49672580
47608536	47608960
180587704	180588128
171178515	171178939
172705237	172705661
122337483	122337907
25607990	25608414
194403494	194403918
42230156	42230580
67869876	67870300
143393365	143393789
44968860	44969284
9972632	9973056
126084775	126085199
133381107	133381531
94581536	94581960
113544014	113544438
50647054	50647478
132993271	132993695
24776557	24776981
123217081	123217505
79410910	79411334
50922918	50923342
32511261	32511685
38204848	38205272
151008444	151008868
4626151	4626575
100826576	100827000
49162650	49163074
114089647	114090071
146307706	146308130
5115499	5115923
194328301	194328725
180320127	180320551
100810334	100810758
197756964	197757388
197890152	197890576
59294417	59294841
134086161	134086585
159647107	159647531
72988000	72988424
17237270	17237694
183951970	183952394
156479465	156479889
66866563	66866987
114804113	114804537
128399724	128400148
90140738	90141162
33034066	33034490
115696671	115697095
47906764	47907188
158520093	158520517
11300626	11301050
25831213	25831637
4345126	4345550
123443054	123443478
69904562	69904986
196568195	196568619
145940520	145940944
121957960	121958384
72314730	72315154
126720993	126721417
39424786	39425210
47292289	47292713
168565045	168565469
10340798	10341222
100122117	100122541
81692869	81693293
148027145	148027569
125301557	125301981
194836663	194837087
47421818	47422242
52570580	52571004
75679249	75679673
43936258	43936682
128339061	128339485
133629230	133629654
98817627	98818051
156534748	156535172
119187942	119188366
25005228	25005652
188665041	188665465
47460286	47460710
195483071	195483495
47008313	47008737
142840289	142840713
47894455	47894879
187440041	187440465
4380397	4380821
31573897	31574321
71071724	71072148
117617551	117617975
108271370	108271794
124885151	124885575
39321641	39322065
24536513	24536937
142085269	142085693
129312068	129312492
141859481	141859905
16288997	16289421
12919527	12919951
194325604	194326028
151130759	151131183
14880662	14881086
45478954	45479378
150263624	150264048
39222071	39222495
11876424	11876848
11685191	11685615
58616011	58616435
133003064	133003488
15592749	15593173
49894059	49894483
13460925	13461349
81388221	81388645
43265109	43265533
196244319	196244743
149245525	149245949
51424882	51425306
129855133	129855557
13805322	13805746
72900400	72900824
119139042	119139466
127006560	127006984
171531967	171532391
65675096	65675520
61280376	61280800
150804428	150804852
50226888	50227312
9441505	9441929
10750892	10751316
150643616	150644040
133645734	133646158
93692433	93692857
27295306	27295730
50582475	50582899
32457611	32458035
12512638	12513062
99536742	99537166
137816191	137816615
112974356	112974780
38173277	38173701
37950912	37951336
136536838	136537262
123130831	123131255
72973406	72973830
43526466	43526890
22929142	22929566
84367528	84367952
38945236	38945660
127093010	127093434
160926708	160927132
128272941	128273365
11420886	11421310
186226147	186226571
11102564	11102988
155461966	155462390
33415822	33416246
48315257	48315681
9471422	9471846
49705785	49706209
186789789	186790213
119243768	119244192
19030122	19030546
37759258	37759682
48802822	48803246
44986509	44986933
133864064	133864488
140660483	140660907
33983897	33984321
136730282	136730706
150726406	150726830
150511452	150511876
127174573	127174997
39440176	39440600
177269329	177269753
111613872	111614296
196213298	196213722
106822585	106823009
170913510	170913934
194929351	194929775
101394841	101395265
60766218	60766642
57204339	57204763
178932695	178933119
128742743	128743167
119531563	119531987
129023335	129023759
142443611	142444035
178822840	178823264
72083876	72084300
169290885	169291309
194827323	194827747
13432973	13433397
