91814978	91815458
178029284	178029674
85152801	85153296
170681254	170681684
30934464	30934904
179279392	179279752
169630195	169630563
85647759	85648127
47214126	47214557
152882213	152882686
171785259	171785830
44706532	44706914
179387648	179387999
113357589	113357947
74619085	74619454
135208419	135208790
158184033	158184435
172430586	172430940
223555300	223555678
26726103	26726621
118571920	118572313
48647880	48648232
175206213	175206579
178976912	178977267
153032403	153032760
113017007	113017364
220406257	220406781
220507218	220507572
9939804	9940159
30462142	30462496
91816589	91816986
176944536	176944954
46688560	46688876
71088958	71089311
73089641	73090019
86448215	86448562
219712399	219712753
38830557	38830917
24387293	24387680
47550272	47550618
25584822	25585152
114361522	114361995
102857312	102857650
97175133	97175484
178119182	178119518
74007145	74007503
128349048	128349405
91818617	91818982
65058820	65059207
15043933	15044279
171729753	171730091
172968597	172968942
113484327	113484671
36997863	36998210
43397063	43397467
75867667	75867997
10972443	10972783
10549252	10549584
68349511	68349852
178770784	178771178
136555092	136555408
48338295	48338646
102637089	102637418
85906322	85906660
109252826	109253194
178013613	178013984
179343739	179344092
70913962	70914298
127534967	127535302
11822179	11822533
3427663	3428004
47499504	47499893
44105026	44105381
27473034	27473367
27184584	27184925
73404493	73404887
10237550	10237874
9282826	9283190
73439656	73439985
75836257	75836604
174904644	174904952
27977019	27977342
113837641	113838002
10575074	10575413
99001578	99001886
70875042	70875364
135761837	135762142
98423217	98423531
20297964	20298261
85527478	85527778
85493590	85493935
65100588	65100923
73114929	73115324
172397740	172398090
71228227	71228596
105986268	105986574
43056006	43056320
27906351	27906699
220142408	220142719
99185696	99186050
21265755	21266068
220159522	220159899
26173882	26174210
11828577	11828878
74710316	74710624
96840264	96840591
121834534	121834868
97626179	97626520
25050508	25050858
131090145	131090494
68978877	68979205
96054927	96055252
7237400	7237721
100175564	100175895
86041347	86041669
97616919	97617248
9953963	9954322
171672235	171672584
100879338	100879652
178589430	178589728
65267843	65268155
70369817	70370141
120399181	120399456
3307396	3307717
44271349	44271688
71146973	71147291
12003759	12004107
121070767	121071095
68589158	68589470
42997688	42998057
85956104	85956416
48772423	48772740
169966312	169966600
169998320	169998637
28675379	28675726
69792523	69792831
11919325	11919643
28789622	28789935
30338596	30338900
98313781	98314063
62684082	62684434
129494174	129494500
26552910	26553224
20835589	20835901
234160019	234160331
44314356	44314674
10800139	10800448
149267045	149267351
89131229	89131531
174267154	174267449
60901732	60902048
171265585	171265921
65144785	65145094
113961514	113961814
98356983	98357300
24149863	24150169
30387888	30388234
11724386	11724726
42890295	42890611
171217869	171218153
85154135	85154462
47995062	47995408
127825633	127825957
97220132	97220494
120460405	120460743
85512618	85512946
33171352	33171638
43251683	43251993
177005211	177005755
27165487	27165826
98207260	98207578
26800732	26801037
20861241	20861557
75292023	75292392
178628438	178628764
114147932	114148232
97523781	97524095
173892238	173892513
218653930	218654238
113507269	113507575
219844649	219845084
27593125	27593443
170384773	170385095
69152477	69152753
25419327	25419618
71175628	71176036
174313946	174314246
159975147	159975420
73312749	73313090
131911580	131911889
149873925	149874242
173836798	173837079
172290290	172290647
171829857	171830221
74942192	74942480
220163450	220163768
173539461	173539773
172272622	172272907
27926678	27926963
171181116	171181411
128821018	128821338
149684238	149684541
1136109	1136437
97173814	97174156
113642499	113642843
132250086	132250506
112459736	112460046
69951829	69952111
16790282	16790685
11925021	11925411
57987012	57987295
38342416	38342733
85618391	85618723
152855545	152855823
113699367	113699674
69064431	69064748
27321498	27321792
20155632	20155927
190525803	190526127
20063131	20063465
48333710	48334006
173326783	173327094
6913298	6913614
7184455	7184776
16938471	16938782
97215725	97216039
95539968	95540237
178128201	178128518
119932074	119932395
10212725	10213012
64873512	64873781
113384101	113384457
71737378	71737693
26685389	26685684
217642424	217642738
86054515	86054846
71192051	71192376
88301386	88301672
239892184	239892517
43174036	43174312
11264653	11264963
176975986	176976249
15717274	15717540
31393012	31393300
158880864	158881154
173330481	173330783
136467524	136467805
87035535	87035809
42067824	42068140
24307207	24307507
37012377	37012658
26692023	26692306
127391886	127392192
220394941	220395223
20842181	20842485
114006776	114007088
241543753	241544065
88486639	88486957
64715192	64715471
120233870	120234173
96011294	96011590
95688085	95688384
8833412	8833714
72364651	72364970
101601375	101601653
103232360	103232643
84541968	84542275
161067213	161067507
174075362	174075635
290180	290453
150454086	150454385
18011828	18012180
85779243	85779528
220324137	220324453
88650515	88650842
45870847	45871123
113808555	113808855
9279869	9280151
176962350	176962651
71098629	71098975
28817199	28817476
39455280	39455562
26968652	26968934
231921145	231921407
70297997	70298282
73390916	73391221
68822382	68822669
172455296	172455587
43054793	43055072
26828337	26828687
220267675	220267959
8665647	8665911
218650237	218650508
217531385	217531661
159610594	159610860
113716434	113716743
65414452	65414718
107159233	107159552
1821322	1821621
86307064	86307358
97073141	97073394
233918667	233918970
128407335	128407652
136498884	136499165
37623066	37623357
127729608	127729883
15777465	15777757
178623605	178623873
121828594	121828854
131130102	131130371
219894449	219894738
216979416	216979701
175411698	175412009
11272758	11273031
241453291	241453591
175561963	175562239
143791933	143792224
10975466	10975755
110267748	110268078
175636324	175636603
157192084	157192393
106720868	106721143
72025519	72025782
68668923	68669203
25599573	25599904
25015634	25015939
20578845	20579107
73120798	73121054
38763252	38763525
74562027	74562312
100997683	100997948
73200734	73201074
179779058	179779314
179756196	179756466
71772865	71773128
178847964	178848247
20611262	20611523
119640219	119640517
160778362	160778639
68942609	68942894
11722875	11723157
31556483	31556763
184159823	184160078
65780437	65780704
29419712	29420018
170335971	170336282
1554529	1554858
42722179	42722456
177319694	177319950
172386500	172386765
137181035	137181351
72377513	72377810
234766144	234766464
238653725	238653993
166810604	166810887
75855081	75855344
228336641	228336899
178199759	178200014
6966599	6966876
25451724	25451957
46768955	46769245
127955422	127955692
33700772	33701040
128211036	128211295
85765736	85766046
233476391	233476665
11833100	11833347
100877224	100877516
239048260	239048555
120417655	120417936
7177928	7178196
70568361	70568637
158354180	158354463
71558650	71558934
238832315	238832607
192700703	192700984
61922048	61922402
220341021	220341303
37641608	37641869
71016799	71017032
129079400	129079690
59252344	59252630
231714827	231715125
176231523	176231788
158485668	158485970
153572406	153572686
106162224	106162483
65867673	65867973
238480653	238480965
61653497	61653746
38735553	38735824
64558046	64558290
17081703	17081988
158348773	158349020
172992011	172992307
43202222	43202509
98326411	98326660
43839639	43839919
74477287	74477544
152803767	152804061
113238629	113238960
27069179	27069464
99953570	99953850
89039564	89039825
121278863	121279132
171092513	171092794
128936818	128937088
27392741	27393041
30929922	30930174
219166034	219166293
18568996	18569281
18701844	18702102
179171155	179171423
74426186	74426474
98364923	98365197
23574432	23574685
60808996	60809283
121837804	121838074
99265931	99266179
121852899	121853173
110274008	110274257
159580745	159581010
40065030	40065307
95897463	95897695
183734999	183735249
46691651	46691932
173729025	173729266
68519322	68519573
18033034	18033320
30936989	30937275
102439765	102440032
169818214	169818472
23535953	23536222
74223019	74223260
107203887	107204158
121886419	121886659
56410741	56410988
43456713	43456971
69066457	69066696
85977655	85977925
26367997	26368241
127807777	127808063
38118141	38118416
15888939	15889169
179565620	179565913
102622749	102623023
16706605	16706871
85293956	85294226
30295168	30295427
70844760	70845037
149897037	149897319
121842571	121842824
30064334	30064595
152893437	152893679
101223351	101223609
120963882	120964153
48828575	48828825
202097014	202097281
218578278	218578519
239165245	239165535
43086161	43086409
219741396	219741658
101958692	101958950
128991153	128991406
27946199	27946467
232542382	232542643
240960955	240961238
63416129	63416379
42316526	42316788
62524852	62525089
103136531	103136783
128173474	128173756
239279470	239279704
27239755	27240023
2124634	2124879
85934399	85934665
27304008	27304274
119976404	119976644
203453433	203453678
127643963	127644215
69534462	69534852
170623837	170624103
134601909	134602159
176953089	176953337
75904504	75904747
88971391	88971671
88991090	88991364
152095420	152095686
120022784	120023076
7812255	7812525
9126869	9127127
71012513	71012739
103059757	103060015
153492226	153492484
174749218	174749458
190007937	190008186
1773557	1773855
8825936	8826204
90108202	90108465
11552215	11552454
57948017	57948277
102972099	102972355
75146931	75147232
69786885	69787131
101655162	101655399
232578579	232578841
7224087	7224316
233157421	233157663
232579999	232580258
72151109	72151377
71174022	71174290
231766939	231767163
95742515	95742800
1900977	1901218
138848015	138848255
238421472	238421747
219860777	219861039
68478240	68478481
121310518	121310776
231187990	231188255
121453233	121453507
176983724	176983953
233470605	233471129
71384584	71384903
30431286	30431538
191184663	191184883
65291897	65292163
11885298	11885559
45208787	45209040
219137472	219137695
231917622	231917894
69941828	69942083
237981059	237981294
119613262	119613539
105852150	105852388
68585118	68585366
88459487	88459711
30249385	30249601
64115992	64116217
45182823	45183098
174900679	174900947
242893009	242893261
131555571	131555880
43354340	43354580
69170707	69170936
219922762	219923026
110303723	110303985
220386094	220386354
150170036	150170278
8785094	8785362
64276896	64277150
9910527	9910814
7343140	7343393
120275094	120275354
169988500	169988764
160041901	160042145
68936610	68936841
232571745	232572008
103422773	103423014
20595816	20596038
30146050	30146277
173037224	173037469
96804518	96804731
152266419	152266702
206812857	206813108
73220264	73220526
208610818	208611079
46877750	46877973
55276096	55276402
95536189	95536446
161920265	161920517
73487481	73487721
43155767	43156039
241790683	241790912
175613665	175613905
121444364	121444630
120048524	120048750
234352222	234352500
241377729	241377963
176991814	176992057
131678064	131678314
3828475	3828707
219513291	219513512
10379896	10380112
169203208	169203448
231851997	231852219
219968907	219969157
28378581	28378793
99795658	99795925
173956093	173956346
72098763	72099045
11969377	11969650
119884250	119884488
220298630	220298904
71327657	71327888
206790648	206790862
118760989	118761208
202969058	202969288
25532321	25532579
179626594	179626812
100106883	100107131
42096917	42097160
25047927	25048195
70529145	70529442
206750388	206750638
9346326	9346604
134965247	134965435
68412759	68412990
109544921	109545166
11618100	11618323
132431599	132431804
15728536	15728747
220024817	220025067
39956067	39956305
109200455	109200722
33620799	33621017
119639183	119639422
11213478	11213683
122055097	122055349
113403065	113403349
26744153	26744373
97778085	97778343
219762999	219763255
232466388	232466645
127002620	127002841
38209307	38209546
232551976	232552202
232765228	232765501
28844046	28844281
105796283	105796512
205010018	205010259
20490856	20491083
95622632	95622853
97466803	97467049
55065776	55066017
25104610	25104844
106071306	106071538
12856142	12856391
160568775	160569038
120165332	120165598
171943378	171943616
85864680	85864906
46163577	46163809
231476158	231476383
216796065	216796283
121433177	121433411
201766259	201766510
98316658	98316929
232347492	232347732
71775847	71776071
25565290	25565572
96688536	96688780
100859464	100859675
133106731	133106946
9473787	9474036
237085140	237085379
66656218	66656461
70044136	70044369
231712646	231712882
177517141	177517340
63652029	63652262
196933062	196933277
160664033	160664251
24244328	24244550
85109293	85109519
69137018	69137238
178197152	178197383
1549830	1550096
86070751	86070978
132170797	132171047
177005211	177005755
89203347	89203564
96658583	96658811
239172170	239172431
219552262	219552484
20335452	20335697
47615460	47615702
232477358	232477561
232539614	232539849
201827892	201828216
145277676	145277913
218853306	218853547
183903169	183903429
46005803	46006022
200604605	200604853
27414484	27414711
25887659	25887883
85470874	85471095
158192759	158192939
173671204	173671435
161850992	161851211
209040125	209040332
24632866	24633109
45201280	45201524
74369618	74369837
218764347	218764580
29532048	29532267
637054	637267
149846486	149846710
86116228	86116454
153717915	153718124
129513028	129513250
120510999	120511233
3584391	3584614
219033675	219033898
38059825	38060041
21185952	21186158
70870938	70871156
10410713	10410973
103089329	103089753
9918124	9918312
112456781	112456935
218858637	218858876
73162166	73162365
177419260	177419460
236688122	236688362
96079796	96080066
11586912	11587090
158608352	158608573
75280736	75280956
68067677	68067907
102447804	102448053
216898788	216898988
239693720	239693943
122159959	122160177
19549923	19550127
71212065	71212272
46290144	46290357
86623632	86623870
219051081	219051300
114737300	114737625
131555067	131555326
11502	11736
24644609	24644813
54730401	54730647
19562817	19563031
3698651	3698874
135002993	135003234
74051140	74051364
234620149	234620375
177518686	177518897
235459250	235459463
70233372	70233583
12556788	12556999
105904282	105904476
165871588	165871816
208095059	208095237
241083272	241083522
216784953	216785159
232395119	232395331
38750971	38751165
13147087	13147277
112645379	112645600
84530120	84530335
74814879	74815103
134875911	134876113
46220611	46220819
160966542	160966742
239628868	239629080
192623727	192623946
223804042	223804235
27502815	27503062
228103070	228103266
236504152	236504366
100794605	100794815
10124471	10124595
49173737	49173907
219260674	219260907
11049879	11050101
11878710	11878908
5506083	5506298
69664519	69664783
26994004	26994193
113448515	113448728
128113126	128113269
228631113	228631323
37395593	37395824
223836516	223836727
98280886	98281079
176951033	176951230
200353614	200353826
119622820	119623004
232316767	232316991
73119928	73120145
180083795	180083984
232770893	232771067
167395968	167396157
96808080	96808297
86595510	86595694
191044955	191045134
158890838	158891028
9511622	9511827
135218216	135218401
192431089	192431306
23847311	23847541
118960358	118960581
170862312	170862518
178469260	178469477
232665312	232665558
55847366	55847579
22578782	22579015
132430374	132430564
121437903	121438097
233305349	233305527
149431703	149431934
158159088	158159299
227898181	227898398
189156468	189156679
17827452	17827663
86600092	86600272
106536444	106536627
217148383	217148545
91814978	91815458
105911423	105911632
217971471	217971721
27631010	27631218
54892618	54892811
26310996	26311212
75693923	75694143
74214713	74214884
36873475	36873686
228749220	228749432
233191907	233192130
232422678	232422894
9983570	9983786
24027192	24027356
27526386	27526631
36734554	36734782
178664405	178664553
95781167	95781381
74366211	74366374
122655188	122655410
58798442	58798653
175327562	175327797
202725354	202725567
127285735	127285961
218621343	218621526
108966546	108966780
9908667	9908855
43836542	43836742
103370100	103370329
219717642	219717868
122113734	122113944
188039395	188039583
68073659	68073874
1890272	1890450
9278804	9278992
78900255	78900468
32997778	32997976
191861136	191861346
74378638	74378844
201374754	201374964
218751524	218751748
850234	850340
106020392	106020587
186603702	186603912
158050695	158050897
74374973	74375191
202023147	202023353
74917806	74917999
45834939	45835134
43249465	43249652
239482059	239482217
204259349	204259557
106404281	106404445
33605141	33605382
71679799	71680007
201770514	201770701
220035972	220036157
218933562	218933769
122353870	122354027
112655561	112655742
170789712	170789934
188446222	188446425
219221377	219221610
1754675	1754858
103457789	103457972
175022796	175022991
47140830	47140996
37232227	37232436
232092102	232092291
16079890	16080085
219122452	219122696
35635588	35635796
176554927	176555122
69602947	69603183
158866899	158867072
201348463	201348674
74135122	74135333
74494279	74494467
74702116	74702314
169204677	169204862
96782842	96783045
97429527	97429701
241853821	241854031
219575494	219575716
99218070	99218273
134537777	134537987
198667806	198667998
70528404	70528568
232651404	232651613
201577765	201577963
101629192	101629397
73383826	73384005
48816403	48816583
113482529	113482742
7006644	7006807
8684982	8685406
151344251	151344391
39740889	39741057
228270908	228271127
79206866	79207072
73517457	73517593
84250034	84250226
171823641	171823882
46592125	46592276
7154590	7154764
114128177	114128379
64750004	64750204
43451361	43451544
176193899	176194091
45179391	45179595
47881518	47881624
71757981	71758122
3466107	3466301
238380209	238380393
119129190	119129360
47003951	47004187
219271311	219271506
20526034	20526214
232794764	232794965
208937090	208937294
42009816	42010008
17491083	17491294
200716060	200716205
20850846	20851042
217547250	217547453
42313683	42313852
55945412	55945616
168975263	168975467
80465777	80466201
177502987	177503172
219938221	219938427
235790457	235790624
236655071	236655274
196996157	196996359
72553091	72553262
103065952	103066115
73086976	73087176
33598156	33598323
74148381	74148608
18360109	18360315
163157784	163157964
181923503	181923643
17329681	17329843
200336265	200336455
138623631	138623793
159321119	159321543
182819085	182819244
241089701	241089878
54884797	54884979
191545114	191545283
234312980	234313179
42080920	42081096
70781347	70781543
3383614	3383761
88890637	88890827
144041747	144041913
99134620	99134848
66802606	66802716
88487563	88487719
39153088	39153512
134644319	134644487
138646530	138646703
47146059	47146257
145198802	145198954
148959081	148959222
192734083	192734286
25144150	25144326
202545547	202545748
72029215	72029436
47562245	47562462
54334180	54334389
43358801	43358956
230931788	230931978
128236907	128237068
241172385	241172550
231577362	231577572
128622535	128622701
122732731	122732897
85525972	85526171
220217281	220217440
146510140	146510347
105489980	105490165
68510086	68510230
200844837	200845037
171669334	171669535
188364782	188364931
20882027	20882190
89173685	89173853
24836035	24836147
238330132	238330556
122568923	122569064
109744505	109744693
191237207	191237398
11270160	11270353
70141702	70141815
173796745	173796939
46782253	46782426
27309347	27309564
223966572	223966689
235197660	235197874
60788009	60788155
113896038	113896218
27543816	27544240
62020530	62020740
220374460	220374635
153046511	153046700
223573060	223573275
26394430	26394693
206580984	206581098
60379491	60379605
16954444	16954621
132559424	132559643
176068434	176068624
242604974	242605098
148777931	148778046
207854187	207854335
151908225	151908409
48827472	48827636
11674959	11675073
144270756	144270935
201677167	201677341
111569418	111569573
167038168	167038325
102387211	102387402
101099293	101099456
42740487	42740664
130939615	130939871
122948877	122949301
95652229	95652410
37007467	37007634
171701944	171702093
120584036	120584223
208905582	208905790
152904639	152904769
95989204	95989416
238581780	238581961
10328442	10328631
163077583	163077782
39457067	39457256
54990878	54991060
21540032	21540456
173538716	173539140
62220672	62220822
85413391	85413620
230873007	230873152
182579863	182580039
203735481	203735645
220360211	220360403
12307772	12307901
28976204	28976628
43804531	43804690
88607488	88607635
187506549	187506719
236044702	236044876
197615855	197616006
209331191	209331349
86305879	86306303
227843814	227843994
241779979	241780150
232790007	232790207
64814126	64814257
192676951	192677132
58133369	58133557
11970117	11970295
130154767	130155191
89179963	89180159
183935984	183936147
113894574	113894749
105466089	105466275
10442637	10442876
86031693	86032117
202228656	202229080
41925919	41926343
176279697	176279902
103777997	103778181
172978480	172978627
105350150	105350319
154335254	154335678
122288652	122288768
54749918	54750115
76826984	76827163
162107441	162107642
243153732	243153941
100862747	100862885
183628192	183628308
58675183	58675607
62952522	62952660
10188929	10189038
56357569	56357993
224835096	224835281
234292728	234292936
206628442	206628612
139586994	139587154
4006982	4007152
173091194	173091308
160064902	160065326
120961493	120961917
180707303	180707503
24047680	24047796
121194870	121195066
102035622	102035781
232161829	232162040
237261783	237261934
95872912	95873024
198677997	198678180
111874686	111874869
20442036	20442240
175641049	175641193
205190225	205190371
200350786	200350932
101805233	101805399
208491957	208492162
88359995	88360195
9251008	9251161
235453641	235453821
130345062	130345183
153782479	153782622
228612906	228613081
240189236	240189392
138705279	138705703
43158713	43158863
29461549	29461670
237936043	237936467
13071446	13071612
10264768	10264931
217563665	217563830
169805111	169805535
33666440	33666588
110914731	110915155
216735840	216736032
65492317	65492468
197876846	197877027
171785259	171785830
202047667	202047867
20981529	20981660
125561672	125561859
40140836	40140973
74627089	74627276
37039447	37039615
61885985	61886409
99104504	99104656
201983351	201983461
237218282	237218459
103456464	103456625
63306155	63306266
75063684	75063815
26407639	26407835
190498167	190498324
42323016	42323440
137136457	137136587
30313765	30313984
196525115	196525286
144017084	144017194
159757861	159758089
227971912	227972098
7148055	7148186
236674929	236675115
216693403	216693509
242598823	242598980
112658644	112658793
208557029	208557226
201336127	201336287
217552495	217552601
11558209	11558355
218938622	218939046
159612227	159612651
17352695	17353119
131046057	131046481
203438637	203438841
238767062	238767239
150417809	150418233
240874009	240874155
219523370	219523566
175895847	175895996
154375908	154376045
200850459	200850605
86315184	86315342
79446507	79446931
136576918	136577034
97426785	97426981
48133921	48134345
242017876	242018044
135800908	135801332
73857773	73858197
91947526	91947950
31302647	31302778
70368166	70368590
112377224	112377366
39957839	39958263
241519277	241519449
69253235	69253375
198243231	198243406
57724759	57724887
23422338	23422488
15299809	15300233
25745075	25745241
161180821	161180927
114055100	114055524
119786055	119786168
36891222	36891646
135169657	135169829
72998125	72998278
143868376	143868800
75103359	75103783
39351675	39351815
182607650	182607823
25014012	25014216
99251183	99251607
209119105	209119303
26074854	26075032
239265966	239266390
106015411	106015531
179669570	179669762
118593571	118593724
101535856	101536039
70531120	70531305
75631168	75631311
29181466	29181890
47116250	47116450
178033181	178033356
31748920	31749344
96068938	96069362
231689174	231689598
118790090	118790248
55395812	55395960
206640902	206641067
30908899	30909323
131525836	131526260
42423948	42424115
71175628	71176036
180801496	180801680
84858219	84858643
148695423	148695593
71451033	71451457
25922998	25923422
122505876	122506000
233006890	233007009
209120010	209120434
9542275	9542436
38693012	38693165
193027275	193027415
43419382	43419521
29044339	29044549
121101043	121101202
169777179	169777334
218375567	218375726
179261862	179261994
31085018	31085197
114457746	114458170
16799240	16799364
109224187	109224611
55126954	55127378
105731088	105731231
206631588	206631720
31913525	31913670
238062669	238063093
100206995	100207199
157749165	157749284
163183604	163184028
227994671	227994789
27145691	27145856
101038762	101039186
65949307	65949470
69240059	69240210
192419922	192420096
147170360	147170466
42465867	42466291
46412328	46412752
206768592	206768698
131631424	131631547
38808630	38809054
71382092	71382237
3852704	3853128
85238894	85239318
239068896	239069320
174265621	174265776
56304637	56305061
25198429	25198590
43832195	43832619
238683373	238683797
242549725	242549849
26695306	26695419
47104020	47104198
169351041	169351178
43370041	43370465
88491058	88491243
206678217	206678641
205124802	205125226
111611073	111611497
172015741	172016165
129226744	129227168
121716204	121716628
103592460	103592884
97534806	97534944
232057277	232057400
102918463	102918575
74347233	74347657
73847036	73847460
60869578	60869700
182331353	182331777
39174744	39175168
129145145	129145301
16400035	16400187
233309111	233309535
135535922	135536346
241496153	241496577
166963326	166963435
192555813	192555946
80300275	80300427
181941961	181942120
65140345	65140769
96932971	96933078
209238304	209238448
235964547	235964971
176174664	176174799
149571254	149571678
231024960	231025121
224858474	224858585
159602244	159602375
120932570	120932994
165698532	165698956
71204592	71204756
134986007	134986431
225515648	225515809
73907467	73907606
170078290	170078714
127761114	127761277
175467994	175468418
23789567	23789991
237089623	237089777
190615791	190616215
101226744	101227168
58989453	58989605
43021594	43022018
242824468	242824892
219157307	219157453
179145157	179145290
95719331	95719755
232537595	232538019
86991827	86992251
216319262	216319438
174432782	174433206
68690528	68690662
5765792	5765995
98928206	98928630
219984146	219984570
222438211	222438635
147840434	147840858
122893636	122894060
109618486	109618681
96926414	96926838
80209713	80209883
219867873	219868061
16794681	16795105
30931681	30932105
190953531	190953955
26683086	26683510
239421992	239422416
20293407	20293831
217268818	217269018
127240373	127240797
176116296	176116438
48698194	48698360
120934986	120935092
119769111	119769236
99029282	99029706
201346251	201346388
240609759	240610183
173569025	173569449
71688085	71688195
231778111	231778535
183514025	183514449
42613915	42614037
17652047	17652471
113341143	113341249
157446122	157446546
160031805	160031918
192893945	192894094
180275752	180275873
130693877	130694301
218899532	218899674
226525290	226525420
145943836	145944260
106192935	106193082
23859272	23859696
103027409	103027833
168976127	168976283
101044093	101044517
33808304	33808728
165594143	165594567
241535034	241535458
172970941	172971365
37763431	37763566
33258724	33258876
62125917	62126341
34321638	34322062
199161538	199161659
71222006	71222195
68873418	68873842
64282387	64282811
198919029	198919453
46791857	46792281
38542845	38543269
239276379	239276499
173575240	173575664
45812363	45812787
119992108	119992532
130913738	130913880
105593289	105593713
161126494	161126918
158453903	158454327
128615778	128615954
43333050	43333474
38501760	38502184
118227810	118228234
201933960	201934384
170646263	170646687
10054802	10055226
114723225	114723649
166984387	166984811
198033349	198033773
39820861	39821285
60934926	60935078
233401692	233402116
28563410	28563834
239371395	239371819
3642502	3642926
88511992	88512416
132589435	132589859
59409519	59409671
239216796	239217220
237252291	237252438
220253174	220253598
89240682	89241106
65092685	65093109
99453541	99453965
153597362	153597525
199174495	199174642
101769406	101769531
217561409	217561833
133304792	133304938
95980960	95981071
208898795	208899219
88754318	88754742
238384022	238384446
209260074	209260228
197940480	197940904
18559450	18559557
17900772	17901196
24605352	24605501
139603765	139604189
38104751	38104871
106135437	106135861
207665218	207665642
86100770	86101194
46521262	46521686
223478431	223478855
21645084	21645190
218030955	218031379
175209867	175209987
220861941	220862365
223426669	223426775
158310291	158310715
240065508	240065932
202209670	202210094
47600898	47601322
65206017	65206441
218515446	218515870
189234095	189234519
201600378	201600802
137142341	137142484
70995296	70995411
70613065	70613489
233199884	233200308
676005	676429
206950689	206951113
121062821	121063245
199239221	199239359
74730061	74730485
65800368	65800525
7567416	7567840
126274075	126274499
178129998	178130422
223846827	223846952
127507132	127507556
85945149	85945573
25829740	25830164
203696356	203696462
29179882	29180010
220144276	220144700
23637765	23638189
180763629	180764053
16083376	16083800
216134549	216134973
204647003	204647427
242641962	242642386
175564682	175565106
31954893	31955035
183632457	183632563
138596032	138596456
118979542	118979966
76424935	76425359
172560114	172560538
73917934	73918118
74688481	74688905
121010629	121011053
29552766	29553190
97481787	97482211
180990198	180990622
9905648	9906072
220554392	220554816
160878626	160879050
160901193	160901617
118543255	118543679
123208630	123209054
232475926	232476350
31456559	31456983
180286745	180287169
201990290	201990714
108798957	108799381
188523638	188524062
169615716	169616140
162129742	162129899
230451957	230452074
74902217	74902641
220364859	220365283
190277075	190277499
50719567	50719991
232382204	232382628
131100484	131100908
242820314	242820436
54481318	54481742
189378609	189379033
219867114	219867538
27514975	27515085
25520674	25521098
183531633	183532057
225222082	225222506
159314437	159314861
88853693	88854117
191895223	191895647
165456456	165456880
50756703	50757127
55738638	55739062
26778449	26778873
28619756	28619871
203043075	203043499
122080410	122080834
11729640	11730064
84722652	84723076
105854497	105854684
200569461	200569592
202660588	202661012
181845377	181845546
135122922	135123346
153483853	153484277
12188663	12189087
158901829	158902253
68949882	68950306
135415221	135415645
200349639	200350063
120581274	120581698
101346712	101347136
27308353	27308777
55402869	55403000
217383898	217384322
78182019	78182443
228522940	228523364
224539694	224540118
61362767	61362874
163747190	163747614
28030318	28030742
231806998	231807422
210825720	210826144
127954472	127954896
233993985	233994409
204679990	204680414
220270135	220270559
232428020	232428444
1858551	1858975
102392600	102393024
85875711	85876135
169193305	169193729
113717820	113718244
216974870	216975294
208490067	208490491
71222657	71222784
241504216	241504640
112778132	112778556
228228456	228228880
26214562	26214668
16463132	16463556
239956943	239957367
103320187	103320611
163154440	163154864
43823893	43824317
234766310	234766734
39606770	39607194
240931067	240931491
204937140	204937564
64088334	64088758
74692185	74692609
8901684	8902108
237421574	237421998
239061920	239062344
85359913	85360337
74560242	74560666
38603717	38604141
230645427	230645851
75468847	75469271
102782854	102783278
33637952	33638376
216887758	216888182
37253166	37253590
89218845	89219269
30370636	30371060
20425022	20425446
135480272	135480696
16956236	16956660
3183028	3183452
66028146	66028570
180988967	180989391
236845107	236845531
97246464	97246888
183050833	183051257
35653568	35653992
121672319	121672743
232574940	232575364
105028823	105029247
213727832	213728256
168701601	168702025
241929160	241929584
100937681	100938105
232716983	232717407
161108767	161109191
127942607	127943031
122645742	122646166
84304625	84305049
119296879	119297303
225510936	225511360
102851924	102852348
144444106	144444530
230138400	230138824
225224316	225224740
1891722	1892146
80726189	80726613
667308	667732
2702363	2702787
14774473	14774897
45721786	45722210
15085167	15085591
62526831	62527255
112806345	112806769
232406243	232406667
102342250	102342674
235044328	235044752
74989848	74990272
111634156	111634580
74799282	74799706
80163412	80163836
182942366	182942790
182756966	182757390
100170658	100171082
2847931	2848355
166060445	166060869
31138352	31138776
97073238	97073662
180615883	180616307
152475882	152476306
152861216	152861640
211367701	211368125
32288424	32288848
206868950	206869374
89977609	89978033
583634	584058
175901208	175901632
106513197	106513621
167217765	167218189
3875212	3875636
47766342	47766766
7259139	7259563
226533316	226533740
144332864	144333288
88969143	88969567
102500271	102500695
178026427	178026851
19876548	19876972
131722074	131722498
218007368	218007792
241000372	241000796
159036154	159036578
714251	714675
107188982	107189406
80162837	80163261
220374973	220375144
204318549	204318973
56188420	56188844
106586006	106586430
158757818	158758242
113339831	113340255
177921164	177921588
166257783	166258207
127622427	127622851
239015821	239016245
178160835	178161259
219874862	219875286
220424967	220425391
10808534	10808958
158633948	158634372
74454772	74455196
200461291	200461715
115308890	115309314
72972871	72973295
169986286	169986710
85092217	85092641
190331402	190331826
202042060	202042484
224592149	224592573
178974576	178975000
208337839	208338263
96045247	96045671
231789112	231789536
190847506	190847930
62144959	62145383
62637161	62637585
204890961	204891385
178076726	178077150
237086310	237086588
220406257	220406781
3676390	3676814
65547537	65547961
198992330	198992754
172782976	172783400
128458051	128458475
209133800	209134224
38782324	38782748
106701779	106702203
192083010	192083434
160824803	160825227
48243751	48244175
139131481	139131905
210199130	210199554
136231130	136231554
25500050	25500474
15198147	15198571
74054104	74054528
149362013	149362437
24307351	24307775
148668491	148668915
172667668	172668092
98774015	98774439
68081903	68082327
177970926	177971350
206544681	206545105
16734473	16734897
112676953	112677377
170733906	170734330
99185846	99186270
15686650	15687074
102862205	102862629
65244546	65244970
220502773	220503197
112493955	112494379
87456254	87456678
12190434	12190858
130607142	130607566
216601381	216601805
237051795	237052219
100231893	100232317
217080670	217081094
9877366	9877790
15937745	15938169
128082216	128082640
70882329	70882753
190627203	190627627
198716166	198716590
207256809	207257233
145340274	145340698
46567215	46567639
68452341	68452765
178062790	178063214
42612270	42612694
65298645	65299069
243153791	243154215
27205191	27205615
72806683	72807107
45241183	45241607
231964585	231965009
30420345	30420769
227677839	227678263
241505616	241506040
178354413	178354837
218933669	218934093
167276034	167276458
121641165	121641589
221551953	221552377
184113583	184114007
107456277	107456701
165849324	165849748
182768723	182769147
225233730	225234154
27356638	27357062
110493783	110494207
97136255	97136679
212022582	212023006
202423346	202423770
80114863	80115287
217526281	217526705
234837222	234837646
132904337	132904761
71526503	71526927
239867418	239867842
240746485	240746909
175010553	175010977
130466116	130466540
33495649	33496073
80483526	80483950
43467628	43468052
159892521	159892945
198572282	198572706
103076912	103077336
46554782	46555206
156922421	156922845
6931761	6932185
173065221	173065645
233717813	233718237
27524225	27524649
31290148	31290572
97671046	97671470
113799473	113799897
169706080	169706504
65614110	65614534
144477880	144478304
207558375	207558799
42281912	42282336
172101917	172102341
67442384	67442808
31415958	31416382
96394658	96395082
231968820	231969244
178997001	178997425
233297307	233297731
9022208	9022632
45877967	45878391
136671272	136671696
18585931	18586355
152294036	152294460
111877945	111878369
187727551	187727975
225314110	225314534
204090132	204090556
213551008	213551432
114344925	114345051
84968550	84968974
9012985	9013409
236547407	236547831
121214507	121214931
74734218	74734642
170784870	170785294
212319926	212320350
113103185	113103609
3775696	3776120
121493230	121493654
176052147	176052571
21116323	21116747
55242063	55242487
105860420	105860844
186155744	186156168
7037247	7037671
236212530	236212954
188365586	188366010
45837629	45838053
228190164	228190588
225643123	225643547
129040616	129041040
109033717	109034141
132152173	132152597
20853397	20853821
72222197	72222621
167373197	167373621
121706959	121707383
105741845	105742269
56418739	56419163
128211295	128211476
86099828	86100252
211442210	211442634
69947567	69947991
129244118	129244542
207648445	207648869
130643274	130643698
11460829	11461253
152649118	152649542
225866752	225867176
44471203	44471627
166730913	166731337
209272399	209272823
109877236	109877660
111499266	111499690
64822551	64822975
171219734	171220158
45956831	45957255
58781055	58781479
233533772	233534196
176045685	176046109
178280872	178281296
43040229	43040653
40781835	40782259
9516137	9516561
122476243	122476667
224853895	224854319
231627037	231627461
97524414	97524838
232274890	232275314
63926181	63926605
106714521	106714945
227850061	227850485
86065208	86065632
190493891	190494315
220142552	220142976
48952797	48953221
96930547	96930971
101857123	101857547
32111781	32112205
238041426	238041850
127526629	127527053
12091628	12092052
50629480	50629904
237086744	237086969
20622618	20623042
65577867	65578291
44518783	44519207
173458363	173458787
74562150	74562574
239213641	239214065
129949702	129950126
67877929	67878353
11040332	11040756
85097416	85097840
162443039	162443463
233304120	233304544
73263340	73263764
206428333	206428757
169017369	169017793
23126942	23127366
166150179	166150603
63250586	63251010
183649346	183649770
205042600	205043024
208837936	208838360
239783806	239784230
715802	716226
236460491	236460915
197296636	197297060
151887313	151887737
171253548	171253972
709148	709572
9695651	9696075
210072840	210073264
47007936	47008360
224557062	224557486
18660	19084
88490301	88490725
163175115	163175539
46884049	46884473
110873908	110874332
124784684	124785108
164202441	164202865
10927598	10928022
10198219	10198643
169568479	169568903
160413951	160414375
73980940	73981364
39286476	39286900
160944870	160945294
152471085	152471509
121801965	121802389
144920222	144920646
28830032	28830456
128028202	128028626
139544628	139545052
23553096	23553520
20792264	20792688
143919798	143920222
44025432	44025856
122659596	122660020
23683111	23683535
47403869	47404293
217908669	217909093
89542732	89543156
170132556	170132980
161826714	161827138
207028934	207029358
11054374	11054798
120867335	120867759
3201821	3202245
89267317	89267741
178538894	178539318
216814647	216815071
44475059	44475483
46842979	46843403
95943328	95943752
215867197	215867621
240821673	240822097
170839998	170840422
98390914	98391338
214018374	214018798
234741429	234741853
209436140	209436564
180856071	180856495
73459764	73460188
55844831	55845255
166095643	166096067
208339585	208340009
30920058	30920482
36579077	36579501
60666585	60667009
199186993	199187417
191916828	191917252
201936142	201936566
119026968	119027392
188707937	188708361
152633954	152634378
237969386	237969810
173886606	173887030
74406097	74406521
191375785	191376209
242882445	242882869
153031711	153032135
197318283	197318707
55659131	55659555
216878149	216878573
10849422	10849846
85241828	85242252
227667234	227667658
177679482	177679906
31919502	31919926
27745281	27745705
202101015	202101439
74347432	74347856
130918571	130918995
71150528	71150952
74459423	74459847
3583499	3583923
45805600	45806024
149402679	149403103
188002944	188003368
169562062	169562486
72447282	72447706
65580199	65580623
62639163	62639587
29179185	29179609
108553212	108553636
89504666	89505090
70872832	70873256
171741634	171742058
58821269	58821693
230665854	230666278
181848498	181848922
87568741	87569165
86025072	86025496
55298108	55298532
111827287	111827711
61045491	61045915
173940348	173940772
131524820	131525244
62671015	62671439
233386775	233387199
107484683	107485107
111611917	111612341
10148532	10148956
74643823	74644247
188445389	188445813
55000939	55001363
10168403	10168827
127807902	127808326
133174531	133174955
173332100	173332524
132274110	132274534
122751272	122751696
74667372	74667796
24283736	24284160
201828121	201828264
241922741	241923165
167232088	167232512
158638608	158639032
204774374	204774798
16903961	16904385
43454708	43455132
24766093	24766517
96058472	96058896
101211295	101211719
3082437	3082861
70023268	70023692
205556625	205557049
32778878	32779302
171626684	171627108
16668997	16669421
112879236	112879660
91757878	91757986
130681373	130681797
96676795	96677219
24246973	24247397
3785992	3786416
70418091	70418515
169764697	169765121
24451356	24451780
44125422	44125846
242801519	242801943
192704862	192705286
126984810	126985234
131914354	131914778
39062099	39062523
113991720	113992144
197333121	197333545
187325201	187325625
131906019	131906443
65609802	65610226
149793405	149793829
131451040	131451464
63715234	63715658
132559623	132560047
241071281	241071705
677222	677646
220600911	220601335
62137681	62138105
71187566	71187990
220591687	220592111
33141137	33141561
112505219	112505643
42267783	42268207
131113539	131113963
23862425	23862849
55394527	55394951
85996797	85997221
190212144	190212568
74505285	74505709
27233680	27234104
119807514	119807938
233203837	233204261
112425091	112425515
210288376	210288800
3005338	3005762
86477155	86477579
220388088	220388512
220459918	220460342
50718656	50719080
231663498	231663922
204348981	204349405
233918833	233919257
19903956	19904380
46237996	46238420
98885679	98886103
59528926	59529350
238030814	238031238
241556233	241556657
161775407	161775831
49717926	49718350
133928960	133929384
175975817	175976241
25424114	25424538
199179249	199179673
230580622	230581046
175045089	175045513
175002867	175003291
74307406	74307830
106505080	106505504
113931961	113932385
234774495	234774919
149431820	149432244
894006	894430
171672432	171672856
163010107	163010531
36899326	36899750
212610010	212610434
172347816	172348240
201715235	201715659
231729216	231729640
47030141	47030565
103209029	103209453
61990745	61991169
132579930	132580354
68258661	68259085
108832107	108832531
191668950	191669374
98912156	98912580
72016932	72017356
233893546	233893970
12044234	12044658
72343213	72343637
239197676	239198100
200838397	200838821
89249525	89249949
8140993	8141417
175214722	175215146
175201247	175201671
99682502	99682926
174435970	174436394
178501373	178501797
96783552	96783976
208966654	208967078
113442933	113443357
101112860	101113284
66814341	66814765
42301797	42302221
59503161	59503585
96779080	96779504
66723238	66723662
168545921	168546345
180305381	180305805
180942013	180942437
202897912	202898336
102868052	102868476
79088640	79089064
135675548	135675972
10282435	10282859
191247590	191248014
17852299	17852723
114359522	114359946
220354823	220355247
20215192	20215616
118479411	118479835
101652947	101653371
236342431	236342855
65938143	65938567
71297409	71297833
25388896	25389320
139416054	139416478
65116042	65116466
73912063	73912487
26282373	26282797
135461726	135462150
158035358	158035782
232354749	232355173
25790270	25790694
39347332	39347756
158732760	158733184
217529204	217529628
233926283	233926707
158429206	158429630
10938889	10939313
100877401	100877825
87444772	87445196
220322737	220323161
65215736	65216160
113335334	113335758
169471157	169471581
88321595	88322019
110252797	110253221
96932054	96932478
168992833	168993257
148747357	148747781
191715204	191715628
197141719	197142143
112421175	112421599
84194938	84195362
179994334	179994758
239662876	239663300
114165211	114165635
233522884	233523308
225148970	225149394
166635544	166635968
102801756	102802180
130384955	130385379
43751389	43751813
162980336	162980760
9830859	9831283
108800886	108801310
47464705	47465129
90246262	90246686
200919502	200919926
29175593	29176017
201570306	201570730
55646750	55647174
176710347	176710771
122237705	122238129
235512318	235512742
167241231	167241655
192029809	192030233
122858864	122859288
213432320	213432744
145206615	145207039
190627721	190628145
204628942	204629366
223768328	223768752
85067410	85067834
122446878	122447302
224724752	224725176
190935030	190935454
220019729	220020153
149398311	149398735
135003134	135003558
74346413	74346837
97778205	97778629
9843847	9844271
113258666	113259090
172020	172444
46593400	46593824
75539037	75539461
162079639	162080063
173349029	173349453
43148254	43148678
19947690	19948114
81616350	81616774
235385412	235385836
75426632	75427056
152585518	152585942
12687880	12688304
160942147	160942571
89948100	89948524
183475732	183476156
238219106	238219530
192020329	192020753
121665348	121665772
74224937	74225361
152873599	152874023
214111370	214111794
232550012	232550436
127117068	127117492
105854614	105855038
178011835	178012259
233095304	233095728
149315580	149316004
170116748	170117172
190370094	190370518
107198999	107199423
149322825	149323249
143979966	143980390
196942953	196943377
38935867	38936291
219381305	219381729
240963172	240963596
56335903	56336327
64882333	64882757
65970100	65970524
210937587	210938011
43711401	43711825
61226045	61226469
38673541	38673965
95402847	95403271
164011797	164012221
52022641	52023065
43769455	43769879
54725162	54725586
208598951	208599375
191563630	191564054
162432924	162433348
208634286	208634710
91799302	91799726
12237996	12238420
164917629	164918053
191646383	191646807
136502307	136502731
240653154	240653578
101821967	101822391
15047049	15047473
18616694	18617118
192403767	192404191
55808574	55808998
191179448	191179872
224662845	224663269
64444327	64444751
130054997	130055421
222921927	222922351
86268069	86268493
149017359	149017783
133110097	133110521
63014481	63014905
60782119	60782543
227990198	227990622
34237787	34238211
173888454	173888878
70139103	70139527
246471	246895
233388863	233389287
69663891	69664315
207646272	207646696
120068950	120069374
113841840	113842264
242674792	242675216
61032504	61032928
233847795	233848219
85358241	85358665
35568208	35568632
60777441	60777865
126503082	126503506
175197328	175197752
233626062	233626486
44569983	44570407
76123918	76124342
236649459	236649883
2546889	2547313
20877101	20877525
217610990	217611414
170308554	170308978
242537877	242538301
216673660	216674084
118804182	118804606
189389231	189389655
192435789	192436213
63002203	63002627
96658681	96659105
139584988	139585412
179884853	179885277
24211238	24211662
152771438	152771862
167274135	167274559
133094750	133095174
233186175	233186599
26220662	26221086
23840358	23840782
232226910	232227334
176147016	176147440
26537107	26537531
79226523	79226947
234356892	234357316
8837310	8837734
21341181	21341605
232110403	232110827
109605538	109605962
160612198	160612622
62138618	62139042
218743576	218744000
217784848	217785272
201659633	201660057
121766534	121766958
57743919	57744343
21618246	21618670
46561079	46561503
62933137	62933561
215695466	215695890
10660399	10660823
242331498	242331922
74759377	74759801
89411939	89412363
145648348	145648772
74078356	74078780
230775461	230775885
239482125	239482549
85085226	85085650
240028014	240028438
101249196	101249620
238074009	238074433
233232179	233232603
223661990	223662414
233230248	233230672
217273377	217273801
32551520	32551944
38766126	38766550
85682740	85683164
197583715	197584139
112973718	112974142
70725199	70725623
217381436	217381860
124751276	124751700
103095139	103095563
11640	12064
32062347	32062771
11783007	11783431
208209692	208210116
16689527	16689951
238700925	238701349
224644581	224645005
190986701	190987125
74477433	74477857
62650280	62650704
168821380	168821804
86524529	86524953
121968197	121968621
220918602	220919026
75209683	75210107
208761585	208762009
226147560	226147984
73955131	73955555
102313733	102314157
177686037	177686461
4402143	4402567
89453900	89454324
119765652	119766076
106724776	106725200
65019422	65019846
65357322	65357746
151405040	151405464
172813561	172813985
48793687	48794111
9918205	9918629
70970755	70971179
97677917	97678341
172797406	172797830
16174186	16174610
67703977	67704401
107213280	107213704
236015744	236016168
237042247	237042671
132092877	132093301
133206375	133206799
75325894	75326318
44895450	44895874
25352108	25352532
130011024	130011448
152489689	152490113
86429055	86429479
133408661	133409085
27805833	27806257
72160995	72161419
233963290	233963714
7005450	7005874
220483945	220484369
89572609	89573033
13196345	13196769
97220290	97220714
158952349	158952773
53700398	53700822
214116279	214116703
196183185	196183609
208926804	208927228
86471410	86471834
123058293	123058717
218874916	218875340
15889033	15889457
70975476	70975900
105723396	105723820
128288932	128289356
2686731	2687155
241133674	241134098
241580382	241580806
206540626	206541050
46859448	46859872
237076034	237076458
157912137	157912561
64852514	64852938
172081770	172082194
165394743	165395167
30915236	30915660
47164492	47164916
102974964	102975388
175442665	175443089
217087244	217087668
242663870	242664294
217148442	217148866
242671897	242672321
40987182	40987606
27063837	27064261
228638986	228639410
175854953	175855377
191142001	191142425
219757356	219757780
44619475	44619899
113816818	113817242
69152615	69153039
7057191	7057615
145210020	145210444
201567851	201568275
111786288	111786712
173842029	173842453
85408343	85408767
158649522	158649946
60886179	60886603
168725711	168726135
235409064	235409488
55290771	55291195
42555554	42555978
97361287	97361711
239147428	239147852
232259384	232259808
127372463	127372887
61107937	61108361
80087645	80088069
153611498	153611922
232246774	232247198
28715788	28716212
190888596	190889020
46843921	46844345
30394696	30395120
18330882	18331306
54279951	54280375
36686914	36687338
204972930	204973354
181969226	181969650
105994297	105994721
127431925	127432349
139143843	139144267
38968013	38968437
204889225	204889649
54050741	54051165
233198083	233198507
168068551	168068975
109561148	109561572
85294100	85294524
200269935	200270359
164735198	164735622
8425065	8425489
99487197	99487621
179660788	179661212
119572861	119573285
130506278	130506702
99771534	99771958
147802586	147803010
231679302	231679726
142111	142535
58337886	58338310
240197003	240197427
85829552	85829976
161285752	161286176
103214261	103214685
239082306	239082730
27976141	27976565
10176059	10176483
131915258	131915682
43496151	43496575
30893371	30893795
220969743	220970167
54931799	54932223
187368794	187369218
236701936	236702360
26992145	26992569
208678206	208678630
64978494	64978918
72832974	72833398
207846415	207846839
7058758	7059182
108786498	108786922
80553320	80553744
228726951	228727375
3739958	3740382
113448612	113449036
529369	529793
97240088	97240512
170254176	170254600
108265416	108265840
220160807	220161231
147419083	147419507
11239240	11239664
197504393	197504817
129472334	129472758
100908448	100908872
134318611	134319035
19946430	19946854
197201995	197202419
233304320	233304744
65396391	65396815
69387095	69387519
113341176	113341600
72121500	72121924
65149817	65150241
10588735	10589159
8768681	8769105
220159698	220160122
204103325	204103749
3642703	3643127
183515466	183515890
105560944	105561368
97426914	97427338
179059198	179059622
242817894	242818318
54433712	54434136
109576487	109576911
55224892	55225316
104575647	104576071
99539715	99540139
120939706	120940130
218782945	218783369
158845679	158846103
241556438	241556862
48542338	48542762
217973406	217973830
76014632	76015056
118675046	118675470
138777941	138778365
53650013	53650437
239744500	239744924
181468794	181469218
28974470	28974894
168616046	168616470
84054708	84055132
178637155	178637579
112608193	112608617
154143692	154144116
158484920	158485344
98280946	98281370
144910365	144910789
144380827	144381251
26467302	26467726
190627405	190627829
47315461	47315885
75937665	75938089
191500482	191500906
173678017	173678441
238533209	238533633
209353765	209354189
47491354	47491778
232168964	232169388
242148631	242149055
62684240	62684664
121834708	121835132
121590729	121591153
101834422	101834846
26785091	26785515
218787325	218787749
114128262	114128686
21595553	21595977
26951138	26951562
238318673	238319097
26963567	26963991
96875628	96876052
175351218	175351642
121679003	121679427
232580123	232580547
109013294	109013718
46604304	46604728
172290290	172290665
75957011	75957435
63528019	63528443
64371250	64371674
74488638	74489062
159580881	159581305
62424441	62424865
232513243	232513667
121427092	121427516
25560238	25560662
43036889	43037313
87795660	87796084
115712601	115713025
241436474	241436898
180105395	180105819
236302924	236303348
106192986	106193410
156225369	156225793
218745209	218745633
74276121	74276545
183844743	183845167
54784786	54785210
109824535	109824959
69039360	69039784
23517142	23517566
45417773	45418197
86420982	86421406
8767744	8768168
2099059	2099483
65260359	65260783
97269811	97270235
234232417	234232841
155480353	155480777
218687581	218688005
48432623	48433047
74756022	74756446
176744348	176744772
201982030	201982454
68361628	68362052
10408316	10408740
171251476	171251900
217741750	217742174
1131729	1132153
117267667	117268091
131862547	131862971
12857475	12857899
6056131	6056555
128929792	128930216
169800572	169800996
55086578	55087002
128459637	128460061
196931434	196931858
129951540	129951964
172304173	172304597
144040251	144040675
101868538	101868962
69003199	69003623
209257007	209257431
77180813	77181237
18636560	18636984
6986018	6986442
67549725	67550149
113693638	113694062
74649024	74649448
68714859	68715283
71298955	71299379
240282914	240283338
153425683	153426107
177695071	177695495
112806553	112806977
215452155	215452579
219330717	219331141
232270481	232270905
32360412	32360836
69435107	69435531
71899161	71899585
152664827	152665251
174262270	174262694
111952291	111952715
182043514	182043938
43824098	43824522
232894950	232895374
62524960	62525384
172378470	172378894
28694155	28694579
26838315	26838739
113986508	113986932
149944310	149944734
19577470	19577894
70315137	70315561
152496589	152497013
198224607	198225031
200725875	200726299
96819638	96820062
129769045	129769469
131185174	131185598
235519818	235520242
75543117	75543541
232790821	232791245
201483220	201483644
64872226	64872650
187919178	187919602
89233553	89233977
10457763	10458187
69968274	69968698
25424326	25424750
190175969	190176393
71091612	71092036
207018961	207019385
101179266	101179690
27650918	27651342
218853423	218853847
122926356	122926780
156167124	156167548
118818948	118819372
105735483	105735907
119217015	119217439
64068519	64068943
65865536	65865960
226530046	226530470
20642964	20643388
136557278	136557702
15805807	15806231
44787481	44787905
217854035	217854459
1793379	1793803
217004623	217005047
203143600	203144024
135450015	135450439
101601504	101601928
12746478	12746902
207421061	207421485
135746526	135746950
184932183	184932607
28680158	28680582
235578301	235578725
162283183	162283607
242808065	242808489
224111835	224112259
23514867	23515291
99193769	99194193
47571974	47572398
8273484	8273908
176981126	176981550
237471022	237471446
156672354	156672778
26178692	26179116
241687976	241688400
167241438	167241862
15300008	15300432
97612730	97613154
37046463	37046887
32047666	32048090
63771110	63771534
198056104	198056528
25450424	25450848
26538970	26539394
25565430	25565854
3789434	3789858
127931704	127932128
108999557	108999981
50973619	50974043
179073526	179073950
1773687	1774111
187645607	187646031
37802926	37803350
220416735	220417159
231793951	231794375
220601887	220602311
84044650	84045074
54506532	54506956
242962809	242963233
3709864	3710288
16796974	16797398
242239459	242239883
65369634	65370058
66128985	66129409
197035864	197036288
106137657	106138081
2105685	2106109
10445844	10446268
211060173	211060597
74358981	74359405
178557576	178558000
33824459	33824883
65292024	65292448
128284348	128284772
54884906	54885330
46655931	46656355
70289394	70289818
209460116	209460540
23574556	23574980
62152055	62152479
113191071	113191495
88990418	88990842
86525687	86526111
205133145	205133569
42588599	42589023
662503	662927
8944071	8944495
75708039	75708463
128397977	128398401
99862358	99862782
83743610	83744034
130661150	130661574
64539445	64539869
190663438	190663862
12573729	12574153
79219523	79219947
119188714	119189138
149569353	149569777
61021395	61021819
151467196	151467620
120981192	120981616
238490318	238490742
202123234	202123658
131133939	131134363
138224906	138225330
233718022	233718446
29258472	29258896
144339503	144339927
47881610	47882034
201064641	201065065
196802973	196803397
200471050	200471474
176486584	176487008
65914023	65914447
121828730	121829154
198642510	198642934
102135380	102135804
219818153	219818577
128811679	128812103
162863948	162864372
30937102	30937526
103909000	103909424
53994750	53995174
232539723	232540147
119071074	119071498
211482388	211482812
176828953	176829377
241352474	241352898
60522756	60523180
168406955	168407379
151908310	151908734
233861846	233862270
178997257	178997681
160855435	160855859
242294362	242294786
145801139	145801563
127915250	127915674
187767877	187768301
74208564	74208988
202830237	202830661
129439148	129439572
178600113	178600537
178033314	178033738
20876073	20876497
127644066	127644490
225476632	225477056
47168709	47169133
38953107	38953531
169141638	169142062
86114710	86115134
149477581	149478005
97485589	97486013
122493021	122493445
8443658	8444082
111664490	111664914
138668071	138668495
127780409	127780833
233415500	233415924
208838160	208838584
95858652	95859076
20427678	20428102
223966611	223967035
100663409	100663833
44843120	44843544
38039516	38039940
47499693	47500117
197714567	197714991
28824048	28824472
150571713	150572137
202283744	202284168
42304499	42304923
71418068	71418492
62197925	62198349
240318838	240319262
153504872	153505296
106865111	106865535
10933101	10933525
101868245	101868669
170869239	170869663
8442424	8442848
41641590	41642014
54950868	54951292
190563003	190563427
165573494	165573918
232535565	232535989
184128275	184128699
66201425	66201849
225265859	225266283
45241384	45241808
128401600	128402024
227080587	227081011
75652328	75652752
128568688	128569112
157049036	157049460
9936528	9936952
198318008	198318432
135223706	135224130
136553188	136553612
175552735	175553159
135548035	135548459
102409778	102410202
56359276	56359700
41724022	41724446
132513215	132513639
235653920	235654344
55496333	55496757
74540748	74541172
129289398	129289822
99497107	99497531
12311596	12312020
101487174	101487598
165416632	165417056
69128246	69128670
175850399	175850823
14782575	14782999
241673212	241673636
8570734	8571158
18033179	18033603
96729172	96729596
239023639	239024063
183105494	183105918
120246033	120246457
99818665	99819089
208095113	208095537
201535009	201535433
197977900	197978324
232597281	232597705
135150227	135150651
204916192	204916616
130570967	130571391
216704513	216704937
219592511	219592935
199002442	199002866
241196015	241196439
238581852	238582276
20817618	20818042
21250334	21250758
59098834	59099258
236551287	236551711
47540861	47541285
63805358	63805782
80656351	80656775
20050874	20051298
102841716	102842140
218899612	218900036
103038318	103038742
97778606	97779030
242893127	242893551
69500242	69500666
159317165	159317589
91759723	91760147
238593987	238594411
242672177	242672601
196789829	196790253
48541307	48541731
24836103	24836527
242489062	242489486
242972160	242972584
143746872	143747296
62078379	62078803
74554247	74554671
219141676	219142100
159330519	159330943
677425	677849
97173963	97174387
121636859	121637283
45711159	45711583
54342358	54342782
142669250	142669674
118770647	118771071
26457858	26458282
15921190	15921614
111513074	111513498
171379996	171380420
212368568	212368992
102857470	102857894
237994138	237994562
135613252	135613676
84071607	84072031
219483203	219483627
6493047	6493471
111576685	111577109
228804208	228804632
179538828	179539252
65092887	65093311
238384230	238384654
106250627	106251051
20595926	20596350
3111429	3111853
33351613	33352037
216796156	216796580
178632484	178632908
89260874	89261298
54481519	54481943
108549425	108549849
15329385	15329809
47214126	47214557
45667254	45667678
132592948	132593372
33171494	33171918
64994898	64995322
242447313	242447737
152494019	152494443
232793109	232793533
123289352	123289776
92083121	92083545
237218365	237218789
171011500	171011924
27247112	27247536
231025050	231025474
53735779	53736203
239196222	239196646
84651209	84651633
10444021	10444445
9280717	9281141
242206602	242207026
100854195	100854619
89258957	89259381
58935701	58936125
177250553	177250977
98017402	98017826
89286490	89286914
177134153	177134577
15393368	15393792
12091827	12092251
240080219	240080643
89459702	89460126
42057540	42057964
10303356	10303780
114055303	114055727
170638979	170639403
115923089	115923513
241699987	241700411
127829545	127829969
48084982	48085406
96874268	96874692
222889623	222890047
223824056	223824480
105915737	105916161
38036609	38037033
223182664	223183088
113017172	113017596
72808941	72809365
23728097	23728521
28642134	28642558
139473759	139474183
113222933	113223357
169746785	169747209
75103558	75103982
238231238	238231662
201390843	201391267
44522853	44523277
20250428	20250852
232169165	232169589
68423217	68423641
192386354	192386778
21638117	21638541
152145711	152146135
108811294	108811718
239795107	239795531
11787962	11788386
11898124	11898548
112448116	112448540
174477053	174477477
192578524	192578948
231674328	231674752
138701525	138701949
42323219	42323643
164039214	164039638
7174414	7174838
102637234	102637658
45182941	45183365
65096303	65096727
105459485	105459909
9797858	9798282
161209677	161210101
113984823	113985247
71187787	71188211
1588816	1589240
100214867	100215291
56179560	56179984
56410856	56411280
113950025	113950449
120288881	120289305
168972950	168973374
170953502	170953926
219095526	219095950
220042754	220043178
47891982	47892406
158163542	158163966
73298419	73298843
11252162	11252586
71504577	71505001
23770569	23770993
206585728	206586152
171997701	171998125
220701398	220701822
27524466	27524890
79268083	79268507
38755170	38755594
136651094	136651518
73907502	73907926
171847869	171848293
102489987	102490411
37416627	37417051
36639193	36639617
198220905	198221329
1550651	1551075
55998760	55999184
233751916	233752340
464849	465273
27653103	27653527
54403709	54404133
142156853	142157277
55384561	55384985
202766430	202766854
239168067	239168491
218713252	218713676
236874971	236875395
223558576	223559000
85730174	85730598
20369198	20369622
69792667	69793091
192167183	192167607
73179534	73179958
227656144	227656568
39453684	39454108
100020101	100020525
68971660	68972084
96987657	96988081
42684142	42684566
182602775	182603199
178147847	178148271
171852856	171853280
223884708	223885132
228904498	228904922
983029	983453
156967368	156967792
85555235	85555659
45812566	45812990
47748286	47748710
216928709	216929133
169963648	169964072
73587441	73587865
120350070	120350494
48308155	48308579
10406204	10406628
131601428	131601852
187323734	187324158
201443535	201443959
74771784	74772208
97351424	97351848
127729756	127730180
101505581	101506005
20724912	20725336
113250577	113251001
16811629	16812053
96069145	96069569
63919121	63919545
42316655	42317079
145886683	145887107
202663615	202664039
127785320	127785744
26618152	26618576
66145966	66146390
9309073	9309497
171749027	171749451
182825843	182826267
26207453	26207877
178582530	178582954
157191115	157191539
216924182	216924606
196362881	196363305
55914334	55914758
20954918	20955342
240323480	240323904
220113032	220113456
242615356	242615780
170696748	170697172
186493804	186494228
18931176	18931600
26685527	26685951
46116260	46116684
189889933	189890357
64880651	64881075
48849803	48850227
19969222	19969646
165873376	165873800
11499944	11500368
225873607	225874031
42268838	42269262
114735217	114735641
226754035	226754459
187121317	187121741
37872987	37873411
96809775	96810199
182437839	182438263
103456538	103456962
31577731	31578155
137013619	137014043
10169256	10169680
233190656	233191080
38074895	38075319
18011995	18012419
61392947	61393371
241434347	241434771
158449525	158449949
10160134	10160558
203023503	203023927
27247761	27248185
68337242	68337666
20762210	20762634
86304544	86304968
13790664	13791088
172562636	172563060
202140669	202141093
74229548	74229972
228410602	228411026
233457372	233457796
1595630	1596054
240609962	240610386
97268240	97268664
152447688	152448112
136542521	136542945
85244788	85245212
31636730	31637154
210842338	210842762
64789301	64789725
240115645	240116069
189321284	189321708
26614091	26614515
198464322	198464746
211949752	211950176
27485301	27485725
188523838	188524262
100309233	100309657
47261267	47261691
27711919	27712343
108985623	108986047
20861398	20861822
75836395	75836819
100437461	100437885
6986941	6987365
192341628	192342052
223779824	223780248
102018380	102018804
24560827	24561251
86902671	86903095
238001806	238002230
144828988	144829412
174614037	174614461
45516493	45516917
220163592	220164016
218755100	218755524
65062051	65062475
31900583	31901007
218901088	218901512
228755210	228755634
233200088	233200512
32453212	32453636
174532134	174532558
217950166	217950590
232571038	232571462
70520399	70520823
153599497	153599921
27676801	27677225
241795993	241796417
103905527	103905951
159313756	159314180
101966630	101967054
224482780	224483204
197902728	197903152
25076794	25077218
59981484	59981908
175088816	175089240
233309311	233309735
78342781	78343205
10957497	10957921
239150159	239150583
53742877	53743301
46503903	46504327
68120582	68121006
152861415	152861839
139081578	139082002
47105850	47106274
197672992	197673416
142938703	142939127
174868339	174868763
217657347	217657771
38667800	38668224
186072971	186073395
241790761	241791185
172131267	172131691
26414215	26414639
8826051	8826475
172644207	172644631
112924447	112924871
106406172	106406596
176962481	176962905
7062432	7062856
106385949	106386373
61862955	61863379
236502654	236503078
241662649	241663073
172963722	172964146
127269987	127270411
236407278	236407702
119418768	119419192
82509215	82509639
45191880	45192304
200122977	200123401
152904727	152905151
111944522	111944946
190386490	190386914
118846662	118847086
25500249	25500673
42080976	42081400
20303291	20303715
176304095	176304519
27255906	27256330
75864699	75865123
141621285	141621709
86249098	86249522
178555925	178556349
156233714	156234138
7027720	7028144
37509006	37509430
71830960	71831384
102690795	102691219
73402694	73403118
40675537	40675961
32264872	32265296
138639303	138639727
42299519	42299943
102972225	102972649
26804877	26805301
131085275	131085699
170081717	170082141
64978695	64979119
53967297	53967721
10361204	10361628
96937731	96938155
66146887	66147311
47216037	47216461
111893323	111893747
203749051	203749475
15611701	15612125
171507619	171508043
105961416	105961840
73973302	73973726
149823905	149824329
241724879	241725303
38123472	38123896
26759876	26760300
164025938	164026362
216153759	216154183
153411558	153411982
68587050	68587474
27137029	27137453
114066379	114066803
64684616	64685040
108189242	108189666
25277510	25277934
239014970	239015394
139244389	139244813
178677373	178677797
25264172	25264596
236025506	236025930
111858254	111858678
9492753	9493177
242894251	242894675
150185545	150185969
236423137	236423561
118960463	118960887
73140633	73141057
11162144	11162568
9713875	9714299
45124525	45124949
38715002	38715426
90065895	90066319
208393618	208394042
43434984	43435408
237001842	237002266
242940891	242941315
55538768	55539192
208490270	208490694
26681534	26681958
129071055	129071479
45947242	45947666
207367461	207367885
196398514	196398938
100059256	100059680
242673451	242673875
97748062	97748486
240198529	240198953
11842133	11842557
172017556	172017980
130551901	130552325
206561275	206561699
130521897	130522321
102003826	102004250
61698721	61699145
12318573	12318997
43155919	43156343
114525379	114525803
30453239	30453663
97422826	97423250
127415488	127415912
27440073	27440497
236460696	236461120
73340390	73340814
176541490	176541914
216354088	216354512
70426446	70426870
8656102	8656526
74355367	74355791
230296023	230296447
100224532	100224956
7519912	7520336
48134121	48134545
202316426	202316850
209121120	209121544
218665916	218666340
206404336	206404760
98341770	98342194
171226335	171226759
71204669	71205093
54014228	54014652
31476194	31476618
36772056	36772480
152972510	152972934
197466196	197466620
152448035	152448459
233190870	233191294
127408510	127408934
75691620	75692044
3066300	3066724
99701831	99702255
220295467	220295891
167232295	167232719
132250310	132250734
127240574	127240998
219271408	219271832
129170004	129170428
120108238	120108662
99855700	99856124
2146074	2146498
176728806	176729230
239679773	239680197
38735679	38736103
30557456	30557880
128458252	128458676
95745691	95746115
88788654	88789078
74054303	74054727
217770408	217770832
95424871	95425295
56236877	56237301
90059985	90060409
101510283	101510707
83829881	83830305
240658089	240658513
128795164	128795588
71682578	71683002
96784966	96785390
63277910	63278334
20877304	20877728
191048281	191048705
43498302	43498726
2590174	2590598
111436779	111437203
174739040	174739464
54918882	54919306
109877438	109877862
145089349	145089773
74859303	74859727
216785034	216785458
64590867	64591291
71709269	71709693
74812643	74813067
64836379	64836803
18701969	18702393
109949847	109950271
45927777	45928201
99806984	99807408
89113109	89113533
103202167	103202591
120764532	120764956
175329989	175330413
43447132	43447556
205750467	205750891
209354400	209354824
114040610	114041034
90066128	90066552
171561726	171562150
118529785	118530209
90126609	90127033
44177864	44178288
202924909	202925333
72005951	72006375
86252368	86252792
99815139	99815563
1842901	1843325
108685952	108686376
187867909	187868333
8561860	8562284
135655517	135655941
232257783	232258207
234715790	234716214
64782739	64783163
218738103	218738527
237411690	237412114
109644813	109645237
24047753	24048177
27694809	27695233
10514656	10515080
10587629	10588053
13186679	13187103
236559690	236560114
228344777	228345201
45567033	45567457
71837044	71837468
217846618	217847042
30931880	30932304
140749697	140750121
134642264	134642688
234885317	234885741
45939685	45940109
169104200	169104624
65483155	65483579
197943248	197943672
18100103	18100527
207124961	207125385
178298251	178298675
137690256	137690680
25480762	25481186
111621733	111622157
122493237	122493661
241908500	241908924
29429777	29430201
112354939	112355363
166555039	166555463
68471527	68471951
89524279	89524703
48338458	48338882
120784484	120784908
198248506	198248930
127190590	127191014
173730071	173730495
58936558	58936982
45038051	45038475
134986208	134986632
170046621	170047045
66257675	66258099
165554168	165554592
137494691	137495115
48660571	48660995
209684950	209685374
46318019	46318443
192096608	192097032
33644598	33645022
87766167	87766591
175307747	175308171
122289431	122289855
115300888	115301312
69871211	69871635
202483718	202484142
64977761	64978185
179283885	179284309
9922591	9923015
21540236	21540660
46525517	46525941
73613195	73613619
97459008	97459432
107161275	107161699
157176528	157176952
29238006	29238430
173346247	173346671
178934220	178934644
202093697	202094121
239186441	239186865
73981140	73981564
64282587	64283011
239468845	239469269
238877074	238877498
147491644	147492068
182295135	182295559
59403853	59404277
233927865	233928289
175387258	175387682
110738353	110738777
220863558	220863982
20652241	20652665
172580666	172581090
3447458	3447882
7273638	7274062
89303718	89304142
109213762	109214186
95743156	95743580
220926750	220927174
91808299	91808723
17754330	17754754
110059612	110060036
30454048	30454472
25451840	25452264
80313781	80314205
216695012	216695436
1043147	1043571
139572062	139572486
10394484	10394908
152383044	152383468
99123935	99124359
220715805	220716229
213641690	213642114
159613766	159614190
31202627	31203051
219448924	219449348
71228411	71228835
28614952	28615376
160143535	160143959
232046537	232046961
113300887	113301311
178161046	178161470
218774177	218774601
136673745	136674169
114477766	114478190
11213571	11213995
120348445	120348869
133062327	133062751
143044096	143044520
113341792	113342216
47737884	47738308
170440749	170441173
88381623	88382047
232092174	232092598
222903060	222903484
143738328	143738752
234357725	234358149
47540185	47540609
235486209	235486633
206188628	206189052
30726152	30726576
16843772	16844196
65224132	65224556
132288302	132288726
133272519	133272943
174680481	174680905
201440731	201441155
202269378	202269802
16690437	16690861
121642790	121643214
226455657	226456081
122140283	122140707
166913813	166914237
238523046	238523470
171627627	171628051
240415456	240415880
109965861	109966285
20377336	20377760
189959036	189959460
46256381	46256805
98384611	98385035
46526867	46527291
217561609	217562033
9910668	9911092
81708234	81708658
