22431821	22432296
139739645	139740049
86132842	86133195
105771912	105772279
141647490	141647841
23145370	23145726
74086561	74086929
23329869	23330224
41386313	41386670
27454684	27455029
144614289	144614653
142357050	142357407
102135495	102135844
103826865	103827201
29197728	29198082
41692258	41692620
30670265	30670610
82692760	82693100
123807287	123807618
56433463	56433789
99370336	99370679
124934630	124935012
61573052	61573391
56923178	56923500
9688440	9688844
101693106	101693452
101571906	101572237
6658265	6658582
11622948	11623292
20233737	20234068
23331750	23332169
57154517	57154831
144483338	144483686
97340189	97340551
21641883	21642214
40851284	40851613
23550161	23550496
23267890	23268221
141368651	141369036
142396860	142397224
130699682	130699997
146125541	146125904
142185000	142185355
11801181	11801513
22876766	22877137
22419361	22419713
21994885	21995242
22480373	22480737
99182253	99182567
144363780	144364140
27283734	27284065
21763469	21763823
59720486	59720792
128746199	128746540
142171031	142171360
144465780	144466083
6698180	6698494
105430285	105430591
94577699	94577993
11759789	11760102
10447636	10448010
24857486	24857803
103819719	103820074
22452749	22453071
102149461	102149795
47868626	47869002
145597423	145597760
133204278	133204603
117778444	117778780
42547649	42547953
48091801	48092137
22775938	22776270
146252112	146252455
67976338	67976681
10785968	10786268
145800863	145801177
96317627	96317935
62051580	62051944
27449769	27450086
37708964	37709278
28479712	28480051
57470455	57470780
22446491	22446874
21669740	21670066
22766527	22766844
57006251	57006556
141403943	141404247
144594780	144595094
48909817	48910145
141477328	141477618
142441621	142441924
42242971	42243276
28944988	28945325
144512979	144513286
2230442	2230735
146127351	146127651
125452665	125452978
9008159	9008459
127888870	127889163
61325112	61325421
106104617	106104913
80677479	80677803
33282199	33282482
1972210	1972519
134461745	134462063
142737152	142737440
104123769	104124042
125605208	125605511
2672070	2672377
130832380	130832676
11816412	11816722
21894313	21894622
427566	427852
48078999	48079290
139779881	139780182
52921076	52921363
144366834	144367184
145048993	145049328
144461809	144462148
67351173	67351474
100872027	100872334
37637388	37637677
11446999	11447346
42269900	42270206
38268190	38268487
37924678	37924967
144976710	144976978
125438280	125438578
81152823	81153182
47829287	47829614
135697855	135698165
140643187	140643478
41400236	41400528
94987430	94987709
145689357	145689667
1978748	1979047
27584780	27585081
26428774	26429048
22022046	22022374
123691106	123691447
58255918	58256222
123745819	123746122
10696434	10696739
8923272	8923567
142094426	142094750
124167023	124167307
41680175	41680468
56987042	56987371
61936110	61936406
11411290	11411623
38625874	38626157
41261677	41261997
143716059	143716378
141646187	141646477
91013025	91013329
22530530	22530808
135918376	135918663
11593916	11594205
95092024	95092338
48114803	48115129
103823123	103823423
6637167	6637454
145735077	145735417
97345414	97345719
145288520	145288804
8608243	8608546
29034504	29034782
37557855	37558148
57360517	57360834
71520535	71520831
42948397	42948732
11422057	11422362
27850143	27850408
37943851	37944107
125574116	125574404
22225344	22225626
40809142	40809421
67341020	67341319
28451544	28451828
105337707	105338026
130838489	130838763
62381370	62381645
62008690	62008977
62380079	62380382
145056644	145056962
22941709	22942004
49084710	49085004
101839285	101839552
6786127	6786398
23153668	23153979
145539662	145539944
123685734	123686035
9226558	9226834
141447804	141448063
145704363	145704656
25946213	25946493
141678434	141678680
143820143	143820438
42029185	42029443
10275304	10275576
140353143	140353432
10405615	10405895
20042392	20042691
102339224	102339503
28181867	28182132
17557115	17557395
125901031	125901319
22613613	22613897
10873955	10874238
27918639	27918880
134465611	134465913
117899782	117900059
118056978	118057247
145181379	145181659
134581828	134582157
143799564	143799862
61048740	61048999
127395974	127396264
6893304	6893565
41998191	41998457
22094811	22095124
145693092	145693356
95834892	95835209
85538370	85538667
41287640	41287935
98572292	98572641
6884319	6884558
96037012	96037268
142394744	142395015
41669827	41670076
27062573	27062820
99853147	99853400
118342428	118342674
55464282	55464534
43135960	43136242
2480943	2481328
90996804	90997112
102313654	102313899
42010946	42011210
1273408	1273648
10834717	10834981
143705445	143705700
71446742	71447008
28627181	28627479
6815653	6815925
135703584	135703851
28277070	28277378
28213102	28213378
72930847	72931116
27172848	27173118
8594483	8594734
11325125	11325401
143553319	143553571
145733911	145734286
145258259	145258551
97192379	97192650
10682884	10683150
144212498	144212759
144302552	144302835
132816487	132816794
80997325	80997596
123584575	123584863
11603890	11604177
143555049	143555385
10444863	10445110
101847772	101848045
27459611	27459883
12899868	12900140
1683666	1683911
5997508	5997765
145150967	145151212
131027462	131027744
145051286	145051552
53408778	53409042
26528086	26528341
2212315	2212556
59230981	59231271
145550302	145550582
26548266	26548538
30027772	30028057
28602622	28602893
56884770	56885029
38571887	38572166
101576234	101576491
20089334	20089610
142183337	142183631
41470336	41470605
140418044	140418332
21772856	21773129
144110754	144111018
139698821	139699063
131814891	131815151
71000876	71001112
10190304	10190536
86375450	86375692
103597460	103597724
136464642	136464899
140225637	140225904
124232914	124233150
143528904	143529155
66557256	66557552
102345166	102345421
30085204	30085422
144388860	144389153
125437582	125437848
143820869	143821199
96281572	96281872
1643986	1644257
134468017	134468284
103540926	103541174
105342152	105342389
52438683	52438919
37773789	37774044
29493560	29493789
105402165	105402441
102644800	102645030
126712970	126713206
124034698	124034950
98594817	98595048
114449972	114450235
128738017	128738269
106920526	106920778
30413426	30413692
27721423	27721654
66362601	66362863
139948491	139948728
65294717	65294972
25910785	25911038
66776861	66777102
26184975	26185224
98905475	98905739
20898653	20898900
39847379	39847732
145673810	145674062
81595246	81595507
143863954	143864222
126656851	126657083
145575172	145575406
142193634	142193885
11424639	11424889
22871897	22872133
99097877	99098131
97176629	97176879
123651168	123651419
27181982	27182245
122261082	122261333
121135761	121136015
10282726	10282968
133070037	133070260
19637084	19637318
119755911	119756144
41559308	41559546
94834621	94834833
70854620	70854869
142179218	142179526
6673805	6674050
41369784	41370014
19229665	19229885
143897797	143898039
8887382	8887597
9815450	9815624
98608110	98608352
144313692	144313937
66674145	66674383
42660444	42660678
130599378	130599595
56972752	56972991
20292855	20293089
10131460	10131708
17009947	17010194
124077936	124078155
135917766	135918029
31109603	31109874
107589895	107590152
73067481	73067731
131761971	131762211
107604078	107604294
95132561	95132754
58122146	58122427
73856285	73856547
133227830	133228067
23104190	23104521
38578947	38579215
128906925	128907174
26513063	26513312
74217831	74218054
139711177	139711402
121820921	121821157
33192309	33192540
130738615	130738833
143626970	143627161
30776547	30776748
127313289	127313510
99176021	99176237
134221573	134221795
99395358	99395628
95369404	95369621
144025050	144025279
53025002	53025231
15235863	15236073
21911548	21911799
20081308	20081536
135898720	135898947
98881698	98881936
2027633	2027849
12698228	12698463
103714232	103714426
66977242	66977464
98271316	98271537
142070095	142070366
896877	897087
72917463	72917729
49231355	49231555
101271244	101271400
26295191	26295460
59425861	59426069
130694354	130694564
130548107	130548331
3142181	3142405
19670871	19671116
141841276	141841506
87631328	87631511
5934314	5934572
6776861	6777109
41686329	41686676
33539082	33539299
62475875	62476116
22862098	22862345
68402590	68402817
103209707	103209943
102169895	102170111
72887520	72887749
11269092	11269309
144528869	144529088
33448527	33448746
144129675	144129918
143946355	143946562
134215202	134215441
18422483	18422708
38283269	38283493
1840644	1840833
75000411	75000634
67089158	67089409
40110708	40110913
124778544	124778742
9195833	9196094
96261000	96261229
21953101	21953325
121968994	121969225
94373419	94373637
95565785	95565977
127836724	127836930
19615320	19615546
136478178	136478388
81599509	81599677
124775719	124775951
94648178	94648373
41722485	41722738
20238359	20238569
22144826	22145038
37593878	37594120
11141882	11142113
2263102	2263318
8528129	8528356
38269142	38269355
37010829	37011047
37782179	37782341
110463223	110463420
107868800	107869019
39184997	39185175
26231607	26231814
49838264	49838473
25027705	25027938
30458341	30458516
67601194	67601440
81143149	81143321
105800129	105800340
19991300	19991495
59521215	59521412
87137362	87137544
41003954	41004167
103875296	103875532
130951829	130952042
24086939	24087170
38824091	38824263
91657184	91657381
71060304	71060499
140035446	140035662
41278694	41278904
22774960	22775085
95825759	95825997
135855953	135856189
99483396	99483609
134508722	134508916
15501680	15501905
141169775	141169991
143808323	143808600
53001611	53001854
29172323	29172556
104385491	104385705
101156251	101156492
103664113	103664292
57841769	57841946
108767864	108768061
28861926	28862114
128508763	128508956
27930356	27930527
71025923	71026144
126242995	126243184
40962648	40962879
130315737	130315915
86985708	86985885
133152893	133153087
105789112	105789307
134658242	134658451
8130806	8131020
131141908	131142113
128219330	128219490
132049250	132049440
10708028	10708192
86209689	86209900
29504901	29505121
105690957	105691166
124050588	124050788
47579885	47580103
70576078	70576277
30848963	30849136
95917583	95917769
13519784	13519981
141210350	141210538
6687674	6687914
10913522	10913712
129701341	129701547
121963517	121963714
146223096	146223299
23386197	23386352
96069199	96069412
95284643	95284854
59614395	59614585
117800706	117800910
98182832	98183256
56941490	56941699
139712670	139712890
96309734	96309968
126924252	126924421
64058308	64058457
24052078	24052241
49891592	49891801
10518235	10518393
37853892	37854067
105378024	105378448
140659228	140659429
95003646	95003844
107093324	107093531
72687366	72687531
129871529	129871696
131687864	131688039
42177229	42177426
81904261	81904450
80935922	80936131
42529256	42529449
102217253	102217456
6188892	6189047
59307863	59308046
37248103	37248251
11365830	11366036
71580679	71580868
38242582	38242775
73759501	73759646
74585343	74585526
118316471	118316625
125538105	125538529
133067767	133067942
58333218	58333413
17722155	17722271
27181322	27181549
94995351	94995503
24923158	24923349
40059257	40059681
104086174	104086301
29177944	29178148
39853284	39853495
22562180	22562384
72564176	72564382
100370874	100371059
15311196	15311367
40057265	40057444
70744716	70744839
62156615	62156805
145634694	145634925
48651552	48651729
104719639	104719781
128413001	128413208
38144276	38144419
50143015	50143201
3442570	3442684
27339690	27340114
146012821	146012993
98834331	98834501
96249477	96249678
134709001	134709137
74416761	74416939
215789	215999
27445784	27445996
37120099	37120302
7212870	7213044
48172096	48172290
22280140	22280356
64303950	64304120
58986940	58987046
18066523	18066677
29580682	29580805
145024108	145024304
29732613	29732823
53415815	53416031
104524377	104524566
145955515	145955735
11161997	11162174
28220998	28221187
9899197	9899409
22553138	22553562
126741618	126741776
37917690	37917868
110654838	110655024
48227787	48228211
103694884	103695059
62722622	62722803
131106917	131107341
126444336	126444473
123689819	123689982
135490785	135490965
101859366	101859790
17434407	17434611
120879462	120879607
125550578	125551002
117460236	117460384
126709069	126709232
145692310	145692520
95625218	95625403
18725992	18726179
140050015	140050162
85934337	85934493
98464870	98465294
30770423	30770568
68251830	68252011
142309554	142309766
54775963	54776142
96902870	96903047
144467258	144467504
121618034	121618171
101553132	101553281
56991748	56991942
31042915	31043112
87715675	87715834
30015169	30015366
37888448	37888612
57350364	57350788
28645385	28645531
6281418	6281842
142085799	142085930
133887813	133887924
38029201	38029365
34748687	34749111
66746896	66747046
98800276	98800466
25473372	25473538
41685869	41686190
38688172	38688596
77280112	77280278
141442056	141442480
121101472	121101896
55081996	55082166
106437229	106437377
60964647	60965071
131540177	131540294
144815555	144815709
39891461	39891885
107777468	107777892
22722260	22722684
135488988	135489412
82147578	82147745
26519414	26519595
13402410	13402543
134898423	134898596
101539237	101539444
125966058	125966211
130709369	130709793
49033677	49034101
53649624	53650048
27373331	27373755
61145818	61146242
80596941	80597085
7771092	7771271
23716931	23717042
102768622	102768731
109258095	109258261
140641248	140641672
119427298	119427446
86157850	86157956
23447144	23447315
10671653	10672077
109930603	109931027
118341153	118341577
18537892	18538064
95586472	95586639
4854611	4854789
23019345	23019769
38592065	38592489
26621645	26622069
2308284	2308708
143069997	143070119
103045111	103045220
138903114	138903538
30239821	30239939
101170536	101170960
22287912	22288018
18054920	18055064
143750761	143750895
17770176	17770398
101950942	101951064
126130694	126130853
61309390	61309814
95654634	95654786
57361410	57361834
106794084	106794251
53320297	53320405
124706114	124706260
128926575	128926999
90738133	90738300
19612272	19612408
41852913	41853044
19125257	19125368
33497792	33497971
135643910	135644038
106002465	106002657
54405022	54405153
11612521	11612945
42010062	42010486
24749391	24749501
107282496	107282671
133157135	133157559
57700192	57700298
66948693	66949117
70623439	70623863
101859743	101859917
133501767	133502191
100010264	100010380
82644900	82645324
23239075	23239499
10773447	10773570
33101660	33102084
127522609	127522771
27713082	27713245
74545326	74545750
82620773	82621197
74659264	74659465
91007905	91008011
29940326	29940750
133064230	133064352
27621346	27621770
129334906	129335330
127822261	127822413
72740258	72740372
40795046	40795208
81910602	81910782
124498724	124499148
61523646	61523838
131776892	131776998
23605397	23605549
18769825	18769969
86291621	86291728
38627510	38627934
120781338	120781494
103639608	103640032
73199440	73199622
91583355	91583535
99049455	99049564
144516981	144517123
8105286	8105710
30404860	30404984
142518108	142518215
22832042	22832466
4695453	4695559
125488377	125488801
12522996	12523420
100180500	100180638
21732369	21732520
99389953	99390377
145982507	145982931
144130215	144130639
98565647	98566071
8527293	8527509
37672099	37672523
66618406	66618540
11266872	11267296
57114900	57115035
95725721	95725875
23606572	23606721
65487595	65488019
82503073	82503497
145566810	145566968
97239430	97239854
125244909	125245333
133109708	133110132
96861242	96861666
122654477	122654901
109735288	109735396
71060412	71060836
146030452	146030669
101586344	101586476
6920998	6921422
124031095	124031519
8932397	8932503
145911226	145911378
17772270	17772694
27441128	27441552
57101724	57102148
28558836	28559260
42928655	42929079
146245530	146245668
35998734	35999158
51310862	51310975
33278650	33279074
102121650	102122074
65480163	65480587
11509036	11509460
127616226	127616344
70858509	70858628
22745472	22745670
42994252	42994426
64213262	64213686
144467541	144467671
133408072	133408496
1729514	1729725
144896559	144896983
125049960	125050384
106034557	106034692
108791997	108792421
50213631	50214055
97246865	97247289
27319161	27319585
37851115	37851539
23103708	23103980
128748301	128748725
96770871	96771295
9617966	9618390
19929648	19930072
80964868	80964977
124835761	124835892
39749503	39749927
63614308	63614732
6756559	6756983
100819031	100819159
58909496	58909920
95579805	95580229
66944715	66944850
6807055	6807479
124936821	124937245
144804691	144805115
25434835	25434945
145081851	145082275
125042572	125042996
21971878	21972302
17191423	17191847
127579128	127579552
100403994	100404418
9687064	9687177
2368215	2368639
144965296	144965720
61385791	61386215
131694073	131694497
74577679	74578103
71657876	71657992
119515688	119516112
2034413	2034837
144918669	144918839
96531372	96531796
97787886	97788310
143230666	143231090
142147897	142148321
22445204	22445628
80527611	80528035
47484532	47484956
104137096	104137520
126346607	126347031
96398816	96399240
36716378	36716802
91865102	91865526
143922088	143922512
90860446	90860870
10498624	10499048
67940861	67941285
117705828	117706252
143381215	143381639
22004267	22004691
62841507	62841931
7255270	7255694
86202307	86202731
143632426	143632850
82545398	82545822
22046237	22046661
94973140	94973564
21766959	21767383
22760129	22760553
35009694	35010118
6282565	6282989
116599135	116599559
72732140	72732564
10647977	10648401
125979234	125979658
94706272	94706696
92405688	92406112
24835182	24835606
103598127	103598237
22613753	22614177
52926831	52927255
11815116	11815540
25224557	25224981
57160805	57161229
102658499	102658923
41815320	41815744
90701525	90701641
55078837	55079015
98656325	98656749
140717989	140718413
75765623	75766047
92265491	92265915
11286768	11287192
126840971	126841395
133663669	133664093
120992423	120992847
54500595	54501019
125659902	125660326
15420051	15420475
95604516	95604940
42315474	42315898
97295104	97295528
100878062	100878486
54721293	54721717
21848216	21848640
81161780	81162204
79305640	79306064
95274404	95274828
18554536	18554960
125601600	125602024
75083615	75084039
138505050	138505474
130740756	130741180
145669549	145669664
62623710	62623816
110359239	110359378
102171017	102171441
124702480	124702904
27494024	27494448
124475044	124475468
132040939	132041363
141954214	141954638
28176057	28176481
11104359	11104783
4092016	4092440
74361331	74361755
11194340	11194764
107016530	107016954
82166050	82166474
27104784	27105208
29873564	29873988
11271172	11271596
103419974	103420398
144868910	144869334
64154023	64154447
11872547	11872971
55545339	55545763
103646423	103646847
56993366	56993790
27323100	27323524
110338063	110338487
69402882	69403306
97325291	97325715
74224524	74224948
30524294	30524718
52576060	52576484
124484331	124484755
49427026	49427450
90730463	90730887
37642028	37642452
15235982	15236406
59447366	59447790
20400399	20400823
82553717	82554141
133490875	133491299
65608106	65608530
12516853	12517277
107858089	107858513
128190713	128191137
19265890	19266314
106730246	106730670
117924991	117925106
105142387	105142811
97778784	97779208
102513621	102514045
82802645	82803069
139963681	139964105
112809407	112809831
109716000	109716424
139490918	139491342
20913810	20914234
9606604	9607028
23020890	23021314
61789054	61789478
83219775	83220199
87100761	87101185
138855438	138855862
27099499	27099923
93085458	93085882
28491229	28491653
19971368	19971792
108511635	108512059
131449801	131450225
141643996	141644420
19203900	19204324
28588199	28588623
127881585	127882009
1845561	1845985
75002693	75003117
42618947	42619371
37683955	37684379
142322481	142322905
43131315	43131739
87520898	87521322
68778813	68779237
125568734	125569158
96114827	96115251
107439518	107439942
134132576	134133000
59372159	59372583
26149190	26149614
40847528	40847952
86083983	86084407
144926264	144926399
99176774	99177198
85944189	85944613
116662029	116662453
110235415	110235839
26492771	26493195
128902264	128902688
21998516	21998940
27312029	27312453
116383082	116383506
57530638	57531062
144065899	144066055
138346834	138347258
38041885	38042309
61759975	61760399
58026239	58026663
12724326	12724750
33330600	33331024
53326445	53326869
92355741	92356165
37824609	37825033
103820702	103821126
67333973	67334397
76169488	76169912
83355722	83356146
139177923	139178347
8558992	8559416
2241343	2241767
108080840	108081264
37476594	37477018
55344241	55344665
99384717	99385141
73830805	73831229
30045948	30046372
56793975	56794399
94069956	94070380
27472130	27472554
37978165	37978589
144140023	144140447
145909649	145910073
23177470	23177894
12990565	12990989
108825618	108826042
123842150	123842574
25367331	25367755
74347789	74348213
125462391	125462815
96978758	96979182
116088920	116089344
84737166	84737590
98748575	98748999
126969987	126970411
121951265	121951689
49233464	49233888
141937396	141937820
23339519	23339943
104776497	104776921
69122588	69123012
38899375	38899799
8831576	8832000
139926569	139926993
101637834	101638258
125263846	125264270
22643058	22643482
97144950	97145374
122273078	122273502
103284676	103285100
53878327	53878751
37788849	37789273
144366989	144367413
702045	702469
407750	408174
6539914	6540338
103973566	103973990
56843122	56843546
89332767	89333191
92425555	92425979
145747758	145748182
59924680	59925104
87570363	87570787
49049094	49049518
41832968	41833392
86169632	86170056
107775252	107775676
144136076	144136500
110656688	110657112
143690476	143690900
19607668	19608092
146095162	146095329
64078170	64078594
23273080	23273504
21779505	21779929
62220848	62221272
125576538	125576962
130036124	130036548
108793737	108794161
96172222	96172646
4644513	4644937
21640122	21640546
108508009	108508433
6949214	6949638
131663274	131663698
126935322	126935746
37551869	37552293
120276158	120276582
110678390	110678814
139873541	139873965
17779885	17780309
8176363	8176787
129026874	129027298
8783394	8783818
87494784	87495208
22573578	22574002
56492302	56492726
3584663	3585087
48423693	48424117
95369933	95370357
141348876	141349300
119522700	119523124
97328066	97328490
133785312	133785736
25333169	25333593
146294909	146295333
142937881	142938305
99793041	99793465
24763434	24763858
131840575	131840999
143561718	143562142
6429722	6430146
4919835	4920259
56792945	56793369
6792269	6792693
62637288	62637712
73122995	73123419
110651805	110652229
28994724	28995148
105454488	105454912
90996139	90996563
64236358	64236782
126929309	126929733
80941790	80942214
139126573	139126997
60834103	60834527
24272501	24272925
80979362	80979786
140260235	140260659
48905443	48905867
106421320	106421744
106785151	106785575
22707786	22708210
18244359	18244783
117636111	117636535
143791717	143792141
86999451	86999875
76314230	76314654
144465917	144466341
4691358	4691782
48137322	48137746
139197103	139197527
87368884	87369308
145049144	145049568
91960466	91960890
17460073	17460497
127234010	127234434
70544141	70544565
21104230	21104654
125022395	125022819
143775298	143775722
110664617	110665041
144818611	144819035
71747130	71747554
137726331	137726755
143734878	143735302
126131298	126131722
22961732	22962156
139709260	139709684
6642988	6643412
53490290	53490714
126517691	126518115
20484744	20485168
41702248	41702672
91591951	91592375
91013167	91013591
92093826	92094250
141353372	141353796
144563558	144563982
56969994	56970418
59323515	59323939
21313540	21313964
26558615	26559039
139863639	139864063
41801607	41802031
14717608	14718032
807532	807956
117939408	117939832
90629224	90629648
29908530	29908954
1649479	1649903
56731324	56731748
11645313	11645737
11827989	11828413
142248548	142248972
136742376	136742800
67341916	67342340
24106318	24106742
125487532	125487956
10656189	10656613
28692625	28693049
75278309	75278733
1693810	1694234
144649384	144649808
25991192	25991616
38713600	38714024
74961075	74961499
81588861	81589285
135843880	135844304
143210154	143210578
111844601	111845025
127833010	127833434
22419534	22419958
123870414	123870838
104116396	104116820
14121813	14122237
102465731	102466155
61172705	61173129
62641846	62642270
102212911	102213335
67371973	67372397
26240249	26240673
62248497	62248921
64162618	64163042
102178588	102179012
39910357	39910781
73194995	73195419
145758033	145758457
94139872	94140296
105542449	105542873
112112773	112113197
82214748	82215172
107534014	107534438
8174375	8174799
75878009	75878433
119132794	119133218
25766195	25766619
117715328	117715752
115466667	115467091
544809	545233
55677368	55677792
37559118	37559542
132871807	132872231
86059606	86060030
59634166	59634590
143376758	143377182
11204366	11204790
54654620	54655044
105338328	105338557
5178878	5179302
37185797	37186221
7327130	7327554
33663226	33663650
27402126	27402550
102533935	102534359
38614148	38614572
61584998	61585422
10331846	10332270
81937753	81938177
6115970	6116394
102108672	102109096
131550352	131550776
6715620	6716044
73899210	73899634
100298901	100299325
4732846	4733270
22786367	22786791
138738186	138738610
69095608	69096032
27325962	27326386
3393969	3394393
10047435	10047859
127079113	127079537
36948344	36948768
144301461	144301885
145099802	145100226
101732874	101733298
126714778	126715202
125384890	125385314
108718206	108718630
142111178	142111602
8800114	8800538
26942616	26943040
53917422	53917846
143750814	143751238
111834290	111834714
19233509	19233933
144578181	144578605
131219808	131220232
55671315	55671739
99717734	99718158
39847523	39847947
79419750	79420174
38258283	38258707
128749954	128750378
82283250	82283674
141474230	141474654
81003815	81004239
19981192	19981616
6815763	6816187
56727604	56728028
130327249	130327673
125278857	125279281
50279264	50279688
107205331	107205755
144414037	144414461
26519502	26519926
11316272	11316696
110573818	110574242
71314679	71315103
120521838	120522262
110747431	110747855
47916779	47917203
104807693	104808117
26120281	26120705
28742048	28742472
95820787	95821211
10236952	10237376
32964078	32964502
91131306	91131730
42713533	42713957
142639489	142639913
95908697	95909121
29173062	29173486
140495546	140495970
130788630	130789054
80564963	80565387
26167090	26167514
108612109	108612533
49086630	49087054
63814442	63814866
54793159	54793583
40339330	40339754
10832530	10832954
62704599	62705023
142357204	142357628
26435094	26435518
61643811	61644235
10399544	10399968
38327604	38328028
144870853	144871277
128980060	128980484
55167974	55168398
57360642	57361066
1476069	1476493
144230140	144230564
63015320	63015744
22872031	22872455
20974231	20974655
97127851	97128275
130760588	130761012
37679155	37679579
49834359	49834783
105702362	105702786
142636818	142637242
27058508	27058932
8846808	8847232
33373481	33373905
29208469	29208893
65311792	65312216
96215081	96215505
101875866	101876290
97157370	97157794
38644698	38645122
95006869	95007293
22673925	22674349
125560991	125561415
40558020	40558444
16637277	16637701
30964876	30965300
141365576	141366000
98787182	98787606
137072079	137072503
33329198	33329622
98387809	98388233
123479292	123479716
125561850	125562274
126602263	126602687
87045425	87045849
101138154	101138578
110328369	110328793
22776080	22776504
135732686	135733110
73907071	73907495
19727803	19728227
124428365	124428789
142085840	142086264
40983602	40984026
11702936	11703360
130605912	130606336
6563761	6564185
130960573	130960997
107845578	107846002
55482119	55482543
17995404	17995828
63951895	63952319
145151095	145151519
68645953	68646377
12891316	12891740
143420314	143420738
144396972	144397396
94468292	94468716
53435954	53436378
99902626	99903050
66910424	66910848
19675474	19675898
140663340	140663764
66657309	66657733
12412475	12412899
68732986	68733410
55274697	55275121
65341452	65341876
117560446	117560870
17776889	17777313
67066423	67066847
99938918	99939342
143374855	143375279
81478116	81478540
110564221	110564645
143379375	143379799
4138449	4138873
60032080	60032504
47619754	47620178
79144523	79144947
22552451	22552875
122723078	122723502
145719492	145719916
107630012	107630436
144875871	144876295
112248510	112248934
146159888	146160312
86363746	86364170
102142047	102142471
40954393	40954817
124285822	124286246
15399596	15400020
75110783	75111207
76061204	76061628
1978902	1979326
130047186	130047610
27737101	27737525
126441652	126442076
118050110	118050534
17771130	17771554
1878771	1879195
8524593	8525017
98852097	98852521
87905140	87905564
53854113	53854537
144692771	144693195
74219015	74219439
85966647	85967071
102103197	102103621
110083239	110083663
102559486	102559910
74359766	74360190
106945238	106945662
113813315	113813739
21432121	21432545
37572927	37573351
94242220	94242644
130573295	130573719
129665565	129665989
67337116	67337540
105342253	105342677
99570252	99570676
125936889	125937313
26394234	26394658
23056044	23056468
146051968	146052392
142106555	142106979
19786308	19786732
73232016	73232440
143781653	143782077
9178055	9178479
59553867	59554291
436498	436922
87576487	87576911
94658766	94659190
54199198	54199622
62669009	62669433
82189918	82190342
141400810	141401234
30780977	30781401
129203283	129203707
97507321	97507745
37728438	37728862
31354798	31355222
111842593	111843017
133780727	133781151
17637374	17637798
39709365	39709789
36631086	36631510
145711571	145711995
120886571	120886995
111072571	111072995
18656319	18656743
22926445	22926869
130744026	130744450
126741672	126742096
16870377	16870801
145237478	145237902
72746004	72746428
63896615	63897039
134382872	134383296
12565288	12565712
8374755	8375179
96325442	96325866
20647146	20647570
21777897	21778321
145501522	145501946
64086258	64086682
97479290	97479714
140668445	140668869
41050907	41051331
38642539	38642963
109092660	109093084
28348121	28348545
22560458	22560882
17058123	17058547
72723044	72723468
126799983	126800407
61146023	61146447
117651086	117651510
134654217	134654641
144513583	144514007
75034956	75035380
10174262	10174686
9553278	9553702
20986729	20987153
56278556	56278980
1840727	1841151
103581195	103581619
61186808	61187232
101870921	101871345
123937725	123938149
49427230	49427654
63924319	63924743
22769910	22770334
48420118	48420542
918379	918803
95680131	95680555
68934369	68934793
28984609	28985033
144373529	144373953
66044942	66045366
144567165	144567589
43291083	43291507
32412168	32412592
126943758	126944182
70532203	70532627
26417679	26418103
27234399	27234823
6811044	6811468
11137004	11137428
41169051	41169475
141302076	141302500
23796083	23796507
17781418	17781842
9534446	9534870
95485325	95485749
98572292	98572641
37448951	37449375
10822253	10822677
131739152	131739576
37217692	37218116
27482217	27482641
131809044	131809468
16621866	16622290
143553430	143553854
33482099	33482523
64315099	64315523
95448465	95448889
121357940	121358364
107717247	107717671
128830421	128830845
57354103	57354527
30788897	30789321
67521535	67521959
66945861	66946285
62497976	62498400
106918029	106918453
28824510	28824934
101678249	101678673
118874294	118874718
139114998	139115422
80647411	80647835
108376306	108376730
37697763	37698187
10502020	10502444
124992836	124993260
116422035	116422459
6569039	6569463
145746674	145747098
62526431	62526855
123706350	123706774
135695046	135695470
104383214	104383638
67831538	67831962
144650512	144650936
56599707	56600131
73825250	73825674
145702227	145702651
135844761	135845185
131340575	131340999
144102311	144102735
66474271	66474695
53883124	53883548
132258028	132258452
38084088	38084512
54223615	54224039
136469140	136469564
41435225	41435649
108245330	108245754
25041084	25041508
145734092	145734516
106672747	106673171
23326156	23326580
6231993	6232417
6147039	6147463
22827558	22827982
25729537	25729961
36924239	36924663
17612544	17612968
108509188	108509612
103714309	103714733
122842329	122842753
144443578	144444002
58487731	58488155
21376193	21376617
55191378	55191802
47955789	47956213
92248626	92249050
103080002	103080426
23612649	23613073
30085305	30085729
80525376	80525800
3192183	3192607
128047160	128047584
61526359	61526783
914169	914593
7744422	7744846
79836977	79837401
11565297	11565721
67445630	67446054
119431285	119431709
101688823	101689247
142398217	142398641
48105636	48106060
41649639	41650063
126341326	126341750
101732165	101732589
92088806	92089230
103798637	103799061
30462515	30462939
82545603	82546027
8351703	8352127
39130431	39130855
59492196	59492620
66697263	66697687
68371913	68372337
2366659	2367083
112437621	112438045
76560376	76560800
542010	542434
221758	222182
7394293	7394717
958626	959050
10450443	10450867
24102526	24102950
105700679	105701103
124191177	124191601
53636634	53637058
94653920	94654344
19616066	19616490
109258158	109258582
105698667	105699091
71129338	71129762
1231202	1231626
190300	190724
41261808	41262232
22022752	22023176
54922963	54923387
131428789	131429213
41247383	41247807
21826506	21826930
27449914	27450338
91658391	91658815
109278637	109279061
135613780	135614204
141522071	141522495
4399368	4399792
136840780	136841204
81492054	81492478
42948980	42949404
73576234	73576658
56831013	56831437
81402125	81402549
64177881	64178305
142610083	142610507
126516717	126517141
81524746	81525170
95917674	95918098
142264586	142265010
98930769	98931193
11337622	11338046
23082369	23082793
143627092	143627516
17104181	17104605
126632190	126632614
1010097	1010521
140808876	140809300
117863354	117863778
143083981	143084405
74136870	74137294
8895662	8896086
103742066	103742490
95486982	95487406
103602024	103602448
105504463	105504887
42778129	42778553
129037873	129038297
144889256	144889680
117920198	117920622
53711915	53712339
52630919	52631343
146052173	146052597
142137899	142138323
96640130	96640554
3141430	3141854
140108514	140108938
128972435	128972859
49018387	49018811
37761408	37761832
27761258	27761682
31108599	31109023
87883248	87883672
64174433	64174857
40617724	40618148
55995978	55996402
104427410	104427834
105967629	105968053
95959239	95959663
38414948	38415372
131392556	131392980
129488010	129488434
20237123	20237547
23621785	23622209
146291261	146291685
128585626	128586050
141349084	141349508
39306315	39306739
117852047	117852471
8637213	8637637
74790069	74790493
144481240	144481664
144089449	144089873
9815500	9815924
138637780	138638204
124204827	124205251
15978095	15978519
95931710	95932134
98271415	98271839
117727928	117728352
103422822	103423246
23541172	23541596
37395635	37396059
144965500	144965924
17352638	17353062
29858292	29858716
110732483	110732907
61034376	61034800
55648963	55649387
23386256	23386680
142854358	142854782
95635614	95636038
429355	429779
30765906	30766330
12040068	12040492
13235159	13235583
125716860	125717284
37391450	37391874
15424279	15424703
49038779	49039203
126289026	126289450
143705573	143705997
131387145	131387569
98881817	98882241
41160319	41160743
58760506	58760930
56225920	56226344
41668883	41669307
61659508	61659932
145133108	145133532
6140550	6140974
114214456	114214880
53627754	53628178
143154753	143155177
103639808	103640232
42910692	42911116
96515594	96516018
124167162	124167586
74238841	74239265
55856587	55857011
57837753	57838177
105677124	105677548
54317438	54317862
480503	480927
91257149	91257573
2569966	2570390
20918426	20918850
17581970	17582394
131893812	131894236
108920547	108920971
13585163	13585587
102125612	102126036
79632503	79632927
146228382	146228806
451913	452337
118095221	118095645
71384030	71384454
22877037	22877143
98424264	98424688
42615851	42616275
95323831	95324255
99559193	99559617
55382949	55383373
23366625	23367049
69306824	69307248
134508816	134509240
121464905	121465329
130253327	130253751
145979460	145979884
22497951	22498375
96079575	96079999
22775008	22775432
144283677	144284101
110378480	110378904
21651017	21651441
110965897	110966321
32081004	32081428
62565281	62565705
67054327	67054751
21966644	21967068
51721437	51721861
4012535	4012959
23841905	23842329
30088134	30088558
49172618	49173042
143614996	143615420
129285835	129286259
130827945	130828369
59663959	59664383
94758502	94758926
82783063	82783487
11207779	11208203
142119866	142120290
144250822	144251246
143837255	143837679
129281711	129282135
99877805	99878229
70437867	70438291
71859009	71859433
131433656	131434080
71026893	71027317
61564343	61564767
145101082	145101506
10449224	10449648
134394212	134394636
126265414	126265838
73454734	73455158
77908363	77908787
82463846	82464270
74414614	74415038
27805821	27806245
14068456	14068880
28196701	28197125
144976859	144977283
71005527	71005951
30515364	30515788
142457085	142457509
6747906	6748330
75256863	75257287
102858913	102859337
127287483	127287907
68707184	68707608
11828517	11828941
54797895	54798319
143555199	143555623
99239795	99240219
78518419	78518843
23316032	23316456
12836412	12836836
125763765	125764189
103598592	103599016
76284664	76285088
123628703	123629127
131704380	131704804
71751854	71752278
10444972	10445396
41203482	41203906
18938365	18938789
38954604	38955028
125186161	125186585
27839911	27840335
20311289	20311713
103446834	103447258
103754921	103755345
142402211	142402635
128864240	128864664
81802226	81802650
49668319	49668743
11396079	11396503
28269414	28269838
144876733	144877157
120366311	120366735
143014859	143015283
74119127	74119551
143758108	143758532
105702596	105703020
103575943	103576367
11706520	11706944
93824460	93824884
124286067	124286491
135379785	135380209
28259368	28259792
100617203	100617627
124496594	124497018
106952152	106952576
96378707	96379131
97385843	97386267
11769287	11769711
75054487	75054911
28893040	28893464
54793487	54793911
12500013	12500437
22224302	22224726
179525	179949
134554272	134554696
62975252	62975676
123885258	123885682
59929429	59929853
138859264	138859688
28480752	28481176
32802829	32803253
59801815	59802239
103164611	103165035
25367542	25367966
48908957	48909381
22553338	22553762
33403197	33403621
144578384	144578808
134594248	134594672
69170074	69170498
10905496	10905920
57805368	57805792
30210324	30210748
142428023	142428447
64330962	64331386
109085305	109085729
67379113	67379537
41393363	41393787
1926142	1926566
145518635	145519059
21924254	21924678
96286409	96286833
110294350	110294774
128577297	128577721
101804025	101804449
61968521	61968945
126553218	126553642
82542833	82543257
123938657	123939081
102384842	102385266
134309093	134309517
10697178	10697602
30914275	30914699
125810256	125810680
2312718	2313142
41568827	41569251
136464774	136465198
126369551	126369975
22862223	22862647
22091560	22091984
10889377	10889801
143844638	143845062
66459505	66459929
106078581	106079005
131823045	131823469
38270749	38271173
87626266	87626690
125141664	125142088
53625727	53626151
91657273	91657697
64134747	64135171
136455121	136455545
133152982	133153406
37409087	37409511
74206978	74207402
27713182	27713606
22069549	22069973
54800903	54801327
66362736	66363160
121135883	121136307
52762993	52763417
101873838	101874262
37379535	37379959
146012866	146013290
81940431	81940855
20360696	20361120
108544463	108544887
129074147	129074571
144517046	144517470
75172126	75172550
135273832	135274256
104022705	104023129
120719699	120720123
87526263	87526687
38854889	38855313
66055557	66055981
143905583	143906007
144256379	144256803
10407717	10408141
1727665	1728089
73422179	73422603
55051672	55052096
133074984	133075408
121096786	121097210
6786279	6786703
1484802	1485226
40623646	40624070
93278678	93279102
33404981	33405405
10899398	10899822
86147011	86147435
101454819	101455243
103569285	103569709
143173958	143174382
702246	702670
99142289	99142713
37483689	37484113
38135617	38136041
15663544	15663968
127407158	127407582
49498738	49499162
68169151	68169575
130903844	130904268
17780794	17781218
1415973	1416397
117715532	117715956
126883265	126883689
56685246	56685670
105142586	105143010
88594146	88594570
10447802	10448226
102264580	102265004
16975338	16975762
141764081	141764505
97224074	97224498
21204851	21205275
100850265	100850689
30505852	30506276
1766334	1766758
101234134	101234558
34981003	34981427
126442376	126442800
76217480	76217904
100177810	100178234
995649	996073
55464389	55464813
78059676	78060100
99357579	99358003
106331525	106331949
55614146	55614570
88572403	88572827
106918716	106919140
24368983	24369407
77912441	77912865
22452902	22453326
64876638	64877062
118248057	118248481
97173277	97173701
124407501	124407925
143716204	143716628
91513632	91514056
57350564	57350988
89301960	89302384
33423659	33424083
134284432	134284856
66375796	66376220
20328286	20328710
91997667	91998091
7544172	7544596
17925784	17926208
136147982	136148406
142114773	142115197
96791186	96791610
110731323	110731747
63976262	63976686
142171177	142171601
1462639	1463063
134486726	134487150
96241036	96241460
71039974	71040398
118486506	118486930
110662449	110662873
129209610	129210034
70533951	70534375
38088576	38089000
105994981	105995405
68814312	68814736
30394882	30395306
112976408	112976832
37824810	37825234
123935420	123935844
21956017	21956441
79764427	79764851
20230676	20231100
124710381	124710805
95245286	95245710
32406538	32406962
41010392	41010816
135550393	135550817
146013716	146014140
105378223	105378647
20854885	20855309
129331961	129332385
126606253	126606677
61526592	61527016
23428242	23428666
70468479	70468903
125473266	125473690
96764259	96764683
55371931	55372355
67365683	67366107
6745050	6745474
