45358885	45359367
27173816	27174245
9909500	9909896
45066519	45066899
45230594	45230998
45395372	45395737
46712363	46712722
37400761	37401134
46728937	46729314
46312689	46313112
36117806	36118186
34733520	34733936
46897968	46898381
39727961	39728309
45209157	45209530
47573141	47573504
40760500	40760869
44596726	44597055
46557031	46557379
46560264	46560626
38382181	38382525
46859331	46859651
33942105	33942418
38349270	38349645
39047511	39047887
43960018	43960340
35734116	35734479
46369667	46370021
40105817	40106150
46572238	46572580
47563438	47563771
34499635	34499975
45031742	45032074
46558478	46558838
38311756	38312061
37794558	37794889
45930390	45930746
36095000	36095365
44559112	44559406
35296335	35296651
37485094	37485409
39590962	39591309
43870059	43870363
26980603	26980912
41239091	41239388
37513791	37514129
43030538	43030891
38299957	38300267
37792254	37792569
35815840	35816148
44238393	44238705
43565619	43565931
47016648	47016952
45717556	45717846
47240535	47240819
42493757	42494083
38003053	38003366
37497846	37498163
44527653	44527974
43678718	43679034
39498796	39499099
43236952	43237251
27254098	27254425
40890282	40890581
43537567	43537873
45567052	45567358
32470907	32471191
34569212	34569516
46975929	46976253
45533888	45534199
33238362	33238696
36423577	36423857
44343986	44344302
47390569	47390900
35267107	35267433
34758475	34758785
38954928	38955223
46331568	46331862
43729800	43730142
46213247	46213556
41160278	41160557
39084491	39084779
33630689	33630993
33973365	33973631
15492485	15492755
33775498	33775793
30117425	30117718
42441012	42441311
43941019	43941287
16855526	16855829
38226802	38227077
38362371	38362693
30872092	30872449
43757991	43758260
34144260	34144506
40813491	40813762
39724588	39724858
32976977	32977233
45687501	45688037
35882848	35883138
34025677	34025954
32953137	32953419
36065603	36065843
37961729	37962001
46776282	46776536
34978145	34978409
38835395	38835670
34572141	34572372
39531395	39531692
39072984	39073277
47300374	47300641
47567332	47567601
40510149	40510407
35975381	35975618
11109073	11109366
34312774	34313044
30848828	30849108
37876591	37876843
26979788	26980046
37761999	37762319
31222100	31222341
46974808	46975049
43198449	43198702
36007686	36007945
33158232	33158500
27234894	27235142
35574294	35574568
47393562	47393851
43527945	43528271
34852467	34852701
36002912	36003175
43796894	43797174
30744742	30744975
30118097	30118355
35916340	35916576
35720235	35720496
25341015	25341253
34294070	34294284
45724889	45725165
40525387	40525615
30720896	30721129
16146165	16146369
35274097	35274317
35777110	35777345
44537407	44537606
22371967	22372195
35763155	35763360
43994832	43995066
42655228	42655453
35724134	35724354
45557896	45558144
34817637	34817857
35739708	35739926
19297420	19297633
32882014	32882214
36880776	36881013
45907782	45908024
37312696	37312908
42832605	42832824
37632885	37633093
35227580	35227784
16237000	16237231
33950475	33950713
33934759	33934966
38034300	38034471
33468907	33469060
41515850	41516055
36262380	36262608
34747028	34747253
38459491	38459703
39014911	39015111
44270997	44271200
43801590	43801779
46265965	46266141
37582022	37582196
34720028	34720156
36060596	36060727
44866526	44866735
32458850	32459075
37212645	37212782
43237679	43237897
41884588	41884798
38935782	38936206
15069044	15069242
40177046	40177195
27080863	27081043
35756554	35756727
46221038	46221188
37703304	37703486
38832613	38832719
29073407	29073514
22376107	22376253
34199018	34199191
35506063	35506487
39131365	39131558
22536336	22536538
45065529	45065635
31713426	31713581
43584631	43584765
46352658	46352827
35800936	35801099
15352519	15352943
38289975	38290130
32203643	32203749
36772814	36772996
30748994	30749171
37477078	37477221
41492969	41493147
45249337	45249761
43957597	43957769
45432548	45432727
44013445	44013624
34289157	34289276
41758248	41758672
21815980	21816146
39289131	39289340
47343077	47343501
42542475	42542620
46181361	46181557
45864428	45864620
32719892	32719998
31416926	31417042
44530980	44531174
43267647	43267820
46274791	46275215
23493160	23493584
39877704	39877865
40460967	40461092
43032859	43033065
44923411	44923517
43780633	43780751
41087855	41088018
45904986	45905410
15631979	15632403
44689473	44689592
46446814	46446950
46548662	46548820
30568556	30568980
19051459	19051615
35615866	35616290
35702313	35702737
38100199	38100623
38451686	38452110
30536782	30536896
44253509	44253933
19061154	19061578
33306110	33306288
44108965	44109112
42505839	42506263
46518780	46519204
36173771	36174195
30153929	30154353
9856961	9857385
47705574	47705998
17198425	17198849
47878290	47878714
26758198	26758622
46777779	46778203
38900404	38900828
47645154	47645330
43887374	43887798
40497849	40498273
16110255	16110679
44072516	44072940
40041116	40041540
43166044	43166468
40685685	40686109
46219991	46220415
32552870	32553294
33364226	33364650
37617925	37618349
34256316	34256740
29175171	29175595
44882812	44883236
22474198	22474622
45487293	45487717
47238281	47238409
45758063	45758487
43831611	43832035
19872093	19872517
33678391	33678815
45899453	45899877
38593392	38593816
44737834	44738258
43546028	43546452
30312484	30312908
28088193	28088617
35801961	35802385
9913269	9913693
40394730	40395154
44496222	44496646
39089804	39090228
18759315	18759739
35265099	35265523
44499672	44500096
47649152	47649272
45881293	45881717
46522453	46522877
46222237	46222661
15775997	15776421
38905576	38906000
32831740	32832164
39288641	39288876
33797908	33798332
44867409	44867833
28222525	28222949
45664003	45664427
45337998	45338422
31806340	31806764
31566983	31567407
18884774	18885198
30462262	30462686
22254768	22255192
45073453	45073877
27542953	27543377
40409719	40410143
37525309	37525733
33786867	33787291
47745167	47745591
46826861	46827285
38818927	38819351
37987542	37987966
44464633	44465057
37802347	37802771
40070973	40071397
31640879	31641303
15625946	15626370
32570779	32571203
40499418	40499842
45361585	45362009
31044064	31044488
23061188	23061612
15491349	15491773
15178715	15179139
27162400	27162824
10623368	10623792
42539640	42540064
37459554	37459978
44598516	44598940
21797229	21797653
17702626	17703050
35881432	35881856
44212259	44212683
35955071	35955495
22551932	22552356
36095000	36095376
10922929	10923353
46709680	46710104
40084004	40084428
43429352	43429776
45722537	45722961
39031249	39031673
34851503	34851927
22343615	22344039
40749525	40749949
32829965	32830389
43836415	43836839
27268048	27268472
47630321	47630745
43653676	43654100
46327029	46327453
42732126	42732550
32995916	32996340
15166331	15166755
44588315	44588739
44775680	44776104
36577100	36577524
38918557	38918981
40458455	40458879
29889289	29889713
44527824	44528248
38623191	38623615
36374320	36374744
38003193	38003617
47374167	47374591
37957261	37957685
32910179	32910603
34602742	34603166
37542023	37542447
27244570	27244994
33732003	33732427
37978959	37979383
25226082	25226506
19098384	19098808
31316200	31316624
44847219	44847643
47684748	47685172
38078376	38078800
46138478	46138902
40205023	40205447
31781197	31781621
38104593	38105017
43565769	43566193
35463883	35464307
31630072	31630496
43378172	43378596
46726500	46726924
46779390	46779814
10000906	10001330
20212461	20212885
37495216	37495640
42213838	42214262
45147416	45147840
33246285	33246709
46175204	46175628
19303353	19303777
37407621	37408045
34504370	34504794
40509102	40509526
38301905	38302329
46392288	46392712
28104816	28105240
45797214	45797638
35889798	35890222
46487376	46487800
25747507	25747931
33515960	33516384
38538999	38539423
27243872	27244296
42443297	42443721
10629629	10630053
42417544	42417968
34681516	34681940
40745495	40745919
19667460	19667884
45399538	45399962
36814124	36814548
21760667	21761091
24164290	24164714
22111760	22112184
41283219	41283643
46806745	46807169
10861681	10862105
39542284	39542708
43080315	43080739
35574428	35574852
33238520	33238944
47515266	47515690
32636941	32637365
44509595	44510019
38232037	38232461
46292203	46292627
43352371	43352795
47746005	47746429
46162292	46162716
47608226	47608650
30165310	30165734
35747871	35748295
43983651	43984075
41098045	41098469
33357735	33358159
34366609	34367033
46969781	46970205
34675037	34675461
23293920	23294344
45355192	45355616
39705830	39706254
38445889	38446313
28221722	28222146
44310481	44310905
20323961	20324385
47665097	47665521
45909838	45910262
30733638	30734062
46863654	46864078
18958160	18958584
45148789	45149213
33756140	33756564
45039652	45040076
36425558	36425982
34574906	34575330
35856114	35856538
15067649	15068073
45654202	45654626
47034917	47035341
28089421	28089845
31877951	31878375
27302464	27302888
25417999	25418423
10614671	10615095
10923136	10923560
36809180	36809604
15197709	15198133
39411678	39412102
47744526	47744950
45929455	45929879
31836025	31836449
34284220	34284644
40828512	40828936
35733167	35733591
36975708	36976132
38902891	38903315
43675925	43676349
40817293	40817717
20880037	20880461
16964596	16965020
15678780	15679204
47354422	47354846
40433695	40434119
25308539	25308963
38768937	38769361
46927461	46927885
46274992	46275416
22667559	22667983
46223577	46224001
48054869	48055293
40735498	40735922
47602447	47602871
32211601	32212025
15079516	15079940
40168352	40168776
39282219	39282643
43430595	43431019
45687501	45688037
41087925	41088349
33448926	33449350
39047511	39047887
21410015	21410439
40953295	40953719
37477134	37477558
37915137	37915561
46827500	46827924
46690143	46690567
43393970	43394394
30397199	30397623
35603840	35604264
43919499	43919923
39245963	39246387
42746168	42746592
37513937	37514361
33290707	33291131
45138577	45139001
30206629	30207053
38451887	38452311
46929488	46929912
36709619	36710043
30707917	30708341
35772296	35772720
43188738	43189162
40068525	40068949
35501377	35501801
43337184	43337608
9865561	9865985
41084900	41085324
34747129	34747553
45369173	45369597
40477759	40478183
17051933	17052357
35763265	35763689
45180192	45180616
30605505	30605929
30670931	30671355
38147806	38148230
44631207	44631631
39993049	39993473
47822291	47822715
44251154	44251578
30706996	30707420
43950610	43951034
37851165	37851589
37485232	37485656
47011041	47011465
34143048	34143472
40228988	40229412
40552453	40552877
33765536	33765960
15755058	15755482
16925436	16925860
33153138	33153562
46767219	46767643
35190419	35190843
36740562	36740986
46432060	46432484
34451194	34451618
36988362	36988786
23947372	23947796
45279205	45279629
34397335	34397759
47346157	47346581
45278960	45279384
46711556	46711980
45905185	45905609
48017978	48018402
37582100	37582524
26722354	26722778
34696593	34697017
43758111	43758535
44038803	44039227
45553039	45553463
43534211	43534635
38936602	38937026
44126072	44126496
47060996	47061420
46433201	46433625
43382474	43382898
35412361	35412785
36060656	36061080
42493910	42494334
40508031	40508455
47300517	47300941
48059635	48060059
40468561	40468985
41280170	41280594
30476654	30477078
41296867	41297291
45236537	45236961
45659197	45659621
46522657	46523081
22604603	22605027
30640361	30640785
38869278	38869702
38079350	38079774
23493359	23493783
46645595	46646019
31641082	31641506
37305864	37306288
28937006	28937430
44176351	44176775
48064889	48065313
36135004	36135428
36091802	36092226
35734293	35734717
15112351	15112775
35445334	35445758
21777155	21777579
27082018	27082442
29894245	29894669
34504570	34504994
31621167	31621591
35334219	35334643
45491636	45492060
31444869	31445293
40178169	40178593
46295325	46295749
40547118	40547542
46355365	46355789
44257878	44258302
19272754	19273178
26794018	26794442
32904856	32905280
44924243	44924667
46612240	46612664
36319180	36319604
36230247	36230671
40762265	40762689
32938286	32938710
34060216	34060640
45438602	45439026
44393908	44394332
47406212	47406636
46016101	46016525
9878408	9878832
25886355	25886779
35406917	35407341
47016799	47017223
46258309	46258733
47555771	47556195
15095956	15096380
45444846	45445270
43378375	43378799
18926911	18927335
40488864	40489288
39119132	39119556
45527323	45527747
28188298	28188722
43166243	43166667
46962141	46962565
38113711	38114135
30689193	30689617
21588358	21588782
37979160	37979584
46656442	46656866
43009301	43009725
34452663	34453087
47743348	47743772
16235124	16235548
27404618	27405042
22552131	22552555
47959695	47960119
9484971	9485395
16893073	16893497
43729937	43730361
33829779	33830203
43847442	43847866
32981383	32981807
15755745	15756169
46266033	46266457
46669031	46669455
36133505	36133929
