41140347	41140771
59092485	59092924
42612676	42613082
34268878	34269304
10691654	10692083
56165004	56165377
56820924	56821355
13990852	13991330
42210591	42211138
4791094	4791483
34992398	34992830
12943370	12943821
39467174	39467583
50982337	50982736
10527157	10527926
17607033	17607500
48201383	48201730
47986990	47987371
5690028	5690389
18043316	18043672
46320360	46320787
55979119	55979536
2236227	2236593
19477622	19478022
40023412	40023758
8645605	8646007
46146360	46146716
54296191	54296619
13088658	13089020
36618621	36618991
46386584	46386936
39420831	39421300
510583	511031
17564240	17564596
8067266	8067617
17371668	17372018
35605501	35605912
3821898	3822290
4567539	4567938
41104512	41104858
55671870	55672255
46580823	46581196
51059636	51060142
7716917	7717229
47516228	47516588
49092172	49092551
4633224	4633584
47165291	47165633
5803997	5804413
45982224	45982591
19285833	19286204
10968925	10969295
1279705	1280041
49496448	49496800
12958412	12958755
48366715	48367036
36184626	36185015
54735538	54735908
45227124	45227477
46850510	46850917
49601058	49601414
35464047	35464462
49977188	49977595
35535204	35535595
47852261	47852600
51373763	51374082
18499198	18499563
49474203	49474550
44289475	44289815
47750662	47751022
52111196	52111531
42800208	42800598
10044773	10045130
12868386	12868729
45348023	45348376
47747469	47747825
18117787	18118102
51925182	51925530
45406900	45407252
8643589	8643930
50073386	50073772
17966422	17966731
47808530	47808933
49804475	49804874
51040920	51041318
3706064	3706431
18439171	18439496
14667436	14667801
50175519	50175955
49339005	49339342
47032849	47033154
18390188	18390549
39902479	39902805
18107684	18108024
4233369	4233748
3108704	3109068
42461935	42462261
1438116	1438454
49895165	49895489
47141787	47142159
10534974	10535332
48894742	48895128
48992985	48993374
13700084	13700403
13172172	13172527
506729	507070
42924188	42924545
12674889	12675218
3324408	3324744
18977309	18977736
8317904	8318247
6516882	6517214
36207682	36208167
42829300	42829636
14224886	14225230
46026938	46027273
10975093	10975445
14897088	14897491
39888319	39888651
38633084	38633418
14159404	14159711
29124687	29125000
56015402	56015747
16825538	16825870
51172632	51172999
50440921	50441250
43033440	43033855
49298370	49298749
56764201	56764552
51227631	51228061
50220732	50221070
6862790	6863121
18521419	18521769
11545765	11546122
30207457	30207779
39818766	39819091
50183964	50184322
36422531	36422853
32715535	32715870
50486908	50487261
40926560	40926896
42455799	42456150
47016747	47017056
12907372	12907687
48246856	48247242
45055545	45055900
13215353	13215707
6125569	6125933
41034983	41035335
13204631	13204948
10501372	10501734
12787155	12787490
584398	584752
42532404	42532749
17814705	17815075
41029203	41029504
1503465	1503828
14542685	14543060
3146552	3146893
46532161	46532477
11493455	11493793
48794513	48794865
51111311	51111660
41955308	41955590
1826163	1826474
13345381	13345726
14590855	14591199
17496814	17497156
55723843	55724148
14459289	14459665
46196584	46196955
3545083	3545435
5031640	5031958
42944516	42944836
3163289	3163645
19453562	19453889
1244331	1244702
10138409	10138744
1767456	1767788
42937863	42938156
6218479	6218831
17970279	17970593
46991119	46991466
11698493	11698837
16358429	16358734
48292073	48292381
1837616	1837996
3075942	3076313
47260551	47260896
3126075	3126414
55813213	55813552
41208498	41208833
4803913	4804316
49540032	49540338
1853369	1853656
5048302	5048605
14247578	14248059
10514779	10515157
33726109	33726517
35557994	35558346
48854548	48854863
10652118	10652453
45981613	45981935
47930529	47930879
5720538	5720860
41814446	41814760
31173892	31174196
44270643	44270957
1812992	1813296
45303722	45304041
4809630	4809926
10380131	10380438
49087540	49087868
47040789	47041086
18572674	18572993
47232025	47232376
16152327	16152672
42688483	42688836
10828019	10828317
18496918	18497235
18362643	18362950
43100642	43101002
47539045	47539360
4811706	4812012
15740114	15740430
48210554	48210903
14616253	14616615
44098837	44099161
42527829	42528129
14185918	14186260
6022312	6022623
35986281	35986597
19643002	19643351
44156481	44156802
50860352	50860683
18223815	18224115
4186419	4186745
49609949	49610303
18561758	18562058
1624452	1624773
46184775	46185102
46061638	46061974
47207735	47208071
42439046	42439399
16222072	16222394
2611212	2611519
11646901	11647204
47894713	47895012
18049103	18049404
5987379	5987680
38826180	38826462
3275426	3275775
4139758	4140086
13144933	13145248
38893602	38893917
2819609	2819939
2273725	2274058
42077023	42077320
47269946	47270286
42103964	42104286
13323668	13323991
38724468	38724756
10230492	10230792
50393312	50393675
46073194	46073500
30250980	30251323
45160552	45160883
45086178	45086471
45562760	45563092
10499594	10499883
41768178	41768508
42377237	42377552
39125286	39125602
38586362	38586671
17716856	17717180
1848681	1848995
4375711	4376083
1001644	1002001
4558395	4558713
13094439	13094720
4400591	4400906
50871858	50872143
35626339	35626627
51976233	51976535
3618565	3618922
56683253	56683577
39378122	39378437
17316091	17316395
47494447	47494729
19097593	19097932
18263339	18263668
12888400	12888737
1445176	1445497
1795821	1796169
39542911	39543224
42783925	42784251
7990064	7990371
17886130	17886482
34532876	34533170
2069740	2070060
12750956	12751262
46110549	46110831
55677409	55677770
10755471	10755762
15695480	15695815
47117406	47117723
18699389	18699709
35843686	35843998
8680635	8680946
10620909	10621253
41312786	41313073
46273380	46273748
59025270	59025582
4523308	4523614
2749234	2749524
16173528	16173868
18631109	18631452
4557650	4557979
56577809	56578097
56117593	56117880
49178669	49178957
47359380	47359690
11593443	11593753
45348806	45349161
46513039	46513350
50009862	50010175
39220344	39220672
14682823	14683121
38393273	38393587
45988477	45988873
45287653	45288008
10683091	10683384
917678	918014
36001253	36001617
51520044	51520366
51661687	51662066
3719098	3719412
14583027	14583354
42069795	42070120
5369900	5370225
4575998	4576382
2019620	2019906
48610612	48610930
50964524	50964820
8134280	8134602
45751950	45752278
42148301	42148601
33634818	33635116
45930877	45931196
6481975	6482276
42538846	42539197
47939915	47940198
14597249	14597519
11404425	11404750
5578252	5578568
47535480	47535840
3849154	3849440
2648493	2648768
45629346	45629628
12251992	12252275
30101513	30101809
10616284	10616577
5001598	5001881
14143027	14143342
56904485	56904791
48372167	48372468
1672099	1672611
18580411	18580721
45942739	45943214
40970299	40970602
39127474	39127795
1774938	1775257
39612737	39613011
14258950	14259230
17393507	17393808
46282485	46282801
39703037	39703301
44278591	44278920
48823283	48823600
267367	267698
40030791	40031070
40476673	40476998
39601018	39601345
41710222	41710503
734070	734382
34262512	34262792
36661652	36661954
41168707	41168988
48293628	48293971
45192467	45192782
40283669	40283942
4525182	4525500
17457039	17457334
48269165	48269489
19335960	19336274
17505771	17506082
13973095	13973371
13075770	13076570
15374876	15375186
4677164	4677482
43951200	43951483
48216411	48216726
40727818	40728109
55392763	55393049
50550177	50550463
5170465	5170760
6166035	6166292
52160266	52160533
770287	770569
50918045	50918332
56028290	56028572
2474557	2474851
10041575	10041853
53928277	53928582
2613825	2614143
46145421	46145701
2579474	2579775
3471998	3472334
1897637	1897923
39903347	39903655
49946652	49947332
17684879	17685222
48018676	48018970
33897764	33898089
58693313	58693588
11146646	11146932
49346016	49346327
3485038	3485321
12871414	12871696
6047956	6048291
10369730	10370010
51662017	51662364
52642483	52642780
8764048	8764347
3429548	3429853
42297093	42297371
35503887	35504236
48202648	48202899
31157286	31157553
19250509	19250813
15288286	15288599
5968013	5968301
19665212	19665518
50181202	50181478
43820893	43821181
30262703	30262957
11052723	11053015
49649127	49649423
4267049	4267370
7968422	7968722
19296777	19297068
43110861	43111142
2156029	2156323
8650797	8651146
45907377	45907725
21385726	21385999
49993023	49993310
42954648	42954917
44023682	44023969
14169811	14170127
54527196	54527478
18279009	18279313
1113256	1113581
54902625	54902912
48606390	48606668
39005777	39006036
42905453	42905742
34836849	34837103
10110900	10111180
8571067	8571367
19226838	19227158
19256860	19257132
11607177	11607460
49535009	49535270
42325223	42325477
51425550	51425814
18057123	18057430
12034487	12034761
14328213	14328517
36040133	36040406
42637249	42637525
31291075	31291387
51208738	51209007
7633316	7633590
11248396	11248683
41827691	41827988
8009111	8009386
44059371	44059638
11557585	11557885
56215104	56215423
43139118	43139400
51841997	51842265
54672255	54672540
4851639	4851953
3987793	3988097
17010519	17010786
6736567	6736897
10527157	10527926
13541856	13542118
50762206	50762484
10360795	10361097
11488976	11489243
52281161	52281432
3665876	3666176
7745450	7745778
17895232	17895518
43937035	43937321
19754671	19754979
15261278	15261591
42289531	42289807
18169243	18169515
58666463	58666751
45841948	45842209
18519037	18519319
42942623	42942886
12886407	12886698
56143768	56144061
11671398	11671675
46905509	46905806
1929303	1929618
33467171	33467429
42748914	42749194
52741107	52741363
30221398	30221689
7406014	7406297
664921	665230
45520223	45520477
5794155	5794454
295223	295489
54992522	54992844
8082731	8082977
8412651	8412919
54769977	54770254
6412460	6412735
34849977	34850257
4636323	4636629
40671486	40671761
12782877	12783145
2951043	2951313
5226012	5226290
1513918	1514168
51762660	51762931
13212150	13212416
13388837	13389139
7918102	7918429
8461610	8461873
6863631	6863893
34636693	34636977
42363618	42363951
32831220	32831468
3327008	3327280
605259	605474
16882404	16882666
19601224	19601484
46094260	46094498
17416223	17416506
19164636	19164918
38747212	38747463
46768550	46768803
5805910	5806199
970690	970981
3761635	3761906
59031370	59031696
54836450	54836682
1267021	1267312
17403649	17403911
56587878	56588103
1546233	1546515
5534998	5535278
15529974	15530259
41650377	41650642
9906912	9907162
33616852	33617100
8418847	8419155
4204647	4204916
40723307	40723596
55657476	55657757
3700524	3700772
47045992	47046262
33921631	33921890
54415946	54416203
50990157	50990424
33061203	33061439
51911078	51911321
29434621	29434870
41945791	41946084
13944567	13944849
57610598	57610864
19471929	19472197
30348923	30349204
42257866	42258139
42257129	42257417
10602776	10603082
11241713	11241974
17501889	17502161
17178288	17178557
46898857	46899162
47253431	47253672
3305004	3305262
16889658	16889915
36489969	36490234
47799444	47799688
47714005	47714266
53030369	53030623
2962130	2962412
6460531	6460822
3586122	3586402
18460405	18460657
50050283	50050559
41859937	41860202
42298983	42299235
42704044	42704325
1194547	1194848
45665347	45665594
33907188	33907432
49503086	49503313
8223434	8223676
50755603	50755928
43837325	43837587
17577128	17577372
605423	605847
14685070	14685329
3210740	3210986
495654	495917
45905602	45905853
11337839	11338070
11992093	11992323
45492491	45492754
49729347	49729619
55929616	55929834
29754418	29754655
38210620	38210894
38625298	38625609
5687184	5687451
4352697	4352987
54410043	54410305
49702176	49702433
39452837	39453094
15979911	15980196
12170359	12170627
31275804	31276054
11908297	11908542
43045855	43046141
9316253	9316490
47343793	47344058
3104124	3104450
45311285	45311513
52018226	52018466
9546189	9546422
16528606	16528841
39964854	39965111
32778761	32779011
55966106	55966369
45454874	45455128
34611997	34612242
12996300	12996560
17214036	17214297
54989930	54990181
47582580	47582884
15272432	15272703
4911840	4912111
16293602	16293849
14662209	14662469
15667195	15667519
49112084	49112325
10223760	10224059
480203	480474
56320873	56321107
41480506	41480804
28957112	28957341
6738533	6738750
30185559	30185828
8035723	8035964
3852763	3852991
44249460	44249737
32532805	32533035
49934138	49934347
5523165	5523408
49925667	49925916
45681547	45681749
31160411	31160666
46302351	46302613
4246759	4246998
1605851	1606110
8804716	8804912
35130469	35130716
40256182	40256426
33675191	33675442
1781837	1782082
51941529	51941789
39035078	39035274
42101754	42101956
48352412	48352660
48763415	48763663
9957832	9958048
14429753	14430023
16494135	16494368
4589681	4589936
21665665	21665884
43361538	43361750
3692518	3692779
2261852	2262083
9190539	9190779
51286888	51287116
15952732	15953012
5892621	5892860
2391353	2391580
47257120	47257345
44173324	44173609
40042133	40042370
51598036	51598257
47251806	47252077
48837213	48837462
47783558	47783807
17981139	17981351
863904	864154
10209719	10209946
55652669	55652891
12099749	12099978
18958082	18958318
982747	982999
17535860	17536099
12844211	12844427
3250805	3251018
47120314	47120579
50650747	50650980
15666684	15667008
54249603	54249860
2637036	2637293
49291466	49291703
30019314	30019532
1788865	1789108
49713394	49713613
54015196	54015442
34921728	34921963
6048908	6049139
51433168	51433421
16497556	16497747
1864783	1865035
11314594	11314824
5029782	5030020
19663621	19663851
47787611	47787846
48812678	48812881
54345424	54345669
9736543	9736783
54356243	54356479
33732626	33732820
1218112	1218344
45157743	45157994
41858459	41858684
35818662	35818872
50969230	50969472
7419326	7419576
1240372	1240626
14311094	14311299
5480611	5480862
18701502	18701652
8333869	8334063
13539273	13539491
6632125	6632355
11236831	11237063
14306907	14307120
51524346	51524594
40404186	40404389
3520496	3520731
49501368	49501548
15264890	15265120
36438352	36438594
49149842	49150070
10184972	10185205
6733408	6733661
31141002	31141213
50265105	50265295
16552535	16552778
6126417	6126629
56861908	56862138
48770338	48770576
4660529	4660749
38716939	38717171
53698601	53698826
31187490	31187711
42502713	42502933
50758483	50758674
13261155	13261356
46009641	46009843
48948636	48948824
48697674	48697914
771332	771581
3986283	3986470
45074187	45074399
46367328	46367559
1945991	1946214
14134383	14134599
38734514	38734772
2316071	2316243
49287936	49288159
40645789	40646000
2051242	2051468
33090653	33090866
13637451	13637653
13708533	13708741
49728184	49728397
39993526	39993774
3234834	3235025
42048457	42048675
45931861	45932064
56666556	56666767
29612738	29612944
51600677	51600910
40811298	40811526
35967195	35967368
15212366	15212580
52164318	52164539
29751463	29751676
5547937	5548153
34732422	34732650
56150454	56150720
59030343	59030583
13305429	13305645
49717159	49717398
7864558	7864738
49979607	49979818
13685869	13686061
5377565	5377870
18581073	18581355
45080262	45080479
50511883	50512049
5823618	5823825
46520186	46520385
45996826	45997042
35047608	35047734
55185554	55185805
12476745	12476918
49831213	49831421
38389372	38389589
13832169	13832385
48655815	48656023
42195375	42195590
51672669	51672881
11923030	11923248
14202263	14202472
30181946	30182129
6260952	6261169
7994255	7994439
28733312	28733498
19005821	19006009
9697461	9697662
13388051	13388262
42596671	42596844
1248149	1248270
40661640	40661844
6018964	6019129
57615412	57615635
45197590	45197799
12201729	12201927
58840521	58840655
49946652	49947332
45690749	45691173
45017071	45017306
49577251	49577531
16638990	16639178
10339655	10339851
57918040	57918222
1248893	1249133
12074755	12074975
11811046	11811250
42205704	42205900
48817686	48817922
6633294	6633508
18174268	18174488
45273970	45274205
17413986	17414410
40334684	40334790
36551449	36551648
737841	738052
43711441	43711643
43067595	43067745
1315723	1315926
56143070	56143301
22728656	22728847
43071149	43071360
3547395	3547819
49711618	49711838
7445573	7445759
58918460	58918619
36235781	36235927
4872691	4872941
35203702	35203871
47628570	47628753
18882358	18882782
49009492	49009707
56289051	56289157
35644717	35644831
9900866	9901070
13477435	13477602
11353994	11354218
4732699	4732911
29370165	29370350
42928909	42929103
42750386	42750584
5689282	5689493
18512641	18512820
10025427	10025622
18705205	18705422
5561737	5561860
30364510	30364677
1601723	1601917
17836635	17836741
34711452	34711664
2887466	2887624
3339766	3339960
59117657	59118081
50767857	50768006
35536717	35536865
33889108	33889255
7149210	7149423
43692249	43692490
18313504	18313928
49982152	49982366
13193287	13193433
42340139	42340299
10931013	10931167
50733814	50733967
50006424	50006642
4730753	4731003
19106660	19106865
37719037	37719204
13358721	13358918
3440192	3440409
47633994	47634179
48316981	48317206
6717135	6717332
39677948	39678152
40372247	40372466
54276215	54276397
50037432	50037856
43532252	43532461
9945872	9946056
14153934	14154158
46935224	46935431
14399723	14399901
53811809	53812005
38969267	38969445
55187798	55188018
35546666	35546878
14578718	14578909
11662835	11663035
5154268	5154487
33736849	33737273
53238208	53238632
4140429	4140669
41047258	41047369
57977201	57977343
12632924	12633114
20108657	20108764
9247237	9247443
29969613	29969795
10531702	10531848
29218489	29218913
36311001	36311119
38932269	38932693
35581517	35581675
39988584	39988747
33802316	33802467
9542233	9542414
18551321	18551506
55647163	55647369
56182986	56183190
18786691	18786800
13983534	13983662
56844854	56845278
35738782	35738898
47287541	47287965
6504886	6505075
16136573	16136733
36046635	36046823
8808503	8808665
46417181	46417368
1000144	1000308
5773788	5774019
7896505	7896700
55164623	55165047
30236139	30236563
51409598	51409731
10971895	10972063
52846880	52847060
6299886	6300091
3473127	3473304
13200100	13200247
36542259	36542400
39260342	39260766
39904771	39905195
10330396	10330545
2275061	2275485
48893822	48894246
50308339	50308763
44129223	44129397
51207433	51207857
58341461	58341885
47733849	47734029
48466534	48466704
52968169	52968339
1406670	1407094
35153948	35154135
43281315	43281451
18319319	18319461
36545538	36545662
29958848	29958970
52286723	52286904
42847416	42847840
38478102	38478227
54533291	54533465
4624892	4625071
43775239	43775663
12248463	12248617
41937351	41937775
52014739	52014915
532965	533071
24000417	24000578
11047426	11047633
5354623	5354783
51297670	51297835
46784118	46784293
12313223	12313359
38715155	38715579
14517026	14517267
47019160	47019375
29575326	29575470
45989015	45989324
1590770	1590949
49973526	49973950
42044309	42044427
2956528	2956724
10594311	10594521
7934103	7934320
28503396	28503506
16296686	16296802
54950728	54950855
14999595	15000019
43188046	43188470
14208678	14208789
10589480	10589904
56592028	56592263
10810395	10810819
39813624	39814048
38042575	38042999
9422854	9423010
18450582	18450728
36083153	36083577
35760506	35760930
43608478	43608649
50187770	50187942
43588344	43588768
8477713	8478137
38875331	38875755
4267684	4267945
55395531	55395686
19586655	19587079
41667794	41668218
17080114	17080241
16487444	16487868
3308254	3308363
18053378	18053802
49617295	49617719
28816364	28816543
3575456	3575610
18340325	18340533
556039	556463
48693681	48694105
30713265	30713689
48510046	48510470
6769387	6769500
43695806	43696230
5515706	5516130
28464862	28465286
38634575	38634999
35329278	35329411
43427390	43427551
42150574	42150766
55803428	55803602
52068016	52068440
52140719	52140883
39443216	39443640
41108111	41108326
56151411	56151835
43385366	43385790
42250650	42250756
6551875	6552299
43033440	43033855
40741515	40741939
44284014	44284438
42683338	42683762
12936502	12936670
51003455	51003879
56701093	56701517
11564611	11565035
35959613	35960037
17757412	17757518
54865655	54865820
56425041	56425465
12827683	12828107
30277223	30277386
41325766	41325924
36468441	36468550
18433017	18433441
39528767	39529191
18599747	18599884
861872	862036
51109492	51109916
8439123	8439250
13373199	13373623
45703898	45704322
31828918	31829342
51942177	51942601
42463611	42464035
2783264	2783688
54312851	54313005
50658765	50659189
41076648	41076754
43389157	43389336
30479170	30479594
55599835	55600259
6964040	6964241
14586096	14586244
41438875	41439299
34827705	34828129
12876740	12877164
36984019	36984443
10112493	10112917
12758913	12759337
44166766	44166905
42891124	42891548
56457311	56457429
46142235	46142659
43733428	43733852
52215913	52216337
44263588	44264012
1223039	1223463
42585692	42586116
18577819	18578243
41250337	41250761
15202649	15203073
46692621	46693045
10675861	10676285
40257392	40257580
56859610	56860034
17877424	17877848
24006706	24007130
41633599	41634023
52313501	52313925
45407940	45408364
47917690	47918114
56582456	56582880
41111396	41111820
30162481	30162905
19673831	19674255
4256543	4256967
11373290	11373405
989462	989886
18383261	18383443
57058913	57059337
35797573	35797997
39930881	39931305
11990628	11991052
11770383	11770807
6753289	6753713
43423562	43423986
36231858	36232282
45942739	45943214
11075570	11075994
33705428	33705852
588062	588486
2095914	2096338
40162623	40163047
29750048	29750472
4622969	4623393
16177334	16177758
10398318	10398742
39176392	39176816
21439517	21439941
2841300	2841724
18389301	18389725
43197874	43198298
10547229	10547383
3879623	3880047
50594076	50594257
1221434	1221858
17559526	17559632
5038881	5039305
15870751	15871175
13207073	13207497
9958708	9959132
1796088	1796209
51799548	51799972
13895702	13896126
45016357	45016781
11551644	11552068
383879	384303
45949450	45949874
57988906	57989330
3061335	3061759
4342900	4343324
6426240	6426664
7559414	7559838
51635620	51636044
1044521	1044684
49769693	49769881
17346319	17346743
4167489	4167913
39047915	39048339
45004393	45004817
57791125	57791549
51341512	51341936
17551949	17552373
44064731	44065155
7431832	7432256
12237493	12237917
49521161	49521585
43434217	43434641
52207170	52207594
14070720	14071144
33239369	33239793
52158045	52158469
54663090	54663514
14182878	14183302
58533225	58533649
46585444	46585868
4976416	4976840
49316749	49317173
34286163	34286587
10621067	10621491
13149312	13149736
44039594	44040018
56904764	56904870
43246140	43246564
44313920	44314344
550010	550434
54385383	54385807
7998301	7998725
1768262	1768686
13180778	13181202
40776337	40776761
54162529	54162953
8160891	8161315
33609942	33610366
10812603	10813027
34587205	34587629
41089940	41090364
41313552	41313976
41324544	41324968
46992637	46993061
39692388	39692812
55539251	55539675
18943402	18943826
45757169	45757593
40931264	40931688
4208118	4208542
5137822	5138246
50646201	50646625
40388378	40388802
1850835	1851259
43295344	43295768
33180848	33181272
18587809	18588233
3969578	3970002
4547430	4547854
51227631	51228139
41871966	41872390
49216248	49216672
17163288	17163712
4580243	4580667
28265750	28266174
51135414	51135838
10982007	10982157
42400077	42400501
19477811	19478235
40898775	40899199
1876272	1876696
38865087	38865511
18109151	18109575
51396346	51396770
1064842	1065266
42795027	42795451
56732838	56733262
34961736	34962160
43446535	43446959
43262787	43263211
35632278	35632702
10966781	10967205
37604900	37605324
50302899	50303323
13352488	13352912
13306492	13306916
6674769	6675193
41507142	41507566
17787769	17788193
15284530	15284954
7562129	7562553
6280128	6280552
14332206	14332630
2199290	2199714
11398997	11399421
47251935	47252359
19516028	19516452
44455047	44455471
33361930	33362354
1261428	1261852
49649475	49649587
12606048	12606472
17494818	17495242
33682919	33683343
53580169	53580593
56702445	56702869
48589737	48590161
2743072	2743496
7102449	7102582
50668641	50669065
19245666	19246090
15922865	15923289
49866487	49866911
43929758	43930182
45406900	45407252
6022466	6022890
15363215	15363639
19327974	19328398
40333036	40333460
19223737	19224161
15742599	15743023
2096805	2097229
10582577	10583001
30378399	30378823
1401511	1401935
51599716	51600140
57901141	57901565
44227727	44228151
51299432	51299856
46524718	46525142
19497323	19497747
44130194	44130618
49403164	49403588
58740666	58741090
58192901	58193325
17000845	17001269
55611422	55611846
3654081	3654505
11784297	11784721
41108602	41108786
46552864	46553288
39832375	39832799
39423391	39423815
8210812	8211236
33710297	33710721
14225557	14225981
50740731	50741155
51224165	51224589
12975409	12975833
48297762	48298186
52333547	52333971
30159879	30160303
56215751	56216175
33668368	33668792
37464108	37464532
51884564	51884988
42815672	42816096
13915571	13915995
11563274	11563698
47141952	47142376
33667397	33667821
18887050	18887474
35046351	35046775
50074521	50074945
46908262	46908686
48453211	48453635
3073906	3074330
20070101	20070276
8134433	8134857
1383101	1383525
49242115	49242539
33623353	33623777
7744210	7744634
58427943	58428367
31545337	31545761
8751527	8751951
1035909	1036333
11998797	11999221
48720165	48720589
14013923	14014347
43714922	43715346
42258011	42258435
13265799	13266223
6340576	6341000
13094585	13095009
24179346	24179770
57580458	57580882
54296191	54296619
30537316	30537740
59030913	59031185
1371971	1372395
18302754	18303178
8590149	8590573
15391733	15392157
4374689	4375113
50853802	50854226
52429969	52430393
47224879	47225303
17733075	17733499
1274040	1274464
17599956	17600380
43297557	43297981
921679	922103
1289557	1289981
28331297	28331721
16770867	16771291
19453718	19454142
799506	799930
54534503	54534927
13140722	13141146
857093	857262
33795596	33796020
39340469	39340893
18595939	18596363
36372984	36373408
18620448	18620872
741555	741979
58518624	58519048
510583	511031
3526435	3526859
6772119	6772543
40336179	40336603
50416543	50416967
52751580	52752004
49851124	49851548
52311820	52312244
3783619	3784043
49578110	49578534
1601838	1602262
34258670	34259094
47861304	47861728
18714113	18714537
18388229	18388653
46849179	46849603
39125427	39125851
36547044	36547468
31847949	31848373
52168276	52168700
18433964	18434388
2208580	2209004
53251589	53252013
51797925	51798349
43271406	43271830
11570981	11571405
36402091	36402515
5897200	5897624
23253003	23253427
13732168	13732592
2663775	2664199
21651590	21652014
18434524	18434948
43809793	43810217
41414887	41415311
32039840	32040264
2355969	2356393
58249603	58250027
628144	628568
13339370	13339794
31186069	31186493
5503607	5504031
15921165	15921589
1618126	1618550
48921967	48922391
41304260	41304684
28457234	28457658
34438483	34438907
41632565	41632989
12948992	12949416
43778849	43779273
4233369	4233748
42398003	42398427
4506842	4507266
51901354	51901778
49094288	49094712
51039911	51040335
21640635	21641059
14472513	14472937
55431129	55431553
10939678	10940102
34211925	34212349
36048408	36048832
54311898	54312322
32167198	32167622
43702826	43703250
19174869	19175293
8650980	8651404
48043949	48044373
38564940	38565364
47074770	47075194
5271125	5271549
10499723	10500147
45414425	45414849
7004342	7004766
348156	348580
23466739	23467163
14797254	14797678
12095728	12096152
9434500	9434924
30623218	30623642
33726324	33726748
16082019	16082443
4199854	4200278
1780562	1780986
55850492	55850916
59010898	59011322
50443439	50443863
51614823	51615247
10445571	10445995
6199260	6199684
50366011	50366435
32743650	32744074
47812767	47813191
54450859	54451283
10880228	10880652
21881018	21881442
53522916	53523340
36869567	36869991
15565032	15565456
50249572	50249996
29051673	29052097
41770208	41770632
36207682	36208167
1471332	1471756
33864955	33865379
12167104	12167528
46425613	46426037
19517722	19518146
29201175	29201599
2977726	2978150
39748805	39749229
42620480	42620904
28730175	28730599
2168918	2169342
43683649	43684073
51166675	51167099
30088141	30088565
18607265	18607689
10680194	10680618
13107501	13107925
14591017	14591441
23619736	23620160
50321454	50321878
959899	960323
41036041	41036465
18967195	18967619
30897401	30897825
37853572	37853996
39373298	39373722
29227895	29228319
50487071	50487495
39903486	39903910
10541841	10542265
30362963	30363387
28293268	28293692
51162072	51162496
47535650	47536074
23623582	23624006
10381495	10381919
31459126	31459550
54315597	54316021
45773240	45773664
50982548	50982972
43837446	43837870
55813344	55813768
48151404	48151828
53934888	53935312
29776772	29777196
52894307	52894731
49329950	49330374
3108885	3109309
4369887	4370311
31155645	31156069
14982429	14982853
54445419	54445843
48111179	48111603
41884163	41884587
28266877	28267301
6736709	6737133
43591854	43592278
30349071	30349495
51539693	51540117
36681346	36681770
30364567	30364991
12890004	12890428
45596260	45596684
17650058	17650482
19111015	19111439
36979708	36980132
6271116	6271540
42800208	42800598
51298137	51298561
4941214	4941638
51610891	51611315
49376679	49377103
15375026	15375450
41039370	41039794
38852168	38852592
8218845	8219269
14886652	14887076
52302418	52302842
14202841	14203265
17827339	17827763
10766566	10766990
50860487	50860911
40697640	40698064
897424	897848
43442855	43443279
58414697	58415121
7706132	7706556
17945290	17945714
19431399	19431823
9608838	9609262
21666663	21667087
6769451	6769875
30718527	30718951
36630440	36630864
41055001	41055425
42439195	42439619
56048382	56048806
16946849	16947273
47652742	47653166
48293773	48294197
49139973	49140397
51911202	51911626
6942792	6943216
53496844	53497268
41032190	41032614
18994734	18995158
39166246	39166670
19857328	19857752
54808389	54808813
50254307	50254731
49522824	49523248
2231583	2232007
32868048	32868472
16831119	16831543
4690354	4690778
11882292	11882716
15661668	15662092
13049528	13049952
39405656	39406080
54096226	54096650
49298370	49298749
33513708	33514132
3657026	3657450
21190838	21191262
13096046	13096470
7813602	7814026
58899244	58899668
41027173	41027597
6753488	6753912
7067126	7067550
8321545	8321969
38717042	38717466
14887322	14887746
59084443	59084867
29021251	29021675
52642631	52643055
45646954	45647378
52407972	52408396
10338206	10338630
18654801	18655225
7526720	7527144
43951333	43951757
49063507	49063931
38270327	38270751
11489098	11489522
14309083	14309507
2661593	2662017
52759601	52760025
41529114	41529538
51830811	51831235
46849381	46849805
35332594	35333018
41303963	41304387
46242700	46243124
10500458	10500882
42830106	42830530
18452032	18452456
42747305	42747729
2062127	2062551
15590354	15590778
46352163	46352587
6100488	6100912
3849321	3849745
17607033	17607500
1445345	1445769
58919435	58919859
40950631	40951055
6660909	6661333
17444487	17444911
51213333	51213757
1185582	1186006
30373277	30373701
17609811	17610235
45055690	45056114
11456682	11457106
3302742	3303166
7239492	7239916
36604762	36605186
39166912	39167336
55852109	55852533
51897187	51897611
6952956	6953380
1267177	1267601
56718971	56719395
3253226	3253650
46256742	46257166
2724142	2724566
18573857	18574281
45113770	45114194
18755133	18755557
1843600	1844024
51843217	51843641
18343654	18344078
47539199	47539623
16439911	16440335
6710534	6710958
56757166	56757590
281951	282375
43271623	43272047
54599813	54600237
50037631	50038055
19843354	19843778
18530091	18530515
45243498	45243922
6417707	6418131
17622967	17623391
52179165	52179589
23528630	23529054
14542877	14543301
51385396	51385820
51697940	51698364
44008360	44008784
1223246	1223670
43793063	43793487
36148817	36149241
36449906	36450330
45447036	45447460
5563037	5563461
39688516	39688940
46233857	46234281
8942700	8943124
17115701	17116125
6218653	6219077
41958776	41959200
50393470	50393894
2253068	2253492
46907197	46907621
55687258	55687682
19665359	19665783
13828196	13828620
680222	680646
29036160	29036584
52306746	52307170
13720711	13721135
39127614	39128038
49438099	49438523
11006460	11006884
30573057	30573481
16032482	16032906
39341349	39341773
55677409	55677770
584546	584970
53898077	53898501
13264068	13264492
2263610	2264034
43046915	43047339
14559438	14559862
17622010	17622434
51021722	51022146
43423767	43424191
14063984	14064408
28400348	28400772
8512149	8512573
4927449	4927873
17895373	17895797
16197192	16197616
58850518	58850942
49559301	49559725
15183973	15184397
55713573	55713997
4058371	4058795
50316225	50316649
19626361	19626785
6925994	6926418
39077052	39077476
32809780	32810204
46876109	46876533
14184096	14184520
29195918	29196342
6311997	6312421
49311215	49311639
35626470	35626894
44212905	44213329
53718179	53718603
789129	789553
50418526	50418950
50815570	50815994
18362795	18363219
45970479	45970903
55394194	55394618
39408628	39409052
47927849	47928273
42901731	42902155
33700366	33700790
45582215	45582639
51111472	51111896
56734232	56734656
14999795	15000219
33146082	33146506
12893106	12893530
46785631	46786055
41536535	41536959
5666094	5666518
46902404	46902828
11669625	11670049
50818924	50819348
17316230	17316654
46184943	46185367
1775083	1775507
12978143	12978567
41953826	41954250
40887274	40887698
11958399	11958823
8405414	8405838
7746520	7746944
39715513	39715937
21147610	21148034
41208637	41209061
4208698	4209122
18700171	18700595
3224243	3224667
9190647	9191071
18891479	18891903
57348719	57349143
2637148	2637572
11849188	11849612
43606105	43606529
38760622	38761046
4723741	4724165
46220312	46220736
3039586	3040010
48271868	48272292
45438956	45439380
4537846	4538270
17487934	17488358
55592397	55592821
2579621	2580045
10676443	10676867
50528287	50528711
45849742	45850166
58090216	58090640
44599192	44599616
50028615	50029039
46463719	46464143
52854752	52855176
18169363	18169787
49403367	49403791
24342488	24342912
34034156	34034580
58554332	58554756
18806701	18807125
42483935	42484359
45285940	45286364
8400456	8400880
28979970	28980394
22095439	22095863
46581816	46582240
547833	548257
3671696	3672120
18272048	18272472
49812344	49812768
39836510	39836934
5326992	5327416
42211387	42211811
35911248	35911672
32827661	32828085
2872288	2872712
56733039	56733463
7742821	7743245
51504166	51504590
3275588	3276012
35988407	35988831
39645076	39645500
45651553	45651977
53760945	53761369
16629532	16629956
50793254	50793678
18107829	18108253
18964759	18965183
39195268	39195692
1871207	1871631
55570615	55571039
17846354	17846778
50093533	50093957
1406870	1407294
54988766	54989190
13215523	13215947
16693958	16694382
17438431	17438855
50036371	50036795
6074648	6075072
47287742	47288166
42023163	42023587
13183369	13183793
42733372	42733796
39971091	39971515
734211	734635
13690112	13690536
19162324	19162748
58987159	58987583
47730166	47730590
13445587	13446011
3907619	3908043
2253993	2254417
12511420	12511844
44098986	44099410
24038425	24038849
14247578	14248068
42617835	42618259
10111062	10111486
5109584	5110008
57171779	57172203
4636441	4636865
50740933	50741357
3977482	3977906
371676	372100
43934145	43934569
10530137	10530561
2819846	2819952
43067653	43068077
56115924	56116348
8428390	8428814
8461762	8462186
3556897	3557321
54836579	54837003
1590870	1591294
54249750	54250174
30492695	30493119
15136079	15136503
10946796	10947220
7451054	7451478
14492912	14493336
53202796	53203220
43628533	43628957
43065681	43066105
53105199	53105623
44560006	44560430
36134156	36134580
33210402	33210826
2087794	2088218
42441959	42442383
58883740	58884164
30576361	30576785
23065586	23066010
54683712	54684136
5052480	5052904
52800569	52800993
48824938	48825362
989662	990086
58459006	58459430
495794	496218
46801341	46801765
40716803	40717227
45996951	45997375
16162407	16162831
18109360	18109784
8420501	8420925
29781773	29782197
3862806	3863230
4577099	4577523
30155871	30156295
55895179	55895603
46277967	46278391
51868848	51869272
20740829	20741253
43588557	43588981
4576190	4576614
49457673	49458097
52180997	52181421
5651367	5651791
50576643	50577067
15231270	15231694
23619119	23619543
6633396	6633820
4207144	4207568
37663481	37663905
41008561	41008985
57259743	57260167
423944	424368
49490341	49490765
10713664	10714088
15592747	15593171
8520909	8521333
13958473	13958897
55580650	55581074
19026454	19026878
6429922	6430346
1512975	1513399
5338757	5339181
33889200	33889624
35342263	35342687
49630964	49631388
54942163	54942587
32373558	32373982
18414297	18414721
32664733	32665157
14200244	14200668
30989541	30989965
33918889	33919313
39842053	39842477
32836531	32836955
42432922	42433346
54926219	54926643
2273887	2274311
41222832	41223256
58400201	58400625
15408342	15408766
11969226	11969650
49004396	49004820
33679730	33680154
47289849	47290273
45657525	45657949
6092387	6092811
1207772	1208196
7012775	7013199
37430047	37430471
50168625	50169049
36228333	36228757
14517141	14517565
1811896	1812320
20041174	20041598
47071690	47072114
16251819	16252243
12759118	12759542
30270822	30271246
16190956	16191380
3599665	3600089
23622388	23622812
56215950	56216374
11033130	11033554
3360911	3361335
5309674	5310098
14259052	14259476
13953140	13953564
50705296	50705720
1106949	1107373
48896635	48897059
4495540	4495964
17531313	17531737
9949519	9949943
32558614	32559038
13040745	13041169
36450132	36450556
2479436	2479860
48011144	48011568
1503627	1504051
30018205	30018629
7838173	7838597
54007298	54007722
19774157	19774581
10501541	10501965
1021594	1022018
13096246	13096670
50779821	50780245
47933473	47933897
2171232	2171656
43731286	43731710
17665995	17666419
38908450	38908874
53125488	53125912
10529355	10529779
37602633	37603057
15223253	15223677
34196014	34196438
50963533	50963957
39897450	39897874
58566546	58566970
11641292	11641716
43434420	43434844
9098825	9099249
4063547	4063971
10616433	10616857
18549380	18549804
41914117	41914541
3035616	3036040
32629327	32629751
46434335	46434759
45091525	45091949
2543516	2543940
675303	675727
54659528	54659952
34311005	34311429
18783504	18783928
35806719	35807143
40118259	40118683
29407081	29407505
41662102	41662526
44617102	44617526
11201307	11201731
15813316	15813740
13994471	13994895
917828	918252
2269396	2269820
12792329	12792753
39083560	39083984
55979119	55979536
348355	348779
16998713	16999137
12888541	12888965
3126075	3126414
16723074	16723498
39881230	39881654
35970199	35970623
49949296	49949720
16199601	16200025
45596466	45596890
47125035	47125459
37407156	37407580
12355188	12355612
41247875	41248299
43535796	43536220
28265209	28265633
11308493	11308917
7864640	7865064
54676674	54677098
49314082	49314506
3505587	3506011
6412595	6413019
29471130	29471554
53104227	53104651
54741733	54742157
3129076	3129500
10589679	10590103
49496603	49497027
15490956	15491380
10410770	10411194
54822609	54823033
4677315	4677739
6392919	6393343
35707797	35708221
32883636	32884060
32183992	32184416
480341	480765
8556489	8556913
13147120	13147544
3672994	3673418
40404324	40404748
52310177	52310601
1079700	1080124
39964982	39965406
59117876	59118300
49610125	49610549
46430765	46431189
875510	875934
5289614	5290038
35378995	35379419
35645884	35646308
28268601	28269025
11707903	11708327
30890713	30891137
44130396	44130820
42532551	42532975
3538392	3538816
8386028	8386452
19137397	19137821
14453609	14454033
48854694	48855118
33793294	33793718
17180090	17180514
19265551	19265975
10880788	10881212
17693404	17693828
50767900	50768324
15982320	15982744
56907570	56907994
47328647	47329071
45951258	45951682
40939980	40940404
14399844	14400268
56631737	56632161
23622956	23623380
49141129	49141553
843127	843551
15362456	15362880
48620805	48621229
12551310	12551734
36980510	36980934
45803490	45803914
556255	556679
31601249	31601673
5048438	5048862
22063532	22063956
51687256	51687680
46904845	46905269
50366213	50366637
44858840	44859264
482451	482875
51944906	51945330
34664445	34664869
45988666	45989090
51505706	51506130
15236283	15236707
2298893	2299317
3036722	3037146
35138531	35138955
21941044	21941468
50042730	50043154
54007499	54007923
56812476	56812900
7447471	7447895
56582656	56583080
8115045	8115469
14070920	14071344
42681135	42681559
13162413	13162837
30647650	30648074
14464282	14464706
38643598	38644022
41934274	41934698
6942999	6943423
6271316	6271740
38715360	38715784
54715054	54715478
45667976	45668400
40441170	40441594
56765059	56765483
8633755	8634179
50370834	50371258
45634269	45634693
30351303	30351727
35684877	35685301
24216367	24216791
57230364	57230788
47074971	47075395
46974220	46974644
19976738	19977162
2523563	2523987
32755391	32755815
42790892	42791316
49956265	49956689
1377923	1378347
48023272	48023696
45871862	45872286
53289908	53290332
2044211	2044635
46520301	46520725
15530097	15530521
7439580	7440004
49256245	49256669
56812703	56813127
53926706	53927130
10665933	10666357
51849856	51850280
39965919	39966343
14207359	14207783
52996353	52996777
55974250	55974674
18697162	18697586
35833366	35833790
39047345	39047769
54596903	54597327
5348993	5349417
40164466	40164890
46194388	46194812
12884318	12884742
7445660	7446084
13273387	13273811
52968253	52968677
41129728	41130152
50658967	50659391
16791596	16792020
48841997	48842421
44438926	44439350
7991226	7991650
19601364	19601788
670573	670997
23528834	23529258
50308540	50308964
55996748	55997172
1207243	1207667
10939877	10940301
45280993	45281417
12944732	12945156
21973771	21974195
55624282	55624706
13970353	13970777
3666013	3666437
51050684	51051108
58915267	58915691
31975879	31976303
373291	373715
4700559	4700983
36281927	36282351
45704098	45704522
30457693	30458117
58995694	58996118
28337976	28338400
29612831	29613255
49791942	49792366
14145981	14146405
35801503	35801927
11455118	11455542
35719038	35719462
42859447	42859871
33122201	33122625
5503811	5504235
6354104	6354528
49979696	49980120
30363166	30363590
44614883	44615307
56698511	56698935
9756101	9756525
23940808	23941232
48366872	48367296
44166812	44167236
11909432	11909856
16301989	16302413
11404581	11405005
12917364	12917788
11036136	11036560
39799251	39799675
11365360	11365784
35223713	35224137
40336380	40336804
39988637	39989061
17501034	17501458
37018997	37019421
13944700	13945124
10806473	10806897
45004592	45005016
5865077	5865501
41325869	41326293
47775838	47776262
