43105459	43106212
179095388	179095817
174961050	174961463
43064955	43065359
139348348	139348750
1641665	1642058
137687995	137688377
111496289	111496634
132583558	132583962
157170471	157170859
140904260	140904690
10284105	10284461
50258743	50259117
176538865	176539249
176540916	176541255
175156801	175157179
1174530	1174910
134793147	134793509
7816367	7816733
131862260	131862784
177591216	177591550
139012874	139013216
139742761	139743094
149509494	149509846
172759025	172759360
176918423	176918811
131399126	131399494
40904835	40905164
176736696	176737038
10627950	10628320
139154684	139155071
149924296	149924665
148747036	148747450
141258697	141259095
95194424	95194771
38441856	38442185
141348397	141348737
175875063	175875430
4879837	4880155
177502930	177503462
71314039	71314376
141071655	141071985
137785666	137786002
139144997	139145599
39217884	39218229
180586284	180586622
176927940	176928335
42909016	42909354
140998675	140999005
122759037	122759367
671691	672030
188710	189079
14352202	14352528
132446942	132447236
38922251	38922574
148822095	148822457
179742715	179743064
167913233	167913550
132155838	132156166
14727476	14727818
6821010	6821342
55566375	55566728
176817483	176817839
10863905	10864240
173213778	173214109
7755148	7755460
153451902	153452213
35003485	35003808
142092669	142093272
177888149	177888455
142035269	142035588
133375261	133375626
76070431	76070737
131400398	131400748
170845677	170846038
148067002	148067356
10988053	10988364
177706962	177707302
36739790	36740109
923556	923874
172571294	172571615
80490903	80491231
43389841	43390172
149829471	149829786
10857163	10857486
135313114	135313436
134901901	134902214
150494876	150495223
138897521	138897847
1140431	1140761
150880307	150880627
139737250	139737578
132759511	132759849
53813269	53813586
68389500	68389812
159866155	159866469
38382943	38383246
37413115	37413441
176087821	176088134
137371697	137372013
142078709	142079012
36690464	36690780
149047134	149047472
173846580	173846875
145826469	145826806
141340341	141340660
1479735	1480064
32329487	32329799
170060028	170060385
159772385	159772667
81608169	81608487
7927908	7928219
149232627	149232923
176744934	176745209
87986810	87987107
169765894	169766218
71906994	71907287
172198967	172199356
148520880	148521212
140699750	140700046
134797980	134798316
153784789	153785103
68303623	68303924
42995029	42995352
118324044	118324431
131836864	131837201
38809958	38810247
142092669	142093272
4942394	4942758
129103597	129103899
178017660	178017967
70993778	70994075
37379167	37379447
6837670	6837965
133481551	133481873
137977530	137977862
60954402	60954704
139523813	139524155
177662038	177662398
147862434	147862798
137799722	137800140
134094234	134094551
42583410	42583713
153989913	153990216
172141718	172142059
133280002	133280316
141044580	141044888
8184622	8184933
38193262	38193536
150431226	150431541
172386210	172386524
133519874	133520191
172359446	172359764
148110559	148110863
118747782	118748067
134510445	134510753
107978016	107978320
180611120	180611549
145921846	145922147
134887569	134887897
179720430	179720858
151031638	151031906
61064551	61064864
176001004	176001341
172720967	172721249
150618835	150619123
134896502	134896807
34898431	34898702
40756010	40756306
158122547	158122882
39080748	39081041
142393611	142393918
43040399	43040754
169611121	169611410
79154000	79154295
43484332	43484656
110493848	110494132
148814027	148814350
68258747	68259042
43074007	43074405
172124544	172124846
141193661	141193946
148750983	148751267
148761435	148761746
54522253	54522565
135165809	135166122
150505740	150506024
133922497	133922858
131755366	131755667
153847255	153847567
32613246	32613543
171615685	171615987
139224026	139224328
173400227	173400504
173754316	173754613
172140048	172140373
150826895	150827206
176881452	176881743
139167056	139167419
32232575	32232873
137404502	137404810
55231986	55232261
140943764	140944087
89825885	89826188
158533843	158534150
135418174	135418457
71604280	71604567
149036149	149036475
174362908	174363226
42889487	42889759
151120246	151120555
148414901	148415195
150544401	150544671
176883383	176883681
151522472	151522747
40755138	40755429
125936392	125936725
317279	317573
151038536	151038851
169497829	169498176
33588876	33589181
134240246	134240542
177034472	177034764
135547936	135548213
134801817	134802110
176498839	176499163
156755454	156755747
149597767	149598030
180608961	180609243
133913540	133913810
138758046	138758318
180032959	180033278
138677304	138677624
32093344	32093642
153900518	153900819
138598378	138598664
150695624	150695901
16550487	16550762
172143806	172144107
1645064	1645368
73088621	73088894
36242078	36242373
82769404	82769698
6765839	6766127
140705603	140705883
177547913	177548208
106907764	106908042
133437673	133437983
132795914	132796190
179755713	179755985
131608452	131608760
179898026	179898345
169862026	169862334
148931295	148931579
2038651	2039012
176085055	176085339
107009395	107009689
139536740	139537019
139015307	139015587
72815560	72815847
176796097	176796403
107596316	107596603
148998335	148998580
173000141	173000418
669273	669556
132888673	132888949
171906041	171906325
114970426	114970704
178157694	178157968
148337207	148337491
10305092	10305377
137839509	137839771
131573974	131574297
177573071	177573329
158942866	158943141
170911465	170911748
10724850	10725133
168175331	168175630
95182749	95183011
143204758	143205004
34474655	34474917
36507488	36507782
136105827	136106109
149815684	149815953
82726269	82726543
43631490	43631732
89561134	89561408
174337267	174337523
5497314	5497568
149016416	149016687
112331787	112332020
170031005	170031287
42057410	42057684
109026761	109027009
34486314	34486595
132165665	132165961
168729590	168729837
139752522	139752807
14364774	14365050
133476238	133476508
170171512	170171791
131515886	131516142
35963459	35963847
126649590	126649874
135760617	135760869
90680717	90681000
171533860	171534113
159626349	159626678
81521438	81521711
149208021	149208313
157375848	157376129
173008686	173009002
71078802	71079056
136410906	136411187
54442442	54442707
40688307	40688570
10452883	10453146
171467229	171467496
149730137	149730413
4868326	4868582
131401100	131401378
431114	431396
1763791	1764029
180296018	180296296
179190195	179190462
149217251	149217523
59105839	59106117
173056770	173057053
133204917	133205180
7746281	7746540
173019112	173019364
78316916	78317160
135585430	135585700
140891916	140892217
135223121	135223362
89729974	89730247
134527079	134527368
87076994	87077277
78429501	78429770
96204636	96204897
2151435	2151726
72114853	72115083
153344657	153344909
76788271	76788528
159935829	159936083
55610459	55610728
150427444	150427740
176297055	176297353
174220777	174221016
5699252	5699499
180097605	180097889
94980082	94980341
139243736	139243983
141928390	141928678
72747153	72747417
149213893	149214133
43627147	43627405
170065766	170066049
112942285	112942528
35815702	35815984
149370395	149370648
17189576	17189862
34523285	34523546
75698912	75699185
149541131	149541521
132652127	132652367
140729469	140729726
111756000	111756289
169694941	169695185
177624017	177624283
131746622	131746908
9544641	9544942
137914998	137915268
157502332	157502585
90079590	90079840
122335708	122335973
5492549	5492804
36079326	36079563
68630654	68630904
173045996	173046252
72251649	72251884
33298042	33298316
153536976	153537237
10111730	10111975
74345660	74345973
105457777	105458032
102560362	102560608
78195703	78195963
6780977	6781226
1011276	1011558
168106530	168106791
154022080	154022347
141391675	141391942
151151022	151151296
95116763	95117080
133863294	133863596
58182528	58182754
171889280	171889559
78320849	78321127
127537071	127537326
110614580	110614835
64396952	64397247
142260128	142260360
65602265	65602515
172366103	172366403
38265710	38265967
167696391	167696681
75937400	75937671
118771247	118771463
148507658	148507919
171878270	171878504
76440425	76440668
72497797	72498082
145061231	145061479
1204906	1205135
139144997	139145599
131343603	131343831
79777180	79777436
38667198	38667442
81134430	81134661
98368247	98368469
176005397	176005654
18394381	18394631
176102700	176102946
156575921	156576163
8908248	8908492
68320057	68320300
154191482	154191748
141191112	141191373
75552165	75552399
149501755	149502046
145429066	145429304
130925290	130925535
180038226	180038475
32489883	32490116
174378244	174378486
140937473	140937725
76163993	76164239
98396119	98396353
33934875	33935116
133332450	133332693
172411348	172411583
41856808	41857053
35926636	35926876
50218555	50218759
140718170	140718398
140800426	140800666
87976332	87976542
139619500	139619748
148494324	148494546
37837560	37837784
15003611	15003859
34538151	34538389
108017058	108017300
10358045	10358240
90227994	90228214
171486651	171486912
36693314	36693560
130718134	130718393
1167806	1168177
37723643	37723871
176831412	176831695
139624102	139624354
179628330	179628561
131722336	131722565
81470534	81470754
108804557	108804778
167646860	167647078
55497019	55497250
95672170	95672419
156680533	156680767
5340512	5340740
78852061	78852284
35925066	35925284
72750326	72750532
95178878	95179092
138893197	138893453
78405755	78406008
39376384	39376650
134905929	134906167
125992157	125992398
98107333	98107550
172329987	172330243
175123594	175123880
111828081	111828301
10695228	10695448
102475043	102475291
153801474	153801723
79378659	79378976
133362325	133362553
159865430	159865698
178594110	178594355
134761851	134762096
145912877	145913128
36305897	36306115
71053835	71054054
179517475	179517754
145945393	145945622
154519253	154519491
176239887	176240106
137087638	137087871
36696276	36696480
180515325	180515571
154029810	154030048
151204987	151205227
102005993	102006233
31664813	31665060
179554066	179554335
139731390	139731611
140018753	140018988
136996069	136996311
168414666	168414891
139726298	139726547
153559754	153559945
176884663	176884889
126011863	126012073
177497018	177497260
39425134	39425346
180594922	180595161
80461415	80461637
31317829	31318045
148828917	148829150
10364513	10364735
149338991	149339225
37775068	37775300
56946208	56946437
103514883	103515095
159507887	159508114
9361936	9362169
157421996	157422210
162932821	162933045
156904036	156904257
131525972	131526192
141524986	141525196
169652933	169653162
98103893	98104121
173744345	173744577
136680505	136680718
168374341	168374559
125874940	125875152
80802870	80803096
162835514	162835744
137412862	137413079
39283530	39283740
167541490	167541731
145205348	145205561
133090333	133090526
136965314	136965552
150903017	150903210
81461825	81462040
72832756	72832930
140014663	140014913
141081728	141082000
140971655	140971888
195882	196085
1380459	1380737
177711128	177711361
145267659	145267786
149666480	149666718
138738311	138738530
179297614	179297846
148696837	148697033
149940552	149940791
6526148	6526350
178266420	178266669
143583387	143583620
126828705	126828895
66505137	66505288
134073948	134074180
7857072	7857313
71565094	71565245
131841887	131842132
156769881	156770118
31809254	31809481
5419549	5419756
149555193	149555417
95296917	95297165
134241352	134241597
148810709	148810923
14270408	14270611
153354028	153354257
21459384	21459632
43110976	43111194
176513984	176514223
162991389	162991615
53785286	53785525
72511944	72512140
81647695	81647921
62074841	62075051
16552925	16553138
75470955	75471204
176830751	176831032
173042984	173043193
70897073	70897286
41925216	41925432
112714760	112714930
137400877	137401090
167150382	167150566
176882381	176882577
16934255	16934444
13988038	13988237
156739510	156739722
103144226	103144472
96497761	96497955
75897387	75897590
170050642	170050853
172710904	172711149
149818812	149819041
30040722	30040927
172878133	172878309
173447447	173447666
158583846	158584020
39547743	39547954
180211587	180211826
133625296	133625500
159448955	159449111
34958301	34958477
150664055	150664268
38831984	38832243
10690068	10690184
137558558	137558748
14685879	14686120
170769475	170769647
31232486	31232682
176046363	176046587
163931275	163931434
171797732	171797929
153569572	153569749
33436058	33436289
137883738	137883951
56434019	56434234
71662262	71662435
135170209	135170415
16690446	16690627
172134277	172134462
129188544	129188730
10319639	10319788
79174635	79174826
64080326	64080543
36876018	36876226
130753025	130753262
162774663	162774856
56634070	56634237
133747668	133747806
146345712	146345900
169527474	169527615
78998849	78999045
134553377	134553573
141205857	141206028
115106282	115106455
36459751	36459933
151122473	151122671
94186051	94186258
118127828	118128033
142268142	142268353
148644369	148644566
6435519	6435735
148113250	148113434
16456404	16456635
171720592	171720747
140723268	140723462
90005241	90005410
140114024	140114201
175267354	175267549
173472486	173472721
150158760	150158959
132219062	132219179
94073676	94073895
171339214	171339420
17216308	17216510
169847909	169848063
102017207	102017365
172197637	172197845
74532604	74532839
33970027	33970184
75604945	75605191
125835758	125835944
54467967	54468150
150786030	150786141
141990707	141990906
68338745	68338941
95937519	95937717
169008726	169008879
107857634	107857835
79968054	79968252
140947051	140947475
2017802	2018006
6745825	6746028
87898572	87898770
171334851	171335035
154352144	154352323
65603466	65603890
1738020	1738243
126899988	126900151
109024413	109024626
138721133	138721239
174891752	174891917
148648632	148648837
14648742	14648958
2415905	2416042
140792433	140792568
68561871	68562064
52497679	52497873
145076936	145077105
158758380	158758616
17620916	17621086
32709976	32710159
41843703	41843849
157601999	157602222
77833773	77833908
10521687	10521910
53525135	53525273
146568455	146568657
142246676	142246855
31186889	31187071
122881320	122881508
148809925	148810120
1053325	1053502
35089885	35090052
1168220	1168575
350608	350761
112027504	112027665
135280652	135281076
72887016	72887212
32076900	32077068
160971399	160971512
149540737	149541144
66283745	66284169
101014392	101014579
36265601	36265822
145770178	145770353
55560354	55560517
75633712	75634136
111482695	111482907
74199319	74199515
136656222	136656382
140571795	140571984
133922681	133923105
139954938	139955362
150226728	150226916
140762156	140762298
28014997	28015162
72466465	72466660
10233697	10233861
53607737	53607919
112184050	112184230
43557148	43557309
176432798	176432906
140777362	140777545
172571900	172572324
137968889	137969097
170764065	170764238
83014111	83014293
52391873	52392032
81645593	81645774
140201725	140201940
156898693	156899117
121851936	121852106
149903440	149903609
11267456	11267657
140797062	140797274
96379895	96380057
173352568	173352723
176797816	176798030
66452903	66453055
78551868	78552012
138125473	138125655
32451164	32451359
75840248	75840380
17190546	17190970
175145921	175146092
56594158	56594333
116283707	116283890
148120899	148121083
90098643	90098844
157096011	157096219
149381363	149381505
149155513	149155652
147754424	147754605
74632599	74632799
111887203	111887390
36729188	36729333
16345637	16345836
133082503	133082927
79379470	79379576
137515987	137516127
116790465	116790627
73312303	73312504
173411345	173411503
56196765	56196950
169643370	169643541
131721201	131721317
140514711	140514863
1209123	1209293
180470351	180470531
159414456	159414645
147823651	147823758
8012544	8012729
148944401	148944615
149838431	149838637
110886339	110886535
33997616	33997768
125879913	125880122
141017696	141017835
131762432	131762856
127549055	127549230
145806826	145807010
134889663	134889775
150080011	150080435
71576524	71576948
78732	78924
180100412	180100556
141330780	141331204
54201934	54202059
36870510	36870934
139050184	139050608
16585507	16585687
180226299	180226465
58484377	58484559
130207289	130207445
177489097	177489290
139927177	139927324
42745601	42745772
142128261	142128403
149341608	149342032
158560295	158560411
158743908	158744014
82089728	82089901
163440189	163440342
180145832	180146010
142396316	142396740
7897110	7897534
175843536	175843745
96566844	96567038
65038344	65038768
78496382	78496806
140552071	140552234
173739079	173739257
141293744	141293873
141394670	141395094
10201710	10201855
141966922	141967346
126116080	126116186
125674851	125675275
90397681	90397865
89902506	89902612
157188976	157189400
72892590	72892787
38551615	38551795
1468356	1468780
113014739	113014924
114433896	114434037
151729204	151729628
89431691	89432115
106211612	106211788
56795198	56795622
31825598	31826022
142382729	142382850
139525450	139525625
121793950	121794374
33380064	33380220
70771729	70771839
14108744	14108903
990249	990673
157282421	157282845
141531552	141531722
73198496	73198659
169407732	169407894
140749645	140749793
140479794	140480218
106583750	106584174
147237076	147237500
98132026	98132450
15105893	15106317
175128132	175128245
148200315	148200739
52721818	52722242
81152667	81153091
74215482	74215590
145671036	145671460
178688400	178688543
136556110	136556534
7805624	7805752
156991110	156991534
172593371	172593541
176988374	176988543
121836558	121836721
52211321	52211466
75030983	75031407
59583011	59583435
149652192	149652360
982565	982989
35183420	35183572
38420734	38421158
52244442	52244556
36744640	36745064
138586921	138587345
111510659	111511083
154134422	154134846
44952355	44952779
40736521	40736627
121751324	121751457
149969438	149969615
174008470	174008894
140187144	140187328
112299650	112300074
111546090	111546514
65519472	65519896
135400200	135400624
135509764	135510188
18466179	18466603
135398253	135398677
64509731	64510155
102116262	102116441
85975426	85975532
11075164	11075319
64333620	64334044
71540868	71541025
123273014	123273155
66110218	66110642
179402303	179402459
35202425	35202849
79571328	79571479
18698715	18698894
414415	414554
137078820	137079004
157345087	157345193
140473927	140474351
67548489	67548913
42423455	42423562
177501615	177502039
148819628	148819750
59984036	59984460
38404729	38405153
42250	42674
43306038	43306462
138954591	138955015
5887077	5887257
140566592	140566716
138629929	138630353
62015914	62016020
1594550	1594974
79125085	79125509
7261063	7261487
59995388	59995812
140787290	140787714
42912293	42912717
102568070	102568494
94999818	95000242
54062579	54063003
81937307	81937417
73944594	73945018
88025382	88025806
68379287	68379711
156750129	156750553
68343973	68344397
154248355	154248463
174871657	174872081
134668249	134668673
79070355	79070779
157167238	157167662
130758736	130759160
95228424	95228848
75441751	75442175
447031	447165
119079770	119079925
3509394	3509818
72733354	72733778
79641839	79642263
137872307	137872731
53715451	53715875
132757057	132757481
87437345	87437528
6576981	6577405
5394499	5394923
115166802	115167226
146956495	146956919
101897990	101898112
112257921	112258345
115911716	115912140
15014126	15014244
145421052	145421226
163902493	163902613
54640193	54640617
61229837	61230261
151940046	151940470
38208860	38209284
172631374	172631519
172405857	172406019
162930090	162930514
151098808	151099232
140420886	140421011
176171643	176172067
71541997	71542421
147558929	147559043
67957032	67957456
140593214	140593638
39716534	39716958
137114781	137114899
171429319	171429743
112093258	112093682
80595318	80595742
149942513	149942664
140734491	140734642
111826960	111827384
141243113	141243537
61756272	61756696
154429330	154429754
171285283	171285707
94244576	94245000
67755978	67756402
129107178	129107286
1008608	1009032
42894227	42894651
121427627	121428051
141372049	141372163
57756545	57756969
63908152	63908576
171033415	171033839
130445786	130445904
1235482	1235906
217848	218272
140624688	140625112
44808650	44809074
65732566	65732990
168133531	168133955
21469795	21470219
54255515	54255939
126709761	126710185
176729366	176729790
34452271	34452695
59109480	59109904
156751237	156751661
138922870	138923294
140782098	140782522
42005609	42006033
45797052	45797476
72792776	72793200
149635952	149636376
14405381	14405805
154383879	154384303
128462353	128462777
23208973	23209397
165057199	165057623
16791109	16791533
94619622	94620046
115473465	115473889
111940686	111941110
179544088	179544512
54455496	54455920
89457247	89457671
149145457	149145881
61439456	61439880
5141737	5142161
73241504	73241617
79387644	79387806
118914617	118915041
146833388	146833812
119793938	119794362
137618814	137619238
140753246	140753670
64372128	64372552
83222953	83223377
149330666	149331090
35777730	35778154
111865226	111865650
140221295	140221436
58187491	58187915
95987628	95988052
72989360	72989784
13957156	13957580
58470048	58470472
112253113	112253537
139069599	139070023
77763560	77763984
77923017	77923441
63258913	63259337
50254669	50255093
170792342	170792766
149993874	149994298
148377735	148378159
99765974	99766398
138374558	138374982
72138831	72138943
150381758	150382182
95931318	95931434
13223	13332
172437495	172437919
142295380	142295804
52774122	52774546
178921205	178921324
141049071	141049495
124060626	124061050
96023547	96023971
111522062	111522486
132143067	132143491
149547496	149547920
43401902	43402326
59109725	59110149
56594726	56595150
140739315	140739739
121285497	121285921
89735477	89735901
15598396	15598820
28810819	28811243
80404217	80404641
177844264	177844688
31270648	31270759
138160921	138161345
38484060	38484484
127213839	127214263
148608537	148608961
179228784	179229208
90515564	90515988
53287771	53288195
55368201	55368625
147202264	147202688
135709596	135710020
39137757	39138181
1004659	1005083
53539281	53539705
102918046	102918470
125828523	125828947
36734510	36734934
156559013	156559437
23978075	23978499
38994407	38994831
40798411	40798541
134187003	134187427
170174772	170175196
71690477	71690901
61113541	61113965
16160810	16161234
10607783	10608207
52466552	52466976
89716984	89717408
92917201	92917317
81660274	81660698
74062167	74062591
126625577	126626001
121531449	121531873
77304337	77304451
135647674	135648098
140613703	140614127
159392509	159392933
89770173	89770597
180600090	180600514
86176587	86177011
135219133	135219557
9922843	9923267
125570244	125570668
169128807	169129231
140709787	140710211
31638756	31639180
180590655	180590768
179265018	179265442
114405051	114405475
131619100	131619524
127244769	127245193
180240383	180240807
54081588	54082012
174162977	174163401
10826329	10826753
176934189	176934613
128241191	128241615
78056594	78057018
43010710	43011134
118651287	118651711
110797041	110797465
10867009	10867433
103165253	103165677
43008505	43008929
141339512	141339936
2208012	2208436
119991498	119991922
39074893	39075317
39714174	39714598
170589536	170589960
79704075	79704499
156781802	156782226
131651491	131651915
43609833	43610257
150369207	150369631
17203591	17203703
73508126	73508550
54240052	54240476
10701617	10702041
117947041	117947465
111702674	111703098
11182782	11183206
132201918	132202342
77806265	77806689
44536727	44537151
58969242	58969666
138529624	138530048
175605793	175606217
133897390	133897814
173052682	173053106
133862419	133862843
37555008	37555432
39570492	39570916
140809856	140810280
141268839	141269263
150114561	150114985
154996333	154996757
141136979	141137403
167503707	167504131
108774498	108774922
138861251	138861675
72431289	72431713
94304194	94304618
135086144	135086568
149593927	149594351
98440225	98440649
88124832	88125256
10498471	10498895
156731006	156731430
95949716	95950140
67629758	67630182
61502013	61502437
137799125	137799289
63443647	63444071
3603039	3603463
112849077	112849501
7392496	7392920
94890801	94891225
150181047	150181471
122707249	122707673
132700965	132701389
176923000	176923424
139017181	139017605
172957578	172958002
96478347	96478771
59945096	59945520
59095869	59096293
176981550	176981974
16776757	16777181
56134281	56134705
39005676	39006100
151884989	151885413
156858794	156859218
42636538	42636962
56292196	56292311
176449626	176450050
112947654	112948078
169838049	169838473
35963636	35964060
5293094	5293518
80007741	80008165
133115442	133115866
41122498	41122922
143521858	143522282
172073863	172074287
76856495	76856919
70751871	70752295
142588765	142589189
140099758	140100182
75779254	75779678
71819792	71820216
150036003	150036427
61636212	61636636
31929290	31929714
75370306	75370730
143562879	143563303
149939839	149940263
136835028	136835179
121492421	121492845
114884810	114885234
157440913	157441337
122680508	122680932
132861960	132862384
122244343	122244767
77361480	77361904
126366404	126366828
169497992	169498416
180548797	180549221
60653572	60653996
140561686	140562110
2015237	2015661
132623194	132623618
63930840	63931264
118806502	118806926
39948959	39949383
177409039	177409463
156454029	156454453
67582118	67582542
112672517	112672941
134539250	134539674
149339127	149339551
137469137	137469561
57075156	57075580
138473370	138473794
77829166	77829590
180287603	180288027
54200155	54200579
6759466	6759890
7592999	7593423
36178022	36178446
60306584	60307008
131997278	131997702
50046863	50047287
56122862	56123286
121528580	121529004
6202725	6203149
140771950	140772374
175662139	175662563
149778252	149778676
139029927	139030351
7519303	7519727
176727250	176727674
994945	995369
78260698	78261122
133847884	133848308
76941209	76941633
1601690	1602114
158530945	158531369
128471303	128471727
55599360	55599784
66461943	66462367
36777231	36777655
82903955	82904379
159378379	159378803
90795718	90796142
90521883	90522307
114582064	114582488
122946755	122947179
98162861	98163285
67772697	67773121
118357628	118358052
141380225	141380649
43227693	43228117
142096465	142096889
43042483	43042907
149425081	149425505
70743207	70743314
112999564	112999988
65790258	65790682
137946022	137946446
75699549	75699973
1654020	1654444
173397875	173398299
83007771	83008195
97685389	97685813
157145468	157145892
73937832	73938256
59973492	59973916
137930317	137930741
10424218	10424642
170634266	170634690
112459248	112459672
60351231	60351655
132946564	132946988
149893000	149893424
18305399	18305823
95680427	95680851
36090158	36090582
9339261	9339685
64106839	64107263
94229437	94229861
145432306	145432730
153576880	153577304
78760537	78760961
7887131	7887555
176739878	176740302
16489324	16489748
107817046	107817470
126365129	126365553
61519146	61519570
135215950	135216374
180644478	180644902
125689604	125690028
139486941	139487365
68660252	68660676
10652284	10652708
14142866	14143290
26700843	26701267
121437375	121437799
76373346	76373770
180565224	180565648
172093341	172093765
79500819	79501243
68327853	68328277
141704145	141704569
158713421	158713845
97912391	97912815
134346696	134347120
78182421	78182845
54163143	54163567
180614791	180615215
156793727	156794151
32942512	32942936
56516747	56517171
71699019	71699443
171057034	171057458
149232772	149233196
141021460	141021884
108260027	108260451
140766966	140767390
60919506	60919930
52726473	52726897
80721252	80721676
76311969	76312393
37212197	37212621
146041730	146042154
36688797	36689221
53513669	53514093
63978373	63978797
11048855	11049279
10140497	10140921
157256014	157256438
71616286	71616710
127211165	127211589
142362397	142362821
18772521	18772945
32707478	32707902
43043178	43043602
14326369	14326793
81403069	81403493
139154684	139155091
62697243	62697667
154375247	154375671
957292	957716
132682744	132683168
176037098	176037522
10305253	10305677
36060627	36061051
128010527	128010951
35617682	35618106
9499039	9499463
65221424	65221848
140501112	140501536
36414872	36415296
65794539	65794963
110092769	110093193
102940961	102941385
176809661	176810085
115893324	115893748
172708925	172709349
180472244	180472668
66066015	66066439
21919483	21919907
150599333	150599757
171354358	171354782
129000015	129000439
67510928	67511352
123006614	123007038
179911488	179911912
54191536	54191960
134522517	134522941
175300071	175300495
147007610	147008034
134354980	134355404
154011383	154011807
141056969	141057393
34919227	34919651
150461742	150462166
77851695	77852119
73968752	73969176
41270496	41270920
115403769	115404193
138060876	138061300
98175459	98175883
140557160	140557584
77596264	77596688
135699973	135700397
77930437	77930861
50676418	50676842
75505074	75505498
1010195	1010619
142784584	142785008
36602799	36603223
44935318	44935742
126199997	126200421
139738471	139738895
176245043	176245467
54140964	54141388
139251929	139252353
137688667	137689091
10158968	10159392
41708199	41708623
57183642	57184066
51303040	51303464
135782257	135782681
140529338	140529762
34905665	34906089
175832694	175833118
171471994	171472418
59020322	59020746
132012930	132013354
119868519	119868943
44332456	44332880
131926806	131927230
71651522	71651946
170911588	170912012
88713794	88714218
149953845	149954269
12292675	12293099
173400341	173400765
154347013	154347437
86365835	86366259
139555086	139555510
77458069	77458493
64783848	64784272
75181982	75182406
57794133	57794557
72378876	72379300
6768706	6769130
154407576	154408000
179588904	179589328
173258519	173258943
103073993	103074417
145239401	145239825
171277559	171277983
125936992	125937173
176476259	176476683
151303414	151303838
126144320	126144744
126897898	126898322
147965549	147965973
32319614	32320038
2805183	2805607
68855735	68856159
140588032	140588456
90715381	90715805
145510012	145510436
53386465	53386889
139167056	139167427
56728679	56729103
66541846	66542270
132090663	132091087
86308823	86309247
176730442	176730866
14399127	14399551
131831300	131831724
36073694	36074118
178220139	178220563
132825263	132825687
131813077	131813501
52558172	52558596
168301748	168302172
8473861	8474285
150180594	150181018
114910209	114910633
55565354	55565778
158104180	158104604
176386106	176386530
13976971	13977395
54483105	54483529
170832527	170832951
85759156	85759580
159693743	159694167
39149000	39149424
142097081	142097505
77616269	77616693
154640377	154640801
152876292	152876716
118648035	118648459
10775746	10776170
158197484	158197908
173056885	173057309
63890998	63891422
1245118	1245542
146326714	146327138
59964502	59964926
137946802	137947226
54989986	54990410
118670634	118671058
31291546	31291970
53739022	53739446
110867378	110867802
94166254	94166678
61649838	61650262
102631539	102631963
903138	903562
34686952	34687376
155370791	155371215
145854702	145855126
71610544	71610968
17132608	17133032
34582496	34582920
34577241	34577665
132652241	132652665
5063791	5064215
10146031	10146455
6480240	6480664
148645108	148645532
54987547	54987971
134074966	134075390
60434917	60435341
141521059	141521483
1667311	1667735
42767598	42768022
26482866	26483290
78629965	78630389
180711260	180711684
102591898	102592322
76011679	76012103
131563681	131564105
140940442	140940866
93949251	93949675
150827699	150828123
177578437	177578861
109295338	109295762
65467130	65467554
110201383	110201807
36398264	36398688
68041296	68041720
436411	436835
115174657	115175081
174125133	174125557
138897686	138898110
7015978	7016402
169701329	169701753
176952506	176952930
140593413	140593837
176794347	176794771
60179019	60179443
179518191	179518615
102855249	102855673
169253598	169254022
114922230	114922654
143028288	143028712
71759312	71759736
137799943	137800367
41968416	41968840
96237115	96237539
140305968	140306392
180075783	180076207
140535134	140535558
80231828	80232252
132562769	132563193
99959423	99959847
139091005	139091429
180638183	180638607
134395196	134395620
10802371	10802795
133255391	133255815
126182028	126182452
71375132	71375556
171880126	171880550
149404111	149404535
178194509	178194933
52539261	52539685
178570435	178570859
41636688	41637112
134498391	134498815
175746795	175747219
172599131	172599555
86720634	86721058
4700272	4700696
176763144	176763568
131837047	131837471
175274509	175274933
24633813	24634237
64779574	64779998
56333099	56333523
137227485	137227909
175856968	175857392
35436524	35436948
10681283	10681707
126015195	126015619
114505352	114505776
42514850	42515274
80597225	80597649
102922845	102923269
140754883	140755307
43039474	43039898
178703736	178704160
131654393	131654817
115367816	115368240
71074472	71074896
135209538	135209962
402621	403045
58792579	58793003
126479418	126479842
66053042	66053466
111839764	111840188
74600279	74600703
130247756	130248180
90598090	90598514
14946922	14947346
131795879	131796303
321448	321872
61567701	61568125
121630806	121631230
10528594	10529018
159200049	159200473
133241990	133242414
10576443	10576867
33470577	33471001
77423673	77424097
44774373	44774797
66445728	66446152
170845848	170846272
139548953	139549377
137746683	137747107
174243894	174244318
101559511	101559935
149455273	149455697
118603578	118604002
138088089	138088513
122791385	122791809
154151049	154151473
142073999	142074423
162506615	162507039
158871486	158871910
138704319	138704743
96632781	96633205
112783334	112783758
17189697	17190121
101313422	101313846
148696926	148697350
145059748	145060172
176127171	176127595
142783434	142783858
68663693	68664117
141243314	141243738
66671445	66671869
180617770	180618194
148108718	148109142
176073937	176074361
154061851	154062275
41696065	41696489
130601089	130601513
150677605	150678029
4295784	4296208
102811323	102811747
96088135	96088559
65976606	65977030
94597028	94597452
60256405	60256829
139585651	139586075
140705744	140706168
53550324	53550748
149281701	149282125
79603338	79603762
138604134	138604558
150764214	150764638
132050395	132050819
76534942	76535366
10457728	10458152
154019753	154020177
79149765	79150189
180227538	180227962
136915709	136916133
29697880	29698304
178957587	178958011
52331580	52332004
110399418	110399842
63933862	63934286
145266785	145267209
68180658	68181082
6292025	6292449
163849415	163849839
6676151	6676575
36751985	36752409
38515733	38516157
36944717	36945141
93860539	93860963
36876123	36876547
73936273	73936697
145214866	145215290
63976156	63976580
139422723	139423147
114369555	114369979
81763027	81763451
166476057	166476481
49621067	49621491
52778722	52779146
104136107	104136531
175823226	175823650
179334838	179335262
172189116	172189540
135548054	135548478
148377936	148378360
180671821	180672245
63370345	63370769
32590261	32590685
170700290	170700714
122510604	122511028
80502837	80503261
38751209	38751633
180230232	180230656
163123273	163123697
96143509	96143933
77656160	77656584
131512688	131513112
53357437	53357861
104842391	104842815
67675841	67676265
121833840	121834264
180214136	180214560
58167432	58167856
10476003	10476427
169148772	169149196
85600762	85601186
140652431	140652855
12023738	12024162
92943490	92943914
173836047	173836471
54702875	54703299
140743492	140743916
149449760	149450184
161675089	161675513
179195720	179196144
74977070	74977494
179335647	179336071
142596998	142597422
151912175	151912599
147862434	147862814
4512097	4512521
90303053	90303477
79952263	79952687
139746893	139747317
77517937	77518361
141550740	141551164
145098474	145098898
150428071	150428495
140235253	140235677
54620623	54621047
89481158	89481582
170218328	170218752
126420347	126420771
30401593	30402017
171550166	171550590
141233376	141233800
132655759	132656183
118591718	118592142
130970305	130970729
152527900	152528324
139621686	139622110
42971242	42971666
139496325	139496749
140092093	140092517
63524949	63525373
77836559	77836983
32690233	32690657
131894201	131894625
58146094	58146518
43040543	43040967
177635515	177635939
86696139	86696563
77768253	77768677
60139812	60140236
110062601	110063025
50218653	50219077
141980963	141981387
78280256	78280680
140463964	140464388
7079033	7079457
178701287	178701711
903337	903761
58330226	58330650
169277400	169277824
180630941	180631365
13278237	13278661
180649828	180650252
162886699	162887123
54523011	54523435
9156354	9156778
135227445	135227869
146957950	146958374
176314532	176314956
111033993	111034417
154325211	154325635
126173603	126174027
174887051	174887475
173029367	173029791
170058832	170059256
57758462	57758886
168543805	168544229
72608265	72608689
41433601	41434025
1975984	1976408
140718277	140718701
6583029	6583453
111546292	111546716
56391231	56391655
131399306	131399730
149243401	149243825
74062367	74062791
70955094	70955518
43729909	43730333
148160261	148160685
176087966	176088390
171761168	171761592
147329248	147329672
140602611	140603035
175117994	175118418
168108938	168109362
55777573	55777997
108745840	108746264
39599879	39600303
138281152	138281576
81555006	81555430
669379	669803
160112655	160113079
89681931	89682355
16666932	16667356
168729693	168730117
113436862	113437286
139335165	139335589
93250793	93251217
130899525	130899949
94513744	94514168
90478511	90478935
65470160	65470584
139452762	139453186
45038455	45038879
180159268	180159692
150080217	150080641
45225626	45226050
179583021	179583445
83018137	83018561
141320588	141321012
21663155	21663579
77071805	77072229
145282664	145283088
175965371	175965795
178789306	178789730
10502168	10502592
169935744	169936168
101880858	101881282
101631832	101632256
145446506	145446930
9851587	9852011
79950430	79950854
147836804	147837228
28779250	28779674
178831307	178831731
21630	22054
150334618	150335042
90162077	90162501
79220736	79221160
55278665	55279089
179049612	179050036
29960439	29960863
1055333	1055757
11046250	11046674
101277919	101278343
175993335	175993759
62018165	62018589
73632102	73632526
140248284	140248708
141330987	141331411
174994927	174995351
39578924	39579348
1824484	1824908
34465411	34465835
142504111	142504535
337871	338295
141523442	141523866
98241538	98241962
126112921	126113345
170880284	170880708
13478980	13479404
53115261	53115685
179263670	179264094
176924682	176925106
78216387	78216811
176854869	176855293
140207284	140207708
75898124	75898548
6370736	6371160
173019230	173019654
122455916	122456340
81893219	81893643
159402478	159402902
77279931	77280355
61464877	61465301
157247662	157248086
168692851	168693275
140557362	140557786
154526750	154527174
61041040	61041464
139606618	139607042
132740455	132740879
170201837	170202261
177573174	177573598
74963391	74963815
118744925	118745349
61211445	61211869
175788569	175788993
80500839	80501263
73331331	73331755
74561440	74561864
80339515	80339939
148531322	148531746
147763045	147763469
133561075	133561499
32074505	32074929
140180374	140180798
127419466	127419890
108477492	108477916
76814107	76814531
39692051	39692475
169566919	169567343
58685863	58686287
153900663	153901087
1673183	1673607
38258785	38259209
43116226	43116650
103385418	103385842
128429774	128430198
1772757	1773181
150028340	150028764
33530764	33531188
1205003	1205427
97457251	97457675
162916014	162916438
73256776	73257200
1174819	1174925
163753174	163753598
90937556	90937980
33423162	33423586
145804566	145804990
134814620	134815044
55273971	55274395
121828388	121828812
148617216	148617640
131805271	131805695
131617520	131617944
4862624	4863048
65534842	65535266
131146599	131147023
172614339	172614763
43231986	43232410
110478576	110479000
137157829	137158253
137404639	137405063
179817779	179818203
179319190	179319614
122039885	122040309
132816407	132816831
89590445	89590869
85796764	85797188
2701738	2702162
153569645	153570069
172623106	172623530
138268113	138268537
35921007	35921431
85866098	85866522
109179859	109180283
168098217	168098641
168975328	168975752
36744844	36745268
160076315	160076739
36214492	36214916
57185436	57185860
170031148	170031572
140857895	140858319
70309365	70309789
169620218	169620642
140165429	140165853
93447077	93447501
167474382	167474806
64784047	64784471
136996159	136996583
133199488	133199912
57792255	57792679
171879417	171879841
73280870	73281294
40879471	40879895
72717978	72718402
175044437	175044861
127082378	127082802
159670208	159670632
133440671	133441095
112409426	112409850
149110032	149110456
123860192	123860616
99814799	99815223
162733421	162733845
126378296	126378720
89900311	89900735
39201271	39201695
55368402	55368826
109025742	109026166
96869757	96870181
17100048	17100472
37006070	37006494
168522389	168522813
145830945	145831369
56378272	56378696
13250762	13251186
111092916	111093340
77790999	77791423
138258176	138258600
59678530	59678954
68258890	68259314
139752643	139753067
180531822	180532246
14778562	14778986
131826235	131826659
2415977	2416401
133638553	133638977
122232690	122233114
153537120	153537544
156796467	156796891
53166826	53167250
146777175	146777599
89735678	89736102
131338704	131339128
132089268	132089692
131825636	131826060
43039679	43040103
141704348	141704772
179413252	179413676
75630217	75630641
179985306	179985730
179635463	179635887
175331585	175332009
101489001	101489425
149632960	149633384
54472244	54472668
39381429	39381853
151064089	151064513
147670145	147670569
113785597	113786021
172197734	172198158
130500227	130500651
159887649	159888073
133120906	133121330
131746765	131747189
171534001	171534425
138427399	138427823
179768605	179769029
177540018	177540442
42871194	42871618
132596374	132596798
5359650	5360074
148504821	148505245
75970419	75970843
140578907	140579331
29079842	29080266
32057539	32057963
139069038	139069462
38498092	38498516
130500744	130501168
16465104	16465528
171710310	171710734
6296658	6297082
28344898	28345322
62086840	62087264
2697463	2697887
149444760	149445184
28012616	28013040
71880390	71880814
150089721	150090145
153136112	153136536
150896702	150897126
34915572	34915996
171874477	171874901
137690725	137691149
37997972	37998396
112846515	112846939
150603546	150603970
43753159	43753583
56114271	56114695
77277640	77278064
140174819	140175243
37900807	37901231
93662290	93662714
72514450	72514874
140186352	140186776
170579397	170579821
169853359	169853783
33595378	33595802
146085813	146086237
90145699	90146123
34440296	34440720
31581619	31582043
140474128	140474552
132807377	132807801
10736154	10736578
7827783	7828207
31638957	31639381
124223783	124224207
115398046	115398470
147385608	147386032
147266548	147266972
65596062	65596486
131407670	131408094
16438047	16438471
53530321	53530745
131614131	131614555
172296224	172296648
146001930	146002354
177736299	177736723
32724585	32725009
141824728	141825152
43661162	43661586
54064888	54065312
53170239	53170663
31358821	31359245
132138031	132138455
177659026	177659450
14505409	14505833
73618738	73619162
137367843	137368267
10030595	10031019
96381992	96382416
94982684	94983108
114645447	114645871
1934202	1934626
146773424	146773848
174265246	174265670
171272829	171273253
103309334	103309758
23820953	23821377
149209493	149209917
51989092	51989516
72216527	72216951
101919382	101919806
75517124	75517548
81150326	81150750
149867196	149867620
140255344	140255768
176154463	176154887
32323857	32324281
151894394	151894818
100110437	100110861
142149757	142150181
108802740	108803164
179636046	179636470
134902042	134902466
98086390	98086814
93077148	93077572
54523245	54523669
149594130	149594554
36792638	36793062
142301686	142302110
114725482	114725906
133176457	133176881
96332991	96333415
135065167	135065591
148618112	148618536
126334026	126334450
175997092	175997516
74463123	74463547
40841586	40842010
131825984	131826408
77163177	77163601
136021892	136022316
81470639	81471063
141427791	141428215
152805470	152805894
158758507	158758931
133315555	133315979
144617438	144617862
180039562	180039986
164636116	164636540
134600483	134600907
17251848	17252272
54038403	54038827
133467922	133468346
167673927	167674351
37672314	37672738
108924946	108925370
43387038	43387462
94652749	94653173
149321668	149322092
176921847	176922271
138755497	138755921
137828686	137829110
27124733	27125157
60224886	60225310
138609639	138610063
72591266	72591690
107484301	107484725
76011882	76012306
43497442	43497866
125826220	125826644
143571577	143572001
109026876	109027300
96498673	96499097
59691705	59692129
175986666	175987090
66037911	66038335
52410751	52411175
135402599	135403023
176923199	176923623
137839613	137840037
172823375	172823799
175437233	175437657
176937163	176937587
172337848	172338272
1025895	1026319
108639990	108640414
180615963	180616387
68486045	68486469
149774552	149774976
135393712	135394136
144480834	144481258
25119776	25120200
127417162	127417586
179918492	179918916
74230681	74231105
153921233	153921657
168141605	168142029
179867347	179867771
68513792	68514216
2983974	2984398
148292228	148292652
178559927	178560351
131629408	131629832
32465197	32465621
118292436	118292860
180060804	180061228
81592737	81593161
179718370	179718794
93422341	93422765
140220553	140220977
197133	197557
133562953	133563377
34673918	34674342
10762969	10763393
153577082	153577506
168419669	168420093
64959947	64960371
148391829	148392253
72599565	72599989
54038200	54038624
36709022	36709446
114622258	114622682
128430881	128431305
149493837	149494261
31030044	31030468
2563179	2563603
2711027	2711451
121525084	121525508
53455019	53455443
746551	746975
145479418	145479842
14665277	14665701
6712032	6712456
66160348	66160772
169527517	169527941
58663614	58664038
67568124	67568548
66789488	66789912
59829646	59830070
29367484	29367908
168516419	168516843
85633989	85634413
174182099	174182523
141142383	141142807
9207890	9208314
137400964	137401388
177003192	177003616
95510832	95511256
179841070	179841494
4563498	4563922
168373355	168373779
10589091	10589515
148831642	148832066
11334547	11334971
170059152	170059576
140248935	140249359
150667731	150668155
133512291	133512715
78307313	78307737
3417645	3418069
41637922	41638346
136116197	136116621
173213922	173214346
151138121	151138545
135410969	135411393
52239108	52239532
167766178	167766602
139640992	139641416
153841059	153841483
137801410	137801834
126137620	126138044
135415120	135415544
176916249	176916673
528992	529416
129477360	129477784
103748579	103749003
159069395	159069819
76514134	76514558
179293668	179294092
108626736	108627160
170889908	170890332
171816613	171817037
133362426	133362850
159705243	159705667
23139671	23140095
122110685	122111109
149181087	149181511
68318932	68319356
43312924	43313348
43205073	43205497
176928142	176928566
11247382	11247806
10917020	10917444
137612138	137612562
83570662	83571086
179723716	179724140
150142965	150143389
137090333	137090757
32523670	32524094
38673651	38674075
62048736	62049160
150899762	150900186
150698909	150699333
138858260	138858684
140262117	140262541
15824382	15824806
73935625	73936049
64919778	64920202
31532325	31532749
128432040	128432464
101426454	101426878
176137759	176138183
172141870	172142294
1232828	1233252
149284546	149284970
71131881	71132305
138587130	138587554
143347599	143348023
133891773	133892197
177361219	177361643
170323698	170324122
39224269	39224693
10229766	10230190
61739534	61739958
173979499	173979923
8340763	8341187
159818051	159818475
79150006	79150430
62014172	62014596
169660374	169660798
114922447	114922871
77663198	77663622
175314192	175314616
25544760	25545184
95197983	95198407
1601897	1602321
172260801	172261225
136797619	136798043
77352930	77353354
98504909	98505333
126777731	126778155
102710982	102711406
176805018	176805442
137031729	137032153
82769540	82769964
77811375	77811799
76526511	76526935
107681230	107681654
162020845	162021269
102558789	102559213
150157960	150158384
73921773	73922197
78317006	78317430
132722862	132723286
10695332	10695756
177504733	177505157
149543053	149543477
110408651	110409075
61520797	61521221
111574140	111574564
71445507	71445931
134539974	134540398
177540217	177540641
180110193	180110617
18314282	18314706
176948229	176948653
53029695	53030119
52647135	52647559
168576382	168576806
32171756	32172180
132572341	132572765
156243007	156243431
126649735	126650159
137417699	137418123
122847729	122848153
150607062	150607486
56679015	56679439
179988672	179989096
89984836	89985260
173435936	173436360
176796243	176796667
135578471	135578895
118787255	118787679
61493518	61493942
180688963	180689387
163682802	163683226
133917324	133917748
121412316	121412740
72431492	72431916
74722086	74722510
61507238	61507662
34914762	34915186
308534	308958
18281996	18282420
142828052	142828476
150419751	150420175
1703505	1703929
29005396	29005820
10741798	10742222
106583951	106584375
425829	426253
1788918	1789342
149312310	149312734
132846254	132846678
139528099	139528523
31768893	31769317
134528023	134528447
180538061	180538485
96498919	96499343
171479521	171479945
127311627	127312051
167899289	167899713
85842385	85842809
72928976	72929400
119799758	119800182
173584083	173584507
100726051	100726475
36739923	36740347
176094621	176095045
112419953	112420377
169775088	169775512
170861233	170861657
124308391	124308815
122552047	122552471
141224864	141225288
58676236	58676660
71047305	71047729
8908349	8908773
14267133	14267557
78831668	78832092
158868405	158868829
149893200	149893624
138088288	138088712
141487960	141488384
77268774	77269198
2004195	2004619
80721453	80721877
23812719	23813143
37672514	37672938
171522394	171522818
105604935	105605359
136386851	136387275
133968070	133968494
142485703	142486127
39692253	39692677
20833340	20833764
170118669	170119093
70869453	70869877
145846280	145846704
124562992	124563416
180534811	180535235
102307382	102307806
135081578	135082002
179417532	179417956
74239749	74240173
109155524	109155948
55290649	55291073
38443471	38443895
75835385	75835809
179285794	179286218
172184981	172185405
112407341	112407765
54147858	54148282
112389196	112389620
179248471	179248895
37951997	37952421
78304233	78304657
36363158	36363582
174486587	174487011
109375903	109376327
71759519	71759943
178698846	178699270
167738172	167738596
172822236	172822660
131439359	131439783
130869516	130869940
150643832	150644256
180289722	180290146
60090473	60090897
177318977	177319401
447096	447520
35030462	35030886
108894989	108895413
71708044	71708468
71433616	71434040
132759674	132760098
177033034	177033458
115624999	115625423
74962666	74963090
34007728	34008152
74627420	74627844
114937665	114938089
161636004	161636428
175432998	175433422
154032271	154032695
65537230	65537654
53813925	53814349
31933364	31933788
77282006	77282430
180711472	180711896
34684784	34685208
126662075	126662499
171177176	171177600
168431092	168431516
120152691	120153115
145287684	145288108
74346273	74346697
59984236	59984660
171569732	171570156
179720430	179720858
43514926	43515350
149917712	149918136
51952969	51953393
77656868	77657292
125707105	125707529
139492966	139493390
10593881	10594305
126828815	126829239
168096984	168097408
56480200	56480624
169729516	169729940
170060196	170060620
176736861	176737285
35651217	35651641
10724980	10725404
171880333	171880757
167792522	167792946
78401699	78402123
36035806	36036230
145267729	145268153
166457543	166457967
36041561	36041985
78531556	78531980
32794192	32794616
1682078	1682502
121206173	121206597
179106014	179106438
73690844	73691268
120020658	120021082
77974115	77974539
133304211	133304635
126908683	126909107
113559654	113560078
75312055	75312479
1209210	1209634
72512033	72512457
138037964	138038388
78844	79268
148507760	148508184
43066465	43066889
53212991	53213415
178435643	178436067
176882478	176882902
174463151	174463575
89705733	89706157
95295712	95296136
172811586	172812010
135644153	135644577
134793328	134793752
33995053	33995477
153955362	153955786
122447168	122447592
172920878	172921302
82859950	82860374
136421966	136422390
173851435	173851859
148509943	148510367
54698064	54698488
71855987	71856411
172923558	172923982
10859186	10859610
169222216	169222640
159344341	159344765
115177631	115178055
145413639	145414063
