54773353	54773867
54069793	54070241
57632776	57633250
58299106	58299533
122232067	122232501
54140375	54140802
49736141	49736669
53553156	53553522
104026362	104026742
45342503	45342862
125425183	125425572
49208354	49208778
54608485	54608949
111834705	111835113
53374645	53375048
54973479	54973853
113430572	113430975
127765232	127765657
53715277	53715645
69684770	69685121
122232799	122233229
52419171	52419777
127358975	127359344
50134918	50135256
54095573	54095897
49381842	49382216
50449753	50450137
54793067	54793417
54595089	54595476
119882253	119882615
51735190	51735536
48136000	48136363
120524715	120525079
130516128	130516489
108306087	108306597
50464264	50464679
109531202	109531555
57856442	57856792
49482028	49482411
111264468	111264834
111325840	111326186
123237078	123237394
125256405	125256780
118813852	118814243
109865864	109866173
57846716	57847039
48357101	48357445
118275058	118275369
125667721	125668029
54762466	54762812
52477179	52477561
50339347	50339675
54601605	54601907
131400778	131401089
46384376	46384718
125391312	125391660
54754623	54754973
69550853	69551211
57569671	57570013
111742353	111742696
56334023	56334362
53607082	53607424
109011906	109012268
52463267	52463591
57977090	57977509
131310827	131311180
53264251	53264599
54798184	54798551
57852883	57853199
120868246	120868604
110906945	110907283
50505321	50505696
56519939	56520294
110283080	110283456
57233677	57234015
58176313	58176638
127778106	127778430
49524010	49524373
121021229	121021560
57381341	57381688
46465940	46466244
52550590	52550932
117592957	117593386
52374144	52374481
48111313	48111637
122492262	122492590
121931989	121932342
56130952	56131327
120794373	120794672
57576744	57577093
27167271	27167605
120666144	120666485
56039930	56040340
51441518	51441866
50038347	50038668
50433022	50433352
50260889	50261233
52417493	52417830
53902361	53902685
122211152	122211465
114404136	114404449
125251559	125251893
104775609	104775952
54688009	54688345
56617788	56618367
48173084	48173414
53278602	53278919
54426367	54426679
49012256	49012587
50468978	50469278
49741373	49741744
111374871	111375246
52672782	52673082
42418038	42418342
108957347	108957648
110243105	110243437
110213124	110213433
6147305	6147638
113612254	113612546
54150967	54151286
133757796	133758130
50171926	50172273
105184297	105184650
117301037	117301401
104609347	104609650
120105380	120105698
32908063	32908397
108064870	108065201
113900198	113900504
49189648	49189955
49284481	49284808
121084740	121085079
120638927	120639315
113863167	113863489
48231410	48231741
106617919	106618219
114418357	114418649
53493231	53493541
57506102	57506434
6862746	6863103
117463354	117463700
96609000	96609305
120907465	120907783
58026823	58027192
51745734	51746020
93861313	93861655
58150515	58150848
53845506	53845793
53583919	53584272
27037929	27038220
54137435	54137719
127232124	127232417
54764041	54764357
110888071	110888379
131589265	131589559
54585380	54585666
110035512	110035834
124805562	124805864
70033222	70033556
7261769	7262081
111136095	111136435
133191498	133191822
53459737	53460052
58015540	58015969
49690300	49690635
57395232	57395555
49437575	49437914
49330198	49330542
114350545	114350838
262369	262698
9483749	9484085
52269074	52269373
49491805	49492138
52607301	52607615
46122629	46122928
50101363	50101680
49974351	49974637
109701970	109702258
48936145	48936430
94496054	94496354
100548565	100548888
54613889	54614220
123436891	123437172
38532550	38532850
111332183	111332497
76552564	76552841
71113617	71113921
13408693	13408988
54399764	54400045
70273202	70273472
49628938	49629252
121548186	121548466
111751607	111751924
106751291	106751589
122675489	122675765
53746424	53746702
13069197	13069480
109870606	109870900
108001356	108001618
56858117	56858411
122214101	122214433
52364655	52364919
58087419	58087728
127865650	127865972
68616971	68617238
113536140	113536478
3182598	3182900
69548427	69548719
52545857	52546180
52557739	52557997
12857595	12857890
49682156	49682439
656148	656411
121668143	121668425
12966054	12966352
123344742	123345103
48343291	48343582
77404780	77405061
49247068	49247342
685299	685600
7033448	7033757
6934792	6935079
121443161	121443460
121087044	121087328
53259100	53259438
98884779	98885076
96883119	96883422
34371422	34371712
112191011	112191302
121937752	121938030
57518056	57518362
54920935	54921236
82752190	82752726
131939269	131939594
131616993	131617328
49628198	49628545
4713848	4714140
56987946	56988221
57637501	57637782
132093597	132093909
121533791	121534076
49457722	49458044
109058628	109058914
6097786	6098065
7071087	7071466
131232740	131233003
120763297	120763583
133137747	133138062
53681553	53681830
132638433	132638733
49725416	49725709
56118436	56118717
117588948	117589214
57607113	57607420
70983819	70984077
118292261	118292565
122062577	122062847
52317233	52317554
58197153	58197420
101062764	101063033
69464163	69464436
56600356	56600627
65950542	65950845
6981578	6981845
57849982	57850242
119458614	119458915
50898492	50898795
49390538	49390835
123850262	123850552
104595022	104595281
112250992	112251260
3384656	3384931
27536969	27537262
31789623	31789906
117557545	117557851
113750318	113750630
98791339	98791622
50478750	50479025
52414559	52414852
27006737	27007006
329077	329354
1714444	1714698
122249902	122250210
94495215	94495508
91775862	91776125
54990264	54990555
118312678	118312966
118815732	118816022
7074279	7074573
28093787	28094057
118025526	118025796
54610834	54611112
6888115	6888397
32909192	32909454
104752202	104752508
10826761	10827073
111462010	111462304
51925750	51926024
2049226	2049498
132991529	132991814
92537856	92538144
53718512	53718799
108731165	108731437
100948395	100948714
54718428	54718699
133100485	133100738
122469530	122469825
103277039	103277286
117141070	117141342
562294	562718
53815390	53815671
54788041	54788355
7047211	7047500
26250047	26250303
123122401	123122674
52976835	52977123
109344971	109345246
56513191	56513464
40501372	40501673
126018028	126018295
125721643	125721958
133177051	133177335
45564297	45564548
103342679	103342956
109831609	109831869
113877385	113877673
6944892	6945171
6172328	6172604
102878298	102878600
40384395	40384620
130765760	130766034
119288102	119288348
3312166	3312445
117804902	117805164
42876609	42876930
52386933	52387217
117674333	117674581
40019801	40020049
56440953	56441213
49389223	49389539
119851063	119851328
95467335	95467613
49486001	49486265
124066740	124067004
56389949	56390221
127268945	127269199
116355049	116355337
107485924	107486196
109197352	109197605
120739884	120740147
118287852	118288119
124953817	124954075
132678710	132678951
34276064	34276328
131355447	131355693
57608093	57608382
94059	94483
57030450	57030755
10902785	10903064
119417620	119417896
110348724	110349021
63187818	63188082
1743828	1744084
122326261	122326554
103969105	103969342
3053814	3054103
72332600	72332858
74415680	74415937
53447464	53447722
4465155	4465408
63192946	63193232
55052499	55052766
108905773	108906031
31556076	31556351
102311573	102311807
13515213	13515503
7053755	7054056
104503013	104503261
64237626	64237939
50170159	50170397
110538028	110538315
105446894	105447122
54833486	54833724
25113232	25113498
108306087	108306844
121151742	121151998
117650448	117650688
121409598	121409835
112608235	112608458
7126138	7126394
111736699	111736996
108015832	108016063
6394218	6394488
95611237	95611515
50360721	50361537
120339899	120340165
109278261	109278491
1058980	1059235
130396063	130396312
107525623	107525876
7245095	7245358
8261455	8261702
112825171	112825461
52288783	52289041
91347693	91347970
52615870	52616153
54997026	54997280
56617788	56618367
48558977	48559189
2893216	2893475
71786415	71786651
110869187	110869442
6532755	6533008
678971	679228
53739046	53739312
111706576	111706884
124516859	124517139
124389934	124390195
115100463	115100722
125815500	125815764
3409705	3409997
7959522	7959772
1762009	1762263
122607788	122608050
108312049	108312289
89936780	89937035
52397909	52398135
50156874	50157120
99137234	99137460
121772614	121772877
8384370	8384578
56013456	56013775
91749244	91749487
124326502	124326782
116504487	116504759
108888822	108889093
56479025	56479269
94926637	94926928
53273246	53273590
48109172	48109394
109125365	109125625
77015328	77015566
131246283	131246542
56132637	56132871
112636002	112636250
55462217	55462511
58225216	58225482
105814497	105814723
11639581	11639810
122791068	122791269
25540457	25540696
6304857	6305102
64943433	64943648
57463286	57463508
53937296	53937492
132108269	132108557
133215374	133215589
56050208	56050474
56099686	56099909
52533377	52533616
62653874	62654111
124521198	124521443
122820645	122820909
50030723	50030974
50482442	50482688
114256707	114256969
111889551	111889752
76430946	76431198
68434282	68434541
107498555	107498801
124758298	124758522
27856697	27856946
51815123	51815350
102167415	102167668
2166442	2166678
75784820	75785070
2994444	2994726
122501928	122502194
129677895	129678140
51818791	51819027
50232863	50233101
7000320	7000633
54378689	54378926
109956617	109956874
122840740	122840991
57401961	57402195
56984118	56984332
50360721	50361537
56586803	56587035
94534397	94534642
102233623	102233871
65196023	65196286
7294738	7294960
860483	860692
122884095	122884317
56320513	56320746
56660513	56660709
53298849	53299117
31835123	31835368
114169866	114170085
108278922	108279156
72410926	72411149
49367888	49368177
6149245	6149472
57566861	57567151
53273712	53274050
124103096	124103342
12487387	12487618
110365445	110365696
12717006	12717256
98910213	98910483
126034458	126034707
101065834	101066130
104271789	104272030
55387094	55387319
75728175	75728389
49752483	49752731
65091864	65092052
6663318	6663546
6672682	6672945
31424881	31425126
26804594	26804811
94997317	94997552
53605668	53605833
14409556	14409776
13431151	13431414
48583373	48583596
121881100	121881350
57487074	57487319
109005978	109006208
8976211	8976466
131937205	131937456
118109529	118109741
129129325	129129586
105047557	105047794
27974212	27974405
67255004	67255243
5131692	5131902
108631158	108631377
9043221	9043466
55466933	55467162
1692700	1692925
44276465	44276668
45524657	45524872
120097180	120097393
124884289	124884522
108457044	108457239
48137870	48138115
133131520	133131750
27295148	27295360
113634800	113635037
118492988	118493197
100798652	100798874
2962834	2963092
29470793	29471029
109572042	109572240
4386168	4386385
123278268	123278502
56696200	56696460
7265994	7266203
106676228	106676453
14017096	14017309
6978608	6978859
115063072	115063295
14783101	14783318
5309774	5309994
49412398	49412611
120755187	120755393
119474785	119474994
52071972	52072183
108323326	108323508
39300495	39300710
52217786	52218000
69964670	69964899
3913118	3913342
7341143	7341367
8147923	8148121
27886084	27886300
64667605	64667799
103942475	103942701
5854532	5854757
107798879	107799108
70173713	70173941
122615641	122615845
9950689	9950898
6844941	6845157
31399104	31399327
113486526	113486752
116385005	116385236
108004146	108004365
1905236	1905486
62604192	62604400
132314952	132315177
69751342	69751575
49730871	49731105
5112281	5112490
29025703	29025923
54342831	54342995
111967286	111967509
54730308	54730531
97379281	97379491
55247800	55248008
108766961	108767197
120218713	120218932
30960460	30960658
110540072	110540263
57028851	57029037
107796267	107796494
109825252	109825467
96017443	96017660
65190083	65190317
7372326	7372533
48161008	48161234
104165291	104165503
4966923	4967154
56583371	56583634
105777196	105777407
111843165	111843388
132990630	132990883
3862223	3862470
104451557	104451712
65996347	65996571
58129717	58129950
122106660	122106879
106530041	106530246
119982894	119983143
54382978	54383232
13365080	13365286
25589341	25589539
130511217	130511439
119553174	119553416
51128523	51128732
31270082	31270296
121990580	121990831
93221686	93221908
67835630	67835842
122326916	122327162
125398515	125398742
6726943	6727170
92964202	92964410
48031032	48031240
121382424	121382664
127593237	127593425
52513836	52514090
106099537	106099705
57701608	57701836
52515676	52515874
96312355	96312543
50368028	50368254
102224713	102224978
56511966	56512159
124832570	124832749
98818678	98818869
119151907	119152086
52537378	52537597
66803164	66803295
130820158	130820354
47055257	47055447
117908694	117908884
12808963	12809162
47377842	47378043
118620129	118620343
93963379	93963626
44070092	44070318
102063906	102064105
6574718	6574928
32455254	32455452
70970913	70971133
69224071	69224295
71610839	71611055
3244720	3244901
32518485	32518695
102333656	102333827
111040100	111040287
62586514	62586715
128162172	128162382
133345044	133345255
62517563	62517785
109549735	109549942
92205584	92205724
108851119	108851298
120375935	120376162
124538512	124538699
23358246	23358399
117125818	117126018
127839736	127839922
110290981	110291193
51159098	51159334
59507616	59507813
13687799	13688005
53345903	53346327
74759478	74759675
72140832	72141040
133481449	133481657
132239952	132240153
14320069	14320265
55143057	55143239
7527261	7527398
2692285	2692448
120703659	120703865
66481269	66481413
45937680	45937886
63207130	63207271
29705363	29705532
120087108	120087324
65002041	65002222
131324097	131324301
110235743	110235940
53775746	53775946
6807127	6807300
49371788	49372028
108285723	108286147
74505583	74505777
113899598	113899840
53086139	53086340
105219325	105219497
96392499	96392712
8198671	8198897
125165972	125166155
67082752	67082876
27805209	27805380
108587690	108587911
123548186	123548342
124468520	124468670
1900368	1900552
103204971	103205164
125477369	125477793
42766108	42766259
117135219	117135404
89413421	89413638
119766039	119766238
110481047	110481277
45168725	45168866
120080897	120081076
12186380	12186550
109361677	109361832
28325491	28325651
9903414	9903609
6793935	6794081
1227269	1227458
111768945	111769369
78319460	78319638
125249033	125249190
130498590	130498813
9966852	9967058
96455722	96455917
69977112	69977248
104851224	104851390
6075121	6075326
110177702	110177917
83079569	83079749
26587357	26587544
95928259	95928445
6444874	6445052
7613300	7613501
26767250	26767425
110792975	110793154
2144139	2144338
31000089	31000513
122120077	122120283
63328953	63329149
103096414	103096573
47465097	47465290
122371800	122372034
12941824	12941984
93896897	93897087
49297792	49297960
66563552	66563731
54185504	54185928
8696910	8697101
57657605	57657844
125383180	125383287
55537145	55537348
55074305	55074433
56727993	56728162
120891863	120892027
76425302	76425491
56423605	56423776
9860872	9861080
103897769	103897966
69809624	69809785
127459483	127459600
59543892	59544097
48551361	48551476
551545	551702
69201849	69202049
128744129	128744273
77443669	77443834
102153299	102153501
42523511	42523694
49947361	49947475
118842861	118842997
5905721	5905902
70294536	70294685
57151395	57151575
40200976	40201138
116421142	116421312
56771114	56771275
56545411	56545835
129460705	129460883
22596456	22596588
53370120	53370307
3409133	3409375
66501273	66501453
6647111	6647327
72174108	72174282
120805036	120805213
77321123	77321251
3143463	3143589
92801815	92802239
124423332	124423530
99437206	99437385
133055424	133055848
56709931	56710037
6022234	6022378
47473289	47473454
56665051	56665167
94940034	94940229
71809558	71809668
114946458	114946590
106739688	106739833
40158907	40159029
31391684	31392108
40405028	40405235
89411043	89411222
52784905	52785018
9102623	9102755
2504658	2504814
105673343	105673520
107473081	107473213
44394283	44394428
113591174	113591369
7791351	7791525
123527958	123528382
88389365	88389789
103163455	103163648
107528501	107528662
4216658	4216810
82921076	82921253
56472787	56472966
2400449	2400555
107235625	107235769
68752733	68752882
31811944	31812368
123722746	123722940
48680426	48680850
117538053	117538477
113338178	113338356
49677769	49678193
101135006	101135167
112125200	112125309
117047652	117047808
123352257	123352379
56551611	56551813
8012464	8012888
6387990	6388188
91502946	91503052
97542694	97543118
72030490	72030658
64746088	64746232
93043828	93044014
80580427	80580851
117669536	117669960
127147965	127148124
111369987	111370152
50708547	50708751
114393009	114393195
31004137	31004277
31806198	31806392
21590622	21590737
52320602	52320816
96910602	96910764
2733638	2734062
7167705	7168129
119060528	119060663
12480837	12481002
7297201	7297307
30906195	30906619
67419407	67419550
62831987	62832094
99092748	99092877
46518963	46519112
91353321	91353745
2922900	2923010
125887910	125888032
11706840	11707264
77472	77686
6432545	6432680
120904518	120904629
125235328	125235752
57030844	57031083
94469173	94469336
95730205	95730629
132318289	132318713
95510858	95511282
126554237	126554381
53645269	53645693
26182269	26182409
49763739	49763852
71127316	71127426
47701537	47701961
112130766	112130928
65284777	65284937
128554060	128554216
133096017	133096207
57636859	57637058
48099193	48099617
89918455	89918879
52709492	52709916
97383807	97383923
32552427	32552851
53661706	53662130
56473113	56473244
89923648	89923809
32213605	32213740
127848080	127848226
98926466	98926890
98960713	98960840
64219894	64220025
120242291	120242405
93419344	93419455
91720328	91720481
106620663	106620836
116673921	116674345
107842093	107842239
7315336	7315463
49515021	49515132
42690326	42690750
16512791	16513215
4492548	4492685
38710285	38710411
34174916	34175340
49907957	49908155
63545793	63546217
76741788	76742212
117037612	117037777
21322933	21323076
118295609	118295768
117910788	117911212
101717536	101717730
89864664	89864776
56075297	56075470
68337213	68337373
132703655	132703761
94384931	94385055
63497304	63497728
124086203	124086627
9621699	9621893
120132869	120133293
57400424	57400595
51911575	51911999
56907641	56907757
13892525	13892949
130770522	130770946
70379325	70379749
128872466	128872612
55351832	55352256
57670729	57671153
56967258	56967468
2955206	2955322
125423662	125424086
65700310	65700734
114084842	114085266
5665191	5665615
88446443	88446867
48264245	48264669
31388215	31388639
7070032	7070154
57480307	57480731
9895769	9895941
112451059	112451483
8085950	8086073
130526882	130526991
39666984	39667408
107313662	107314086
63814002	63814170
95968624	95969048
26677948	26678075
129266803	129267227
26170536	26170960
63670491	63670915
103210554	103210978
127561841	127562265
110683287	110683711
52766484	52766594
113568481	113568905
132486167	132486317
15743260	15743684
68461549	68461973
8761544	8761968
51663252	51663676
75920685	75921109
49504396	49504820
116309472	116309896
57156973	57157153
8834603	8835027
3150876	3151014
40546552	40546976
69979508	69979932
110950319	110950479
121022426	121022532
10305810	10306234
18583339	18583763
19725747	19726171
48730314	48730738
8059769	8059966
94161086	94161204
129453874	129454298
56324626	56324735
47415143	47415249
133540657	133540790
121916805	121916999
94527963	94528387
53721195	53721619
4964582	4965006
55153510	55153934
15421855	15422279
93931530	93931954
104571500	104571621
105221519	105221625
109871518	109871942
114305017	114305441
52283619	52284043
14607005	14607429
46696830	46697254
57520937	57521361
74710785	74711209
6679410	6679834
58377018	58377176
102563637	102564061
112111476	112111593
9013069	9013493
29580933	29581357
68507429	68507853
108492823	108493247
62400018	62400153
38447554	38447660
100628454	100628878
67087658	67088082
13138947	13139371
116333045	116333469
7741268	7741692
122393619	122394043
102694823	102695247
66079279	66079703
71945283	71945707
48212827	48213251
10388317	10388741
53568715	53569139
14115783	14115934
55095936	55096360
3994628	3995052
77214679	77215103
4530674	4531098
94136098	94136522
6435420	6435844
93178838	93179262
49463254	49463678
122277138	122277562
110990056	110990480
62829565	62829710
13250939	13251363
298258	298682
123350203	123350627
75882317	75882741
116435861	116436285
109693189	109693613
133037161	133037585
22488419	22488843
93002245	93002669
132320764	132321188
48153214	48153432
111712589	111713013
69864529	69864953
117197670	117197780
120752155	120752295
1772223	1772647
66663545	66663969
52565791	52566215
3767520	3767944
106542875	106543299
76740801	76741225
93749973	93750397
48232395	48232819
108523221	108523645
95104686	95105110
10343351	10343775
56114769	56115193
125687691	125688115
39837050	39837170
113530473	113530897
121464122	121464546
14809791	14810215
93491961	93492067
1202332	1202756
121821314	121821738
47802053	47802477
65517212	65517636
69677928	69678352
25104750	25105174
102217676	102218100
76980544	76980968
70023988	70024412
110337817	110338241
56349737	56350161
55465905	55466329
23656920	23657344
123365282	123365706
114604155	114604579
69647744	69648168
98620929	98621353
9287851	9288275
113468712	113469136
57881401	57881825
49626678	49627102
72080005	72080429
32810465	32810889
54645436	54645860
104647126	104647550
72740069	72740493
133498243	133498667
122956182	122956606
114247296	114247720
101808282	101808706
70026834	70027258
116190938	116191362
128044304	128044728
51380746	51381170
107312554	107312978
2750288	2750712
11381133	11381557
24989275	24989699
98965762	98966186
120773350	120773496
58015540	58015969
21449688	21450112
50017330	50017465
122636507	122636931
51421868	51422292
45609070	45609494
118558669	118559093
45662862	45663286
70132250	70132674
2566613	2567037
50296123	50296547
131923383	131923807
104144912	104145336
22274146	22274570
110157064	110157488
89444804	89445228
48848436	48848860
53455463	53455887
48045544	48045670
98766723	98767147
8390018	8390442
63492620	63493044
64233146	64233570
123560026	123560450
32464980	32465404
48080543	48080665
94372932	94373356
108384041	108384465
14876629	14877053
13128559	13128983
54397790	54398214
107916822	107917246
120894906	120895330
5620639	5621063
13814195	13814619
72033228	72033652
63462619	63463043
10484391	10484505
66377375	66377799
107711448	107711872
3317005	3317429
14338788	14339212
4073540	4073964
113573638	113573781
7059479	7059903
48196009	48196433
93965170	93965594
121498468	121498640
42963082	42963506
26998013	26998437
53870634	53871058
7150128	7150552
29226535	29226959
103272892	103273316
1626253	1626677
125573688	125574112
74931018	74931442
7797974	7798398
125817422	125817846
53061261	53061685
100013634	100014058
13386945	13387369
52755851	52756275
21926114	21926538
23207947	23208371
113001961	113002385
124292726	124293150
121499641	121500065
67411896	67412320
31138734	31139158
51656493	51656917
120673313	120673737
5193422	5193846
117354637	117355061
120877393	120877817
7795424	7795848
108386611	108387035
115105874	115106298
48152863	48153034
110662085	110662509
52645861	52646285
9531168	9531592
118619306	118619730
93957988	93958412
55117413	55117837
49942814	49943238
121661427	121661851
88242015	88242439
12867470	12867894
56190827	56191251
5551556	5551980
79767643	79768067
94157449	94157873
58739807	58740231
112262090	112262514
44152482	44152906
56995204	56995628
111284759	111285183
27587951	27588375
66672885	66673309
48202752	48203176
80131891	80132315
14964009	14964433
123431184	123431608
48299000	48299424
128195658	128196082
31165191	31165615
62996831	62997255
62975544	62975968
864054	864478
67749611	67750035
101566065	101566489
5280884	5281308
116360767	116361191
52306810	52307234
117393457	117393881
9786777	9787201
108070152	108070290
68800037	68800461
9901232	9901656
49413742	49414166
72057373	72057797
122906587	122907011
112856811	112857235
67555083	67555507
12529531	12529955
28970486	28970910
121527140	121527564
9191976	9192400
4867233	4867657
58153168	58153592
122601265	122601689
120426250	120426674
30997605	30997722
46156258	46156682
52773943	52774367
13136362	13136786
53846457	53846881
56652044	56652468
118873784	118874208
76849506	76849930
120672449	120672873
100522284	100522708
4146822	4147246
4416919	4417343
93110943	93111367
2393935	2394359
562597	562785
104099699	104100123
14909244	14909668
32608427	32608851
54694705	54695129
50569197	50569621
129554412	129554836
109083652	109084076
30593741	30594165
86266255	86266679
118294373	118294797
48576750	48577174
56740451	56740875
49682381	49682490
32414526	32414950
50495364	50495788
49147351	49147473
1909765	1910189
9789358	9789782
132969383	132969807
72125748	72126172
10518559	10518983
53109207	53109631
21466392	21466816
100622998	100623422
97677098	97677522
49328088	49328512
93919113	93919537
92824927	92825351
46119508	46119932
62387521	62387945
129156038	129156462
122621742	122622166
25144400	25144824
12989885	12990309
76478845	76479269
48591228	48591652
105370457	105370881
79941593	79942017
15429018	15429442
121441486	121441910
42726073	42726497
42631169	42631593
129192032	129192456
22253841	22254265
91302847	91303271
98816661	98817085
102937229	102937653
105378939	105379363
101044929	101045353
32824820	32825244
122234993	122235417
110318146	110318570
47996738	47997162
111587100	111587524
105270869	105271293
93381040	93381464
109823267	109823691
6952647	6953071
95157954	95158378
115122033	115122457
57505351	57505775
101127586	101128010
49619345	49619769
96209387	96209811
31405245	31405669
123610861	123611285
113962332	113962756
99119598	99120022
131812218	131812642
33072036	33072460
24749708	24750132
126257579	126258003
132618485	132618909
9066630	9067054
46736248	46736672
124993339	124993763
85268296	85268720
6667163	6667587
13361376	13361800
51770911	51771335
56435228	56435652
109784742	109785166
4872733	4873157
64539003	64539427
96794877	96795301
111142508	111142932
1714568	1714992
101221660	101222084
111840608	111841032
101884058	101884482
51031672	51032096
112225945	112226369
46525491	46525915
6875921	6876345
108913316	108913740
121078040	121078464
108696095	108696519
16132065	16132489
25538850	25539274
112699386	112699810
110776601	110777025
104277992	104278416
117111613	117112037
8332536	8332960
6776674	6777098
69590448	69590872
54731176	54731600
43838738	43839162
83783045	83783469
74809461	74809885
53264426	53264850
48836215	48836639
56214452	56214876
56862196	56862620
52821856	52822280
121647660	121648084
121175745	121176169
55582713	55583137
47791392	47791816
118502310	118502734
12798376	12798800
8690379	8690803
24933954	24934378
56053503	56053927
30610577	30611001
47071558	47071982
52801673	52802097
76474465	76474889
83398392	83398816
27577535	27577959
17794946	17795370
31227360	31227784
94539374	94539798
52699836	52700260
12188940	12189364
53465896	53466320
14998168	14998592
132918808	132919232
110050801	110051225
50677264	50677688
52789560	52789984
12890003	12890427
27885210	27885634
95119562	95119986
122134980	122135404
27788299	27788723
18312101	18312525
12234661	12235085
112849283	112849707
6476763	6477187
64195821	64196245
113443588	113444012
2783602	2784026
96972309	96972733
22862237	22862661
71118220	71118644
93521386	93521810
105629431	105629855
40719120	40719544
112944284	112944708
121734738	121735162
110887393	110887817
3886363	3886787
44170282	44170706
91371890	91372314
5537843	5538267
12161259	12161683
58169637	58170061
66538905	66539329
45366563	45366987
28736664	28737088
47426313	47426737
68395272	68395696
98354767	98355191
6723381	6723805
51640371	51640795
71123752	71124176
29672499	29672923
98810592	98811016
104850219	104850643
32112585	32113009
11887040	11887464
54798451	54798561
656255	656679
55635816	55636240
26272328	26272752
5757874	5758298
131710852	131711276
511188	511612
39497302	39497726
26211232	26211656
93347445	93347869
54608485	54608949
103289830	103290254
42758498	42758922
81522691	81523115
45516529	45516953
49331003	49331427
71961362	71961786
124994771	124995195
24178332	24178756
129671505	129671929
105063166	105063590
117840171	117840595
85451141	85451565
110217353	110217777
925568	925992
67851639	67852063
99333131	99333555
131600816	131601240
118472610	118473034
91334642	91335066
99392448	99392872
58570046	58570470
102916538	102916962
110371806	110372230
94589228	94589652
99047652	99048076
105127486	105127910
132434238	132434662
58208941	58209365
41016023	41016447
124343564	124343988
133657296	133657720
71243126	71243550
71086475	71086899
63308383	63308807
8113281	8113705
123749105	123749529
119118193	119118617
66497206	66497630
78540087	78540511
7868953	7869377
95333286	95333710
52900928	52901352
113797600	113798024
27168580	27169004
47940833	47941257
120114382	120114806
69257624	69258048
52928235	52928659
17092737	17093161
99349090	99349514
113261531	113261955
129309107	129309531
44351498	44351922
89855493	89855917
125413779	125414203
51984430	51984854
18403218	18403642
94592653	94593077
41670797	41671221
3109712	3110136
46546985	46547409
130531842	130532266
124816576	124817000
95976180	95976604
84219880	84220304
32259399	32259823
117483729	117484153
48579920	48580344
90496810	90497234
124983851	124984275
120907613	120908037
752172	752596
31118530	31118954
91247770	91248194
40352152	40352576
30848239	30848663
278677	279101
18958428	18958852
118795486	118795910
102092423	102092847
106779956	106780380
8549226	8549650
16009296	16009720
13355897	13356321
93813195	93813619
44409132	44409556
48211841	48212265
84217438	84217862
6176691	6177115
6313584	6314008
3451222	3451646
118275206	118275630
111137519	111137943
42649010	42649434
68552186	68552610
63220830	63221254
112732613	112733037
21833282	21833706
48191220	48191644
131146412	131146836
114793591	114794015
54528680	54529104
30042615	30043039
109702105	109702529
49690467	49690891
83146129	83146553
52535084	52535508
72240137	72240561
39769190	39769614
131237481	131237905
49750811	49751235
8714894	8715318
97295809	97296233
53615114	53615538
52721290	52721714
54966638	54967062
75899528	75899952
66543675	66544099
65090096	65090520
101381571	101381995
111038053	111038477
113753907	113754331
56711453	56711877
27397246	27397670
47069460	47069884
51441672	51442096
91761010	91761434
67809228	67809652
116844305	116844729
121066682	121067106
119278172	119278596
130399175	130399599
3435255	3435679
119594212	119594636
105047663	105048087
109085310	109085734
51611677	51612101
57496458	57496882
78623250	78623674
59797013	59797437
53432439	53432863
77718395	77718819
125145961	125146385
108154781	108155205
65195118	65195542
125341063	125341487
55026086	55026510
29151746	29152170
7984650	7985074
77082424	77082848
53091135	53091559
29116471	29116895
96252709	96253133
23009038	23009462
55118976	55119400
132536267	132536691
100548696	100549120
103889945	103890369
8230958	8231382
24262328	24262752
108627915	108628339
133084080	133084504
42424335	42424759
25307981	25308405
22837438	22837862
66627749	66628173
114433798	114434222
29744025	29744449
97702379	97702803
27234466	27234890
133553472	133553896
54562828	54563252
128378390	128378814
10078370	10078794
56545611	56546035
106630461	106630885
2893342	2893766
65694518	65694942
5183018	5183442
96464720	96465144
123953338	123953762
31966210	31966634
57406751	57407175
45782328	45782752
30907832	30908256
46776709	46777133
3145411	3145835
132559898	132560322
124412765	124413189
57456451	57456875
5981906	5982330
42539412	42539836
22612762	22613186
57589695	57590119
104020233	104020657
22697451	22697875
26266824	26267248
50067218	50067642
54691725	54692149
700231	700655
116389901	116390325
30287152	30287576
125607239	125607663
124859939	124860363
2227178	2227602
114275706	114276130
39314860	39315284
106099636	106100060
44199509	44199933
49760367	49760791
56680605	56681029
52955832	52956256
100532089	100532513
124286070	124286494
24931805	24932229
125369105	125369529
56615996	56616420
26854534	26854958
110555072	110555496
58197251	58197675
111087360	111087784
21099647	21100071
54149380	54149804
4688864	4689288
123892452	123892876
67616053	67616477
99232137	99232561
54785035	54785459
97380677	97381101
51610835	51611259
39928734	39929158
60888019	60888443
49483551	49483975
14094668	14095092
130886168	130886592
13177104	13177528
53681712	53682136
54891271	54891695
47755100	47755524
64649966	64650390
4262583	4263007
6761546	6761970
54344156	54344580
11734099	11734523
72535053	72535477
64575444	64575868
78393781	78394205
57977415	57977528
131503494	131503918
96213875	96214299
91636939	91637363
6485717	6486141
57606218	57606642
2761935	2762359
54202793	54203217
113293154	113293578
80280658	80281082
119937962	119938386
93454434	93454858
30997676	30998100
98985010	98985434
52981222	52981646
7829875	7830299
124518865	124519289
75197016	75197440
13043649	13044073
110486079	110486503
2848982	2849406
50261058	50261482
19441567	19441991
131254956	131255380
92896184	92896608
109244627	109245051
68630831	68631255
114297968	114298392
50526270	50526694
14771888	14772312
80663715	80664139
923340	923764
57915332	57915756
96485667	96486091
54552926	54553350
107116614	107117038
124086410	124086834
102489412	102489836
54355171	54355595
123144656	123145080
122644473	122644897
23373987	23374411
103242589	103243013
121124545	121124969
31142783	31143207
6861302	6861726
48803527	48803951
80461913	80462337
129015662	129016086
80806105	80806529
49408312	49408736
48249285	48249709
14869813	14870237
1175396	1175820
110243249	110243673
2469658	2470082
124669011	124669435
3113817	3114241
133138450	133138874
54532028	54532452
31391887	31392311
127101860	127102284
124277605	124278029
510593	511017
117036504	117036928
62415576	62416000
122150864	122151288
66745932	66746356
4462895	4463319
68892444	68892868
92538717	92539141
10714898	10715322
57618634	57619058
50561014	50561438
15089075	15089499
113902566	113902990
119673096	119673520
52208016	52208440
132048618	132049042
70070028	70070452
4391993	4392417
91571788	91572212
109247783	109248207
28263133	28263557
56499022	56499446
25101868	25102292
64785990	64786414
81844939	81845363
58119767	58120191
101963769	101964193
114451720	114452144
126168270	126168694
130534180	130534604
91503000	91503424
57885203	57885627
329196	329620
48166620	48167044
92968149	92968573
107076591	107077015
71764928	71765352
66356824	66357248
33580010	33580434
33758717	33759141
133055627	133056051
58934249	58934673
127510105	127510529
9903915	9904339
10162438	10162862
24037878	24038302
7819769	7820193
53591411	53591835
22236118	22236542
18144961	18145385
125204559	125204983
121447474	121447898
125714698	125715122
6648882	6649306
96409420	96409844
55083782	55084206
4224812	4225236
50435834	50436258
113853913	113854337
122332572	122332996
6754082	6754506
39711992	39712416
93790508	93790932
124066857	124067281
3428769	3429193
112910835	112911259
42982694	42983118
32908224	32908648
81104143	81104567
56660593	56661017
76017500	76017924
124883103	124883527
104560310	104560734
91971630	91972054
126623867	126624291
132860764	132861188
12509875	12510299
113226001	113226425
4104938	4105362
9471805	9472229
85862398	85862822
97379401	97379825
29670304	29670728
10292608	10293032
107958762	107959186
51685630	51686054
114370931	114371355
125670541	125670965
95010085	95010509
23822576	23823000
68041496	68041920
28012594	28013018
71988031	71988455
57940147	57940571
49656694	49657118
102874219	102874643
118602826	118603250
2791632	2792056
65002141	65002565
45567054	45567478
9202170	9202594
15685305	15685729
132648514	132648938
12551452	12551876
108964495	108964919
72148235	72148659
27030889	27031313
34339432	34339856
104227650	104228074
51813268	51813692
102563836	102564260
57144938	57145362
30475938	30476362
48210999	48211423
57487227	57487651
56651195	56651619
122685140	122685564
53875768	53876192
112383009	112383433
88787136	88787560
116453301	116453725
76866619	76867043
53292260	53292684
110201934	110202358
111612285	111612709
97010931	97011355
49280827	49281251
51914272	51914696
75878998	75879422
28122914	28123338
129068001	129068425
116336504	116336928
49350630	49351054
54197404	54197828
110213256	110213680
57643006	57643430
57569820	57570244
58135898	58136322
97798292	97798716
124876855	124877279
15374200	15374624
110348866	110349290
6812880	6813304
53370203	53370627
49454261	49454685
120095958	120096382
57341414	57341838
24748574	24748998
26933587	26934011
93635906	93636330
133338658	133339082
110474375	110474799
69265734	69266158
120784438	120784862
4417124	4417548
4958159	4958583
39058454	39058878
124229324	124229748
67613827	67614251
106583068	106583492
31422527	31422951
860570	860994
6977823	6978247
8932960	8933384
59507708	59508132
124457239	124457663
100742434	100742858
54161450	54161874
115836120	115836544
93337558	93337982
69306803	69307227
13717340	13717764
49374341	49374765
26782817	26783241
9524803	9525227
131361248	131361672
53444964	53445388
109825352	109825776
54793245	54793669
14437018	14437442
55909479	55909903
8756447	8756871
1059108	1059532
120393918	120394342
126831963	126832387
77024569	77024993
215354	215778
34417035	34417459
98767614	98768038
127341464	127341888
91755534	91755958
11651503	11651927
8012665	8013089
52924686	52925110
6691340	6691764
127359150	127359574
125012300	125012724
54095718	54096142
129098335	129098759
21103239	21103663
72964343	72964767
60650842	60651266
132335737	132336161
108089547	108089971
41315344	41315768
11352489	11352913
86260950	86261374
116864060	116864484
130817801	130818225
112342017	112342441
107102661	107103085
71407976	71408400
57425091	57425515
99784384	99784808
54692733	54693157
68710801	68711225
50469126	50469550
110249401	110249825
122064687	122065111
45205852	45206276
5084769	5085193
33100066	33100490
56215975	56216399
96794039	96794463
121464325	121464749
19796584	19797008
77272032	77272456
11054071	11054495
114650740	114651164
2339391	2339815
52807575	52807999
22094848	22095272
22142717	22143141
57561848	57562272
116385512	116385936
25283610	25284034
98396651	98397075
124332709	124333133
23625140	23625564
105073844	105074268
116704106	116704530
88622477	88622901
46911344	46911768
131622254	131622678
119291428	119291852
109887939	109888363
12503230	12503654
31515237	31515661
14547314	14547738
48577362	48577786
114913928	114914352
50144124	50144548
57400513	57400937
113241365	113241789
49368007	49368431
127189173	127189597
53472536	53472960
96526552	96526976
49151984	49152408
52444479	52444903
24739200	24739624
25348289	25348713
109176859	109177283
51219142	51219566
3422753	3423177
62993771	62994195
51420124	51420548
108266968	108267392
52774143	52774567
53377915	53378339
56220972	56221396
7480480	7480904
6159103	6159527
25830135	25830559
49366488	49366912
121294753	121295177
6938595	6939019
120663880	120664304
124853385	124853809
114060150	114060574
63377424	63377848
79949247	79949671
29241460	29241884
9075052	9075476
51398132	51398556
80384693	80385117
76953129	76953553
52374292	52374716
56890583	56890757
15148756	15149180
10760452	10760876
31753139	31753563
111299545	111299969
53271698	53272122
85236161	85236585
107183805	107184229
107520615	107521039
6008060	6008484
3992275	3992699
117320535	117320959
115074952	115075376
122699915	122700339
15675503	15675927
100785614	100786038
129647369	129647793
131714020	131714444
107290801	107291225
86314114	86314538
59198510	59198934
48402736	48403160
977873	978297
42959416	42959840
1820031	1820455
32200699	32201123
90095523	90095947
27858069	27858493
28390324	28390748
26618332	26618756
3143479	3143903
95269324	95269748
11666209	11666633
70043318	70043742
19725948	19726372
53618242	53618666
6022279	6022703
2166541	2166965
116447610	116448034
31384640	31385064
95333486	95333910
90163192	90163616
46747899	46748323
106618073	106618497
32458032	32458456
7167905	7168329
131297907	131298331
55117614	55118038
50616131	50616555
74945933	74946357
14291354	14291778
52264939	52265363
34191280	34191704
26452134	26452558
56656694	56657118
51159221	51159645
117211191	117211615
24881298	24881722
114374215	114374639
68880178	68880602
114223930	114224354
116970149	116970573
113122519	113122943
54345991	54346415
114256845	114257269
114569617	114570041
94077164	94077588
53646047	53646471
118327893	118328317
21850721	21851145
335570	335994
131842514	131842938
55462382	55462806
121451505	121451929
48294250	48294674
46764973	46765397
132998833	132999257
91338774	91339198
44153147	44153571
131553513	131553937
47327724	47328148
71217174	71217598
124468588	124469012
29177020	29177444
56627290	56627714
47771683	47772107
9043363	9043787
133387067	133387491
56652248	56652672
57549825	57550249
129552015	129552439
10563742	10564166
32189374	32189798
108472354	108472778
15737349	15737773
55777630	55778054
47587602	47588026
52979608	52980032
52680821	52681245
80866606	80867030
109242000	109242424
51477158	51477582
83655733	83656157
49974478	49974902
127545398	127545822
110152228	110152652
27937851	27938275
97160034	97160458
52565996	52566420
102186297	102186721
123755570	123755994
94433144	94433568
110718294	110718718
51646294	51646718
69058717	69059141
106152953	106153377
111862517	111862941
51862312	51862736
53321137	53321561
79738630	79739054
117674450	117674874
6165495	6165919
117538254	117538678
52417673	52418097
39980980	39981404
49259581	49260005
104851283	104851707
66429065	66429489
101917097	101917521
57294249	57294673
88504826	88505250
14129819	14130243
57454731	57455155
127630534	127630958
108851726	108852150
119142318	119142742
105501808	105502232
114020268	114020692
127593341	127593765
113487834	113488258
46398820	46399244
53634676	53635100
77273234	77273658
69080292	69080716
49691067	49691491
97092274	97092698
83238	83662
48424899	48425323
94290237	94290661
6297087	6297511
84896923	84897347
128675110	128675534
49741533	49741957
19892112	19892536
50019849	50020273
2692374	2692798
123905876	123906300
5998848	5999272
19014141	19014565
49012415	49012839
96456777	96457201
64981228	64981652
25710737	25711161
120972631	120973055
74806365	74806789
30990487	30990911
1086348	1086772
112962484	112962908
56984205	56984629
118109627	118110051
8809883	8810307
7539919	7540343
50639334	50639758
56895277	56895701
122287497	122287921
109125463	109125887
105772740	105773164
99222144	99222568
31477268	31477692
70058795	70059219
124018645	124019069
82021319	82021743
105898087	105898511
47588295	47588719
22682203	22682627
107130068	107130492
50464264	50464679
26427393	26427817
32994935	32995359
48336095	48336519
67555283	67555707
103311311	103311735
90343630	90344054
120875448	120875872
111470999	111471423
133215467	133215891
122176112	122176536
56334200	56334624
56099780	56100204
10875045	10875469
72658308	72658732
125218869	125219293
53593525	53593949
7341261	7341685
111057357	111057781
50364434	50364858
49370210	49370634
50710946	50711370
55016794	55017218
96602827	96603251
104264343	104264767
41405707	41406131
65088390	65088814
27386733	27387157
609013	609437
6373010	6373434
45270326	45270750
117146711	117147135
102420464	102420888
11178725	11179149
54751673	54752097
103719984	103720408
93322821	93323245
45514993	45515417
120669195	120669619
33781024	33781448
89880734	89881158
71123987	71124411
107301160	107301584
54342898	54343322
117801856	117802280
80588906	80589330
103270599	103271023
51128587	51129011
107937546	107937970
49110654	49111078
110177815	110178239
53455686	53456110
12502630	12503054
55329077	55329501
69960399	69960823
45324734	45325158
123352308	123352732
44308687	44309111
14817312	14817736
3786783	3787207
6672790	6673214
13313974	13314398
125225392	125225816
5066119	5066543
124891578	124892002
52557866	52558290
133385964	133386388
54375330	54375754
28343437	28343861
120673513	120673937
123549403	123549827
14264162	14264586
109740139	109740563
75953949	75954373
95292163	95292587
63196738	63197162
119288224	119288648
59740019	59740443
94603092	94603516
71519234	71519658
48499807	48500231
104359527	104359951
103333571	103333995
24103386	24103810
33048498	33048922
112451260	112451684
52709691	52710115
102513750	102514174
60202045	60202469
104242460	104242884
25736371	25736795
113896032	113896456
122214243	122214667
113415438	113415862
9301935	9302359
116232527	116232951
53153472	53153896
41340396	41340820
19339647	19340071
93774376	93774800
54406817	54407241
6798694	6799118
129637181	129637605
8789774	8790198
10923690	10924114
111709848	111710272
2733838	2734262
38722129	38722553
13232276	13232700
44394330	44394754
125052325	125052749
57634278	57634702
18472939	18473363
112993482	112993906
99401359	99401783
48591432	48591856
122985198	122985622
76574211	76574635
114378139	114378563
22784762	22785186
217085	217509
121213853	121214277
40840117	40840541
104970596	104971020
124646679	124647103
65277270	65277694
14391080	14391504
57844257	57844681
752375	752799
51566149	51566573
88242220	88242644
64237746	64238170
286829	287253
6432602	6433026
57628889	57629313
58145195	58145619
93964117	93964541
118344948	118345372
120692587	120693011
31165393	31165817
103134435	103134859
124339450	124339874
125053017	125053441
110841212	110841636
50655411	50655835
111765262	111765686
125137271	125137695
57664744	57665168
108993530	108993954
46286923	46287347
109690818	109691242
57197961	57198385
90356491	90356915
55840079	55840503
95977603	95978027
52935932	52936356
89671930	89672354
50416146	50416570
50289602	50290026
113530678	113531102
111443897	111444321
72148444	72148868
3764672	3765096
6382738	6383162
54185714	54186138
53574198	53574622
49330360	49330784
60499987	60500411
38536727	38537151
32184138	32184562
131303492	131303916
122834932	122835356
54748817	54749241
111769146	111769570
125089663	125090087
20799125	20799549
42538437	42538861
130505542	130505966
76741990	76742414
2144220	2144644
130549515	130549939
96636457	96636881
129210478	129210902
6124457	6124881
113163180	113163604
50628156	50628580
120796120	120796544
102016618	102017042
90407236	90407660
131754371	131754795
21766748	21767172
8185485	8185909
132312706	132313130
52672931	52673355
69782059	69782483
52376263	52376687
66239570	66239994
26276089	26276513
121063446	121063870
29151945	29152369
11659442	11659866
54133950	54134374
22867920	22868344
7592660	7593084
10306017	10306441
131958878	131959302
52646075	52646499
1900477	1900901
57495745	57496169
122018923	122019347
72140956	72141380
7153665	7154089
131644171	131644595
57539292	57539716
132281825	132282249
58499513	58499937
23514906	23515330
104852173	104852597
49980932	49981356
89814867	89815291
52939962	52940386
13288630	13289054
29462242	29462666
