2952714	2953275
15691476	15691927
53036628	53037068
33247670	33248205
41336559	41337031
31737524	31737937
73121869	73122277
30098780	30099192
41286587	41286970
33358959	33359405
154996690	154997094
2932403	2932791
44119578	44120008
25992717	25993154
31514393	31514776
29720814	29721174
29617799	29618250
31461554	31461917
44280961	44281329
42071861	42072356
131949321	131949721
35265347	35265710
35208852	35209255
30509241	30509589
43737130	43737538
31367319	31367694
30796270	30796626
36308710	36309085
35435884	35436242
43111225	43111643
42134157	42134764
44140436	44140831
42515325	42515660
3251681	3252075
41888979	41889365
36270221	36270623
31697109	31697496
126277720	126278162
42011945	42012316
136547371	136547732
37659772	37660139
44042239	44042639
32806447	32806797
47277629	47277987
147178577	147178922
161794904	161795281
44623202	44623630
6697122	6697477
170190182	170190620
30646701	30647072
44443426	44443791
36726937	36727260
44046896	44047265
27740207	27740578
34164006	34164362
31334677	31335012
110026404	110026751
31763607	31763959
43634936	43635309
111580188	111580539
31548555	31548968
36985966	36986751
31648492	31648840
37759191	37759576
5214993	5215344
149867249	149867644
43474423	43474813
159125223	159125641
33553419	33553783
26596015	26596370
32383181	32383567
35309983	35310331
36648238	36648604
41904041	41904438
159595311	159595644
20126978	20127349
40995722	40996113
36733936	36734269
37282653	37283013
30364636	30365037
37139960	37140303
143748356	143748706
44235756	44236118
44205634	44206058
30421353	30421750
170231741	170232101
28510317	28510690
1397223	1397569
36997062	36997405
30070804	30071167
16771210	16771565
31566371	31566695
32086595	32086958
34122540	34122907
43422233	43422578
151645397	151645761
148880881	148881215
26026515	26026861
158493170	158493568
149753156	149753482
166689176	166689527
160940884	160941263
37175821	37176156
29815826	29816156
33557464	33557833
36062960	36063295
161791852	161792205
10801486	10801837
35490581	35490979
29039891	29040259
42694339	42694710
30845484	30845840
86192845	86193167
37178221	37178602
31036638	31036995
37019235	37019586
33267448	33267775
45898182	45898517
33216123	33216455
44437520	44437907
73839648	73839985
164377675	164378009
156983100	156983437
39277734	39278060
6557181	6557541
30690402	30690735
39270977	39271335
43691560	43691908
44030535	44030899
159463635	159463986
7276180	7276519
47755798	47756144
16277560	16277880
36591216	36591549
33600313	33600693
159139509	159139870
136871532	136871970
3411125	3411507
43231217	43231530
156885534	156885863
157505409	157505761
35995152	35995489
31657272	31657667
188822	189137
41559766	41560124
33730009	33730320
27094834	27095197
33712163	33712544
41754875	41755513
1596512	1596806
14144870	14145198
2791451	2791772
16332335	16332685
27655208	27655548
151007074	151007391
2634716	2635060
169295153	169295452
40276452	40276803
158177657	158178063
32015877	32016254
151996889	151997238
30640736	30641075
160876989	160877371
16965112	16965469
130096269	130096630
39197277	39197648
158294814	158295120
39134195	39134542
16331573	16331909
37293540	37293878
3742624	3742960
144263238	144263662
29557242	29557583
41649909	41650243
159525121	159525474
31105229	31105567
6547312	6547623
38997237	38997557
83777115	83777464
3732800	3733153
150247360	150247702
8983377	8983713
142468028	142468359
150401807	150402128
166795295	166795676
126317160	126317457
34360478	34360829
11144605	11144917
10954762	10955087
32952604	32952926
3991090	3991443
33129210	33129592
6677055	6677374
150392125	150392561
151335469	151335824
44201876	44202224
105130951	105131270
88032036	88032403
33668279	33668581
163591300	163591658
109235460	109235808
53590650	53590956
41651348	41651684
32381206	32381557
80487719	80488058
217088	217438
138026495	138026788
41007036	41007398
148899330	148899654
41743671	41743987
112364241	112364569
34022992	34023351
36853371	36853696
132600709	132601196
166263977	166264280
7239048	7239383
33679430	33679760
39315653	39315952
2158835	2159162
136965302	136965640
26341857	26342146
139309362	139309698
43726201	43726636
112364855	112365235
32212717	32213047
7339354	7339707
35262136	35262489
11575808	11576102
13795347	13795656
43464418	43464748
30449856	30450140
107318860	107319179
16206814	16207119
105851271	105851632
137397692	137398012
85132120	85132427
35172878	35173169
44272515	44272870
41673616	41673945
52128577	52128892
41747638	41747942
41570803	41571134
42869241	42869553
28806680	28806979
38839746	38840089
15464580	15464884
17804457	17804767
31685345	31685652
35520088	35520425
43742476	43742825
36390927	36391230
3126608	3126911
160955256	160955580
147827761	147828096
16128884	16129250
10510786	10511085
80579338	80579657
13873992	13874334
46816676	46816998
158641907	158642210
13336745	13337039
39833118	39833427
20291951	20292252
42043273	42043577
143014032	143014354
153218972	153219275
37534104	37534482
118939948	118940277
52926549	52926885
5030902	5031227
144334596	144334898
31164733	31165047
44189280	44189612
52463066	52463359
722039	722310
43197079	43197400
149886716	149887004
31920164	31920461
148281	148997
52859902	52860251
134432249	134432565
90081777	90082105
32764810	32765151
36328313	36328616
35704083	35704399
125474684	125475004
35705324	35705642
170838958	170839261
71079090	71079386
165341080	165341374
31409435	31409756
166298355	166298690
43097593	43097872
27759882	27760462
5143895	5144194
41814561	41814861
136929378	136929657
133120121	133120436
97345651	97345981
133089162	133089635
33165300	33165613
31759128	31759460
64308504	64308827
26066183	26066452
31095888	31096211
143896547	143896820
30565121	30565457
119121711	119122014
2750253	2750567
11172769	11173102
70876303	70876596
138909971	138910263
90319816	90320124
27046670	27046972
57181351	57181651
6724795	6725083
27863309	27863613
37349325	37349621
37621735	37622058
161171250	161171548
126227586	126227888
125635306	125635585
134237734	134238015
41703261	41703545
16409945	16410262
150044994	150045311
109103541	109103834
159555806	159556086
44306320	44306597
32821754	32822047
39070095	39070406
33739295	33739601
161413836	161414091
13575470	13575770
29981180	29981435
134158936	134159232
168770961	168771258
150161733	150162044
18596506	18596808
52704418	52704705
166519619	166519899
87788758	87789050
74442850	74443169
7243751	7244063
86064789	86065082
108169498	108169775
38964941	38965233
138430587	138430882
135144099	135144391
167764915	167765219
134385015	134385310
52589255	52589562
144261192	144261496
47381774	47382044
135505014	135505321
31055352	31055641
91189060	91189367
135483839	135484119
34954568	34954843
2738677	2738946
26572886	26573189
15390591	15390872
143144097	143144406
126080240	126080568
31364723	31365016
15491675	15491952
31459731	31460014
134138628	134138939
107996564	107996870
24581350	24581656
83775448	83775746
4156153	4156449
29670320	29670635
25556710	25556971
33059770	33060080
33995395	33995718
148785920	148786218
32901396	32901674
26607653	26607904
14129809	14130073
110360672	110360961
41246772	41247041
27219504	27219820
90996663	90996927
13615356	13615633
36750630	36750930
169284747	169285059
75918688	75918978
33093914	33094237
13909149	13909442
27486634	27486929
157735761	157736064
31740651	31740947
159531049	159531333
31856597	31856912
71594134	71594439
158635227	158635508
5471261	5471514
35107721	35108012
34131604	34131888
11241977	11242254
109509054	109509341
104973648	104973908
112484594	112484894
28739507	28739799
37027054	37027333
109156476	109156771
150155722	150155980
29802622	29802953
32836038	32836318
43823943	43824233
31047609	31047890
161088993	161089260
43576073	43576343
39329827	39330095
36818951	36819214
52747185	52747457
149269076	149269345
143834549	143834828
31051774	31052102
43741105	43741430
137635471	137635739
150255354	150255629
30698659	30698961
158088244	158088548
148466101	148466379
74290007	74290273
56819986	56820284
43806069	43806369
24521242	24521520
44424050	44424337
151213084	151213364
27577110	27577405
41431088	41431364
3002145	3002428
100315997	100316254
18504258	18504526
42629332	42629609
125513496	125513769
11496509	11496781
33244921	33245207
5379926	5380192
88639567	88639826
3279833	3280103
155473422	155473679
36582989	36583253
3978494	3978799
69677987	69678287
143658762	143659065
112318374	112318680
36989504	36989787
25788809	25789098
138029060	138029332
42499827	42500120
166726768	166727071
142887952	142888250
5004253	5004511
25071048	25071322
50783861	50784127
5057368	5057679
134962140	134962395
30186974	30187241
126179905	126180178
149364639	149364909
36985966	36986751
43919021	43919307
33140483	33140730
137910552	137910854
161154142	161154412
15441532	15441791
74385253	74385517
25490357	25490626
158626340	158626640
29705872	29706130
27156644	27156926
149403436	149403720
6315952	6316221
116589751	116590025
41869934	41870224
29596425	29596722
39269434	39269756
166511422	166511709
106532579	106532852
163602232	163602518
24934105	24934366
3748542	3748817
120063400	120063631
17815619	17815894
24856255	24856528
28984849	28985231
52516888	52517183
41335466	41335748
17584463	17584706
11044697	11045030
27763704	27763982
108863249	108863522
34216807	34217085
150656342	150656587
158447322	158447580
138322957	138323222
49998710	49998985
117996372	117996646
130342231	130342497
16316966	16317240
113201068	113201353
165462950	165463186
786985	787289
84245808	84246091
27720054	27720324
157882680	157882962
84221587	84221887
30883315	30883591
159572388	159572618
160030072	160030335
99968720	99968999
34577393	34577656
169357026	169357264
33091535	33091769
145955186	145955458
108301562	108301836
53302440	53302688
28323955	28324232
44635919	44636190
158368293	158368538
85725188	85725429
99293703	99293969
137114145	137114429
53275529	53275768
69488578	69488821
49574878	49575121
52264623	52264898
28367438	28367700
24583716	24583974
26003373	26003640
37451985	37452255
408683	409098
3330455	3330757
41392283	41392524
4210913	4211169
47015345	47015617
151139011	151139264
81048015	81048255
25223757	25223997
150716625	150716881
10887127	10887390
32122425	32122692
15893847	15894110
136638222	136638487
34427705	34427979
138121159	138121397
111963838	111964073
167188756	167189000
89991564	89991840
138266103	138266364
133284168	133284392
159214511	159214761
21589507	21589791
168461204	168461461
26521880	26522144
167555723	167555989
168168047	168168317
26097574	26097806
30712005	30712240
80254828	80255091
83924934	83925183
40880155	40880397
53349501	53349751
35725295	35725572
37271721	37271993
74098481	74098718
160559305	160559564
158402369	158402705
33115918	33116165
45890585	45890831
86033219	86033467
36091622	36091888
69053854	69054109
36692472	36692678
41159367	41159600
42182561	42182803
3933375	3933633
33736377	33736666
2449086	2449315
134495158	134495382
44221279	44221499
155249555	155249795
85836701	85836956
24667288	24667492
36945196	36945422
152659732	152659987
159081333	159081591
87646828	87647062
116882630	116882870
35551663	35551897
32753745	32753960
26322318	26322599
28805203	28805420
170826190	170826423
166744268	166744477
164527575	164527828
25265968	25266227
44462044	44462268
90077903	90078146
41034639	41034872
168756645	168756903
7723286	7723529
3372500	3372747
53593457	53593685
5175517	5175727
42844856	42845112
45468734	45468995
25720719	25720964
127587596	127587835
138608440	138608667
44064517	44064742
127442585	127442847
38461797	38462036
26064796	26065013
37505975	37506192
20404872	20405104
37673211	37673491
6788710	6788932
135203672	135203923
40967337	40967599
6759475	6759742
112042919	112043185
142859060	142859321
107349224	107349485
106787288	106787518
34214347	34214611
166814374	166814593
69282470	69282716
97634366	97634590
137289324	137289585
1524282	1524490
73290144	73290394
28652072	28652320
70506832	70507091
13195187	13195417
43784978	43785242
5950809	5951049
108847961	108848200
167364876	167365154
41410523	41410765
85138105	85138339
42976937	42977164
51824633	51824847
30512523	30512767
42104252	42104463
159127507	159127754
139571761	139571996
52151680	52151940
74019948	74020248
49377722	49377954
2989256	2989536
32668344	32668577
138328171	138328352
47065149	47065384
155054385	155054624
143913556	143913771
12289648	12289881
169821116	169821352
107014487	107014710
31160364	31160617
26569419	26569657
7107050	7107264
125476002	125476240
40820877	40821091
147021311	147021548
38941057	38941270
33819728	33819950
132244571	132244802
38741241	38741430
91103091	91103313
30137844	30138098
143554048	143554332
99600024	99600234
28072407	28072663
90650250	90650455
12638305	12638552
32084576	32084795
35417264	35417503
14046789	14047003
31553375	31553597
100449844	100450091
14711353	14711571
6675173	6675419
2354210	2354420
12606092	12606321
151797105	151797341
28737589	28737827
150186149	150186385
41754216	41754484
73844312	73844523
40813439	40813684
134499672	134499909
6495038	6495258
28956330	28956584
33547933	33548188
138186100	138186344
1604611	1604855
2998511	2998711
106283319	106283552
29621274	29621513
150740211	150740456
42198094	42198312
33386263	33386442
33551429	33551689
52861518	52861735
143600630	143600836
32921085	32921259
90142640	90142880
90021504	90021715
41149911	41150102
130073089	130073280
131193475	131193733
149347718	149347941
138912096	138912332
49499882	49500110
159961292	159961536
134242497	134242721
19852127	19852358
137248537	137248756
31070240	31070461
137592806	137593009
18324452	18324695
131206570	131206788
150739370	150739579
34211701	34211934
52441440	52441694
7615783	7615999
166142885	166143113
158018821	158019036
2765554	2765812
153345635	153345852
52680368	52680611
73890822	73891050
30653211	30653409
12894214	12894418
38639717	38639943
142528623	142528830
83767538	83767699
45682539	45682780
26217353	26217540
132231180	132231399
44398953	44399144
142433663	142433892
161796321	161796494
24431296	24431541
112350484	112350696
100194253	100194489
141884019	141884256
10429943	10430148
125632284	125632495
27125787	27126047
30325426	30325696
160263153	160263358
99873739	99873965
1437021	1437235
111200440	111200614
155648738	155648936
32935398	32935605
26175715	26175922
58287666	58287913
43636052	43636288
30379291	30379518
26189218	26189338
24992142	24992411
161774395	161774631
150067523	150067762
130643900	130644111
163975799	163976008
76644729	76644916
35295323	35295522
107639411	107639629
134245148	134245369
119450617	119450838
3511751	3511996
160112358	160112552
30043610	30043858
33479926	33480169
11655899	11656092
47748594	47748785
1515644	1515878
24283510	24283719
52528504	52528760
84937713	84937927
151227023	151227208
32982627	32982814
12890502	12890721
144537337	144537659
52281447	52281619
2917485	2917654
14067127	14067325
34495019	34495249
152623182	152623359
154822048	154822253
139690714	139690915
33313094	33313313
151656036	151656262
39860390	39860600
89490579	89490810
42064103	42064301
108025691	108025883
116853247	116853439
122813166	122813359
29586015	29586199
64284301	64284511
16169214	16169418
4844294	4844718
33640658	33640890
13847101	13847314
107780633	107780815
40862734	40862926
30451558	30451739
8131575	8131789
119215140	119215382
139540420	139540619
168368882	168369112
36107295	36107489
44232721	44232907
161839512	161839704
4848971	4849164
16286373	16286584
42866689	42866911
2912028	2912221
31026158	31026381
30464445	30464656
108371139	108371343
148498836	148499031
116332049	116332247
108437039	108437247
132600709	132601196
33396389	33396578
132236386	132236600
82463660	82463884
147106232	147106444
84224694	84224892
146864534	146864673
137962736	137962928
84569388	84569578
155189299	155189485
105389388	105389605
151983170	151983370
137736832	137737006
5136116	5136292
2846617	2846842
29673536	29673725
119438168	119438344
122851674	122851890
80523689	80523891
159026421	159026588
126210531	126210740
152085537	152085736
158939695	158939877
26104322	26104564
14281122	14281255
37453064	37453221
42134157	42134764
133089162	133089635
43920528	43920737
126354892	126355084
1424627	1424840
5422653	5422858
155589306	155589519
28499589	28499805
18824127	18824327
44067905	44068107
2505971	2506149
100555396	100555606
10404283	10404495
153269451	153269575
2209563	2209760
152527668	152527847
33926448	33926670
7814044	7814224
111378587	111378793
10759695	10759894
44225308	44225541
51720165	51720359
37709878	37710015
83765184	83765353
160509523	160509751
151969218	151969358
114180221	114180415
158553060	158553275
154936895	154937044
46378184	46378350
106892879	106893090
150472353	150472564
28777892	28778056
152086649	152086842
116608928	116609123
164530753	164531177
53158985	53159097
137487251	137487467
39157802	39158022
117926462	117926671
70545694	70545885
110849335	110849521
71665700	71665906
46057966	46058147
150250650	150250860
40296472	40296646
162169934	162170151
135827540	135827686
75914039	75914214
97842106	97842315
136231018	136231215
34826572	34826762
150338082	150338287
153185112	153185294
43037821	43038019
133144197	133144396
25279014	25279438
155495954	155496080
31519203	31519405
99778052	99778244
122702743	122702904
32055431	32055653
139013377	139013593
129896518	129896685
2196427	2196600
111531613	111531758
135857162	135857333
33393788	33393989
34383104	34383333
53583759	53583955
116832599	116832802
1382181	1382294
16763361	16763500
30206336	30206460
21935921	21936039
160054323	160054518
91207256	91207423
120287750	120287962
30789803	30789989
33050594	33050774
35536833	35536992
44214013	44214125
56179586	56179775
43302296	43302496
109848303	109848446
130257796	130257931
27180865	27181042
31010613	31010821
52769472	52769640
28948828	28949252
139137267	139137480
10478666	10479090
44598242	44598365
40518091	40518265
35383064	35383269
144906460	144906659
15642659	15642817
35114275	35114442
158927773	158927931
17156429	17156573
143497354	143497518
138437104	138437308
111003646	111003818
25153389	25153570
38970950	38971149
106808317	106808472
50759717	50759907
41302539	41302725
28351423	28351580
52099118	52099282
126492005	126492429
105872149	105872260
167702186	167702610
53409463	53409640
74225398	74225597
88101145	88101348
127786126	127786263
109557574	109557998
127508159	127508359
157197366	157197790
157548985	157549116
161814953	161815099
85677230	85677382
84302622	84302813
47320034	47320165
119056593	119056711
69362110	69362534
129888622	129888755
797485	797909
71722529	71722953
131781223	131781368
129919507	129919679
147543654	147544078
32162878	32163132
43969091	43969289
133890086	133890290
26250345	26250769
137415588	137415765
117799711	117799866
29615856	29616012
32967960	32968069
107435531	107435728
119432002	119432196
134418388	134418524
168472385	168472543
37605647	37605834
138188226	138188415
40792145	40792367
56457815	56457977
18990701	18990851
36411807	36412231
151136348	151136523
167533685	167533806
154269062	154269201
20092326	20092547
135744906	135745018
34950056	34950480
149350091	149350237
26493639	26493773
151727289	151727476
162116161	162116320
132016076	132016263
16129591	16129813
815480	815589
156681171	156681325
30461486	30461910
110374924	110375102
8219697	8219870
4936983	4937096
87416280	87416444
116433183	116433362
26204465	26204889
108496639	108497063
31774296	31774720
32202796	32202908
167200275	167200422
37980481	37980670
36213595	36213717
151868388	151868812
3849372	3849796
161573930	161574354
82750367	82750554
36561956	36562125
139446132	139446261
42531448	42531616
13625075	13625499
91186364	91186508
157355603	157356027
40973833	40974257
137167274	137167462
39948891	39949071
100927418	100927560
46010292	46010399
159673863	159674287
54582611	54583035
144903080	144903194
154475653	154475778
84994277	84994383
138325712	138325861
80577836	80578260
143348172	143348596
114316156	114316279
39419711	39419914
167411351	167411506
34528627	34529051
142310386	142310810
6928283	6928707
134386980	134387128
1793179	1793603
322197	322621
25018307	25018467
15327513	15327937
28654296	28654471
127837922	127838091
18156130	18156554
126112693	126113117
107056087	107056211
137892979	137893403
158564824	158564988
118605084	118605238
140427157	140427275
112031050	112031474
160524459	160524638
132805433	132805557
34724302	34724496
12504697	12504871
7940992	7941416
153196068	153196492
99567271	99567695
117771098	117771271
2783520	2783944
16183301	16183725
18264894	18265318
157460398	157460822
164768448	164768872
30910324	30910748
31564855	31565013
20056736	20056885
36043468	36043892
109704373	109704797
99782508	99782686
109394543	109394967
27598490	27598914
17086710	17086879
26031962	26032386
43395106	43395530
136656064	136656247
121376842	121376972
105535447	105535871
159291086	159291207
161113558	161113682
168733854	168733995
24205193	24205617
144426026	144426450
119097801	119097984
112658368	112658792
87849100	87849255
69348144	69348568
7899201	7899625
80924266	80924418
7994349	7994455
107957856	107957999
57412228	57412652
29653638	29653794
144020077	144020188
80423544	80423707
56460269	56460693
3239652	3240076
161354387	161354509
41274183	41274303
3885834	3886258
7143833	7144257
16339238	16339662
71085595	71086019
74513623	74513775
136868593	136868755
51798897	51799321
164461109	164461533
110104552	110104716
70813676	70814100
32915575	32915999
113101834	113101956
105932536	105932960
16511411	16511524
36164035	36164459
76236364	76236471
33382461	33382670
31038571	31038707
13332198	13332306
73334293	73334717
6057657	6058081
117290373	117290797
76641743	76642167
120377331	120377468
130051620	130052044
87566640	87567064
114429536	114429960
110663266	110663384
161522539	161522963
127741703	127741858
24359871	24360295
44561155	44561579
14397358	14397782
146209281	146209402
80658840	80659264
154477130	154477554
6131849	6131964
30638506	30638930
45387343	45387463
19812866	19812998
17702218	17702359
134478025	134478169
12234229	12234653
4957710	4958134
145252668	145252837
56224155	56224266
73270677	73271101
4018557	4018981
90680467	90680576
168594993	168595417
894411	894518
149881785	149882209
4021721	4022145
46958729	46958855
74036469	74036608
42052601	42053025
159638515	159638939
138838710	138839134
106782991	106783159
25890657	25891081
56234976	56235089
17600371	17600494
7992372	7992493
3157818	3157950
42931731	42931863
37528185	37528609
11585790	11585911
119399886	119400310
31442666	31443090
112120768	112121192
100353370	100353794
73232455	73232879
150328334	150328548
41769139	41769563
131840857	131840978
14211326	14211750
150219413	150219837
118730002	118730426
118872255	118872679
13229428	13229571
43254749	43255173
33086269	33086693
86632616	86633040
53599952	53600083
82715837	82716261
129821993	129822417
148501081	148501238
129992879	129993303
129573224	129573648
46823670	46824094
142795818	142796242
108188156	108188580
13927380	13927804
85395690	85396114
57132816	57133240
133258628	133258794
130686425	130686849
28101748	28102172
138830658	138830773
39059931	39060355
135466071	135466495
91650696	91650815
19473039	19473463
142795574	142795998
116857422	116857543
74801049	74801473
46188878	46189302
14864112	14864536
28831855	28832279
29570721	29571145
20528544	20528968
157695730	157696154
24492857	24492997
10465920	10466344
71081175	71081599
97945594	97946018
158183614	158184038
33790490	33790626
34759179	34759603
24389582	24389779
161919478	161919902
106671147	106671571
3825823	3825929
12151039	12151463
148281	148997
118901968	118902392
27721794	27722218
53844252	53844676
25942766	25943190
123160741	123160867
140373854	140374278
6647072	6647496
32053574	32053998
31082775	31083199
33670111	33670535
110499724	110500148
3056211	3056635
7847427	7847851
30004974	30005398
124123669	124124093
89692355	89692779
132851491	132851915
88102873	88102998
123051909	123052333
12844899	12845323
135772729	135773153
37575744	37576168
160581430	160581854
42277464	42277888
51914263	51914687
153552145	153552569
166303551	166303975
162343844	162344268
24525021	24525445
147212016	147212440
26420796	26421220
91791163	91791587
51928283	51928707
84594150	84594574
118830152	118830576
43945012	43945436
43921455	43921879
53016573	53016745
31410418	31410546
109214580	109215004
130469435	130469593
56716542	56716966
42054209	42054315
45914134	45914558
17584586	17585010
161151936	161152360
33935717	33936141
74448814	74449238
144803369	144803489
162039831	162040255
6222344	6222768
75920999	75921137
36778097	36778521
33168857	33169281
155569526	155569950
53820860	53821284
30881744	30882168
34482296	34482720
3069066	3069490
135760041	135760465
151186508	151186932
135408498	135408922
56435528	56435952
3457276	3457700
36669327	36669751
12075374	12075798
163837771	163838195
161188381	161188805
113627729	113628153
131164685	131165109
80280436	80280860
167120490	167120914
169612983	169613407
110968154	110968578
110712044	110712468
5746620	5747044
34111740	34112164
25013490	25013914
170190182	170190620
157342682	157343106
3209286	3209710
97663095	97663201
6712677	6713101
129691546	129691970
160075563	160075987
3312032	3312456
168602023	168602447
3148394	3148818
38763278	38763702
170097204	170097628
75940214	75940638
686542	686966
100564511	100564935
150144126	150144550
136523414	136523838
160284448	160284554
47599021	47599445
154665086	154665510
169114031	169114455
41196317	41196741
2524363	2524787
146250153	146250577
152873718	152874142
84324684	84325108
114257264	114257688
151063059	151063188
46387261	46387685
132919578	132920002
42532933	42533357
170884267	170884691
129820113	129820537
28816633	28816800
19873251	19873675
118297170	118297594
29619544	29619708
76564723	76565147
10435275	10435699
39345340	39345472
5398704	5399128
160999444	160999868
138061991	138062415
35916509	35916933
140762426	140762850
11264320	11264744
46749188	46749612
80382324	80382748
69471185	69471609
31838102	31838526
160493341	160493765
11094069	11094493
4727792	4728216
33017104	33017528
6225150	6225574
157366988	157367412
41904041	41904438
134294514	134294938
26258492	26258916
114200688	114201112
147223474	147223898
89175462	89175886
152445534	152445958
123110612	123111036
108819113	108819537
10031195	10031619
88193720	88194144
31890699	31891123
29664289	29664713
141242732	141243156
53357699	53358123
167403099	167403523
56708934	56709358
135410355	135410779
32081615	32082039
149838611	149839035
99906172	99906596
87776129	87776553
117877050	117877474
17167591	17168015
118886441	118886865
166490124	166490548
4920537	4920961
11947271	11947695
150238357	150238781
29404472	29404896
97884831	97885255
29944180	29944604
16184305	16184729
42290405	42290829
121722025	121722131
14044326	14044750
167669386	167669810
42228706	42229130
168420246	168420670
90502590	90503014
32222971	32223175
119469669	119470093
35923746	35924170
89693276	89693700
117638425	117638849
126090959	126091383
2104487	2104911
140248427	140248851
159112471	159112635
6694565	6694989
41418820	41419244
168518611	168519035
30500233	30500657
15512389	15512813
126497383	126497807
100270623	100271047
89309245	89309669
76603031	76603455
17907987	17908411
16514547	16514971
150141643	150142067
579336	579760
303840	304264
167914187	167914611
139685513	139685937
18121773	18122197
87986806	87987230
111332805	111333229
80355698	80356122
161558351	161558775
4645931	4646355
149410629	149411053
51618425	51618849
26544177	26544601
148095965	148096389
144408936	144409360
157073636	157074060
84127597	84128021
56756567	56756991
31706178	31706602
123047729	123048153
42364441	42364865
80404339	80404763
19869710	19870134
70930670	70931094
163761630	163762054
133874960	133875073
32922772	32923196
34551139	34551563
119606051	119606475
144385051	144385475
125080521	125080945
71019745	71020169
138725366	138725524
37548669	37549093
28864765	28865189
3196091	3196515
111270901	111271325
24695905	24696039
5303466	5303890
33375104	33375528
153274245	153274669
3338076	3338500
148487521	148487945
43365739	43366163
168846	169270
25718388	25718812
27618548	27618972
131504006	131504430
27182358	27182782
129942372	129942796
85484428	85484852
75976411	75976835
157702565	157702989
70818109	70818533
69178390	69178814
47047350	47047774
31012096	31012520
34512549	34512973
93354007	93354431
151250014	151250438
13251483	13251907
116217697	116218121
32937763	32938187
116422089	116422513
134772655	134773079
112617296	112617720
52027693	52028117
30685308	30685732
15337816	15338240
140202766	140203190
160683316	160683740
107453550	107453974
68906523	68906947
43543779	43544203
100908426	100908850
39127429	39127853
42096728	42097152
123190553	123190977
46623454	46623878
165511653	165512077
109718229	109718653
108840146	108840570
151149252	151149676
43938590	43939014
130186135	130186559
34035577	34036001
57445513	57445937
32136029	32136453
107976447	107976871
138260986	138261410
38901159	38901583
134272965	134273389
551371	551795
40504134	40504558
73995411	73995835
137143895	137144319
116966700	116967124
13916056	13916480
33352290	33352714
137113652	137113886
37617681	37618105
104975618	104976042
34194686	34195110
85438310	85438734
67776325	67776749
43138970	43139394
20400687	20401111
41569352	41569776
37700444	37700868
34215419	34215843
162081851	162082275
168299363	168299787
80842643	80843067
112633129	112633553
78167463	78167887
136353116	136353540
166648571	166648995
108571650	108572074
90011890	90012314
125435366	125435790
10256319	10256743
6702047	6702471
4055666	4056090
161850965	161851389
109766555	109766979
47701880	47702304
593148	593572
20529319	20529743
131520776	131521200
33247670	33248205
167897714	167898138
56769336	56769760
136663067	136663491
50569897	50570321
10421232	10421656
119399081	119399505
5078547	5078971
41040828	41041252
147704064	147704488
7669956	7670380
166879142	166879566
34205721	34206145
133833557	133833981
13574457	13574566
117293096	117293520
27145449	27145873
108466819	108467243
16239801	16240225
161621613	161622037
170569761	170570185
79758361	79758785
49817281	49817705
147326575	147326999
161100435	161100859
14510261	14510685
88506225	88506649
135261958	135262382
158109962	158110386
3238421	3238845
27343481	27343905
136659664	136660088
52370534	52370958
164129033	164129457
43768796	43769220
40842246	40842670
27129593	27130017
11618754	11619178
122170641	122171065
76077738	76078162
10415311	10415735
143067618	143068042
44095979	44096403
7255089	7255513
150390329	150390753
119654835	119655259
111682838	111683262
33780419	33780843
161865485	161865909
39838705	39839129
155498460	155498884
51885730	51886154
144540224	144540648
56502326	56502750
159884447	159884871
69684966	69685390
47040773	47041197
69023797	69024221
169726519	169726943
99217412	99217836
24601121	24601545
26389467	26389891
16496482	16496906
89952295	89952719
116159955	116160379
14464318	14464742
4957911	4958335
140317570	140317994
25027371	25027795
167459271	167459695
68936370	68936794
148929654	148930078
67635892	67636316
3978601	3979025
149866270	149866694
11596194	11596618
39870514	39870938
166856659	166857083
123736961	123737385
49516321	49516745
50783112	50783536
34157869	34158293
119672067	119672491
138750101	138750525
73326107	73326531
43275852	43276276
161772928	161773352
110187165	110187589
32134516	32134940
51952467	51952891
53544213	53544637
114230419	114230843
135732463	135732887
44047065	44047489
2761526	2761950
65215177	65215601
151408951	151409375
11013847	11014271
114417696	114418120
161661542	161661966
56885928	56886352
145363679	145364103
138450356	138450780
26267298	26267722
162863688	162864112
74679695	74680119
52272141	52272565
30415002	30415426
111348397	111348821
7425173	7425597
13428412	13428836
10771454	10771878
154598380	154598804
36514613	36515037
140748978	140749402
130603380	130603804
135062230	135062654
147712072	147712496
108434656	108435080
12911581	12912005
11069187	11069611
2695662	2696086
27787447	27787871
42753862	42754286
136610200	136610624
4008633	4009057
74320179	74320603
157931354	157931778
105219104	105219528
34941297	34941721
28180127	28180551
109762437	109762861
16353010	16353434
160888470	160888894
149511346	149511770
123701426	123701850
33172933	33173357
32793643	32794067
116461031	116461455
125117008	125117432
156940047	156940471
106240973	106241397
136259715	136260139
118150972	118151396
32659806	32660230
28949595	28950019
37457532	37457956
31831574	31831998
132990770	132991194
43113963	43114387
27777910	27778334
117602070	117602494
1263354	1263778
9540718	9541142
78360008	78360432
44081129	44081553
155516999	155517423
80296261	80296685
150507666	150508090
159429559	159429983
109849189	109849613
34240307	34240731
4806258	4806682
74564690	74565114
24274678	24275102
158403840	158404264
56628819	56629243
160240035	160240459
132619474	132619898
148127858	148128282
152589389	152589813
53515931	53516355
85472338	85472762
159421071	159421495
164518562	164518986
150589241	150589665
37144955	37145379
121147390	121147814
130614919	130615343
90921968	90922392
13454797	13455221
112693399	112693823
125833750	125834174
33332957	33333381
20564403	20564827
105957804	105958228
32163303	32163727
116538139	116538563
15274908	15275332
2998676	2999100
36547358	36547782
82980473	82980897
105879059	105879483
167177603	167178027
108813319	108813743
57540353	57540777
136080946	136081370
139087040	139087464
127623834	127624258
69110257	69110681
166833869	166834293
31620535	31620959
155026609	155027033
106534052	106534476
160362711	160363135
106181430	106181854
169889930	169890354
166795482	166795906
35272855	35273279
76272694	76273118
31797677	31798101
43845500	43845924
121675851	121676275
161560980	161561404
153833250	153833674
130007233	130007657
101105590	101106014
39056065	39056489
168533550	168533974
30653337	30653761
34030580	34031004
134444691	134445115
160273877	160274301
168551530	168551954
117100717	117101141
30580035	30580459
122682680	122683104
40680695	40681119
125191727	125192151
111799902	111800326
90654512	90654936
159016229	159016653
170831855	170832279
160179508	160179932
62859961	62860385
39329934	39330358
126295381	126295805
157755947	157756371
138724497	138724921
151361997	151362421
134758495	134758919
32028806	32029230
132621444	132621868
31341889	31342313
40742682	40743106
159393303	159393727
32208384	32208808
146362401	146362825
2483008	2483432
2744557	2744981
20069491	20069915
112501251	112501675
12603632	12604056
32853390	32853814
85473148	85473572
87739436	87739860
36773668	36774092
99915373	99915797
109159275	109159699
27440347	27440771
42136344	42136768
138243035	138243459
111887024	111887448
86369758	86370182
3295788	3296212
138610884	138611308
100624466	100624890
74098602	74099026
167185985	167186409
139694435	139694859
89580420	89580844
31745150	31745574
147728678	147729102
33808906	33809330
56573779	56574203
32121372	32121796
105307433	105307857
110778767	110779191
12158874	12159298
110839415	110839839
50029753	50030177
154487229	154487653
18303024	18303448
104773448	104773872
109416144	109416568
106537819	106538243
108681677	108682101
117589292	117589716
150673462	150673886
99287639	99288063
109504266	109504690
56820656	56821080
99689792	99690216
4254127	4254551
32150135	32150559
137334959	137335383
13328189	13328613
27463566	27463990
119217843	119218267
132128604	132129028
6105848	6106272
166261473	166261897
154691659	154692083
71611042	71611466
159379768	159380192
13278425	13278849
45345696	45346120
137982704	137983128
157479999	157480423
2842055	2842479
27082925	27083349
3258708	3259132
4313150	4313574
105237675	105238099
42143558	42143982
169111279	169111703
2599109	2599533
133036360	133036784
30689082	30689506
36807590	36808014
3229736	3230160
168459770	168460194
159125223	159125641
1893894	1894318
35387271	35387695
3206533	3206957
8006406	8006830
74018827	74019251
34605806	34606230
169521070	169521494
105525723	105526147
14118033	14118457
36841428	36841852
19904635	19905059
90888949	90889373
15254181	15254605
109776974	109777398
93520555	93520979
112191355	112191779
1364400	1364824
18139150	18139574
125420771	125421195
150991415	150991839
15623742	15624166
167126335	167126759
43726201	43726641
150259120	150259544
135396112	135396536
136529870	136530294
15752997	15753421
80141157	80141581
13538333	13538757
138599399	138599823
150274799	150275223
26592844	26593268
167631587	167632011
32096934	32097358
42051789	42052213
702064	702488
161351693	161352117
167785247	167785671
37670073	37670497
107739334	107739758
26064927	26065351
10951783	10952207
120041314	120041738
18043440	18043864
26660253	26660677
133049751	133050175
119479211	119479635
101416744	101417168
43853190	43853614
56407395	56407819
129753803	129754227
32937049	32937473
137692502	137692926
33459797	33460221
110940031	110940455
56767662	56768086
169215297	169215721
43862271	43862695
19211478	19211902
116854669	116855093
17586070	17586494
25732650	25733074
157542280	157542704
40989610	40990034
29885628	29886052
164132694	164133118
85827939	85828363
44221403	44221827
145349332	145349756
166826312	166826736
36865394	36865818
157167	157591
43323601	43324025
160141629	160142053
28361681	28362105
28583928	28584352
166570430	166570854
159589557	159589981
14475138	14475562
37138340	37138764
33217002	33217426
25602594	25603018
17987950	17988374
85259650	85260074
25710014	25710438
133282717	133283141
149777792	149778216
122354691	122355115
47445626	47446050
35699744	35700168
32399760	32400184
17505180	17505604
24494797	24495221
149294955	149295379
42515476	42515900
135997001	135997425
25556838	25557262
116765252	116765676
168451845	168452269
159719846	159720270
18997536	18997960
46644996	46645420
37019402	37019826
143888582	143889006
137946891	137947315
124036406	124036830
144357479	144357903
33586959	33587383
79943231	79943655
169687775	169688199
57396636	57397060
141998723	141999147
2596470	2596894
131583175	131583599
8195563	8195987
168249443	168249867
69686209	69686633
79321574	79321998
40555108	40555532
133361197	133361621
134159077	134159501
131019069	131019493
160999647	161000071
17103948	17104372
149558543	149558967
88947822	88948246
119056640	119057064
150275008	150275432
35163125	35163549
108050312	108050736
1552675	1553099
100526355	100526779
33998629	33999053
168939334	168939758
126682169	126682593
161259980	161260404
31657476	31657900
169391755	169392179
12045164	12045588
164076273	164076697
16764784	16765208
111989549	111989973
66347889	66348313
170738482	170738906
42387571	42387995
44044056	44044480
20025190	20025614
30860697	30861121
42531509	42531933
33143441	33143865
169845324	169845748
117923212	117923636
158319178	158319602
99667614	99668038
44203656	44204080
5402576	5403000
80444933	80445357
37992071	37992495
44437711	44438135
57181489	57181913
42231007	42231431
149067644	149068068
108298411	108298835
13737191	13737615
128058077	128058501
164150077	164150501
131437873	131438297
36947091	36947515
2854307	2854731
136904102	136904526
164000931	164001355
17820260	17820684
15286097	15286521
83775578	83776002
28463868	28464292
30883426	30883850
89832317	89832741
100250177	100250601
4790729	4791153
7157909	7158333
164287204	164287628
31856737	31857161
37333494	37333918
46594042	46594466
38165881	38166305
29079913	29080337
624858	625282
95879451	95879875
56482802	56483226
1474429	1474853
157760453	157760877
31633498	31633922
65040794	65041218
26924563	26924987
6749979	6750403
79577455	79577879
91188023	91188447
105765691	105766115
150921854	150922278
34497348	34497772
44191455	44191879
55141534	55141958
33551554	33551978
20127147	20127571
139430666	139431090
38911729	38912153
13769899	13770323
33280309	33280733
11154203	11154627
89202532	89202956
169809903	169810327
20306637	20307061
33557464	33557833
41039426	41039850
21123911	21124335
127511713	127512137
80175991	80176415
2938849	2939273
35226601	35227025
36270221	36270623
122931415	122931839
13814329	13814753
109235617	109236041
34724421	34724845
7390160	7390584
36995821	36996245
15289063	15289487
167631794	167632218
35147176	35147600
157340104	157340528
5004351	5004775
148572409	148572833
158463354	158463778
52368023	52368447
42061733	42062157
80803691	80804115
57086340	57086764
135323356	135323780
135383998	135384422
161016385	161016809
43111225	43111643
31289558	31289982
83057869	83058293
10424202	10424626
42198211	42198635
36288115	36288539
28907660	28908084
16158058	16158482
44365529	44365953
11011849	11012273
106588514	106588938
54602050	54602474
11766326	11766750
31655133	31655557
26055542	26055966
167267125	167267549
71230281	71230705
114175827	114176251
143381329	143381753
2622917	2623341
106894098	106894522
129046779	129047203
44453342	44453766
163541240	163541664
158808104	158808528
10414025	10414449
168227175	168227599
33747072	33747496
85474245	85474669
71396249	71396673
139266493	139266917
90602333	90602757
28950329	28950753
42166928	42167352
29195023	29195447
4189001	4189425
114302094	114302518
51483325	51483749
147606183	147606607
106748817	106749241
113410261	113410685
29935433	29935857
111902378	111902802
131855269	131855693
168240469	168240893
27180984	27181408
36360372	36360796
28737691	28738115
44527199	44527623
138296799	138297223
149269201	149269625
25279213	25279637
105542026	105542450
168308687	168309111
27486774	27487198
11700331	11700755
26421004	26421428
112049005	112049429
148292090	148292514
33245686	33246110
138166527	138166951
121640156	121640580
34165383	34165807
89132605	89133029
89948996	89949420
83931578	83932002
52227279	52227703
14322225	14322649
90085146	90085570
153219123	153219547
35592121	35592545
103570865	103571289
11912655	11913079
159050246	159050670
34094150	34094574
49891487	49891911
33179412	33179836
52455132	52455556
107401248	107401672
137523232	137523656
139695376	139695800
37175953	37176377
33267600	33268024
42712346	42712770
76006900	76007324
41060147	41060571
117168415	117168839
49420850	49421274
138841575	138841999
30731900	30732324
42866780	42867204
131081081	131081505
37828013	37828437
7721876	7722300
27182560	27182984
33575508	33575932
41668393	41668817
227218	227642
16713433	16713857
110730035	110730459
107400577	107401001
43769000	43769424
169887886	169888310
108020486	108020910
153275517	153275941
3259603	3260027
3122414	3122838
116638249	116638673
13487462	13487886
5965191	5965615
79519869	79520293
155295570	155295994
45389271	45389695
161210990	161211414
44613007	44613431
164021845	164022269
110012496	110012920
28109584	28110008
31409578	31410002
32163031	32163455
43463134	43463558
136871532	136871970
72093580	72094004
30881946	30882370
30797399	30797823
31127150	31127574
15770479	15770903
156423226	156423650
29478002	29478426
157948344	157948768
158626497	158626921
158865191	158865615
70920174	70920598
329910	330334
26538234	26538658
125283871	125284295
118228034	118228458
17705786	17706210
163865028	163865452
5115362	5115786
136846685	136847109
35940212	35940636
99730313	99730737
50623500	50623924
116853355	116853779
163328914	163329338
143263932	143264356
121627115	121627539
118605879	118606303
88541629	88542053
6220952	6221376
44225470	44225894
39699310	39699734
117721051	117721475
44041516	44041940
32812166	32812590
143344788	143345212
24547469	24547893
25882389	25882813
120049020	120049444
4126222	4126646
138018495	138018919
3457479	3457903
50112712	50113136
119950325	119950749
84930531	84930955
31631594	31632018
138910118	138910542
24756619	24757043
46459505	46459929
152084402	152084826
1499023	1499447
151769594	151770018
190538	190962
133151367	133151791
43179719	43180143
3777338	3777762
142709358	142709782
4319510	4319934
136341204	136341628
27983228	27983652
25961921	25962345
91113233	91113657
83493558	83493982
120299412	120299836
33794276	33794700
33110906	33111330
164767640	164768064
52969080	52969504
168445731	168446155
159948345	159948769
45689395	45689819
4857011	4857435
4021925	4022349
7339525	7339949
47209499	47209923
90641181	90641605
158986496	158986920
121751562	121751986
51085460	51085884
166090080	166090504
15787069	15787493
117667305	117667729
38688089	38688513
150677086	150677510
126101320	126101744
37180557	37180981
138190438	138190862
138608559	138608983
136700017	136700441
48732944	48733368
35403593	35404017
40442624	40443048
68643171	68643595
5938503	5938927
126274144	126274568
4282006	4282430
30949616	30950040
118097610	118098034
49590754	49591178
7673334	7673758
106603124	106603548
164393254	164393678
913059	913483
28836622	28837046
166169041	166169465
134252354	134252778
28892135	28892559
35016538	35016962
11748861	11749285
123065268	123065692
99991932	99992356
71257036	71257460
89187095	89187519
143381530	143381954
169770163	169770587
17988167	17988591
161735816	161736240
35494307	35494731
53850944	53851368
136929485	136929909
107437635	107438059
90529921	90530345
37349465	37349889
109345984	109346408
168715733	168716157
52442169	52442593
165853403	165853827
14265257	14265681
132103880	132104304
13767659	13768083
116600312	116600736
114197754	114198178
39835352	39835776
26196926	26197350
30942227	30942651
34950256	34950680
126633343	126633767
64017699	64018123
42666014	42666438
132245989	132246413
4396297	4396721
167089767	167090191
20059057	20059481
20839837	20840261
15058634	15059058
158326586	158327010
32013658	32014082
91401570	91401994
166851114	166851538
28047794	28048218
50919778	50920202
38538516	38538940
38707299	38707723
9413163	9413587
97507329	97507753
110503496	110503920
16183505	16183929
57080989	57081413
126108946	126109370
57054872	57055296
17421655	17422079
166138732	166139156
43395307	43395731
43996507	43996931
96990536	96990960
8064285	8064709
35407064	35407488
72243521	72243945
116954904	116955328
42147020	42147444
91570949	91571373
84762319	84762743
137880911	137881335
16336648	16337072
137796225	137796649
56413691	56414115
70578142	70578566
331718	332142
161282803	161283227
38002061	38002485
43370512	43370936
20686358	20686782
20907703	20908127
30509402	30509826
155851386	155851810
4620033	4620457
5610913	5611337
17469634	17470058
37350695	37351119
109403413	109403837
80294051	80294475
31802788	31803212
130544650	130545074
136965445	136965869
26319520	26319944
96371358	96371782
170601939	170602363
90204109	90204533
64632988	64633412
122797260	122797684
26596179	26596603
120308090	120308514
86901841	86902265
56157382	56157806
170752430	170752854
14281183	14281607
89685105	89685529
53357910	53358334
34074960	34075384
126871488	126871912
149638113	149638537
161795181	161795293
3887669	3888093
74258167	74258591
3068294	3068718
149969544	149969968
157007691	157008115
39337783	39338207
3163531	3163955
166797153	166797577
69367217	69367641
16819925	16820349
112437437	112437861
56622395	56622819
14192426	14192850
33926529	33926953
50811620	50812044
13100009	13100433
138328246	138328670
15249093	15249517
90984457	90984881
56860156	56860580
150282778	150283202
111532662	111533086
167370559	167370983
31804482	31804906
36066615	36067039
18122750	18123174
44191680	44192104
168579709	168580133
37506082	37506506
135861553	135861977
16739589	16740013
161876939	161877363
41004682	41005106
28574431	28574855
137060614	137061038
33091655	33092079
27661983	27662407
27126447	27126871
12275286	12275710
107397029	107397453
167343326	167343750
130618022	130618446
40711072	40711496
143457775	143458199
3162790	3163214
43716518	43716942
162258156	162258580
29040064	29040488
25153485	25153909
91691780	91692204
84907460	84907884
34029640	34030064
33464865	33465289
83422545	83422969
147523037	147523461
107057552	107057976
166191137	166191561
27858127	27858551
120699751	120700175
69285822	69286246
30975978	30976402
43576196	43576620
142477516	142477940
153314537	153314961
41336559	41337049
82750456	82750880
99578706	99579130
170749520	170749944
168143422	168143846
119665434	119665858
155764362	155764786
142393135	142393559
29323376	29323800
151215949	151216373
80113974	80114398
107506743	107507167
90321834	90322258
167365016	167365440
164323971	164324395
27774649	27775073
32428309	32428733
161978690	161979114
26003517	26003941
38811595	38812019
42165794	42166218
110112433	110112857
150336330	150336754
67268087	67268511
32882848	32883272
27556306	27556730
40639890	40640314
36779185	36779609
34211799	34212223
155126438	155126862
168852476	168852900
31160942	31161366
118032523	118032947
14317320	14317744
101167761	101168185
108864347	108864771
74508223	74508647
12482596	12483020
164093674	164094098
5950915	5951339
142859213	142859637
3710765	3711189
34543107	34543531
33502824	33503248
14706563	14706987
160137469	160137893
132250388	132250812
37225998	37226422
37274550	37274974
40772700	40773124
723613	724037
133505943	133506367
74362261	74362685
11822516	11822940
13429262	13429686
27151179	27151603
107500183	107500607
117673632	117674056
166618383	166618807
119400091	119400515
100547315	100547739
91321042	91321466
168756790	168757214
91012028	91012452
50232657	50233081
2744759	2745183
94133312	94133736
27600710	27601134
32075665	32076089
64151506	64151930
137909621	137910045
64512488	64512912
12606199	12606623
13275800	13276224
84631036	84631460
4164203	4164627
107147325	107147749
14040167	14040591
1697276	1697700
88117748	88118172
158244776	158245200
25747193	25747617
161837262	161837686
1097564	1097988
13296588	13297012
152553863	152554287
17589716	17590140
4225673	4226097
27280421	27280845
31453888	31454312
89870943	89871367
118585121	118585545
26522018	26522442
167702386	167702810
26575887	26576311
126193265	126193689
82961636	82962060
166272027	166272451
35695938	35696362
127868376	127868800
6700100	6700524
14584672	14585096
163569051	163569475
42036828	42037252
71073458	71073882
88410477	88410901
166446076	166446500
101112116	101112540
155189377	155189801
107255812	107256236
47600936	47601360
15248183	15248607
14619275	14619699
138629481	138629905
50152768	50153192
150020302	150020726
152964072	152964496
27114883	27115307
11460582	11461006
43938792	43939216
51709091	51709515
76226438	76226862
101020998	101021422
139485127	139485551
10343526	10343950
139696583	139697007
27775987	27776411
5996240	5996664
10423427	10423851
69874818	69875242
89609250	89609674
217254	217678
26607767	26608191
30072377	30072801
85489063	85489487
29944890	29945314
44096180	44096604
90245952	90246376
41149998	41150422
924104	924528
11108591	11109015
49538443	49538867
57189305	57189729
14787884	14788308
45808749	45809173
133056082	133056506
158536535	158536959
126277720	126278162
31239319	31239743
166655395	166655819
43625086	43625510
32064525	32064949
134649310	134649734
169964534	169964958
139494393	139494817
21360477	21360901
161559783	161560207
39031908	39032332
85725308	85725732
32982721	32983145
38690438	38690862
20212730	20213154
33407791	33408215
154982817	154983241
19024998	19025422
158402496	158402920
134444960	134445384
19211678	19212102
146135966	146136390
146063519	146063943
157197565	157197989
36857872	36858296
151762030	151762454
34495138	34495562
7625446	7625870
161971257	161971681
83299461	83299885
43845757	43846181
5892316	5892740
13044678	13045102
97074552	97074976
112331516	112331940
99428677	99429101
136571111	136571535
137513951	137514375
143832576	143833000
5671809	5672233
29485000	29485424
150295996	150296420
51024386	51024810
17190369	17190793
74362836	74363260
28510506	28510930
161796403	161796827
27616084	27616508
28085414	28085838
116752029	116752453
91212458	91212882
166899715	166900139
44232790	44233214
1555260	1555684
90348131	90348555
163277785	163278209
31658674	31659098
128649105	128649529
136847562	136847986
164876831	164877255
107595500	107595924
119558415	119558839
27001539	27001963
110804716	110805140
89434712	89435136
34158482	34158906
55310405	55310829
4912779	4913203
150284938	150285362
144283606	144284030
44254647	44255071
14816660	14817084
107196259	107196683
42978914	42979338
32086595	32086958
72331603	72332027
89991690	89992114
43636192	43636616
70951850	70952274
165311031	165311455
43895042	43895466
31838304	31838728
108188357	108188781
58296834	58297258
27688919	27689343
34023174	34023598
6788812	6789236
36742440	36742864
57539329	57539753
40753319	40753743
382883	383307
52149869	52150293
142794272	142794696
161394233	161394657
158917747	158918171
24766943	24767367
97888410	97888834
119289544	119289968
5766483	5766907
153048636	153049060
30317541	30317965
170918280	170918704
156031913	156032337
28809014	28809438
13913112	13913536
71429948	71430372
131070462	131070886
52071873	52072297
105140677	105141101
7616263	7616687
129761816	129762240
147830155	147830579
116892477	116892901
32136866	32137290
52561194	52561618
155589412	155589836
34533628	34534052
134779074	134779498
51215069	51215493
131918509	131918933
3164639	3165063
119047109	119047533
101674745	101675169
36699610	36700034
20454374	20454798
163848828	163849252
101361767	101362191
40550619	40551043
4789402	4789826
31461713	31462137
37453140	37453564
34835290	34835714
149459833	149460257
108121729	108122153
161689967	161690391
85038776	85039200
147106312	147106736
80472051	80472475
76397305	76397729
150510259	150510683
42073093	42073517
35208852	35209255
166848946	166849370
142783362	142783786
1336508	1336932
1524360	1524784
138186210	138186634
107403189	107403613
42847439	42847863
292338	292762
31774497	31774921
68854552	68854976
80177423	80177847
34823168	34823592
100574496	100574920
90078656	90079080
88654347	88654771
86386943	86387367
41424075	41424499
142509457	142509881
4059341	4059765
159674062	159674486
33700638	33701062
148849421	148849845
41015603	41016027
27300888	27301312
148854869	148855293
13759253	13759677
143860874	143861298
157263361	157263785
52174975	52175399
33173133	33173557
70612552	70612976
90776972	90777396
30695933	30696357
120468600	120469024
157756154	157756578
129984955	129985379
158035081	158035505
42925815	42926239
26087478	26087902
3525696	3526120
33756035	33756459
115069013	115069437
162672237	162672661
3453642	3454066
7630895	7631319
12289758	12290182
107925712	107926136
31632512	31632936
31542035	31542459
29648138	29648562
26285900	26286324
71104174	71104598
152486127	152486551
170733480	170733904
32922978	32923402
126074802	126075226
10622063	10622487
36985966	36986751
161639201	161639625
43946412	43946836
32165120	32165544
44746263	44746687
13398003	13398427
71416146	71416570
114292296	114292720
110016674	110017098
170189288	170189712
5898744	5899168
71553188	71553612
27945109	27945533
31371350	31371774
138266226	138266650
170151571	170151995
47688170	47688594
153353403	153353827
43738937	43739361
160248273	160248697
90021584	90022008
36334289	36334713
119121851	119122275
79571136	79571560
10809279	10809703
159291138	159291562
139121863	139122287
4466938	4467362
10248812	10249236
40079975	40080399
33265956	33266380
3000086	3000510
170120292	170120716
140284069	140284493
137278402	137278826
69484780	69485204
16403988	16404412
31698019	31698443
29688590	29689014
33219528	33219952
15828552	15828976
693342	693766
134384266	134384690
47778587	47779011
166490326	166490750
36528605	36529029
2903370	2903794
150419551	150419975
5136186	5136610
152806782	152807206
43141907	43142331
145100291	145100715
4998132	4998556
78172090	78172514
53281874	53282298
15901361	15901785
147687384	147687808
3032042	3032466
135504049	135504473
65179232	65179656
160718343	160718767
4909617	4910041
156940249	156940673
54933949	54934373
168771109	168771533
126080399	126080823
164244706	164245130
1016019	1016443
126067927	126068351
7653322	7653746
32828924	32829348
156497211	156497635
157632414	157632838
108582382	108582806
33448970	33449394
119664283	119664707
33392799	33393223
20946208	20946632
34360658	34361082
169496556	169496980
158294965	158295389
120300990	120301414
149805799	149806223
20790624	20791048
157220623	157221047
30514634	30515058
8481957	8482381
146025352	146025776
158410592	158411016
40695033	40695457
33037185	33037609
140993064	140993488
42427618	42428042
156873012	156873436
160240234	160240658
33378764	33379188
49919769	49920193
147096307	147096731
159421270	159421694
91218344	91218768
169303020	169303444
6561108	6561532
2714179	2714603
44266091	44266515
85484631	85485055
2854508	2854932
161154247	161154671
44202483	44202907
143968784	143969208
43752915	43753339
105560373	105560797
163199571	163199995
30294165	30294589
14856308	14856732
64345860	64346284
16776839	16777263
52628153	52628577
10724928	10725352
150316022	150316446
91762817	91763241
16914399	16914823
91877531	91877955
165645169	165645593
86290583	86291007
617460	617884
69268932	69269356
158015503	158015927
16322951	16323375
5036576	5037000
3562011	3562435
167493222	167493646
135011171	135011595
46458267	46458691
32223087	32223511
37493208	37493632
139959639	139960063
105582966	105583390
43476080	43476504
148881050	148881474
29937544	29937968
138138345	138138769
27585323	27585747
164343624	164344048
84743756	84744180
35521136	35521560
116539277	116539701
99390112	99390536
36946020	36946444
125080729	125081153
75284534	75284958
130560088	130560512
108025777	108026201
170789093	170789517
43055120	43055544
4509779	4510203
20096928	20097352
42787378	42787802
136530651	136531075
101673654	101674078
49886507	49886931
26458116	26458540
87947563	87947987
160182239	160182663
22828660	22829084
155634935	155635359
39759027	39759451
6584924	6585348
14553072	14553496
166824752	166825176
8059330	8059754
101841231	101841655
27106813	27107237
112466357	112466781
31490505	31490929
28553051	28553475
43473441	43473865
137810680	137811104
8066284	8066708
5730008	5730432
157009139	157009563
91202461	91202885
36882165	36882589
122001178	122001602
43855902	43856326
