150869561	150870110
127849777	127850215
75943544	75943955
75807381	75807820
38375171	38375628
134966222	134966611
150821000	150821403
128731519	128731943
105649911	105650327
142912185	142912548
148762900	148763267
150715169	150715606
150705748	150706199
120627655	120628016
148663802	148664239
105683236	105683644
150145737	150146152
150595535	150595939
150685550	150685995
73269867	73270287
112509205	112509604
75920896	75921266
150659993	150660421
131198287	131198679
91509921	91510323
151065196	151065574
105817113	105817507
155391453	155391783
131376798	131377200
106300417	106300890
100702619	100702983
139702065	139702453
128038609	128039001
142491103	142491493
100157420	100157780
4869707	4870124
139119315	139119674
137583901	137584258
100161524	100161927
100449668	100450043
129007389	129007788
140217708	140218069
104524128	104524480
150118144	150118521
73620886	73621348
156701573	156701945
120432079	120432468
128523639	128524034
137687048	137687397
92053867	92054221
116570480	116570854
149439271	149439667
1032741	1033142
143077210	143077625
131373864	131374255
148224737	148225069
157179890	157180242
158769754	158770131
123264605	123264979
131192624	131193001
98050267	98050690
149558433	149558859
100302845	100303292
75649459	75649807
101915490	101915873
141437745	141438206
105172397	105172731
75495775	75496112
148787760	148788158
151451174	151451552
73815577	73815957
73831685	73832057
128520115	128520470
76145219	76145589
128065846	128066208
153078644	153079002
129712003	129712326
134434864	134435228
142578657	142579027
30780082	30780436
105292807	105293195
36331114	36331429
133826051	133826380
147959834	147960244
131339470	131339846
131231403	131231808
128021190	128021569
45299653	45300006
105794298	105794663
128027720	128028121
151479899	151480386
73140109	73140480
102937641	102937990
157066237	157066618
100781535	100781930
100813033	100813414
73149047	73149377
98439355	98439729
150941382	150941750
50485763	50486119
25605526	25605868
105681563	105681965
154535970	154536326
128858408	128858727
134232110	134232513
148659805	148660160
73441123	73441527
142705013	142705363
99730284	99730601
148823313	148823689
73021300	73021683
100720884	100721203
912982	913314
97735901	97736229
30978340	30978715
43622201	43622576
66022543	66022889
154490407	154490777
44605123	44605482
101151059	101151444
143002587	143002919
1209526	1209860
91762894	91763314
151456654	151457031
92076503	92076827
139330665	139330991
73981079	73981416
130560069	130560392
130581676	130582058
101331564	101331938
107383848	107384211
5526534	5526869
1215775	1216137
100887455	100887853
148936470	148936778
129882409	129882757
139184732	139185084
143824842	143825151
100926259	100926593
150475848	150476146
116853072	116853377
132003527	132003837
129469881	129470223
73864227	73864641
142193333	142193679
103871870	103872214
105697404	105697713
105297382	105297754
111392272	111392590
5534288	5534578
44516982	44517319
140026084	140026411
140353199	140353563
121036297	121036648
99679377	99679726
142571003	142571385
154705438	154705747
22822272	22822605
157132835	157133152
134291124	134291450
149450735	149451100
100048076	100048446
141233152	141233498
138423495	138423819
102031173	102031546
155205333	155205708
150808189	150808526
2749332	2749672
45013382	45013697
155172841	155173153
86941611	86941959
25608540	25608851
75892261	75892589
99998320	99998611
75272234	75272545
134959242	134959576
113061799	113062125
142551652	142551978
131543933	131544255
127432828	127433164
127087391	127087740
149359638	149360006
96657000	96657306
148272699	148273026
101054523	101054899
150788491	150788811
38255354	38255662
6475287	6475606
134117426	134117758
22491857	22492191
130725240	130725539
103087626	103087930
100835804	100836105
130406770	130407069
31014464	31014776
104563328	104563659
106182960	106183271
152591502	152591810
40174351	40174690
139705610	139705959
36406719	36407027
127848523	127848856
66843207	66843506
100397102	100397417
129650670	129651017
135800048	135800391
149580537	149580832
99588521	99588832
100066859	100067191
116238371	116238698
151000491	151000866
92219629	92219930
89975736	89976067
5125075	5125396
73819595	73819933
19748594	19748949
135485867	135486162
96733992	96734301
157030813	157031160
128850332	128850710
148906671	148906994
154744739	154745062
100289292	100289639
101879973	101880301
5013335	5013779
101186088	101186469
23586591	23586938
134855463	134855802
139305628	139305941
139874988	139875286
149322641	149322938
48149797	48150125
142219035	142219354
129275429	129275717
27200607	27200926
142273748	142274048
95545934	95546225
150663100	150663419
140143804	140144131
101245692	101246002
97650855	97651148
23736626	23736937
150683136	150683493
101922753	101923092
150865335	150865644
129702839	129703120
142937717	142937993
157091165	157091464
43479414	43479772
72866145	72866446
157043347	157043676
142246146	142246452
39781854	39782210
104488844	104489190
152890176	152890471
1472112	1472428
77669524	77669904
140714700	140715007
134012698	134012981
6641892	6642216
73226027	73226358
2710548	2710877
142115627	142115927
41982685	41982987
100609447	100609728
111375790	111376060
97924165	97924487
22122533	22122851
98362399	98362725
43148051	43148337
138759848	138760119
36024814	36025098
132265489	132265846
73115821	73116136
33972518	33972817
23312730	23313030
127660245	127660586
6362669	6362953
70294168	70294463
71198295	71198600
106688975	106689293
2904689	2905019
137311253	137311564
141676037	141676359
134671326	134671640
100322919	100323210
111381831	111382124
137277028	137277335
106587756	106588036
67090192	67090514
151145750	151146104
8476559	8476876
149321751	149322063
98638041	98638366
148702877	148703207
100080797	100081214
35577078	35577357
25132993	25133279
66836820	66837128
116759549	116759821
139024858	139025163
128503596	128503920
112538776	112539083
154982349	154982653
101182080	101182427
36710471	36710771
131630166	131630459
147939403	147939706
129247591	129247917
152556790	152557153
92090908	92091198
107786707	107786999
156442778	156443057
29628815	29629108
130754030	130754311
47305878	47306161
50535756	50536053
64772711	64772975
55661493	55661777
95704757	95705100
113350405	113350691
148892462	148892739
142340052	142340354
128099419	128099714
138701831	138702138
23301498	23301811
32886288	32886591
150725670	150726033
112190573	112190841
135357619	135357878
99214062	99214345
107754612	107754973
139475628	139475913
126893993	126894318
98434453	98434790
36352234	36352510
73482207	73482496
25138079	25138356
151047383	151047720
31528256	31528543
137846304	137846570
128544697	128545026
129016383	129016672
127269330	127269676
158146694	158146990
35664246	35664538
24859868	24860174
151012176	151012462
128313034	128313308
44574205	44574512
29961086	29961369
29649389	29649696
100492400	100492762
127144845	127145122
139190373	139190678
5744145	5744433
120445982	120446259
65187251	65187578
25891274	25891560
4793575	4793871
133538605	133538888
1265182	1265480
134922951	134923273
137693624	137693880
45957205	45957481
141349776	141350038
75988624	75988923
5821176	5821596
50700658	50700911
38409495	38409788
99229310	99229586
30603945	30604227
100787330	100787637
56142046	56142342
2143919	2144259
1452459	1452769
2286816	2287125
135388909	135389186
140510944	140511180
154432242	154432511
1513703	1513987
105807225	105807502
22599530	22599832
98375070	98375348
51228779	51229038
5603189	5603512
103047391	103047653
35077525	35077794
93072088	93072385
142153188	142153458
42980883	42981166
149496894	149497256
45194239	45194550
157190659	157190972
1105411	1105704
135099656	135099916
134105351	134105607
26707159	26707493
142148244	142148557
71200993	71201279
4837794	4838127
30783051	30783325
32519239	32519545
44961772	44962030
4671304	4671572
134917541	134917816
142636691	142636993
137588405	137588698
98910592	98910862
100738106	100738427
25133876	25134182
111201976	111202236
150709956	150710244
44280581	44280877
127775726	127776033
141485783	141486077
38972190	38972479
102045064	102045377
130021542	130021845
50245003	50245252
31023232	31023521
150053561	150053810
44111940	44112221
43300924	43301200
6388578	6388878
1619183	1619447
142658091	142658373
111370636	111370901
155137675	155137938
134853871	134854149
134317771	134318026
99728552	99728901
140344996	140345283
89783585	89783861
50437193	50437456
95025374	95025668
5598542	5598808
107519885	107520127
142172182	142172441
129252581	129252887
62476031	62476343
98062665	98062928
31776049	31776324
142135118	142135365
95141053	95141347
28117955	28118217
137341064	137341317
45175791	45176046
135243291	135243541
156266230	156266490
117835985	117836255
101007252	101007532
1680046	1680354
155867714	155868014
154799688	154799985
24851984	24852263
124425292	124425558
149484612	149484905
141354326	141354605
4923390	4923655
149015196	149015475
37026762	37027045
127228958	127229236
23610261	23610533
149007356	149007606
127987676	127987925
5405698	5405968
1126540	1126875
47858975	47859235
131734518	131734797
100494745	100495064
6555997	6556330
75391825	75392086
128938161	128938416
826069	826357
118910052	118910320
5279866	5280124
98871801	98872072
38370533	38370794
107515131	107515384
133701510	133701736
7464086	7464347
66949231	66949515
45702908	45703187
128803797	128804100
31162269	31162501
73689684	73689993
123341620	123341873
148553432	148553732
108137644	108137879
98429324	98429589
86866227	86866512
56072554	56072833
38407805	38408070
106600274	106600525
129917925	129918194
2926670	2926947
140346940	140347170
71217135	71217380
152404075	152404340
44887282	44887564
37324360	37324640
139703755	139704044
94065389	94065632
39493423	39493683
35559892	35560150
140623972	140624219
45962870	45963144
1216677	1216982
22528567	22528799
157267373	157267660
142996961	142997254
131229739	131229980
90917617	90917898
37221659	37221904
158187713	158187971
67642048	67642323
44236033	44236278
28101815	28102054
155589676	155589922
28966694	28966939
128911640	128911892
27219410	27219642
2508597	2508897
93344613	93344872
143434192	143434439
41980422	41980670
37238522	37238786
23095294	23095528
157225682	157225986
101500265	101500630
134199372	134199618
158439904	158440257
128482153	128482454
100933683	100934107
26101356	26101599
142564134	142564375
43111331	43111618
88176121	88176365
28060020	28060267
31232588	31232823
155561071	155561321
99814893	99815130
128067423	128067689
132915421	132915678
98963231	98963461
5705048	5705316
5569233	5569486
99577542	99577774
97870759	97870981
120497619	120497897
143187879	143188099
10928991	10929221
79648564	79648789
51230479	51230754
102706209	102706453
106787940	106788204
100005263	100005517
36513041	36513300
96044291	96044557
44896590	44896838
76876611	76876850
73466025	73466291
37241266	37241481
158823242	158823539
112799856	112800148
70321995	70322238
136091020	136091250
48008534	48008758
73280506	73280770
130667013	130667256
104653983	104654239
51434825	51435089
130125918	130126174
128853784	128854011
106377054	106377308
99942147	99942424
814240	814467
142508908	142509123
86689072	86689297
47128501	47128717
143589806	143590032
72385668	72385883
92250376	92250638
33934980	33935225
120748066	120748281
157668224	157668456
39785832	39786089
127348837	127349046
143042528	143042802
2700525	2700810
123220957	123221209
94024804	94025046
30588457	30588712
142240475	142240690
38380931	38381192
139778908	139779089
142700579	142700837
126747634	126747900
105042092	105042347
2491087	2491361
151773368	151773629
107749803	107750014
1544007	1544248
372636	372890
66302041	66302313
97797977	97798219
130692253	130692525
155326623	155326871
676124	676400
116442994	116443210
138134391	138134662
106842369	106842601
25299322	25299570
142023543	142023788
156556823	156557044
140711964	140712184
100227004	100227252
98030562	98030805
91808230	91808459
29279351	29279577
54841842	54842147
38438392	38438619
30315794	30316014
107142099	107142343
22766034	22766320
38262177	38262433
64676793	64677103
100167000	100167268
73393519	73393776
116166218	116166463
132202901	132203164
111126684	111126919
134043028	134043308
35946128	35946352
100878395	100878594
140375143	140375360
93532170	93532410
100425498	100425721
73959587	73959831
107103666	107103886
18705843	18706062
86099053	86099271
43850243	43850458
55322572	55322855
128116735	128116981
95156807	95157055
135510230	135510496
154719331	154719579
25932519	25932737
8763821	8764051
39504647	39504882
142334025	142334240
135346988	135347258
105070268	105070494
157092474	157092747
42054305	42054508
25109666	25109917
156686168	156686395
141374605	141374811
100423659	100423904
154581214	154581459
155191754	155191964
134386115	134386319
141454804	141455053
156352854	156353106
31174140	31174362
93003746	93003973
307085	307295
22539749	22539986
35749151	35749369
45911812	45912054
28893869	28894093
23125708	23125924
55323268	55323526
135196956	135197193
134198028	134198275
129464730	129464976
115820365	115820567
139005822	139005976
44058709	44058985
28962325	28962520
128337711	128337950
31017559	31017800
138571280	138571533
3105402	3105652
142146041	142146257
119912317	119912531
17022299	17022523
8335797	8336020
39620113	39620317
97795512	97795745
31483051	31483263
37006999	37007216
147962119	147962359
1807254	1807476
91265517	91265729
151008629	151008870
31413048	31413252
55482977	55483194
112135972	112136192
2720595	2720819
1597957	1598269
21547321	21547556
130644714	130644950
30549814	30550048
100202206	100202456
21807030	21807258
12726304	12726551
135306046	135306285
121187669	121187855
140192945	140193173
22149931	22150203
5717718	5717933
36015538	36015765
99510793	99511035
87046089	87046302
27190474	27190678
34360626	34360824
123512392	123512599
86568654	86568780
108100493	108100702
104624514	104624766
35470263	35470480
35633581	35633829
123007665	123007877
2387695	2387961
149983278	149983485
104621736	104621937
23470020	23470235
64079555	64079758
76961261	76961470
12498254	12498432
73617612	73617825
86556061	86556270
97642845	97643067
130516715	130516911
5490407	5490602
99591831	99592084
115898827	115899036
129794946	129795153
64942328	64942561
24755567	24755708
130380743	130380989
97464967	97465136
44837018	44837228
120721498	120721705
28961467	28961674
143760923	143761095
71959145	71959415
154585993	154586198
31783970	31784200
102053044	102053246
2517310	2517528
77649946	77650149
22143408	22143637
27250048	27250261
25935032	25935240
23584588	23584814
101386537	101386724
5867466	5867708
29229404	29229609
47932840	47933065
105128538	105128707
107365684	107365892
77388694	77388905
4650524	4650750
103737272	103737417
27235883	27236072
157198782	157198940
143113738	143113934
11251789	11251993
87849315	87849516
154801393	154801588
100398924	100399190
112929314	112929513
29448479	29448677
158488896	158489002
34967679	34967852
158286809	158287034
30840395	30840614
156613324	156613465
142420278	142420440
138550730	138550929
127238470	127238700
63643569	63643784
106433554	106433741
30452765	30452947
142110767	142110967
144733810	144734006
65479037	65479246
115778351	115778547
95106395	95106574
152038564	152038742
44283984	44284166
24615895	24616073
96694415	96694563
18103989	18104121
2249221	2249348
2648676	2648892
3937154	3937362
149487258	149487480
150451344	150451527
151402791	151403003
25860150	25860352
45257105	45257296
145787173	145787379
126879964	126880153
155531447	155531654
20480445	20480640
142000590	142000788
144088955	144089157
112186862	112187032
118816204	118816337
129304362	129304513
132341682	132341895
23317091	23317293
42916138	42916355
155165307	155165473
107738270	107738461
41042735	41042926
139303718	139303908
17809549	17809752
103164871	103165070
93717169	93717345
97601607	97601819
42882886	42883097
34863373	34863560
99527169	99527379
26416734	26416953
23053913	23054048
148639100	148639275
98476576	98476798
38385266	38385461
5527572	5527742
99056819	99057042
134331538	134331747
142019891	142020086
107821608	107821790
22900429	22900611
1704346	1704533
150020666	150020821
26324754	26324953
362043	362261
155608037	155608259
96808876	96809055
131438490	131438639
47140528	47140707
35956665	35956874
140043037	140043194
32386993	32387122
38700207	38700403
42785055	42785243
7693364	7693508
156742256	156742494
70163328	70163520
90718645	90719069
104793454	104793680
44254041	44254221
3194611	3194825
32101864	32102054
1084459	1084683
38393964	38394166
47219887	47220093
105283862	105284286
45893962	45894174
50159491	50159697
55347731	55347935
16117821	16117941
157021641	157021837
66071943	66072143
38110370	38110513
39397378	39397559
92509569	92509993
110738811	110738963
83565476	83565650
133939035	133939459
151727253	151727465
134379161	134379334
106007572	106007767
149504320	149504566
131798625	131798810
135395755	135395958
123916141	123916330
38147123	38147297
5179698	5179923
102092110	102092279
151048218	151048426
139286946	139287176
1222696	1222942
142606788	142606954
55708974	55709169
31822128	31822304
16110972	16111168
135330160	135330344
119730110	119730305
18385372	18385567
26404826	26405027
115807184	115807608
2471197	2471387
82201627	82201818
22149399	22149667
76018384	76018531
121006844	121007268
57485706	57485913
2683020	2683226
5896141	5896321
44240547	44240692
126987761	126987967
49892349	49892520
36358705	36358922
134530370	134530493
105230010	105230184
116449719	116450143
89927596	89927746
44170800	44170911
128114364	128114576
100186245	100186355
42225743	42226167
16471855	16472036
22700444	22700630
5214170	5214407
37956760	37956955
154376450	154376617
92857660	92857831
94876270	94876461
155655221	155655645
4885582	4885751
116311733	116312157
36061079	36061209
73027323	73027429
29336944	29337129
77280970	77281133
132394858	132395006
33847488	33847633
92077489	92077913
123505674	123505833
149119413	149119639
120365561	120365747
108233253	108233458
116516752	116517176
120977606	120977720
39559584	39559776
105400645	105401069
122794279	122794703
66290630	66290837
100063488	100063701
5512252	5512676
20256927	20257351
142622502	142622926
33225404	33225543
35464597	35464763
75831065	75831280
20638165	20638589
93918400	93918548
117633615	117633772
875999	876423
43994222	43994413
142186723	142186841
47294154	47294269
38414014	38414438
142699346	142699452
22768188	22768319
12726952	12727161
38403096	38403304
55318016	55318162
129724056	129724249
106808086	106808510
30018008	30018127
32982809	32982930
91481810	91481928
108093139	108093563
157260708	157260818
146942482	146942660
105405672	105405910
51135511	51135620
106420505	106420660
158766272	158766409
2800354	2800511
24705260	24705684
95319902	95320020
45620167	45620591
28133395	28133514
51496016	51496208
26130719	26130839
24827748	24827912
120195008	120195432
77619161	77619585
128983037	128983221
45007178	45007328
42016810	42016961
31145	31569
99754997	99755106
129112293	129112465
121635095	121635281
142038559	142038725
126443225	126443406
50764390	50764814
116767620	116768044
4779312	4779442
128500129	128500553
129042074	129042498
64164	64279
90084914	90085024
102702448	102702670
87872679	87872821
25019123	25019314
50269662	50269847
152530560	152530751
6036946	6037131
24627464	24627888
45151622	45151757
14731226	14731650
12428860	12429025
134236939	134237080
116624857	116625281
85183569	85183993
39936038	39936246
73579414	73579573
98984630	98984795
45004246	45004363
14497423	14497847
104284175	104284294
103254900	103255011
37873114	37873538
33876566	33876692
54909544	54909680
99787774	99787920
42019343	42019767
45118068	45118248
132735885	132736007
26409139	26409563
47475403	47475827
22765187	22765611
139025797	139026221
121733072	121733256
3129251	3129415
103528295	103528719
6598482	6598906
123275603	123276027
154485393	154485817
149157556	149157980
77855494	77855622
12107230	12107399
77428178	77428312
84671050	84671201
21293824	21293951
26118483	26118907
1915045	1915219
29146106	29146284
50132061	50132485
31100951	31101082
147839740	147840164
28336503	28336927
149295978	149296402
150115115	150115242
8458249	8458673
100958633	100958809
151689392	151689816
1798192	1798616
156779736	156780160
47272743	47272850
23224740	23224846
140175681	140175787
155149481	155149623
158148224	158148648
21301514	21301627
112120521	112120695
2607370	2607507
150706472	150706706
22041103	22041268
86777815	86777924
44388074	44388197
135020390	135020814
23902966	23903088
65670188	65670356
16604621	16604804
38398752	38398858
45217894	45218060
77625022	77625446
77287221	77287363
156375519	156375653
28136375	28136532
97128639	97128809
41736144	41736298
38836463	38836887
128512503	128512927
64411595	64412019
38145486	38145910
100231579	100231763
6897464	6897653
37549629	37550053
32244026	32244450
48339167	48339591
51498146	51498570
115876040	115876464
95424203	95424627
92157814	92158238
20212329	20212753
158200612	158201036
12476903	12477039
112055065	112055172
30485601	30485736
64090773	64091197
158768542	158768675
132892441	132892865
73598012	73598436
148844232	148844656
85379824	85379935
44121943	44122074
148704613	148705037
75947966	75948390
134638936	134639360
129234851	129235275
220446	220870
149973347	149973461
129284430	129284854
24329857	24330281
140771029	140771453
140004431	140004593
149194779	149194965
150756880	150757304
93180373	93180797
128070269	128070693
150075213	150075637
64096698	64097122
2758529	2758953
76012545	76012670
101448288	101448712
72756545	72756969
128587371	128587795
143084708	143085132
35841405	35841829
4889059	4889483
40092060	40092484
40369126	40369550
28429009	28429433
47984921	47985081
65086486	65086910
127962051	127962475
75849366	75849790
139138059	139138483
28666245	28666669
29788048	29788154
6677302	6677726
98470073	98470249
26540490	26540596
152520497	152520921
127675754	127676178
303487	303911
1546676	1546824
106790970	106791159
67528285	67528391
102615506	102615647
45447370	45447794
38358562	38358671
1262779	1263203
81099335	81099759
95500411	95500835
149508313	149508737
16735395	16735504
3240118	3240542
102715257	102715681
17746498	17746604
107024470	107024894
99331064	99331488
113338639	113339063
134628549	134628973
105690441	105690865
86444311	86444735
150574038	150574462
101083785	101083965
34940400	34940824
158622562	158622986
130987872	130988296
110729879	110730303
137138914	137139338
35764908	35765043
23694107	23694531
154624226	154624650
1749490	1749914
100769838	100770262
154586776	154587200
136372440	136372864
27784870	27784979
1588022	1588446
105631064	105631488
117793597	117794021
91459477	91459595
154684214	154684638
124081	124505
50198738	50199162
127154556	127154980
7143091	7143256
8405113	8405537
12443048	12443472
51422606	51423030
71799023	71799447
73808004	73808428
71336403	71336827
133029151	133029289
103913213	103913637
108515185	108515609
14029136	14029560
115763028	115763452
151442385	151442809
5324512	5324936
124496344	124496768
99045544	99045968
150671924	150672348
31803158	31803582
134409360	134409784
38473694	38473807
25759946	25760370
44025658	44025791
64085456	64085880
155008692	155008825
86534502	86534926
105328489	105328618
37940822	37941246
38330710	38331134
142953396	142953820
8229963	8230387
104503123	104503547
154201038	154201462
11380929	11381353
139242966	139243390
55212027	55212451
107657338	107657470
57372910	57373334
73808913	73809337
24934444	24934868
67253665	67254089
30266599	30266705
138411019	138411443
117431996	117432420
90258642	90259066
32953768	32954192
11383387	11383811
23315938	23316362
65580255	65580679
36527478	36527597
20369243	20369667
150661734	150662158
27309051	27309475
52086105	52086529
138330002	138330426
158645676	158646100
106102818	106103242
10748108	10748532
54856261	54856685
2404465	2404889
158823390	158823814
155949510	155949934
6970221	6970645
135047584	135048008
140426105	140426529
30101420	30101844
115981564	115981988
12558761	12559185
82234573	82234997
150572836	150573260
38398809	38399233
93251332	93251756
4519031	4519455
66359739	66360163
143092307	143092731
6146043	6146467
90663783	90664207
92509773	92510197
126248320	126248744
158793542	158793966
148201125	148201250
158526492	158526916
26725962	26726386
6023644	6023797
128248997	128249421
73081940	73082364
26438839	26439263
100074856	100075280
30324368	30324792
56160567	56160991
101457402	101457826
24762542	24762966
143026536	143026960
111495287	111495711
27176153	27176259
73778370	73778794
33004241	33004665
29142184	29142608
29803831	29804255
66370664	66371088
108300881	108301305
104585391	104585815
25022526	25022950
17680493	17680599
38389470	38389894
151204182	151204606
145545781	145546205
150942521	150942945
72738085	72738509
30204070	30204494
24357916	24358340
123322664	123323088
131936717	131937141
1834779	1835203
25894304	25894455
44257887	44258311
108025500	108025924
137782053	137782477
118837965	118838389
12283713	12284137
40644424	40644848
89252330	89252754
132824171	132824595
77711218	77711642
27814328	27814752
133118988	133119412
44470895	44471319
101514037	101514461
115890011	115890435
24096817	24097241
100386695	100387119
87427112	87427536
40272103	40272527
92462284	92462708
32246608	32247032
142984922	142985346
36124004	36124428
99013256	99013432
147781120	147781544
72416670	72417094
142211014	142211438
68532379	68532803
104781545	104781969
133427461	133427885
88464417	88464841
150521351	150521775
12663492	12663916
155338021	155338445
77569917	77570341
3340385	3340809
104776719	104777143
132615609	132616033
77763551	77763975
99516533	99516957
3713134	3713558
33756190	33756614
27703239	27703663
32840193	32840383
142680918	142681342
1598096	1598520
72100216	72100640
131109006	131109430
98634396	98634820
77532937	77533361
2138991	2139415
150872786	150873210
68047122	68047546
106619576	106620000
76266283	76266707
113414259	113414683
142001719	142002143
95108038	95108462
107673729	107674153
144551947	144552371
44627657	44628081
2690994	2691418
149569831	149570255
4266029	4266453
116652698	116653122
112092530	112092954
103981955	103982379
27824041	27824465
69626594	69627018
29675269	29675693
141931433	141931857
45903289	45903713
149546257	149546681
107220835	107221259
133940637	133941061
16462417	16462841
66641689	66642113
47432068	47432492
151323483	151323907
108253586	108254010
128035796	128036220
95853951	95854375
6629346	6629770
107784255	107784679
150730002	150730426
126798702	126799126
72216982	72217406
126540043	126540467
57376260	57376684
95317020	95317444
30830712	30831136
140931296	140931720
140920095	140920519
44414930	44415354
148958997	148959421
19091410	19091834
151843064	151843488
16965877	16966301
18031905	18032329
144134708	144135132
8257098	8257522
92684927	92685351
37248061	37248485
16138199	16138623
143598598	143599022
24421516	24421940
1633167	1633591
152091309	152091733
142255678	142256102
12714448	12714872
42871239	42871663
72300479	72300903
75386354	75386778
28311971	28312395
135694198	135694622
25219952	25220376
48031257	48031681
103797231	103797655
150625286	150625410
158364894	158365318
43494590	43495014
152408283	152408707
75081796	75082220
134001711	134002135
71626520	71626944
32467409	32467515
66767622	66768046
112023632	112024056
1416694	1417118
129465649	129465769
150773908	150774332
73386093	73386517
112753963	112754387
130756498	130756922
32250303	32250727
131376798	131377208
101201876	101202300
135392804	135393228
50472078	50472502
303904	304091
31673542	31673966
135421687	135422111
153109035	153109459
95470194	95470618
33147250	33147674
127049710	127050134
150784336	150784760
150054884	150055308
23978483	23978907
71648815	71649239
141452425	141452849
12331491	12331915
111403209	111403633
157847795	157848219
20687795	20688219
102105254	102105678
100210720	100211144
111369507	111369931
41982816	41983240
80328337	80328761
26659991	26660415
100302845	100303292
151560411	151560835
99123305	99123729
20237464	20237888
26331219	26331643
5468384	5468808
35095333	35095757
158813706	158814130
116078278	116078702
39849865	39850289
131934441	131934865
857918	858342
154649879	154650303
4831631	4832055
34799126	34799550
105670362	105670786
98160994	98161418
73269867	73270287
150901480	150901904
45961722	45962146
100799559	100799983
18391903	18392327
140683631	140684055
133793555	133793979
149366227	149366651
43982528	43982952
23851150	23851574
157669095	157669519
137947381	137947805
128306244	128306668
141997781	141998205
33282909	33283333
71390575	71390999
50602326	50602750
47761209	47761633
41751244	41751668
29917715	29918139
77325555	77325979
2961402	2961826
150683324	150683748
63641329	63641753
76142215	76142639
138333617	138334041
6970426	6970850
148990458	148990882
133675664	133676088
30102194	30102618
137501501	137501925
87974513	87974937
95352881	95353305
105014922	105015346
43335841	43336265
102212902	102213326
30114046	30114470
64348396	64348820
37771799	37772223
55500862	55501286
39991056	39991480
33148965	33149389
25219323	25219747
53417932	53418356
34715330	34715754
6469949	6470373
302801	302988
130443185	130443609
948427	948851
6066063	6066487
101957887	101958311
143534467	143534574
3522008	3522432
148683107	148683531
155517211	155517635
25256356	25256780
128568177	128568601
2844049	2844473
1004490	1004914
103892832	103893256
97921002	97921426
230951	231375
26721432	26721856
1408617	1409041
156848917	156849341
150102240	150102664
45186344	45186768
140391212	140391636
123389418	123389842
36513173	36513597
119122270	119122694
55636	56060
156620303	156620727
51209077	51209501
81673809	81674233
98923395	98923819
8317007	8317431
19794093	19794517
154651434	154651858
42730634	42731058
132338899	132339323
151630281	151630705
154482073	154482497
73254355	73254779
140146264	140146688
29986417	29986841
133882109	133882533
157259522	157259946
73998789	73999213
101268361	101268785
155597954	155598378
75698426	75698850
123134223	123134647
43739505	43739929
19787311	19787735
143052519	143052943
43495781	43496205
27960792	27961216
131203370	131203794
30948297	30948721
157347435	157347859
127036159	127036583
126496708	126497132
87798996	87799420
86543805	86544229
1595863	1596287
106161619	106162043
36168040	36168464
75959968	75960392
151404938	151405362
56101483	56101907
92033637	92034061
103630381	103630805
23397181	23397605
29963595	29964019
115813104	115813528
147983239	147983663
144423883	144424307
4601399	4601823
89778747	89779171
139044178	139044602
97989900	97990324
6295723	6296147
155597741	155597945
30953858	30954282
144435748	144436172
1923508	1923932
44125067	44125491
138519849	138520273
122710766	122711190
17980017	17980441
31164050	31164474
22893597	22894021
74124192	74124616
132185547	132185971
90149787	90150211
4681639	4682063
33090310	33090734
26602420	26602844
99435566	99435990
98868314	98868738
76067175	76067599
123437837	123438261
105574974	105575398
65196387	65196811
157218058	157218482
132959775	132960199
65495844	65496268
154792495	154792919
10770962	10771386
1222826	1223250
27417633	27418057
11467287	11467711
106209444	106209868
158553667	158554091
26237666	26238090
96746747	96747171
51437464	51437888
8075468	8075892
22134134	22134558
18360569	18360993
26273371	26273795
98384401	98384825
90057055	90057479
116231757	116232181
22544170	22544594
37274441	37274865
65605917	65606341
99786637	99787061
75279291	75279715
97557562	97557986
116229045	116229469
151129904	151130328
20817580	20818004
134238703	134239127
99689288	99689712
87020212	87020636
51519792	51520216
150757832	150758256
123741222	123741646
149119616	149119807
72992985	72993409
21340256	21340680
29283919	29284343
37893073	37893497
75601669	75602093
157400995	157401419
27274910	27275334
113044262	113044686
55433345	55433769
150453900	150454324
2936603	2937027
124956516	124956940
138803116	138803540
147959834	147960244
121150347	121150771
102120482	102120906
75795851	75796275
7721074	7721498
44178428	44178852
44059763	44060187
99869753	99870177
116426751	116427175
149757553	149757977
6977934	6978358
128526324	128526748
99647326	99647750
32731421	32731845
119977322	119977746
82439934	82440358
20382808	20383232
132176621	132177045
30199369	30199793
149964003	149964427
74493345	74493769
117390659	117391083
24921221	24921645
68574	68998
128784860	128785284
104559029	104559453
153768909	153769333
148725335	148725759
47484276	47484700
143201918	143202342
4142997	4143421
157668350	157668774
64112003	64112427
64911963	64912387
86227631	86228055
69396986	69397410
106600382	106600806
152556966	152557390
50549526	50549950
151568939	151569363
156327603	156328027
127087568	127087992
130499531	130499955
12770843	12771267
99474149	99474573
50181877	50182301
100449832	100450256
4699121	4699545
6595835	6596259
151108774	151109198
127858338	127858762
77068851	77069275
99200785	99201209
44260834	44261258
16957928	16958352
36086865	36087289
99650863	99651287
142226383	142226807
143105955	143106379
15055697	15056121
44325662	44326086
138144411	138144835
105819099	105819523
132079022	132079446
92807518	92807942
139254747	139255171
103213878	103214302
149529406	149529830
139239032	139239456
130478606	130479030
157952021	157952445
72733991	72734415
51255666	51256090
65967440	65967864
47235205	47235629
100472490	100472914
56394816	56395240
7581030	7581454
148768889	148769313
25883092	25883516
92874831	92875255
45431624	45432048
30722119	30722543
12723237	12723661
23752013	23752437
88030334	88030758
101713544	101713968
95529199	95529623
139684924	139685348
131689223	131689647
105679897	105680321
107886762	107887186
139122522	139122946
38949463	38949887
131191299	131191723
20874276	20874700
45978490	45978914
139687509	139687933
100239858	100240282
26893349	26893773
41931950	41932374
151479899	151480386
129846866	129847290
463276	463700
130581259	130581471
158678267	158678691
104681624	104682048
32824864	32825288
149547320	149547744
143771444	143771868
157226922	157227346
73043546	73043970
140961861	140962285
37392480	37392904
51050312	51050736
26157044	26157468
47832079	47832503
121859260	121859684
33797131	33797555
37535193	37535617
92239230	92239654
151773489	151773913
117099044	117099468
105386388	105386812
147994294	147994718
70976471	70976895
30741790	30742214
140624097	140624521
151007577	151008001
110969643	110970067
88186	88610
560125	560549
150753677	150754101
142553036	142553460
16840672	16841096
149558433	149558859
45930660	45931084
127229075	127229499
92047301	92047725
38451028	38451452
75677905	75678329
127268491	127268915
98477264	98477688
72294576	72295000
7560869	7561293
108446186	108446610
117355811	117356235
66206063	66206487
2594757	2595181
98519982	98520406
150969458	150969882
98782430	98782854
56131845	56132269
112212158	112212582
100814743	100815167
147244344	147244768
141853154	141853578
155336153	155336577
128101391	128101815
99971412	99971836
136559177	136559601
6593071	6593495
24860950	24861374
20578811	20579235
3961851	3962275
68584293	68584717
150700609	150701033
27729176	27729600
7702176	7702600
19753272	19753696
154490583	154491007
25878657	25879081
95174258	95174682
90876792	90877216
65958650	65959074
6199760	6200184
106012031	106012455
72732772	72733196
139618406	139618830
22626372	22626796
30509744	30510168
42264204	42264628
13218613	13219037
1479226	1479650
15760505	15760929
34173763	34174187
1457040	1457464
18649948	18650372
25429160	25429584
143672720	143673144
51292938	51293362
33148193	33148617
29894102	29894526
70240528	70240952
64082008	64082432
148232403	148232827
75574673	75575097
7004651	7005075
29596013	29596437
150888578	150889002
22862328	22862752
95348101	95348525
6619049	6619473
129677544	129677968
100860458	100860882
25199581	25200005
84652389	84652813
25820490	25820914
29912268	29912692
5497128	5497552
100878508	100878932
148553575	148553999
2234580	2235004
38755998	38756422
112389797	112390221
112610829	112611253
28072349	28072773
155156497	155156921
99547233	99547657
101458675	101459099
32944700	32945124
50656525	50656949
127218281	127218705
48464362	48464786
12534215	12534639
152033843	152034267
153712772	153713196
116811104	116811528
152569319	152569743
1747667	1748091
82369536	82369960
140975125	140975549
100053500	100053924
77302393	77302817
136853868	136854292
128560487	128560911
150753343	150753767
25989249	25989673
65548673	65549097
1243343	1243767
104189299	104189723
12101632	12102056
158288506	158288930
112655017	112655441
75590541	75590965
134132105	134132529
107866180	107866604
129222564	129222988
88418742	88419166
137928116	137928540
112051230	112051654
142571186	142571610
18395780	18396204
128848552	128848976
156762826	156763250
48178932	48179356
1488505	1488929
117309862	117310286
83605523	83605947
75887316	75887740
45269144	45269568
44187057	44187481
105995304	105995728
75944725	75945149
127839802	127840226
4281490	4281914
153529200	153529624
124636900	124637324
32530423	32530847
143708942	143709366
73668597	73669021
6463833	6464257
142573589	142574013
47847365	47847789
25100088	25100512
25430864	25431288
70630689	70631113
10452041	10452465
142003379	142003803
1609687	1610111
116091954	116092378
149052809	149053233
25227636	25228060
129010636	129011060
102004200	102004624
117039855	117040279
150716551	150716975
78927423	78927847
106532265	106532689
2595405	2595829
50869594	50870018
152810241	152810665
48194358	48194782
84644210	84644634
92158013	92158437
7929802	7930226
48141683	48142107
105292807	105293195
148400507	148400931
105681761	105682185
97651004	97651428
135868726	135869150
40720234	40720658
105516934	105517358
158575436	158575860
134232110	134232513
24441567	24441991
106377170	106377594
131438566	131438990
37136885	37137309
150901684	150902108
51367425	51367849
7222248	7222672
1183745	1184169
154636184	154636608
29577903	29578327
94078453	94078877
154568774	154569198
100608570	100608994
22772314	22772738
11413163	11413587
139778988	139779412
4805720	4806144
95313362	95313786
56031932	56032356
26385462	26385886
52985655	52986079
30604094	30604518
28511963	28512387
125310999	125311423
157532289	157532713
38787555	38787979
83040319	83040743
123556478	123556902
156337719	156338143
134371575	134371999
19704988	19705412
65888698	65889122
105039766	105040190
25071012	25071436
143086893	143087317
131854447	131854871
1223241	1223407
48149935	48150359
13302560	13302984
128911781	128912205
65619440	65619864
111284639	111285063
80288810	80289234
127190318	127190742
154473055	154473479
12529721	12530145
4793701	4794125
36324032	36324456
127650454	127650878
100674376	100674800
92804481	92804905
142377121	142377545
158525587	158526011
138794142	138794566
95495308	95495732
100054179	100054603
36010915	36011339
55338729	55339153
50346877	50347301
87849429	87849853
30212678	30213102
107805423	107805847
7370641	7371065
158206607	158207031
139314104	139314528
157189115	157189539
120715840	120716264
138481784	138482208
49041107	49041531
23111613	23112037
72936544	72936968
156295843	156296267
30435994	30436418
66119035	66119459
36290883	36291307
44389001	44389425
87740684	87741108
9640599	9641023
158021636	158022060
33925685	33926109
101182269	101182693
150654360	150654784
45761587	45762011
103699604	103700028
12361889	12362313
138570488	138570912
123132526	123132950
101525922	101526346
97473357	97473781
112156042	112156466
100397237	100397661
99766374	99766798
106845786	106846210
94139166	94139590
116502209	116502633
21565611	21566035
21590695	21591119
121078364	121078788
5594903	5595327
117744859	117745283
5342129	5342553
142551798	142552222
148165785	148166209
113721980	113722404
70050022	70050446
2559880	2560304
134032258	134032682
150085974	150086398
106377656	106378080
150656981	150657405
91506037	91506461
66309471	66309895
156612343	156612767
90042166	90042590
71941584	71942008
6865809	6866233
128434038	128434462
80361951	80362375
90921185	90921609
158930594	158931018
158726155	158726579
6144159	6144583
51049447	51049871
128472679	128473103
16549479	16549903
18214492	18214916
64085659	64086083
142447695	142448119
55665536	55665960
64695875	64696299
128177480	128177904
3439527	3439951
32429834	32430258
34127697	34128121
149198673	149199097
66459588	66460012
24097016	24097440
6204047	6204471
36194462	36194886
31099147	31099571
98993154	98993578
44107575	44107999
91053695	91054119
51419844	51420268
29153456	29153880
37488349	37488773
65987550	65987974
64099538	64099962
158112976	158113400
137650983	137651407
92617400	92617824
150968705	150969129
99086829	99087253
135037042	135037466
138522825	138523249
22563484	22563908
6757712	6758136
12678457	12678881
107395115	107395539
157032306	157032730
148846170	148846594
102691886	102692310
118230126	118230550
103518032	103518456
3201905	3202329
149400936	149401360
97474912	97475336
17720466	17720890
2514623	2515047
5517236	5517660
116628469	116628893
135979737	135980161
26547232	26547656
37531450	37531874
77089511	77089935
31184905	31185329
157507686	157508110
103746548	103746972
100090944	100091368
140389533	140389957
76922356	76922780
115550583	115551007
16460466	16460890
143043127	143043551
158648817	158649241
31215343	31215767
6566079	6566503
65086688	65087112
43839220	43839644
33783879	33784303
127402264	127402688
92077690	92078114
25894660	25894823
91582953	91583377
139967599	139968023
134374744	134375168
92156991	92157415
101054523	101054899
143575866	143576290
106850779	106851203
64096900	64097324
84120002	84120426
1965023	1965447
1216041	1216151
158984723	158985147
98590683	98591107
152890317	152890741
151329350	151329774
42785126	42785550
20784401	20784825
45019051	45019475
131877839	131878263
151585175	151585599
106770869	106771293
151561119	151561543
73007574	73007998
9130914	9131338
102313143	102313567
302871	303295
151681717	151682141
5036433	5036857
149427409	149427833
84650422	84650846
103065592	103066016
106810182	106810606
38438486	38438910
50746925	50747349
5565859	5566283
83576521	83576945
73818043	73818467
90338080	90338504
143070433	143070857
87135542	87135966
153645128	153645552
156546293	156546717
145599165	145599589
99815583	99816007
117041379	117041803
43217246	43217670
71743531	71743955
149675638	149676062
152591640	152592064
38217922	38218346
72251310	72251734
104950308	104950732
151722747	151723171
18255042	18255466
82358718	82359142
23283020	23283444
6616128	6616552
90225397	90225821
44502899	44503323
99577542	99577774
47390806	47391230
74070768	74071192
38339801	38340225
151145922	151146346
108129434	108129858
105438056	105438480
127775872	127776296
153067227	153067651
20351057	20351481
13156697	13157121
6529250	6529674
96225381	96225805
92320837	92321261
122168921	122169345
3234224	3234648
90089205	90089629
48028375	48028799
111493651	111494075
68676754	68677178
150436091	150436515
121392756	121393180
48376570	48376994
13086628	13087052
100026757	100027181
120640460	120640884
106450989	106451413
149171883	149172307
147807184	147807608
16930880	16931304
82356206	82356630
120496832	120497256
27973786	27974210
107703198	107703622
75892435	75892859
86848335	86848759
36122542	36122966
39903447	39903871
7221726	7222150
100965312	100965736
2860745	2861169
134063283	134063707
102090741	102091165
29993161	29993585
2758728	2759152
150677792	150678216
44854564	44854988
115933179	115933603
119708128	119708552
54614406	54614830
137670586	137671010
90718845	90719269
78139880	78140304
23145783	23146207
3762190	3762614
4723848	4724272
1036939	1037363
34130874	34131298
148843422	148843846
73241057	73241481
84660111	84660535
138332701	138333125
121203222	121203646
133689560	133689984
29855003	29855427
55655760	55656184
101468557	101468981
70253464	70253888
66505708	66506132
130792608	130793032
110082371	110082795
43518614	43519038
149103704	149104128
28880059	28880483
43760788	43761212
73529596	73530020
25188315	25188739
41744695	41745119
89874193	89874617
55318109	55318533
51128249	51128673
158341243	158341667
143092507	143092931
100161524	100161927
67408539	67408963
157522277	157522701
128482268	128482692
129795044	129795468
101931497	101931921
139901097	139901521
159033569	159033993
31096342	31096766
149698278	149698702
39831494	39831918
135389035	135389459
69658454	69658878
70181390	70181814
150942722	150943146
129419075	129419499
6614100	6614524
130906916	130907340
23140301	23140725
6992737	6993161
155198033	155198457
158238167	158238591
22473771	22474195
154440309	154440733
93642032	93642456
128694640	128695064
1209672	1210096
30794949	30795373
10688797	10689221
91875251	91875675
48048881	48049305
138812449	138812873
6048287	6048711
52235742	52236166
40238820	40239244
143018780	143019204
89781959	89782383
131617021	131617445
99199575	99199999
2701604	2702028
43802873	43803297
72298371	72298795
131192900	131193017
116468304	116468728
107623287	107623711
99942900	99943324
131522485	131522909
134440131	134440555
31166572	31166996
92961204	92961628
84543882	84544306
95315418	95315842
16697549	16697973
86849002	86849426
862556	862980
81128944	81129368
132006152	132006576
106618998	106619422
30789130	30789554
39742676	39743100
100518632	100519056
100143244	100143668
151433615	151434039
25020143	25020567
127024135	127024559
73305439	73305863
38218161	38218585
80886317	80886741
112348290	112348714
112771372	112771796
55477555	55477979
42981002	42981426
73437315	73437739
64254683	64255107
75830314	75830738
99756814	99757238
128022560	128022984
154744886	154745310
16154225	16154649
15344637	15345061
149031370	149031794
22589842	22590266
54907300	54907724
143824984	143825408
129736261	129736685
65842652	65843076
72850471	72850895
123177050	123177474
108283609	108284033
5452211	5452635
143096276	143096700
135195583	135196007
24630741	24631165
22500175	22500599
1883983	1884407
99097322	99097746
72416869	72417293
120739604	120740028
117025880	117026304
116797694	116798118
20022403	20022827
127699996	127700420
149015336	149015760
44152222	44152646
140956270	140956694
109730165	109730589
50764593	50765017
158989762	158990186
26437557	26437981
46391945	46392369
51068637	51069061
131630301	131630725
4778374	4778798
5938069	5938493
43622943	43623367
115802974	115803398
101880140	101880564
158933246	158933670
116164728	116165152
25878142	25878566
140440536	140440960
150557791	150558215
35112974	35113398
72734194	72734618
89942023	89942447
44149025	44149449
66103297	66103721
27881702	27882126
50835080	50835504
33168468	33168892
107673940	107674364
5436096	5436520
6662762	6663186
133249294	133249718
28403720	28404144
106853608	106854032
6146242	6146666
155055135	155055559
128345957	128346381
84815975	84816399
915622	916046
105029632	105030056
20198291	20198715
3583832	3584256
140360922	140361346
75620316	75620740
21608396	21608820
44297397	44297821
134379233	134379657
66364877	66365301
113666526	113666950
33463222	33463646
155238580	155239004
103393386	103393810
26421339	26421763
107754767	107755191
131521417	131521841
156419753	156420177
67679	68103
134845786	134846210
99088534	99088958
32676354	32676778
7330346	7330770
129856620	129857044
158738225	158738649
134419642	134420066
50663158	50663582
80546044	80546468
101963624	101964048
139305773	139306197
6169725	6170149
157837134	157837558
149781792	149782216
150924418	150924842
65447376	65447800
5128117	5128541
4672560	4672984
87193598	87194022
132242386	132242810
156195051	156195475
122527279	122527703
13782347	13782771
153143570	153143994
27203725	27204149
138968875	138969299
134296949	134297373
151424990	151425414
112429818	112430242
134563530	134563954
149244185	149244609
1060327	1060751
65957431	65957855
25935154	25935578
68846326	68846750
121198338	121198762
36480436	36480860
133538736	133539160
157278077	157278501
128095320	128095744
99995328	99995752
100202291	100202715
123795430	123795854
42425501	42425925
93251658	93252082
67950874	67951298
1798392	1798816
128702811	128703235
542606	543030
93090606	93091030
91498947	91499371
14029335	14029759
72842802	72843226
31413125	31413549
2404713	2405137
42776528	42776952
151267385	151267809
47210105	47210529
4039741	4040165
153379660	153380084
92722019	92722443
22335610	22336034
44529944	44530368
24761338	24761762
149186500	149186924
97804004	97804428
158183837	158184261
87020413	87020837
26035708	26036132
127910935	127911359
44284070	44284494
87516120	87516544
129133387	129133811
148444321	148444745
93230688	93231112
2517394	2517818
129073493	129073917
153815033	153815457
154263928	154264352
78806209	78806633
31168608	31169032
75759862	75760286
65514828	65515252
66925754	66926178
8009365	8009789
29878966	29879390
156336878	156337302
44270575	44270999
157553126	157553550
127113423	127113847
44023270	44023694
30766072	30766496
42925809	42926233
112145507	112145931
120943630	120944054
124405789	124406213
150707318	150707742
105934764	105935188
2360618	2361042
25255332	25255756
157017312	157017736
22336505	22336929
129251337	129251761
117390865	117391289
65540759	65541183
97656684	97657108
142147499	142147923
32204141	32204565
76266510	76266934
17980221	17980645
100860687	100861111
99707377	99707801
104559288	104559712
28182191	28182615
137749512	137749936
62573407	62573831
48147591	48148015
129591370	129591794
142172282	142172706
85519561	85519985
78901361	78901785
44275986	44276410
22539879	22540303
105028028	105028452
96896086	96896510
54732000	54732424
120622251	120622675
62468667	62469091
129139052	129139476
134199494	134199918
31104903	31105327
42168323	42168747
127523958	127524382
70677436	70677860
124673592	124674016
96456970	96457394
105015130	105015554
158234858	158235282
75068237	75068661
156263181	156263605
84509924	84510348
67090345	67090769
45192830	45193254
113055541	113055965
27615919	27616343
155387491	155387915
140000209	140000633
90675656	90676080
50682423	50682847
152251032	152251456
27183302	27183726
136972340	136972764
3735279	3735703
145794137	145794561
99155743	99156167
562011	562435
140353375	140353799
99824278	99824702
44196885	44197309
37958111	37958535
40358	40782
100486820	100487244
6310678	6311102
33373967	33374391
134351138	134351562
99263114	99263538
129029661	129030085
83285229	83285653
5632326	5632750
49816596	49817020
71534239	71534663
92860972	92861396
86541007	86541431
158318753	158319177
102119170	102119594
7800889	7801313
93925072	93925496
157926063	157926487
74039648	74040072
1425370	1425794
125023309	125023733
81076702	81077126
207740	208164
103908174	103908598
5466084	5466508
27250113	27250537
158954917	158955341
19531467	19531891
5526692	5527116
103518245	103518669
140951783	140952207
99766595	99767019
71871775	71872199
149565866	149566290
126790622	126791046
22021181	22021605
142960401	142960825
44605280	44605704
158611109	158611533
26131491	26131915
143875459	143875883
102398606	102399030
66161585	66162009
91413771	91414195
128029383	128029807
66843354	66843778
134639136	134639560
149564805	149565229
64497962	64498386
30934631	30935055
150503934	150504358
135481895	135482319
144483596	144484020
87136738	87137162
127099366	127099790
149191707	149192131
71390783	71391207
23052745	23053169
66953945	66954369
81099536	81099960
28338493	28338917
99806468	99806892
2139867	2140291
88391042	88391466
100813239	100813663
120714914	120715338
154719424	154719848
129977270	129977694
121038347	121038771
127907373	127907797
16643623	16644047
94285276	94285700
47456253	47456677
158118788	158119212
142643448	142643872
98505219	98505643
38920628	38921052
100230452	100230876
132128845	132129269
67715095	67715519
21495338	21495762
99956087	99956511
28848629	28849053
67084155	67084579
69971481	69971905
7392563	7392987
76742111	76742535
132388573	132388997
134047219	134047643
106684772	106685196
50472281	50472705
4034893	4035317
57376462	57376886
143724161	143724585
44346938	44347362
30785783	30786207
117469434	117469858
100389540	100389964
155326749	155327173
50629799	50630223
50709014	50709438
42137213	42137637
142667677	142668101
103554642	103555066
80625234	80625658
42951646	42952070
4855213	4855637
47294200	47294624
43279246	43279670
25357704	25358128
51074123	51074547
1776036	1776460
16449341	16449765
8473204	8473628
128432827	128433251
132341783	132342207
72756749	72757173
137290806	137291230
78216760	78217184
134895884	134896308
76142415	76142839
134128769	134129193
30391786	30392210
148400712	148401136
77669524	77669904
2142983	2143407
135874336	135874760
100145574	100145998
127887461	127887885
101345670	101346094
126430796	126431220
134916453	134916877
150839767	150840191
64407143	64407567
103737338	103737762
50348141	50348565
25220643	25221067
135812756	135813180
45169995	45170419
130418365	130418789
138818101	138818525
105234434	105234858
155088678	155089102
91763127	91763551
55790496	55790920
30204269	30204693
6769193	6769617
43966227	43966651
149321923	149322347
103872038	103872462
40187172	40187596
120991717	120992141
17514504	17514928
45109001	45109425
40226175	40226599
104503323	104503747
27200757	27201181
127126658	127127082
99214216	99214640
105220788	105221212
103497809	103498233
72983238	72983662
150102441	150102865
27701709	27702133
101457607	101458031
1163436	1163860
99844714	99845138
23560266	23560690
74282484	74282908
6134192	6134616
72715051	72715475
149165319	149165743
154648393	154648817
2199690	2200114
12564406	12564830
6545540	6545964
102105453	102105877
827023	827447
99379843	99380267
150850149	150850573
112305795	112306219
144866973	144867397
139039408	139039832
155189223	155189647
942957	943381
12251080	12251504
33317703	33318127
131393860	131394284
41355326	41355750
33725497	33725921
101723774	101724198
155088909	155089333
76022983	76023407
71757051	71757475
39193200	39193624
37241366	37241790
99058846	99059270
64459576	64460000
116860897	116861321
31376026	31376450
94829108	94829532
1585095	1585519
38929548	38929972
127032389	127032813
123234738	123235162
25435581	25436005
133695784	133696208
18032111	18032535
73113607	73114031
4401439	4401863
155437750	155438174
74076124	74076548
876201	876625
1497489	1497913
18395988	18396412
156371161	156371585
45808565	45808989
95354429	95354853
115876242	115876666
124699876	124700300
133960699	133961123
1853037	1853461
73244141	73244565
120723	121147
152274421	152274845
150675656	150676080
26318350	26318774
124480477	124480901
114996213	114996637
75244281	75244705
99070436	99070860
154824678	154825102
102789791	102790215
100378835	100379259
100855255	100855679
153392344	153392768
128580088	128580512
139409860	139410284
152575080	152575504
307190	307614
155584210	155584634
18028429	18028853
69358971	69359395
22540937	22541361
137613980	137614404
138482006	138482430
110953021	110953445
148989426	148989850
157448934	157449358
73598211	73598635
67890334	67890758
149508519	149508943
39393124	39393548
132892643	132893067
138729119	138729543
154467706	154468130
5821176	5821596
111440333	111440757
74202798	74203222
120581089	120581513
103800848	103801272
150624612	150625036
150076635	150077059
39426264	39426688
88389	88813
102734544	102734968
32805187	32805611
100238283	100238707
1851987	1852411
68868115	68868539
105297553	105297977
43506650	43507074
76243114	76243538
104056241	104056665
40546750	40547174
156194278	156194702
156609656	156610080
107384013	107384437
104654599	104655023
101331748	101332172
50245110	50245534
150573040	150573464
77332371	77332795
66431991	66432415
135482149	135482573
152819311	152819735
155023304	155023728
70685323	70685747
4446224	4446648
112194671	112195095
150757090	150757514
93429042	93429466
30635797	30636221
158755305	158755729
70272597	70273021
30958442	30958866
108210874	108211298
67073771	67074195
27474611	27475035
12536513	12536937
157204181	157204605
157150894	157151318
40523236	40523660
142130643	142131067
134042143	134042567
116176493	116176917
135531079	135531503
65214610	65215034
123337853	123338277
129901429	129901853
123356950	123357374
100891425	100891849
28498207	28498631
104976393	104976817
150754509	150754933
705489	705913
134088445	134088869
34198358	34198782
133675865	133676289
48914890	48915314
65475329	65475753
143069143	143069567
102706307	102706731
52086304	52086728
127536332	127536756
93490561	93490985
134163488	134163912
18125702	18126126
44308571	44308995
154739339	154739763
55241300	55241724
21762045	21762469
