189634	190382
72145045	72145613
65990116	65990536
66175872	66176309
60897228	60897657
74959674	74960059
65652111	65652529
130731827	130732228
65756434	65756898
66462142	66462624
61666570	61666953
129234027	129234417
727985	728390
118530110	118530574
76838169	76838627
3845938	3846338
2421451	2421818
61500903	61501284
36768620	36768992
19092744	19093129
62673428	62673787
67150029	67150377
2553941	2554340
191975	192353
77757260	77757581
72504596	72505097
118560808	118561236
61284363	61284771
9634713	9635069
45864670	45865029
129620748	129621084
65479221	65479569
47376787	47377122
117688475	117688850
75156358	75156757
111749662	111750014
10329351	10329717
62791557	62791923
74733950	74734278
57260896	57261261
57224820	57225168
47174660	47175024
2909617	2909963
62310215	62310593
75863229	75863603
61103666	61104027
62092387	62092763
118800935	118801317
10757246	10757711
117296912	117297275
3113000	3113385
57335623	57336003
73006495	73006819
61638588	61638932
119404569	119405097
16809914	16810297
62553978	62554341
87063777	87064116
73371988	73372347
10813995	10814355
64661741	64662075
15962682	15963053
118798752	118799119
69796167	69796549
64455869	64456452
66360171	66360540
67124309	67124672
73062246	73062584
12303411	12303748
33879392	33879715
119345447	119345821
46373682	46374058
58903406	58903744
44307864	44308205
10955291	10955623
20631678	20632007
66079277	66079623
75095540	75095889
65547366	65547806
20408626	20408995
120173765	120174113
119978938	119979281
61715124	61715454
65183823	65184157
61849526	61849859
64257293	64257624
116147108	116147613
64122555	64122981
57247809	57248136
46260680	46261024
58443045	58443372
72542542	72542851
72394761	72395169
68151374	68151760
65083046	65083452
113561665	113562088
44642703	44643034
69059801	69060186
118436640	118436974
119252231	119252569
108093582	108093899
6374660	6375013
3876128	3876440
9556650	9556975
67273594	67273932
76903031	76903401
76802222	76802610
64614621	64614970
119352050	119352394
46330128	46330472
12310154	12310471
47429586	47429960
117817631	117817965
69259190	69259512
9159312	9159621
46550839	46551195
63920548	63920915
11988441	11988768
74916011	74916346
126180393	126180707
67085021	67085372
123940088	123940412
126350652	126350977
11287578	11287908
65655753	65656234
61405864	61406217
117714725	117715045
65585721	65586042
75417305	75417633
63972039	63972348
20132409	20132752
2440909	2441237
65627699	65628014
64071801	64072155
61515156	61515478
69485002	69485369
44560049	44560360
66095807	66096153
118901574	118901905
61299629	61299952
45986468	45986776
45676827	45677147
46390981	46391321
75258587	75258931
18753549	18753878
6704606	6704926
118777729	118778097
74991226	74991539
86319326	86319735
74413422	74413761
76029817	76030160
47395472	47395799
16627787	16628095
64655372	64655688
10562674	10563015
69703352	69703673
66246386	66246748
67396722	67397031
65812599	65812927
119244904	119245251
67030135	67030476
65789949	65790289
45392770	45393073
64320942	64321254
18127563	18127888
123117939	123118274
64877767	64878082
68868850	68869208
78356282	78356589
93916967	93917257
75918615	75918965
61021931	61022252
46639344	46639648
88277561	88277867
63913550	63913884
72296722	72297065
116661945	116662279
12621072	12621386
43966339	43966660
448236	448571
131543878	131544190
65238890	65239179
2552652	2552971
64972238	64972568
57259166	57259521
66049965	66050310
72193329	72193642
64885252	64885557
70023414	70023730
66743416	66743756
60666815	60667161
118016051	118016338
8835164	8835484
64420555	64420879
66153642	66153966
45793494	45793861
17620497	17620822
60598502	60598828
76432830	76433143
68214726	68215041
34380831	34381174
117052017	117052346
76630934	76631340
2913315	2913650
17549704	17550010
68065261	68065566
33087167	33087475
72125272	72125557
71802332	71802676
16635220	16635525
62078611	62078933
73046549	73046842
19098531	19098853
48194412	48194715
71894509	71894809
119194297	119194563
57045351	57045677
44638455	44638785
13894766	13895080
63916153	63916492
518614	519042
119227025	119227692
130786295	130786601
14929308	14929615
3238429	3238823
62328051	62328382
64879993	64880304
118827322	118827606
44796971	44797272
74450859	74451171
72896287	72896575
2326597	2326909
74851623	74851937
10388238	10388524
65149721	65150060
46336715	46337055
73000502	73000852
116228789	116229110
1108651	1109007
116562411	116562763
69458128	69458437
45792768	45793151
134230166	134230461
58555925	58556229
64555052	64555373
64511021	64511356
3131400	3131715
75514300	75514588
67976647	67976939
125011625	125011983
67398100	67398392
67118662	67118986
34534435	34534730
46318574	46318869
65835696	65836055
2216195	2216553
64216316	64216610
126310737	126311047
17405514	17405796
95438747	95439019
119210624	119210934
66206459	66206750
72142054	72142329
12065832	12066124
6464673	6464964
1673950	1674223
74437646	74437934
45361621	45361915
11820403	11820703
111472731	111473022
76409306	76409641
110044914	110045217
107670037	107670332
3829105	3829389
93904875	93905170
44915735	44916049
72354111	72354452
7687007	7687281
113176454	113176749
134738483	134738770
46559428	46559699
73087098	73087425
58938913	58939226
66346504	66346842
15671544	15671871
5621567	5621845
31979724	31980003
57294666	57294944
57117273	57117633
85929579	85929888
62630164	62630438
44131805	44132073
76757094	76757449
94802870	94803172
123132221	123132548
125274800	125275105
35413806	35414087
34195901	34196205
59521467	59521761
33829815	33830105
76518500	76518788
34009584	34009863
61213670	61213944
58421504	58421786
1650068	1650350
118481752	118482041
4658181	4658443
66821337	66821624
119209024	119209324
65308353	65308688
58953789	58954088
35507322	35507623
19579255	19579558
67350979	67351296
36171514	36171809
15841262	15841552
114645418	114645684
45127092	45127416
124514253	124514585
117924147	117924433
8625564	8625869
102261430	102261772
62462200	62462512
113160371	113160623
57226149	57226517
18749214	18749510
62537225	62537517
60955064	60955358
250792	251079
43304520	43304815
44545100	44545391
46300034	46300314
120105752	120106087
34018576	34018871
1974781	1975085
16841875	16842158
36287635	36287917
63688596	63688886
76899442	76899738
64416900	64417183
109816976	109817265
125299009	125299382
130082941	130083262
75099748	75100053
8230790	8231091
9770051	9770344
72436303	72436588
70037702	70038007
20153987	20154316
64068472	64068800
2218467	2218744
66197511	66197814
2449492	2449768
111712232	111712514
63604713	63604993
4203366	4203654
117678230	117678521
123451315	123451601
12985634	12985920
45124724	45124993
46941457	46941735
19959827	19960112
46389172	46389495
76510339	76510635
57016562	57016889
59448095	59448366
61543990	61544302
44087593	44087914
18797271	18797536
3058546	3058832
125215677	125215957
120381774	120382075
32395831	32396092
71855104	71855379
62361053	62361340
73018332	73018615
85904595	85904914
45894310	45894588
18785848	18786167
44117014	44117327
68351527	68351823
60542866	60543132
62788120	62788437
69500673	69500958
73104677	73104952
6337107	6337403
12433880	12434145
33992622	33992885
65236364	65236647
8054765	8055025
113906786	113907134
65356218	65356482
72953680	72954011
75243441	75243743
78426854	78427136
64217005	64217303
117689845	117690124
69616376	69616665
3362581	3362859
15848452	15848721
66156522	66156784
61395662	61395928
61245157	61245447
68899091	68899354
60737830	60738102
76549800	76550055
61665141	61665445
1846258	1846555
63374000	63374301
102212541	102212829
2058127	2058424
12109824	12110084
70313631	70313921
119537139	119537416
45255022	45255337
107879401	107879678
46410966	46411267
18743656	18743900
58668301	58668586
8247141	8247438
6272397	6272662
8008472	8008743
65341595	65341937
44948663	44948963
18672754	18673041
19281336	19281610
75162544	75162847
72182377	72182651
1661335	1661663
76391900	76392193
20149837	20150090
116603483	116603748
1224251	1224526
18001350	18001646
58335411	58335706
46404776	46405013
72947997	72948289
12910381	12910616
18137105	18137371
5312553	5312810
61335016	61335302
116512324	116512587
71131544	71131806
64535209	64535506
61447636	61447905
111317352	111317593
62192194	62192509
64490950	64491234
70042228	70042517
120042964	120043232
1051152	1051427
133920411	133920693
102604037	102604309
130002198	130002455
1536758	1537075
72523994	72524274
61153065	61153364
56898598	56898892
130304395	130304724
5145322	5145623
125218711	125218990
70601690	70601946
36531754	36532073
12068990	12069257
60253442	60253699
46148741	46149002
118069031	118069319
66131419	66131657
15230235	15230498
2441980	2442259
95569252	95569495
16807103	16807352
66839213	66839510
129793239	129793487
1714451	1714774
68565705	68566010
36153331	36153581
11177572	11177873
107870543	107870815
124633060	124633363
120673022	120673317
67156980	67157240
71291159	71291444
115860689	115861020
107611755	107612010
47201136	47201400
6291254	6291532
96076400	96076695
74640831	74641119
61564720	61564975
64845681	64845952
46911213	46911489
66636232	66636578
64993022	64993365
44958036	44958298
44058990	44059250
118042355	118042646
6833702	6833967
73675410	73675667
15122702	15122980
126860317	126860574
17781955	17782240
66025756	66026044
123447749	123447999
92967842	92968079
73966899	73967124
11049669	11049936
11870809	11871090
76824640	76824876
64124030	64124291
65042537	65042813
8214145	8214436
61250059	61250291
128729780	128730062
9528362	9528605
8359652	8359916
43333323	43333589
124746201	124746460
88218013	88218257
75308763	75309004
33851131	33851373
70295138	70295433
6384372	6384618
63275574	63275847
32197821	32198077
85565898	85566189
62162334	62162589
1715251	1715527
8285405	8285670
61152440	61152708
8027961	8028225
66445988	66446280
111852826	111853046
114131752	114132041
58825939	58826206
125303407	125303670
9635665	9635944
65361280	65361574
47182607	47182929
72395554	72395886
65278259	65278526
85652483	85652723
71949250	71949512
3862859	3863120
19575371	19575591
133797543	133797843
58347078	58347338
108519063	108519335
63639513	63639789
76909677	76909941
44449006	44449289
112045858	112046100
94630507	94630757
26298433	26298688
102217775	102218022
63246334	63246575
60655066	60655326
78509657	78509945
114151364	114151635
86167166	86167429
113403499	113403740
1903706	1903988
43911823	43912075
79204673	79204934
66650677	66650952
64418430	64418716
72300884	72301239
61203028	61203282
124736239	124736502
45273986	45274265
9142549	9142823
70661012	70661282
87836852	87837177
112426498	112426748
1858979	1859253
67381657	67381933
65902057	65902318
116976758	116976997
114211037	114211299
68024917	68025200
117939367	117939610
65618764	65619054
117097213	117097468
64780991	64781357
74160419	74160681
66601771	66602046
119067659	119067915
126477250	126477510
46269184	46269436
65337568	65337801
20669571	20669839
9037197	9037443
73336784	73337052
72853362	72853632
9883711	9883970
18431979	18432231
117103079	117103353
122652202	122652429
2021889	2022147
60534817	60535074
119192321	119192647
58926023	58926254
114133492	114133738
7463896	7464126
131564780	131565032
119227025	119227692
132948518	132948786
10098427	10098715
3630974	3631209
14996372	14996634
62803198	62803481
57017268	57017516
47198930	47199227
65319584	65319860
62379917	62380207
125322610	125322863
111101153	111101420
17408235	17408476
125439030	125439351
125744459	125744718
7592972	7593230
67340233	67340463
6776644	6776895
16967534	16967744
86002943	86003168
1853751	1854057
19764305	19764573
47281128	47281360
47574722	47574962
68856222	68856482
10646089	10646297
15096536	15096790
86282631	86282893
73115179	73115422
125792984	125793225
130764391	130764611
47956048	47956293
13356880	13357102
64099367	64099596
1897661	1897925
85375206	85375471
118359277	118359521
6460269	6460521
120039860	120040139
8268945	8269169
65339459	65339694
129566013	129566266
112151292	112151562
68400347	68400598
57412315	57412573
6552587	6552815
8350396	8350637
94884688	94884950
64764346	64764580
123511706	123511952
63683941	63684176
112668696	112668943
74743075	74743361
4208182	4208476
88285664	88285893
11809384	11809611
111293809	111294024
74164530	74164761
6727216	6727440
67973683	67973912
4647504	4647738
5705893	5706147
10675890	10676127
67407493	67407761
13260519	13260756
848361	848579
122666881	122667114
113767091	113767317
131557942	131558182
119350467	119350726
20375470	20375725
110349213	110349432
57568199	57568455
5497507	5497722
116706786	116706996
74952718	74953012
32830848	32831061
2023310	2023581
35259728	35259988
77711238	77711465
86581064	86581323
19332927	19333160
130934352	130934570
118478528	118478763
111299789	111300064
17752607	17752906
63403411	63403625
44932962	44933199
34489847	34490082
124065907	124066145
86808620	86808866
117068628	117068875
64455869	64456452
36280363	36280605
2177757	2177995
75039799	75040039
6759188	6759426
65097448	65097719
14270972	14271182
12915695	12915933
662775	662986
74855506	74855767
118549699	118549911
78357711	78357971
45288582	45288842
128500342	128500556
114633228	114633453
123105888	123106124
36766190	36766402
122451237	122451518
59052082	59052332
18265386	18265593
113644706	113644923
19585654	19585887
71736197	71736427
119512777	119513037
123942136	123942351
134945655	134945916
82429345	82429559
2951904	2952256
70073171	70073382
108568683	108568923
47433809	47434032
71511443	71511704
78811248	78811461
94058942	94059147
67113377	67113611
71524849	71525082
4208792	4209061
44749431	44749655
66619644	66619874
125812029	125812239
112160720	112161002
5226101	5226328
8114291	8114502
112090542	112090767
10427750	10427998
4514558	4514742
17526199	17526429
61875535	61875777
46344407	46344643
119884023	119884228
119591873	119592074
116087821	116088049
43968612	43968872
47638684	47638884
57107840	57108055
4093979	4094218
44115912	44116129
102537171	102537390
76812302	76812513
56884152	56884384
63713363	63713596
118936209	118936398
62648723	62649007
61312905	61313155
59961195	59961380
15792442	15792657
123582077	123582307
2173205	2173514
120206599	120206830
124272284	124272518
35426131	35426330
112665995	112666215
36724228	36724444
85753005	85753212
33709516	33709725
131561473	131561715
62676684	62676889
47475806	47476038
61938739	61938966
61555723	61555911
129201750	129201973
64073508	64073720
43594887	43595059
76521351	76521537
123425705	123425924
133004516	133004763
113865174	113865379
124961141	124961376
72889205	72889369
118965631	118965835
10710008	10710168
67044382	67044623
72560013	72560204
6778679	6778921
66848977	66849241
65017877	65018099
5012374	5012620
120800422	120800624
124539097	124539309
29365371	29365554
48329409	48329617
82412979	82413210
32334466	32334724
93654945	93655153
13365780	13365950
60386260	60386483
62690550	62690760
3870540	3870744
62980254	62980486
123382003	123382253
59590510	59590723
72158072	72158278
72320169	72320376
93628655	93628856
13136517	13136753
17886061	17886210
117314319	117314541
4560956	4561148
130793262	130793493
76309627	76309840
117680079	117680330
75275121	75275362
64510374	64510646
61584360	61584617
113601713	113601928
128718806	128718999
60605676	60605903
47279514	47279768
113946688	113946909
67426967	67427181
18013445	18013656
14991457	14991656
63506295	63506528
69707483	69707687
35843411	35843697
60131025	60131206
1616752	1616968
34862408	34862607
61963527	61963739
8981211	8981413
62148279	62148490
60101592	60101774
74032621	74032801
46028057	46028263
119600082	119600272
440262	440474
119076525	119076752
71814632	71814775
6400563	6400786
22897517	22897758
17251734	17251946
72893900	72894059
107434446	107434652
67411628	67411790
116613604	116613813
121526717	121526998
124994185	124994375
119015659	119015887
45234612	45234813
36077997	36078180
70317406	70317633
71274642	71274846
125293264	125293451
60033181	60033395
105958656	105958855
8240927	8241144
17994688	17994891
35857026	35857252
60019067	60019263
74281648	74281824
8120819	8121243
58291657	58291943
13856103	13856306
17085015	17085223
74925441	74925662
122499738	122499940
64828696	64828914
46511631	46511800
43873703	43873896
67141741	67141916
19925149	19925361
59197521	59197658
32814514	32814696
124663665	124663856
129862357	129862463
66032549	66032758
61439092	61439318
31892716	31892905
14322349	14322556
3476134	3476279
12352929	12353114
133800698	133800897
2095575	2095766
77531800	77532011
64781336	64781988
96074945	96075172
71054725	71054928
121462207	121462401
6526977	6527182
27233046	27233231
111435928	111436158
86387605	86387803
62107722	62107966
43846857	43847071
134132019	134132195
71688846	71689058
86630725	86630916
11058467	11058652
1588219	1588362
125225184	125225413
63360661	63360857
67559776	67559925
119404569	119405097
123172462	123172582
10900297	10900449
32253551	32253742
22851454	22851667
119986454	119986616
69498826	69498936
120100600	120100797
67033657	67033871
78131434	78131640
76838169	76838627
72284541	72284713
82486895	82487078
122376560	122376757
65021540	65021733
3430032	3430264
58397454	58397621
66104178	66104378
119612108	119612231
83004097	83004271
58975492	58975693
5402093	5402234
110247557	110247717
134009749	134009934
78127973	78128124
75434273	75434499
18690121	18690308
13977499	13977699
94800170	94800382
73189911	73190086
116765860	116766066
61822085	61822293
82575374	82575513
44155035	44155150
44654366	44654579
7534434	7534651
16957460	16957659
18000342	18000511
65133818	65134053
27180405	27180617
116370188	116370403
798289	798513
58281390	58281501
126064093	126064286
102366272	102366418
128701127	128701334
1596025	1596200
12258019	12258443
12936185	12936358
73241313	73241491
65405153	65405577
7678703	7678843
93601678	93601865
76630252	76630395
105947720	105947828
82638283	82638707
8751763	8751943
68038678	68038853
36514369	36514571
107420073	107420265
124831990	124832147
1970166	1970590
114188563	114188725
34514468	34514642
77939539	77939727
64085402	64085826
18193022	18193224
58820880	58821089
122893909	122894126
60113119	60113304
119026917	119027106
9994543	9994728
111648132	111648306
74412462	74412641
58974187	58974361
130301324	130301434
34587060	34587258
6724830	6725010
6634137	6634267
15349313	15349483
67723253	67723472
32073792	32073984
2315314	2315501
57113153	57113333
1567994	1568100
128754695	128754914
82952530	82952679
75578922	75579077
116095200	116095389
62554595	62554902
305036	305230
10792152	10792576
33564644	33564763
59317862	59318034
123578411	123578605
102811804	102811988
14558715	14558866
64424373	64424533
44578262	44578500
72309918	72310342
117009455	117009698
116750685	116750813
122073752	122073905
40315733	40315839
131618180	131618326
8935933	8936357
73642331	73642755
64948436	64948567
77259265	77259689
2320519	2320943
110072136	110072349
38813011	38813201
69929067	69929206
82997321	82997745
11811395	11811525
112150667	112150907
67382969	67383155
32469850	32470047
119039298	119039460
11252630	11253054
120170771	120170964
75959285	75959709
6689154	6689318
134462270	134462694
59898134	59898256
131538796	131538971
113677199	113677355
14930189	14930365
14254194	14254618
115195425	115195553
113667363	113667787
783665	783817
70004262	70004686
2914027	2914451
44505740	44506164
13406443	13406617
111475269	111475410
111457141	111457328
18866421	18866561
74798374	74798798
63597490	63597613
5025799	5025945
64111398	64111545
37967841	37967995
117692702	117693126
96127065	96127182
82406700	82407124
73071634	73071757
839855	840279
120530781	120531205
32456121	32456293
33351374	33351551
114763399	114763552
109568080	109568214
61504557	61504981
108525836	108526013
115040917	115041341
2021111	2021225
134077303	134077727
69656965	69657072
64646015	64646190
67761325	67761533
87132505	87132709
69532886	69533310
94254978	94255163
86460630	86460745
111802585	111802760
36586029	36586163
65033640	65034064
102979807	102980231
94356432	94356604
118970930	118971354
3216577	3216696
94887634	94888058
118796566	118796990
62013051	62013241
65246943	65247367
86650225	86650388
123349229	123349367
96198015	96198133
14330268	14330386
8112295	8112719
63867954	63868062
64397551	64397659
120177415	120177566
116476423	116476570
2858351	2858503
61975559	61975782
62448388	62448518
124984555	124984668
67344294	67344446
109809900	109810324
70329222	70329394
65512026	65512229
102158647	102159071
87749716	87749822
64018769	64018896
32407507	32407931
46368763	46368927
45315203	45315390
32356328	32356752
74099847	74099966
71575137	71575338
134595977	134596135
67374270	67374442
61276834	61276945
43589077	43589197
9779708	9779928
15873869	15873982
118465715	118466139
7570117	7570541
108605694	108606118
18824288	18824438
86529622	86529808
76758791	76758984
88075176	88075315
111154070	111154246
9117146	9117264
30218281	30218387
2437166	2437590
14440485	14440636
17791507	17791931
124456266	124456442
75087375	75087503
36562542	36562966
77330802	77330925
27318070	27318230
107560299	107560723
27205621	27205771
118393481	118393905
56608797	56608943
73440847	73441271
61468967	61469085
35637682	35638106
50017060	50017484
132810929	132811353
31663020	31663444
126586456	126586605
114609763	114609918
17376127	17376233
128042162	128042586
13793968	13794392
2172712	2172992
57430304	57430728
28719441	28719865
62160769	62161193
122891781	122891962
925611	925761
131116608	131116772
32906457	32906622
133691594	133692018
116324729	116325153
48131540	48131780
89938115	89938288
65473860	65473983
44844557	44844981
107768994	107769418
96197139	96197254
112325078	112325218
111741501	111741925
116607426	116607850
67236843	67236949
3190491	3190915
20376746	20377170
72264910	72265058
67415564	67415988
74198907	74199331
59570140	59570313
18225424	18225600
117492059	117492225
67465861	67466001
27727394	27727818
76130874	76131298
34607889	34608021
121065575	121065681
7914273	7914697
4224818	4225242
31261981	31262088
125423844	125424268
3830457	3830577
109724041	109724168
84275763	84275900
98886566	98886990
78787678	78787865
35327315	35327739
93385225	93385649
13689816	13689947
122924955	122925379
120823490	120823914
69519273	69519697
75063389	75063532
126281810	126282234
73700337	73700488
72498385	72498494
65537428	65537557
63953428	63953852
76630934	76631344
123978962	123979082
134263396	134263820
17495030	17495198
71726674	71727098
22646524	22646948
76445056	76445249
15238226	15238650
60941088	60941239
118661060	118661484
10325916	10326340
129751462	129751886
119454382	119454515
119983104	119983528
119260562	119260986
46139377	46139801
102906639	102907063
5528414	5528838
15027667	15028091
32028472	32028606
59304802	59304946
93517979	93518130
1526660	1527084
7119448	7119872
117820985	117821409
17520000	17520424
123036690	123037114
36313798	36314222
11863068	11863492
67138875	67139299
126261855	126262279
7557328	7557752
74405209	74405633
12309089	12309513
17586170	17586594
7709435	7709859
62742547	62742971
36644424	36644590
72165805	72166229
78125324	78125748
93276396	93276820
17743727	17743854
46918507	46918931
112226388	112226812
44009576	44010000
31128504	31128928
2024100	2024359
60524027	60524451
128027769	128028193
120053535	120053959
2996792	2997216
12257095	12257519
6013819	6014243
43536602	43537026
75136580	75137004
107447203	107447627
56769135	56769559
12143611	12144035
60401593	60402017
64019642	64020066
62895681	62895842
18761225	18761649
35509051	35509475
69696745	69697169
122451866	122452038
9187508	9187621
61345201	61345625
66185534	66185958
10229556	10229980
92619603	92619736
122973913	122974337
58292080	58292375
16903050	16903163
66263018	66263442
46691563	46691677
35843732	35843937
45132106	45132530
124628324	124628482
16904745	16905169
65393427	65393851
125741464	125741595
65494082	65494506
128826332	128826756
84269095	84269519
3980276	3980700
119950632	119950819
40743741	40744165
765240	765664
69789139	69789563
128987601	128987707
2020195	2020375
95582218	95582642
723210	723634
57408521	57408689
68717722	68718146
4006093	4006517
62275926	62276350
68811646	68812070
838469	838893
75118999	75119139
76906883	76907045
31362482	31362906
112458850	112459274
64611694	64612118
13508783	13508949
122734407	122734831
34388183	34388304
83547778	83548202
44961132	44961556
43544378	43544550
26671481	26671589
74742620	74742805
32508821	32509245
77745748	77746172
44970586	44971010
129564462	129564886
9082110	9082534
112985177	112985601
116384546	116384970
107787252	107787676
70642672	70643096
72378461	72378885
82578506	82578930
131381719	131382143
19926789	19927213
115003533	115003957
58864707	58864855
82393217	82393641
75478977	75479401
120585939	120586363
118166541	118166965
7716029	7716169
58912260	58912684
64795050	64795474
116147108	116147613
64616268	64616692
60712258	60712682
67499628	67500052
1891093	1891517
65659232	65659656
133705063	133705487
122982057	122982481
59686476	59686900
8340056	8340480
94826106	94826530
14396478	14396902
76289981	76290405
4572801	4573225
15180634	15181058
62651713	62652137
65222352	65222776
122086094	122086518
44348176	44348600
133900809	133901233
65307574	65307998
60110525	60110949
32914977	32915401
16653708	16654132
123278061	123278485
27507444	27507868
70607176	70607600
68870157	68870581
87433627	87434051
75061821	75061944
118915419	118915843
78297511	78297935
11898029	11898453
100558507	100558931
64283698	64284122
61984624	61985048
128159879	128160303
124707455	124707675
64109813	64110237
17036552	17036976
8076734	8077158
43832634	43832773
76742077	76742501
47270490	47270914
10344520	10344944
108911033	108911457
110333828	110334252
19973023	19973447
125496348	125496454
34920721	34920829
118928118	118928542
86706337	86706761
33737728	33738152
44972440	44972864
68205094	68205518
73618199	73618623
65679229	65679653
696419	696843
72001819	72002243
66789151	66789575
14434769	14435193
17657142	17657566
2906170	2906594
124610360	124610784
1990244	1990668
116969228	116969652
1474771	1475195
102124770	102125194
18874856	18875280
73881976	73882400
57408989	57409413
121189922	121190346
58725931	58726355
78275437	78275861
8816337	8816761
76757985	76758409
46830339	46830763
11422342	11422766
32194956	32195380
34947608	34948032
95745142	95745566
93355218	93355642
110300633	110301057
94519804	94519915
20418756	20419180
20265498	20265922
27720469	27720893
20359085	20359509
94892024	94892158
67788042	67788466
60530239	60530663
58869663	58870087
3042381	3042805
114457540	114457964
23042812	23043236
111984299	111984429
37025172	37025313
124706971	124707152
57827288	57827712
9628616	9629040
125263204	125263628
92969881	92970305
73472069	73472493
57519101	57519525
19138891	19139315
82961016	82961440
78672193	78672617
93508412	93508836
102164681	102165105
43598541	43598965
74345638	74346062
70395028	70395452
27520644	27521068
120302287	120302711
34891013	34891437
3067348	3067772
117350077	117350501
75442134	75442558
95888992	95889416
8405856	8406280
2587583	2588007
10780493	10780917
6589823	6590247
35433832	35434256
103471943	103472367
2216195	2216553
102678696	102679120
42546174	42546598
74956510	74956934
43300209	43300633
38432707	38433131
94474430	94474854
81355289	81355713
30939396	30939820
84095643	84096067
65297598	65298022
58690627	58691051
119155309	119155733
94237859	94238283
88167483	88167907
119494673	119495097
6044179	6044603
45204503	45204927
299896	300320
55482733	55483157
93347585	93348009
134114505	134114929
74784830	74785254
92675103	92675527
16010449	16010873
36063543	36063967
2187277	2187701
16212906	16213330
132182465	132182889
108659283	108659707
13174265	13174689
127901400	127901824
5529872	5530296
103552984	103553408
60468683	60469107
8387119	8387543
120099691	120100115
43440918	43441342
66089736	66090160
75288310	75288734
36500253	36500677
120555610	120556034
131277898	131278322
14170184	14170608
68853613	68854037
73041586	73042010
124737579	124738003
30164625	30165049
22809102	22809526
113258517	113258941
129636985	129637409
66634845	66635269
85985522	85985946
5829639	5830063
86129968	86130392
27226059	27226483
103196629	103197053
70788703	70789127
102535051	102535475
71350324	71350445
118161614	118162038
120205546	120205970
762398	762822
78774190	78774614
44141732	44142156
132952659	132953083
134812071	134812495
2548307	2548731
49547764	49548188
60392696	60393120
64108342	64108766
13375903	13376327
82930111	82930535
2912403	2912827
126177587	126178011
87174522	87174946
46413387	46413811
1938841	1939265
98326226	98326650
114122607	114123031
82387498	82387922
1727800	1728224
120983247	120983671
88831056	88831480
36694361	36694785
1847780	1848204
102463680	102464104
898488	898912
74982034	74982458
104871536	104871960
7374190	7374614
102139436	102139860
125127049	125127473
65655753	65656234
111853755	111854179
1570676	1571100
47572654	47573078
78143215	78143639
75479718	75480142
44679980	44680404
121119840	121120264
125298513	125298651
6319791	6320215
119005073	119005497
85537140	85537564
9099913	9100337
66258746	66259170
114051139	114051563
120974908	120975332
1900656	1901080
118885906	118886330
118530110	118530574
115948660	115949084
59577954	59578378
113906927	113907351
126944018	126944442
73372163	73372587
63513021	63513445
7299481	7299905
108288255	108288679
268717	269141
122724663	122725087
17427068	17427492
448407	448831
68768226	68768650
19034726	19035150
64768856	64769280
119577555	119577979
124285221	124285645
112216394	112216818
107469222	107469646
612099	612523
83539004	83539428
63775254	63775678
81208231	81208655
63688743	63689167
10586224	10586648
63808128	63808552
69894710	69895134
100800889	100801313
111875094	111875518
74581497	74581921
32892216	32892640
71705797	71706221
113457902	113458326
134731378	134731802
58510462	58510886
97554744	97555168
9406443	9406867
117339658	117340082
64953348	64953772
1787504	1787928
5391110	5391534
11169503	11169927
119362450	119362874
94701504	94701928
122625284	122625708
73801717	73802141
67346866	67347290
31908724	31909148
119561969	119562393
43946128	43946552
47255446	47255870
118223820	118224244
85925736	85926160
118543551	118543975
68723627	68724051
113776824	113777248
114117450	114117874
44373447	44373871
69933533	69933957
134597219	134597643
114218909	114219333
64511190	64511614
95096830	95097254
121526256	121526439
2419889	2420313
134449275	134449699
109963650	109964074
57836118	57836542
2713537	2713961
94609749	94610173
66862352	66862776
62356675	62357099
15944743	15945167
71892701	71893125
112311248	112311672
76826132	76826556
64412324	64412748
104125086	104125510
102483672	102484096
34171313	34171737
3647554	3647978
32608069	32608493
58909889	58910313
46431507	46431931
3602367	3602791
94150530	94150954
94031315	94031739
33182859	33183283
12009260	12009684
67312719	67313143
66036697	66037121
20655565	20655989
76170326	76170750
107641715	107642139
101731436	101731860
133884329	133884753
19975437	19975861
68593068	68593492
36490608	36491032
70661155	70661579
110305980	110306404
12890217	12890641
72063913	72064337
59290964	59291388
6303167	6303591
66025891	66026315
61160716	61161140
2422814	2423238
61519671	61520095
58968873	58969297
10772614	10773038
33187699	33188123
114309987	114310411
33383865	33384289
126839790	126840214
115401474	115401898
86689809	86690233
10434783	10435207
76322016	76322440
63044813	63045237
93381323	93381747
118965721	118966145
75236786	75237210
258102	258526
116586064	116586488
894768	895192
43526072	43526496
119015753	119016177
117900044	117900468
74588186	74588610
12310295	12310719
120815777	120816201
31418785	31419209
75607861	75608285
126162477	126162901
85306338	85306762
113424605	113425029
127215745	127216169
16624782	16625206
106888149	106888573
64948539	64948963
11032089	11032513
76434153	76434577
755358	755782
68657566	68657990
67432898	67433322
67168822	67169246
21533364	21533788
78614145	78614569
101307235	101307659
107554489	107554913
47183125	47183382
39396657	39397081
62264568	62264992
45353885	45354309
113560430	113560854
13487455	13487879
55494156	55494580
134848567	134848991
118974482	118974906
134260984	134261408
61228435	61228859
23561515	23561939
100447149	100447573
61668783	61669207
46699834	46700258
117693896	117694320
94252655	94253079
72044778	72045202
57198383	57198807
116086436	116086860
63855794	63856218
94871529	94871953
127713681	127714105
1059737	1060161
121978913	121979337
64471927	64472351
63438125	63438549
130068793	130069217
43824054	43824478
117816149	117816573
58939048	58939472
11184731	11185155
59521576	59522000
75207251	75207675
6625461	6625885
62310403	62310827
120492865	120493289
79111760	79112184
6291377	6291801
64570691	64571115
22325892	22326316
107988472	107988896
11500190	11500614
117775265	117775689
76425519	76425943
1243113	1243537
3438198	3438622
97011896	97012320
875623	876047
17410635	17411059
133446239	133446663
64038868	64039292
12104937	12105361
65699959	65700383
45874329	45874753
128646881	128647305
22213766	22214190
119473579	119474003
6732759	6733183
48406208	48406632
113120082	113120506
92822656	92823080
36839934	36840358
119544446	119544870
851396	851820
106908233	106908657
46300179	46300603
64535347	64535771
63669127	63669551
57386799	57387223
120567290	120567714
126744702	126745126
123468544	123468968
134140257	134140681
20465137	20465561
63952774	63953198
4744029	4744453
97835267	97835691
66849478	66849902
120110957	120111381
65405853	65406277
106190133	106190557
102665122	102665546
119443711	119444135
3080360	3080784
90981336	90981760
13231858	13232282
56550908	56551332
1285579	1286003
85405410	85405834
64781336	64781988
61355453	61355877
12599781	12600205
71814645	71815069
133033328	133033752
69008179	69008603
65083046	65083452
71786140	71786564
95788004	95788428
81369738	81370162
89232032	89232456
119587164	119587588
62444070	62444494
34858966	34859390
30935677	30936101
48130851	48131275
7672906	7673330
94495294	94495718
102188028	102188452
64714685	64715109
26318660	26319084
16273940	16274364
12782602	12783026
79172085	79172509
8108763	8109187
45361745	45362169
2194373	2194797
67615309	67615733
64257440	64257864
36453328	36453752
64637288	64637712
63861989	63862413
12845959	12846383
11178775	11179199
64940081	64940505
111957116	111957540
14476549	14476973
64332709	64333133
72464370	72464794
66234626	66235050
6495335	6495759
64081959	64082383
96159920	96160344
31509364	31509788
12836254	12836678
134145970	134146394
124406374	124406798
134809843	134810267
65547366	65547806
63701911	63702335
61536973	61537397
59937017	59937441
102389458	102389882
126887381	126887805
17129251	17129675
34187306	34187730
131449743	131450167
68565853	68566277
102180871	102181295
45105014	45105438
3157380	3157804
71082351	71082775
63449372	63449796
59523309	59523733
34667742	34668166
3963597	3964021
57314643	57315067
47663995	47664419
14062592	14063016
73113799	73114223
63673972	63674396
112144757	112145181
11681087	11681511
76091936	76092360
22266506	22266930
6319020	6319444
77849722	77850146
75919818	75920242
111325485	111325909
87836987	87837411
58673402	58673826
32735022	32735446
57330036	57330460
66659483	66659907
122448850	122449274
65620565	65620989
118867588	118868012
848453	848877
116710999	116711423
93637186	93637610
64880617	64881041
118129131	118129555
64427206	64427630
3113177	3113601
65165954	65166378
57227731	57228155
120804785	120805209
8588137	8588561
120783185	120783609
75948971	75949395
110399747	110400171
95278283	95278707
62312897	62313321
35019439	35019863
126345502	126345926
118790439	118790863
42791968	42792392
134688914	134689338
86492587	86493011
32771069	32771493
61058744	61059168
64571693	64572117
975779	976203
47182757	47183181
86666916	86667340
58731062	58731486
6083908	6084332
2334849	2335273
130319922	130320346
65239021	65239445
64532690	64533114
86513591	86514015
63920709	63921133
32345050	32345474
118662348	118662772
110304423	110304847
361966	362390
120503258	120503682
58404044	58404468
114271413	114271837
5411402	5411826
32210300	32210724
48231598	48232022
102702068	102702492
11952975	11953399
3666142	3666566
30367615	30368039
33856916	33857340
130894908	130895332
45909484	45909908
390145	390569
58053729	58054153
43955701	43956125
554797	555221
120685901	120686325
90021368	90021792
2207904	2208328
129655279	129655703
70790723	70791147
6659656	6660080
14926291	14926715
3072674	3073098
114063701	114064125
63535503	63535927
870069	870493
117779138	117779562
126443504	126443928
117875848	117876272
108006917	108007341
26306349	26306773
57435349	57435773
57154710	57155134
8955419	8955843
128701256	128701680
72452437	72452861
128627118	128627542
11643542	11643966
13204534	13204958
77268586	77269010
119345610	119346034
113411102	113411526
130241065	130241489
102405202	102405626
72635588	72636012
27528019	27528443
86343784	86344208
64084335	64084759
111722350	111722774
16092100	16092524
74935174	74935598
101785759	101786183
126229192	126229616
12963755	12964179
46543918	46544342
597116	597540
43959601	43960025
65120174	65120598
47290424	47290848
119024212	119024636
63801834	63802258
62135338	62135762
13797669	13798093
100850861	100851285
66935713	66936137
41222683	41223107
91506222	91506646
9225429	9225853
44367647	44368071
61428457	61428881
123447867	123448291
36328414	36328838
2019515	2019939
66811942	66812366
44998887	44999311
119854018	119854442
123994281	123994705
47398166	47398590
34675503	34675927
71503656	71504080
13509205	13509629
45233260	45233684
75293985	75294409
95497439	95497863
15298093	15298517
124736350	124736774
66619759	66620183
128502011	128502435
128672513	128672937
1248093	1248517
115860689	115861020
808449	808873
61559400	61559824
119177991	119178415
94336242	94336666
2410979	2411403
17927938	17928362
44279575	44279999
100699025	100699449
70831653	70832077
58344413	58344837
116967193	116967617
45700538	45700962
63858191	63858615
61889527	61889951
17783776	17784200
62573045	62573469
62554769	62555193
107897791	107898215
101878472	101878896
26353352	26353776
67559844	67560268
63341926	63342350
67593499	67593923
86198703	86199127
118186079	118186503
3425466	3425890
38846114	38846538
3238429	3238823
180103	180527
118796766	118797190
102925843	102926267
131455204	131455628
107787457	107787881
65190141	65190565
13205093	13205517
116797847	116798271
18561741	18562165
63406705	63407129
9780241	9780665
66405461	66405885
133837094	133837518
67843780	67844204
132056613	132057037
69476772	69477196
19677577	19678001
68953677	68954101
58552478	58552902
60553158	60553582
71445575	71445999
107992037	107992461
62556410	62556834
85375346	85375770
34127018	34127442
45226279	45226703
111845723	111846147
75288510	75288934
114266386	114266810
18743760	18744184
93437371	93437795
118505396	118505820
47281225	47281649
92616430	92616854
72963893	72964317
87001318	87001742
27545736	27546160
125757905	125758329
3425670	3426094
66112288	66112712
85913541	85913965
3585575	3585999
34912404	34912828
19956342	19956766
1504132	1504556
63993233	63993657
68979500	68979924
2333990	2334414
58385706	58386130
91869973	91870397
44320428	44320852
30149860	30150284
11043874	11044298
78763551	78763975
8091954	8092378
72246171	72246595
67020191	67020615
43600569	43600993
2171405	2171829
88227999	88228423
69460011	69460435
94296714	94297138
64685555	64685979
67350078	67350502
69060565	69060989
102322436	102322860
71083758	71084182
60506555	60506979
72032284	72032708
61322783	61323207
14795298	14795722
67792540	67792964
83434922	83435346
68637955	68638379
120419142	120419566
48138349	48138773
9406643	9407067
56911532	56911956
10814169	10814593
83017466	83017890
20694140	20694564
84704450	84704874
119194415	119194839
47370441	47370865
94783751	94784175
100803179	100803603
113596146	113596570
112455344	112455768
100726148	100726572
33680161	33680585
88619989	88620413
62037113	62037537
32093308	32093732
20088344	20088768
131898513	131898937
97481862	97482286
131335616	131336040
66817580	66818004
68411012	68411436
33763948	33764372
58949804	58950228
125620505	125620929
32309780	32310204
111867428	111867852
27326056	27326480
95824709	95825133
46321187	46321611
65200413	65200837
1247396	1247820
67776881	67777305
11097020	11097444
77182590	77183014
119983303	119983727
14436062	14436486
71874174	71874598
6639270	6639694
95522157	95522581
123431815	123432239
44970787	44971211
75845799	75846223
118758412	118758836
113897010	113897434
17952092	17952516
113281313	113281737
8287209	8287633
11988566	11988990
72300884	72301239
46404883	46405307
55474487	55474911
406667	407091
65790095	65790519
1041912	1042336
22942487	22942911
125931495	125931919
93517138	93517562
70261205	70261629
120800496	120800920
1330916	1331340
85520833	85521257
1479555	1479979
32982098	32982522
108458953	108459377
297918	298342
119869922	119870346
71315992	71316416
113145470	113145894
116152455	116152879
35384223	35384647
46097432	46097856
83527601	83528025
115740470	115740894
58910092	58910516
35881717	35882141
1469708	1470132
92929966	92930390
17584921	17585345
69922230	69922654
34380976	34381400
102238070	102238494
20106921	20107345
13127129	13127553
130790103	130790527
74725240	74725664
67980145	67980569
937743	938167
69256709	69257133
36063742	36064166
76802222	76802610
105948483	105948907
95240936	95241360
64014667	64015091
1125406	1125830
44486261	44486685
64122882	64122988
104743983	104744407
45427779	45428203
118661749	118662173
43730367	43730791
23135105	23135529
44126082	44126506
8787804	8788228
5912446	5912870
19761386	19761810
68025026	68025450
10878975	10879399
120801787	120802211
64418576	64419000
2288174	2288598
114092280	114092704
34812141	34812565
44377506	44377930
117781259	117781683
102681650	102682074
67458604	67459028
66206602	66207026
132933979	132934403
3829235	3829659
93358499	93358923
67230617	67231041
95317734	95318158
86071829	86072253
114219110	114219534
62803352	62803776
126634083	126634507
114067003	114067427
124648170	124648594
73104796	73105220
76156812	76157236
131087183	131087607
64036881	64037305
118529328	118529752
95472256	95472680
67308576	67309000
74295036	74295460
1324531	1324955
61658419	61658843
5217236	5217660
94488641	94489065
74154090	74154514
93883781	93884205
72533371	72533795
114072739	114073163
92073958	92074382
59030663	59031087
116696162	116696586
64555207	64555631
67206677	67207101
105386100	105386524
47292364	47292788
67029045	67029469
79866447	79866871
69403145	69403569
126236722	126237146
15962872	15963296
70228087	70228511
62159126	62159550
29181106	29181530
29454276	29454700
7534505	7534929
4847702	4848126
62489488	62489912
60531174	60531598
1616855	1617279
20894612	20895036
62500224	62500648
33278655	33279079
108537120	108537544
3993286	3993710
112324311	112324735
34877282	34877706
122904521	122904945
62494989	62495413
65319724	65320148
3247347	3247771
41482578	41483002
1785421	1785845
64102565	64102989
126180545	126180969
67567263	67567687
95974437	95974861
123524390	123524814
70357457	70357881
63916299	63916723
95701739	95702163
63477905	63478329
67481333	67481757
70586253	70586677
107475746	107476170
9037330	9037754
13557389	13557813
62102628	62103052
2396811	2397235
121249870	121250294
15651182	15651606
4108748	4109172
60737960	60738384
63680133	63680557
125985781	125986205
76742276	76742700
133273741	133274165
64784235	64784659
78543277	78543701
74108383	74108807
69536518	69536942
566087	566511
64546169	64546593
35163919	35164343
32236670	32237094
76773880	76774304
65548667	65549091
66682810	66683234
48000837	48001261
65658170	65658594
108535485	108535909
79419311	79419735
5542765	5543189
113033353	113033777
2023469	2023893
43043021	43043445
120934442	120934866
31257582	31258006
6497094	6497518
72064895	72065319
59197570	59197994
133768259	133768683
40328461	40328885
72395724	72396148
32454502	32454926
78143417	78143841
67462618	67463042
27518814	27519238
1224382	1224806
33341539	33341963
74322358	74322782
134903453	134903877
74022348	74022772
118598838	118599262
3497454	3497878
130849279	130849703
82617208	82617632
68472457	68472881
3242029	3242453
124503160	124503584
119864444	119864868
60374946	60375370
123611894	123612318
121986280	121986704
72498430	72498854
118851168	118851592
19835906	19836330
61495690	61496114
123034321	123034745
1876687	1877111
7872912	7873336
75996877	75997301
64332909	64333333
843007	843431
130697676	130698100
120536897	120537321
126355351	126355775
67763955	67764379
35413942	35414366
73308893	73309317
17569995	17570419
8331401	8331825
69344574	69344998
3887403	3887827
9281804	9282228
60542989	60543413
118097036	118097460
112666105	112666529
67788837	67789261
122503906	122504330
67078931	67079355
32457031	32457455
75308864	75309288
100396364	100396788
130304576	130305000
68268285	68268709
57079834	57080258
33392680	33393104
66446134	66446558
67150205	67150629
32319109	32319533
46938160	46938584
126465413	126465837
105327654	105328078
106026919	106027343
46411084	46411508
68934042	68934466
18543936	18544360
124945993	124946417
92864867	92865291
26544469	26544893
34377633	34378057
115943466	115943890
113595449	113595873
121322807	121323231
62395161	62395585
92751419	92751843
116041469	116041893
94823376	94823800
2921838	2922262
44807811	44808235
115086358	115086782
125094561	125094985
62608899	62609323
121250069	121250493
92715152	92715576
35185293	35185717
75285880	75286304
11640516	11640940
92798462	92798886
13037902	13038326
8359775	8360199
32583428	32583852
67054035	67054459
48168520	48168944
118798943	118799367
124023453	124023877
106788694	106789118
124805068	124805492
47199101	47199525
57531069	57531493
1536893	1537317
27437075	27437499
36066178	36066602
61427255	61427679
82393421	82393845
364404	364828
86164321	86164745
9552574	9552998
44782627	44783051
120051516	120051940
61663834	61664258
111445580	111446004
71410003	71410427
17225128	17225552
63438733	63439157
12140254	12140678
119612155	119612579
70116997	70117421
72296909	72297333
47290635	47291059
2889323	2889747
14912523	14912947
12120637	12121061
59659071	59659495
130774290	130774714
72475445	72475869
12903110	12903534
116706897	116707321
17372754	17373178
84425314	84425738
67481535	67481959
30068069	30068493
1410609	1411033
87965052	87965476
46316500	46316924
108473596	108474020
72159940	72160364
116404127	116404551
63406918	63407342
108741916	108742340
72320263	72320687
61601365	61601789
17868288	17868712
71300157	71300581
61641436	61641860
27716540	27716964
558917	559341
65626587	65627011
51559964	51560388
82700898	82701322
16967628	16968052
67627179	67627603
86748843	86749267
85566056	85566480
107879520	107879944
71136493	71136917
64014868	64015292
130259806	130260230
13484069	13484493
8251933	8252357
12692195	12692619
811597	812021
28551114	28551538
450914	451338
66175872	66176309
120081399	120081823
32175875	32176299
70368916	70369340
9298148	9298572
31254948	31255372
17493101	17493525
12506854	12507278
22800068	22800492
2144450	2144874
9117199	9117623
119355981	119356405
3245545	3245969
33087309	33087733
71575236	71575660
20693400	20693824
17886139	17886563
44587128	44587552
73724283	73724707
5632832	5633256
75131298	75131722
122659478	122659902
64844938	64845362
65835877	65836301
3490168	3490592
134202291	134202715
17788105	17788529
79321748	79322172
27741769	27742193
66360350	66360774
36112440	36112864
134259809	134260233
82718750	82719174
76224135	76224559
66080680	66081104
67056356	67056780
62356875	62357299
61327948	61328372
133968521	133968945
12124073	12124497
100500353	100500777
97481023	97481447
69264256	69264680
9336377	9336801
908723	909147
70349916	70350340
65192639	65193063
2359941	2360365
6004728	6005152
119812775	119813199
46636592	46637016
74406976	74407400
29355722	29356146
126355552	126355976
128756292	128756716
118972182	118972606
13378758	13379182
92958847	92959271
65585866	65586290
115205589	115206013
61511153	61511577
44655142	44655566
133781061	133781485
8202002	8202426
86992521	86992945
126135734	126136158
67467577	67468001
44619552	44619976
19821728	19822152
72463618	72464042
36363432	36363856
75143076	75143500
117794394	117794818
26307994	26308418
22692339	22692763
112426625	112427049
85175318	85175742
60848719	60849143
107628419	107628843
93769279	93769703
64655523	64655947
2000091	2000515
45016221	45016645
111893828	111894252
34006242	34006666
12431392	12431816
128646370	128646794
118741248	118741672
110318581	110319005
5387507	5387931
94730540	94730964
56773839	56774263
72039372	72039796
12148995	12149419
57407175	57407599
2095682	2096106
47738210	47738634
68891189	68891613
5473955	5474379
65836792	65837216
12074688	12075112
66056273	66056697
124147626	124148050
57298622	57299046
62749177	62749601
10716378	10716802
27411831	27412255
107729157	107729581
46373682	46374058
72415026	72415450
61047468	61047892
14396678	14397102
76777550	76777974
16955444	16955868
12148171	12148595
14665819	14666243
17706114	17706538
70374465	70374889
60682862	60683286
117502087	117502511
122451455	122451879
102176779	102177203
63504378	63504802
66075108	66075532
130907830	130908254
94252854	94253278
71148857	71149281
115854933	115855357
1588256	1588680
32334604	32335028
75110452	75110876
117485396	117485820
2896357	2896781
12768066	12768490
4913422	4913846
30354941	30355365
117780593	117781017
17350416	17350840
83530955	83531379
71040000	71040424
71503859	71504283
71578314	71578738
117799525	117799949
64518097	64518521
78128018	78128442
118271334	118271758
7374392	7374816
61377368	61377792
130908445	130908869
23427588	23428012
1828800	1829224
61503052	61503476
118973149	118973573
45944810	45945234
10437551	10437975
125932678	125933102
117466157	117466581
97325974	97326398
31855744	31856168
125274954	125275378
68269831	68270255
118272318	118272742
12437673	12438097
35576283	35576707
85913742	85914166
127363172	127363596
44961331	44961755
82906228	82906652
124514413	124514837
125804923	125805347
11808232	11808656
59633697	59634121
5733641	5734065
67260207	67260631
68109290	68109714
11688547	11688971
67250645	67251069
82442757	82443181
134094120	134094544
89951801	89952225
8340256	8340680
14811409	14811833
18008193	18008617
17614909	17615333
130068998	130069422
101750960	101751384
60712457	60712881
13166852	13167276
12517658	12518082
45770346	45770770
1665003	1665427
2387880	2388304
28695928	28696352
47870071	47870495
33725719	33726143
27419462	27419886
94630620	94631044
66718624	66719048
64918007	64918431
44539276	44539700
71464614	71465038
110247612	110248036
128775860	128776284
65736234	65736658
121523577	121524001
82798076	82798500
2184208	2184632
33279810	33280234
36732683	36733107
64315354	64315778
8710153	8710577
130786446	130786870
2323674	2324098
123950944	123951368
92981727	92982151
26775354	26775778
71082553	71082977
14280950	14281374
113348098	113348522
64868152	64868576
130934451	130934875
7469361	7469785
62784273	62784697
2715067	2715491
96698214	96698638
95186972	95187396
68067803	68068227
17752165	17752391
61517209	61517633
70224898	70225322
117898397	117898821
59048630	59049054
12910483	12910907
86248565	86248989
33957083	33957507
67973785	67974209
63409219	63409643
8285533	8285957
107434542	107434966
64221008	64221432
123468745	123469169
66035342	66035766
60477917	60478341
55494360	55494784
67121844	67122268
130033333	130033757
32222005	32222429
66789396	66789820
86066226	86066650
113946794	113947218
121024143	121024567
104202824	104203248
64099478	64099902
3687035	3687459
67572462	67572886
78341603	78342027
63725082	63725506
70962759	70963183
2291070	2291494
57320127	57320551
117856686	117857110
63042251	63042675
93274973	93275397
19345051	19345475
71578519	71578943
117984907	117985331
134428758	134429182
6625660	6626084
47174823	47175247
47433894	47434318
66100508	66100932
97428401	97428825
15213556	15213980
36398934	36399358
36078076	36078500
1968318	1968742
133701174	133701598
131541667	131542091
46124336	46124760
82611418	82611842
55125026	55125450
17085109	17085533
117076218	117076642
117637253	117637677
76406178	76406602
2110181	2110605
11920928	11921352
43524976	43525400
13501805	13502229
17735724	17736148
46558658	46559082
6451058	6451482
105947803	105948227
18034392	18034816
3400327	3400751
119527541	119527965
22152272	22152696
61875654	61876078
46848114	46848538
64986189	64986613
65101351	65101775
94469142	94469566
6627906	6628330
57261060	57261484
34813646	34814070
15934820	15935244
17569467	17569891
116015900	116016324
118560808	118561236
130016159	130016583
8790112	8790536
125788346	125788770
67615508	67615932
108464025	108464449
45826293	45826717
14644580	14645004
65924719	65925143
102366315	102366739
57901533	57901957
77184852	77185276
61665284	61665708
34087410	34087834
43958540	43958964
1025737	1026161
68595155	68595579
3116119	3116543
116120275	116120699
16653907	16654331
92963456	92963880
47382972	47383396
63776791	63777215
56972509	56972933
1048728	1049152
64877927	64878351
76547533	76547957
119652758	119653182
90209589	90210013
6260186	6260610
114110275	114110699
46244016	46244440
17576012	17576436
8108968	8109392
123346247	123346671
