57682912	57683377
85454233	85454759
33618810	33619488
4303956	4304408
75498558	75499008
146853	147265
50058690	50059141
85349991	85350410
90148334	90148723
2390708	2391180
85644095	85644638
67850422	67850858
86597380	86597793
85148489	85148904
55498996	55499370
77269904	77270309
85336834	85337244
85524566	85525019
8617655	8618090
28956879	28957284
56998399	56998823
8223141	8223494
2473107	2473494
57334478	57334820
88905357	88905871
84958713	84959077
81069121	81069477
84220569	84220923
85309223	85309583
84544965	84545322
23607555	23607898
30953241	30953600
84759654	84759996
89927222	89927621
19897582	19897952
84096348	84096725
69788756	69789099
84985803	84986223
75551249	75551646
68554448	68554856
21566175	21566499
66864750	66865117
2918382	2918754
57553680	57554040
4674233	4674591
83859703	83860059
85598070	85598474
83990328	83990705
88320869	88321239
2924859	2925216
47175603	47175968
57610285	57610628
4338390	4338781
88803704	88804171
14013504	14013900
23568607	23568988
57496325	57496674
85004171	85004547
66907053	66907397
85649563	85649922
72866466	72866807
11012624	11012951
53088714	53089050
66517658	66517996
81437141	81437467
85286778	85287179
67554910	67555349
28519395	28519747
66623304	66623676
74847010	74847444
85403540	85403958
87236806	87237132
85279232	85279597
85427249	85427639
2977065	2977409
84705915	84706253
11057866	11058213
67580871	67581240
11490102	11490411
19918794	19919114
2053810	2054188
9232869	9233246
58768132	58768447
66684872	66685209
71644926	71645266
8729232	8729570
19097784	19098153
85449975	85450327
4454364	4454781
30441453	30441790
48151422	48151779
66642444	66642797
70804998	70805352
66994923	66995259
89976738	89977060
30198591	30198966
115656	116010
81730848	81731204
80982788	80983113
56610983	56611280
84771999	84772458
87812703	87813024
27190827	27191165
46707323	46707649
30420785	30421121
22207238	22207564
3011733	3012071
441804	442134
57118158	57118492
66929114	66929422
89623852	89624215
48657137	48657454
29859875	29860184
30932932	30933237
3179519	3179891
80500287	80500654
67875697	67876010
22012284	22012660
28289021	28289335
84118391	84118749
5540591	5540930
88810163	88810535
81771614	81771958
68098655	68098968
74743348	74743646
57625302	57625640
70285786	70286101
75145148	75145496
3740469	3740791
58370592	58370885
57450958	57451306
87943001	87943297
68027149	68027511
85693363	85693693
57791131	57791434
22332590	22332901
68362532	68362886
30825613	30825950
78036868	78037185
21311899	21312228
66349164	66349484
29827537	29827894
84992672	84993029
30946494	30946835
2073090	2073436
49891583	49891890
67706640	67706946
67499727	67500065
87584036	87584362
4380321	4380645
5006182	5006495
67962427	67962757
83960245	83960586
48387514	48387826
67011596	67011900
67515060	67515380
85855000	85855391
8244844	8245139
1413437	1413739
87811186	87811832
31454365	31454667
75267763	75268088
89233849	89234206
67051752	67052089
4700484	4700828
66901780	66902072
67462012	67462360
27468461	27468774
48664366	48664658
23446776	23447100
9144279	9144618
78269125	78269443
27166353	27166684
1350875	1351208
67189269	67189589
47071707	47072033
87312257	87312559
28082074	28082381
4452510	4453008
27701969	27702304
67701795	67702167
30043558	30043885
11047837	11048126
28992854	28993231
57933640	57933944
1862686	1863010
22199944	22200232
29801619	29801973
29796369	29796703
88593886	88594209
30103781	30104152
30669291	30669612
12549135	12549449
46963647	46963965
28338238	28338525
88509450	88509788
4363832	4364168
56390358	56390661
56352264	56352568
88695100	88695439
81924009	81924299
21200014	21200300
18980627	18980934
23814853	23815162
30032872	30033230
2551218	2551512
48190677	48190990
57456276	57456612
2954164	2954475
68562550	68562868
25245078	25245378
85562526	85562872
20861237	20861520
70687666	70687984
22960148	22960440
58521663	58522000
85120353	85120641
629086	629411
4409069	4409400
78133814	78134191
84518277	84518573
85330640	85330989
85380856	85381192
72158837	72159094
30964962	30965294
50840151	50840518
22217310	22217640
66440418	66440712
66981086	66981381
82297143	82297450
88851882	88852205
55978228	55978541
68074503	68074823
70429331	70429621
46887879	46888171
8974122	8974450
3109228	3109567
68738243	68738558
88814329	88814657
9102657	9102968
31153711	31154018
71401342	71401613
28857732	28858023
87883571	87883921
16221536	16221819
83987639	83987961
18995017	18995350
30640113	30640400
78471309	78471596
66512630	66512925
69146589	69146910
82263694	82263961
15798407	15798687
80958448	80958758
3181834	3182119
27246305	27246642
87358310	87358659
3081624	3081945
12189066	12189380
81907525	81907814
3550740	3551039
68295481	68295773
20311822	20312081
30066357	30066647
30996250	30996569
24528339	24528647
31393934	31394218
50543500	50543812
84208917	84209221
5666141	5666469
85752329	85752654
75233266	75233534
3033678	3033963
30609527	30609794
3151358	3151673
22308505	22308782
11465653	11465935
86553725	86554024
58848220	58848470
87110940	87111219
22089098	22089387
2888898	2889185
30856050	30856326
231425	231743
89766524	89766811
15644708	15644979
4556434	4556717
12667699	12667980
57509757	57510122
71995381	71995647
58790372	58790639
29711871	29712133
48198823	48199122
89641070	89641362
30016874	30017161
67976028	67976339
58131172	58131458
6732204	6732478
10275455	10275734
11450610	11450867
88924211	88924491
70286506	70286836
71446559	71446922
81175095	81175393
11351175	11351435
28884945	28885225
84788028	84788300
9350039	9350314
67219332	67219613
88625481	88625730
2346644	2346938
29703279	29703584
69373382	69373661
761765	762021
19191274	19191582
55291943	55292221
790940	791239
57452796	57453068
4567849	4568148
67678589	67678890
66750962	66751249
18813001	18813277
84310893	84311177
89282924	89283192
157055	157349
66988045	66988311
89355893	89356213
3989132	3989425
30705264	30705561
18015501	18015750
87350459	87350702
81919672	81919923
13960032	13960315
48088972	48089257
81294714	81295010
15775987	15776251
75505725	75505981
3202260	3202539
74141721	74142007
19595079	19595356
2969719	2970019
77709679	77709944
23739225	23739487
81248425	81248708
85474733	85475022
69830449	69830699
19910714	19910978
31708293	31708549
67433369	67433678
10603485	10603744
1979634	1979996
3704296	3704568
31117033	31117301
67294608	67294879
78804542	78804811
24510581	24510833
53544401	53544688
79368193	79368446
9352376	9352632
3224326	3224579
71345507	71345817
29874776	29875067
67312566	67312848
12913260	12913508
22692041	22692281
68297919	68298220
89631992	89632263
23445683	23445941
87096362	87096619
835641	835907
78005544	78005796
68263363	68263642
2244893	2245151
58054616	58054897
24021840	24022109
87670070	87670321
16281266	16281568
2892529	2892773
56985239	56985503
79636105	79636352
89307205	89307480
3233296	3233550
58545874	58546099
30461114	30461380
3144640	3144921
28333122	28333402
68544104	68544391
86374364	86374604
49384463	49384741
57754228	57754486
24845825	24846098
2301540	2301801
4033064	4033315
21095206	21095452
51796074	51796362
70772346	70772613
75032391	75032657
66376272	66376533
16288782	16289057
1463697	1463959
74760687	74760981
58155874	58156119
16955387	16955644
12161791	12162036
10615603	10615849
57079773	57080015
10830979	10831239
1244697	1244953
84099210	84099465
67203645	67203885
17288135	17288404
20394802	20395030
49441877	49442125
89985052	89985313
23608386	23608627
57634314	57634586
3215990	3216223
4250267	4250527
14029343	14029577
24053430	24053680
29740607	29740850
81763908	81764177
2009267	2009541
28328450	28328703
24082248	24082512
87495098	87495321
66962677	66962937
50244505	50244774
58028750	58028988
11501388	11501657
1823383	1823662
71916385	71916636
67917678	67917948
50699328	50699580
27709677	27709898
15915769	15916021
19234647	19234882
86077850	86078126
84540091	84540324
717865	718139
67193919	67194269
14623036	14623261
4311601	4311881
27379474	27379735
3053729	3053995
75798116	75798391
14383639	14383892
23072101	23072357
85852827	85853088
28985322	28985588
65151948	65152166
31489249	31489503
85600357	85600621
12322659	12322875
4635485	4635789
14343448	14343688
81238769	81239004
3199722	3199984
23193692	23193965
82673385	82673635
5106421	5106648
89707655	89707905
21695630	21695885
9391388	9391677
88503837	88504121
29126794	29127048
67527969	67528218
412211	412436
49526124	49526375
49034460	49034679
69964134	69964368
88882471	88882707
87331596	87331844
14394743	14394997
86609341	86609556
71576276	71576518
56366648	56366879
21668576	21668808
7075675	7075924
21289524	21289810
26657006	26657264
87669206	87669448
54227618	54227862
15871736	15871953
56736019	56736264
9254053	9254304
31463145	31463391
58695181	58695404
15859812	15860024
86551370	86551577
783732	783987
31470271	31470537
1755993	1756247
8754863	8755098
1773626	1773913
30124125	30124380
11735314	11735553
88628443	88628670
31725874	31726100
58066268	58066494
80560398	80560634
31467068	31467298
66391449	66391669
77203622	77203847
11626056	11626304
31870753	31870973
86794800	86795052
70199076	70199302
69528887	69529121
9228745	9228933
2190661	2190940
71474621	71474869
58528981	58529235
46588313	46588560
83249042	83249260
30547081	30547321
1105148	1105439
20786113	20786338
85751547	85751805
75655106	75655318
55735730	55735920
84655818	84656075
30662634	30662869
81619539	81619753
20703091	20703316
66304407	66304629
3020132	3020383
85597159	85597413
4666499	4666740
88747565	88747766
29721736	29721946
21719917	21720148
2203573	2203836
17673192	17673427
79295486	79295710
11349573	11349814
31345076	31345326
167868	168052
72536083	72536284
22110399	22110650
74464063	74464297
19566514	19566740
66785738	66785938
85461920	85462139
84656462	84656680
30103263	30103554
80118569	80118823
1380603	1380845
89665868	89666121
50705648	50705851
21168091	21168324
6131431	6131654
49910651	49910886
50361017	50361264
53583949	53584160
85090917	85091108
11480857	11481061
86106499	86106719
68834247	68834484
69345081	69345321
69184137	69184359
85207307	85207554
27651191	27651383
15116125	15116343
11499492	11499713
56903524	56903770
80031224	80031428
71455989	71456230
19514032	19514259
19083618	19083863
3213410	3213657
30626786	30626952
70616598	70616824
24516166	24516407
74896713	74896964
87905244	87905461
73990609	73990810
70287817	70288025
31880006	31880180
86907822	86908018
10350754	10350958
71533782	71533963
30988819	30989049
25236620	25236853
34666544	34666771
87622419	87622658
11808511	11808748
81400066	81400259
67555358	67555769
19400563	19400788
21012735	21012904
67280156	67280371
20397139	20397367
87454320	87454536
81929610	81929796
52946561	52946760
3068215	3068391
47052134	47052338
31472087	31472288
89682127	89682283
85133048	85133266
58333727	58333973
23746597	23746797
25850135	25850358
55069042	55069227
537805	537994
23812766	23813002
86050069	86050262
9742063	9742228
52225551	52225768
71392479	71392684
85364509	85364711
24264555	24264706
27791324	27791495
82490301	82490470
81462647	81462857
3137252	3137439
81756816	81757022
2066579	2066767
26974522	26974688
33605705	33605854
74343775	74343960
81657089	81657261
2904850	2905038
27121031	27121254
25138174	25138384
68479455	68479653
67548347	67548585
89772433	89772658
30649363	30649552
56634438	56634631
15968792	15968984
22195315	22195540
48721456	48721657
30080215	30080347
85206247	85206448
88878698	88878941
87428102	87428307
29818979	29819201
49955845	49956032
24700569	24700733
56901241	56901448
32876738	32876952
70301474	70301667
66773990	66774175
80561299	80561478
72133343	72133466
27386265	27386689
49626899	49627112
50840415	50840727
68936407	68936557
86286384	86286564
25117885	25118063
72275845	72276040
11312504	11312661
6693170	6693376
53777086	53777264
5142378	5142560
27878881	27879106
27616925	27617125
27367078	27367263
22311909	22312086
71513376	71513585
69432307	69432476
71033745	71033925
22330074	22330318
9030372	9030592
47177344	47177562
53979932	53980132
4526333	4526489
67481582	67481782
88751735	88751881
87605046	87605274
19386991	19387173
88850698	88850881
11075691	11075878
88473204	88473390
28989167	28989314
84077831	84077939
47292917	47293036
53193872	53194085
863760	863938
15736581	15736732
68877920	68878036
66378544	66378746
15313851	15314050
2478510	2478694
71571699	71571837
3071495	3071673
21113410	21113619
11065310	11065734
10673856	10674047
82095614	82095767
77257138	77257300
12354555	12354675
4561629	4561774
29955260	29955394
84984652	84984840
25288046	25288220
78537505	78537688
12043540	12043759
230269	230428
56707964	56708132
28102369	28102502
73230754	73230938
88764621	88764772
12365083	12365260
2867090	2867227
71780454	71780621
90015000	90015222
49498861	49498993
70910494	70910628
20818148	20818258
19612799	19612957
56547918	56548101
3314219	3314432
5552309	5552733
87339412	87339575
90172669	90172878
56885841	56886265
53241668	53242092
78959070	78959253
55746265	55746444
16236992	16237197
68624475	68624684
34625839	34626011
81913359	81913511
81008481	81008905
67313281	67313499
11082487	11082617
46724020	46724177
795892	796063
57940332	57940756
17650398	17650822
368751	368911
25719421	25719574
85601032	85601202
49991898	49992086
77618222	77618417
68401042	68401233
16084825	16085249
7318121	7318545
53580932	53581066
69743362	69743786
49218041	49218169
85793567	85793707
56315055	56315479
72100694	72100859
451996	452171
10762362	10762558
13547946	13548090
82028209	82028362
67360757	67360924
672063	672487
57701901	57702096
22197960	22198147
77633690	77634114
1420312	1420736
89575437	89575628
72434293	72434489
87802963	87803075
89400013	89400437
57893222	57893646
2721178	2721602
68881143	68881567
13967670	13968094
55876704	55877128
86052993	86053417
762894	763112
12434256	12434680
69430087	69430195
54667866	54668001
20371450	20371556
73748148	73748255
69157998	69158107
16277380	16277804
57757194	57757333
22910270	22910379
66943653	66944077
87735936	87736360
74800715	74800889
73029154	73029301
54991343	54991551
10274691	10274807
53056420	53056617
29732990	29733195
3145970	3146132
8622828	8623252
1544444	1544563
85016114	85016538
70052106	70052530
4349965	4350121
25067011	25067195
80858778	80858888
27760198	27760622
85089840	85090264
68127940	68128071
55055722	55056146
7563394	7563818
16687439	16687616
85431094	85431518
79081241	79081665
85786640	85787064
1107423	1107847
71682794	71683218
84995428	84995852
66762186	66762310
46663243	46663667
23848254	23848678
88482451	88482577
1156366	1156539
1396891	1397315
50711320	50711744
67427293	67427463
60985	61098
27527145	27527569
77205756	77205929
31469182	31469606
88699861	88700285
13520280	13520391
15850464	15850690
84174794	84175218
3078189	3078613
71679488	71679652
34337267	34337390
23689670	23690094
84341707	84342131
27983732	27984156
47907337	47907761
58034657	58034812
80886133	80886557
17352649	17353073
5075312	5075736
55357556	55357980
545379	545803
5134898	5135107
79791074	79791498
53807020	53807444
89374756	89375180
70365471	70365895
15521374	15521798
22824427	22824851
66696647	66697071
710747	710954
19992185	19992609
17638651	17639075
57694585	57695009
83389773	83390197
62259725	62259880
22153197	22153343
1478474	1478898
68470478	68470902
50247965	50248102
48265689	48266113
83480530	83480636
284883	285307
70504752	70505176
596952	597376
85709126	85709550
10608432	10608856
18771263	18771428
13310688	13310808
19178935	19179359
88560876	88561300
3316921	3317345
88557017	88557441
56236929	56237353
1388054	1388478
46722356	46722780
8998999	8999423
15140614	15141038
5683838	5684262
6385098	6385522
735968	736392
11891131	11891295
81232251	81232675
84780465	84780889
69139270	69139694
5968761	5969185
17561801	17562225
2720147	2720308
69006545	69006969
19533185	19533609
46981702	46982126
66585249	66585673
74657132	74657556
56303681	56304105
9319366	9319790
57897409	57897833
17305612	17306036
28229416	28229840
15737334	15737758
14378955	14379379
50917950	50918374
53925936	53926360
2515544	2515968
85762504	85762928
66958699	66959123
72881030	72881454
68430403	68430827
69971284	69971708
27092252	27092676
84001557	84001981
90163354	90163778
84030459	84030883
19570616	19571040
30493634	30494058
24047965	24048389
85286980	85287404
28609254	28609678
89767227	89767651
16296424	16296542
53725988	53726412
1991347	1991771
30456616	30457040
81631708	81632132
57180563	57180987
25155207	25155631
87984345	87984769
28627212	28627636
63394881	63395305
28560597	28561021
66638673	66639097
8885743	8886167
49316137	49316269
71002230	71002654
70403978	70404402
88739142	88739566
12990398	12990822
18957475	18957899
71917660	71918084
6734030	6734454
57126673	57127097
21946489	21946632
21962290	21962714
67138014	67138438
56637460	56637884
13998792	13998902
12351909	12352333
67450234	67450658
769766	770190
84430756	84431180
87686864	87687288
50299049	50299473
52016642	52017066
4598744	4599168
81038195	81038619
75823006	75823430
88470214	88470638
88905357	88905871
447757	448181
33458925	33459349
81616321	81616745
66549667	66550091
81974371	81974795
75096634	75097058
46942720	46943144
3577209	3577633
85403540	85403958
4732922	4733346
24550731	24551155
57201912	57202336
68416105	68416529
49590345	49590769
55657151	55657575
7363140	7363564
22067183	22067607
2033881	2034007
23166696	23167120
83750886	83751310
88132323	88132747
87715784	87716208
8949115	8949539
75584133	75584557
71040401	71040825
84081900	84082324
18225391	18225815
48572954	48573378
75436757	75437181
2547362	2547786
15876767	15877191
66309728	66310152
30075257	30075681
6732321	6732745
56075641	56076065
19459038	19459462
29327473	29327897
73764554	73764978
31170983	31171407
83912439	83912863
55677092	55677516
29631995	29632152
70922115	70922539
31107250	31107370
17251935	17252068
80403479	80403903
58160814	58161238
87923499	87923610
2957052	2957476
55528888	55529312
49924738	49925162
19412051	19412475
67597116	67597540
3000709	3001133
58340202	58340626
31722528	31722952
67490194	67490618
710924	711348
23721325	23721749
85644095	85644638
67953511	67953935
89703745	89704169
35143291	35143715
74363255	74363679
89733410	89733834
67899234	67899658
56823322	56823746
944811	945235
78397805	78398229
57829231	57829655
68150126	68150550
67339367	67339791
1934117	1934541
71586631	71587055
2552894	2553318
4767306	4767730
31310286	31310710
30961396	30961820
48469171	48469595
29652861	29653285
2590049	2590473
22134384	22134808
2873363	2873787
46891440	46891864
50101368	50101792
19692348	19692772
89859507	89859931
67697374	67697798
6066480	6066904
78637021	78637445
1614333	1614757
25119288	25119712
6395103	6395527
50408574	50408998
76673789	76674213
89058166	89058590
3958956	3959380
53164328	53164752
85586953	85587377
30053072	30053496
53390377	53390801
30154374	30154798
28213662	28214086
80351658	80352082
14583251	14583675
25384013	25384437
87267553	87267977
88038735	88039159
33537105	33537529
19567409	19567833
2636153	2636577
49773305	49773729
29268622	29269046
67298277	67298701
57991689	57992113
12886950	12887374
20613566	20613990
81666773	81667197
21651988	21652412
3174595	3175019
155494	155918
75729608	75730032
66730685	66731109
58672130	58672554
80837082	80837506
82064989	82065413
84243592	84244016
57662152	57662576
83920662	83921086
30441626	30442050
2562945	2563369
87450317	87450741
79801457	79801881
793824	794248
30364138	30364562
10594852	10595276
85950542	85950966
75164351	75164775
33740558	33740982
33629978	33630402
13990621	13991045
20360920	20361344
1873770	1874194
83146896	83147320
75515368	75515792
69117422	69117846
84217562	84217986
47605000	47605424
78039732	78040156
84177777	84178201
85061613	85062037
72183875	72184299
87358454	87358878
50855491	50855915
78739571	78739995
63323732	63324156
71598782	71599206
67578165	67578589
21595296	21595720
89520145	89520569
57973449	57973873
68418546	68418970
24811980	24812404
29675497	29675921
74068749	74069173
2523931	2524355
81933638	81934062
66583393	66583817
27654050	27654474
1152814	1153238
87964085	87964509
5654752	5655176
30527770	30528194
2820442	2820866
75130647	75131071
70455330	70455754
72229452	72229876
82049886	82050310
9127278	9127702
72501064	72501488
75290014	75290438
56310940	56311364
88227608	88228032
18603242	18603666
53010681	53011105
23382724	23383148
48075758	48076182
58545965	58546389
89449701	89450125
81516293	81516717
30382251	30382675
24917509	24917933
7665589	7666013
31212166	31212590
17570550	17570974
69029033	69029457
51852240	51852664
2710764	2711188
28813768	28814192
13001489	13001913
55535479	55535903
26581088	26581512
27870317	27870741
3507839	3508263
770477	770901
30389736	30390160
86082500	86082924
76668819	76669243
62160295	62160719
88679669	88680093
71446559	71446922
67049044	67049468
54316104	54316528
20719427	20719851
23308235	23308659
30596934	30597358
2097424	2097848
30933079	30933503
49642708	49643132
76687305	76687729
66694610	66695034
72852328	72852752
25077196	25077620
85563282	85563706
89359514	89359938
67062416	67062840
49386840	49387264
66358666	66359090
17371919	17372343
57046250	57046674
29203540	29203964
475005	475429
8745736	8746160
3540980	3541404
57979667	57980091
56459342	56459766
13933430	13933854
75555242	75555666
32909088	32909512
84150107	84150531
49952198	49952622
1814008	1814432
57948157	57948581
78512326	78512750
74903541	74903965
87426802	87427226
30984206	30984630
69177017	69177441
88016890	88017314
1123917	1124341
50627631	50628055
30123402	30123826
29193115	29193539
30809120	30809544
31967565	31967989
23359999	23360423
68106196	68106620
71599352	71599776
71641573	71641997
7136839	7137263
80421233	80421657
73777572	73777996
650855	651279
50815004	50815428
17925176	17925600
34429641	34430065
68741381	68741805
70489836	70490260
1332200	1332624
67406556	67406980
72055006	72055430
26806537	26806961
85349991	85350410
88371766	88372190
21545865	21546289
791107	791531
5092673	5093097
30538242	30538666
56566586	56567010
56677362	56677786
67441695	67442119
87911425	87911849
3165454	3165878
57761638	57762062
15135513	15135937
20733520	20733944
1913650	1914074
437727	438151
86021059	86021483
21160208	21160632
48897946	48898370
11704419	11704843
74752977	74753401
78429917	78430341
81657995	81658419
74338375	74338799
85320882	85321306
448796	449220
87090739	87091163
2171316	2171740
6661516	6661940
10462880	10463304
19188403	19188827
66545839	66546263
50415962	50416386
30905436	30905860
25228193	25228617
48291534	48291958
81008683	81009107
57770478	57770902
53254511	53254935
29854174	29854598
89235294	89235718
87990450	87990874
47144846	47145270
86890550	86890974
67702404	67702828
77690958	77691382
89119798	89120222
22210238	22210662
69893439	69893863
74684869	74685293
72763422	72763846
83640228	83640652
82030761	82031185
33763999	33764423
928397	928821
73912531	73912955
30733697	30734121
56435349	56435773
3014171	3014595
88381924	88382348
2835644	2836068
49416847	49417271
11450734	11451158
28874557	28874981
1335961	1336385
58549451	58549875
48560398	48560822
76299318	76299742
22988556	22988980
85649726	85650150
86127324	86127748
66060112	66060536
88991589	88992013
17252545	17252969
70842277	70842701
50170275	50170699
75121569	75121993
58052755	58053179
11194031	11194455
28536092	28536516
14279768	14280192
27876464	27876888
57809467	57809891
7455213	7455637
71641773	71642197
69320844	69321268
88275483	88275907
2482250	2482674
19105919	19106343
85668708	85669132
6623641	6624065
85452647	85453071
89137990	89138414
78261697	78262121
2107100	2107524
27904235	27904659
88094477	88094901
53317233	53317657
82665525	82665949
75419446	75419870
67596426	67596850
11348571	11348995
24056967	24057391
29972969	29973393
47961860	47962284
72890692	72891116
4986339	4986763
15838852	15839276
30879051	30879475
67260971	67261395
57685261	57685685
31464932	31465356
31985538	31985962
30681409	30681833
17085584	17086008
85580743	85581167
15149446	15149870
11600894	11601318
30670366	30670790
88676468	88676892
2524139	2524563
2480327	2480751
58877596	58878020
8957586	8958010
1243269	1243693
86868087	86868511
32993637	32994061
1266200	1266624
81561874	81562298
26776365	26776789
87350587	87351011
48865222	48865646
21813133	21813557
12065874	12066298
85436756	85437180
47178164	47178588
1413577	1414001
70132799	70133223
85418989	85419413
49382297	49382721
87608609	87609033
10296460	10296884
89073780	89074204
87781215	87781639
27984889	27985313
84818911	84819335
77694298	77694722
29239410	29239834
33457131	33457555
24420359	24420783
88924335	88924759
89250664	89251088
47093893	47094317
69601115	69601539
1593565	1593989
82473287	82473711
87206224	87206648
20016227	20016651
77756391	77756815
3011890	3012314
28333231	28333655
67232140	67232564
34422931	34423355
24321024	24321448
69566923	69567347
58469655	58470079
68626400	68626824
15166133	15166557
13833789	13834213
56391736	56392160
765508	765932
53529232	53529656
23255424	23255848
66149277	66149701
47070127	47070551
86555187	86555611
192989	193413
58340402	58340826
57333499	57333923
25406827	25407251
28565255	28565679
71475294	71475718
54976239	54976663
54851390	54851814
33715829	33716253
59226472	59226896
49546926	49547350
85739082	85739506
661050	661474
14404365	14404789
28322175	28322599
67433510	67433934
70679079	70679503
2771177	2771601
28011231	28011655
30968269	30968693
32077520	32077944
30456815	30457239
74308907	74309331
49034597	49035021
14991102	14991526
56345086	56345510
56350440	56350864
10723515	10723939
81484309	81484733
75144416	75144840
33646986	33647410
55037824	55038248
85858883	85859307
20753064	20753488
62102619	62103043
28957081	28957505
11965054	11965478
87224023	87224447
971093	971517
27766212	27766636
8999668	9000092
55327960	55328384
2944089	2944513
50406042	50406466
8405698	8406122
85361740	85362164
4862040	4862464
571462	571886
4427748	4428172
686027	686451
70687784	70688208
23754037	23754461
67318807	67319231
50388780	50389204
83427221	83427645
5535608	5536032
79577158	79577582
77816579	77817003
30093855	30094279
57862414	57862838
67840950	67841374
85732699	85733123
53241871	53242295
2721377	2721801
88606106	88606530
31485457	31485881
20810860	20811284
74750175	74750599
13529750	13530174
23024798	23025222
2202632	2203056
88887887	88888311
68118432	68118856
30503185	30503609
23912481	23912905
32951133	32951557
88058125	88058549
77985680	77986104
67383092	67383516
34726571	34726995
50055410	50055834
90148334	90148723
65738774	65739198
88137412	88137836
58277364	58277788
12562412	12562836
14017596	14018020
783863	784287
238617	239041
29022365	29022789
18990559	18990983
9842492	9842916
23888395	23888819
19225235	19225659
48945562	48945986
58175249	58175673
55404957	55405381
8888947	8889371
68398574	68398998
56827528	56827952
24547145	24547569
85640952	85641376
65610526	65610950
79869966	79870390
89492565	89492989
25268231	25268655
8431255	8431679
14286380	14286804
67023626	67024050
81571721	81572145
89423342	89423766
21295147	21295571
15632962	15633386
12309569	12309993
28837401	28837825
337318	337742
30418343	30418767
31053480	31053904
86013177	86013601
85060939	85061363
12486473	12486897
3406097	3406521
75258632	75259056
85021932	85022356
70729633	70730057
73599122	73599546
6197041	6197465
58530053	58530477
13604633	13605057
20002973	20003397
85587157	85587581
89275953	89276377
53449320	53449744
70713776	70714200
50482338	50482762
30012071	30012495
29860019	29860443
87086438	87086862
14693970	14694394
65756291	65756715
27204626	27205050
70563258	70563682
89236964	89237388
84995667	84996091
33020773	33021197
10660522	10660946
9029745	9030169
8748963	8749387
75231473	75231897
31711770	31712194
20648502	20648926
89198925	89199349
66308222	66308646
67047944	67048368
70737266	70737690
33716034	33716458
89401327	89401751
82705319	82705743
87985498	87985922
29910853	29911277
11326947	11327371
48147373	48147797
21288318	21288742
72995335	72995759
72870844	72871268
67189432	67189856
2848244	2848668
47166184	47166608
1244794	1245218
83968844	83969268
77410225	77410649
87051016	87051440
83435664	83436088
27246469	27246893
46682537	46682961
57278598	57279022
90144189	90144613
90085880	90086304
58039144	58039568
19025778	19026202
85367662	85368086
81528880	81529304
16351150	16351574
49789146	49789570
447963	448387
27931877	27932301
81766318	81766742
17027668	17028092
13490960	13491384
87584171	87584595
2560317	2560741
70988788	70989212
71901769	71902193
85478705	85479129
12192532	12192956
75839832	75840256
85127369	85127793
10408669	10409093
11496011	11496435
78156692	78157116
67960364	67960788
1833154	1833578
47084152	47084576
67134831	67135255
85148700	85149124
21537307	21537731
725119	725543
85202196	85202620
66518763	66519187
88522502	88522926
33509675	33510099
87178906	87179330
763011	763435
58541083	58541507
730930	731354
2079738	2080162
85995635	85996059
2389861	2390285
81485622	81486046
82377781	82378205
46835345	46835769
47078932	47079356
5108433	5108857
28928363	28928787
4321763	4322187
626771	627195
52005069	52005493
48644009	48644433
81437306	81437730
90092518	90092942
53040985	53041409
20751568	20751992
70690599	70691023
85091003	85091427
1541281	1541705
80471509	80471933
89976884	89977308
3164036	3164460
57238579	57239003
48399504	48399928
2610749	2611173
87331711	87332135
10216394	10216818
50357532	50357956
55737303	55737727
24840423	24840847
28847802	28848226
1859175	1859599
82401530	82401954
67213556	67213980
11907562	11907986
57834991	57835415
15982170	15982594
48576039	48576463
6215374	6215798
28292766	28293190
46641463	46641887
85584220	85584644
25746977	25747401
20886136	20886560
84520405	84520829
25236751	25237175
88571842	88572266
11792320	11792744
85397012	85397436
87768839	87769263
19485915	19486339
84190121	84190545
68730411	68730835
88511596	88512020
30406911	30407335
87093582	87094006
9317100	9317524
16261763	16262187
70973577	70974001
55154204	55154628
71283254	71283678
28835265	28835689
68298033	68298457
30661792	30662216
88701502	88701926
74069720	74070144
5478785	5479209
90234564	90234988
57689240	57689664
697962	698386
12450494	12450918
86192349	86192773
57698203	57698627
14393325	14393749
85323849	85324273
30392707	30393131
67962568	67962992
50848408	50848832
9178900	9179324
414544	414968
55735819	55736243
80046508	80046932
5289458	5289882
21312927	21313351
77440555	77440979
5182909	5183333
88343528	88343952
14029465	14029889
20967657	20968081
18064843	18065267
74734309	74734733
11196051	11196475
50701092	50701516
29190783	29191207
32176041	32176465
2710966	2711390
46516777	46517201
2002813	2003237
69293870	69294294
81514971	81515395
1480803	1481227
74808382	74808806
56717301	56717725
89039438	89039862
66453443	66453867
77818921	77819345
1633073	1633497
80310999	80311423
11490245	11490669
49738712	49739136
85250220	85250644
31880117	31880541
67647706	67648130
23515740	23516164
31580057	31580481
28502629	28503053
57552448	57552872
57553855	57554279
65017846	65018270
56858235	56858659
85474892	85475316
19470042	19470466
24329982	24330406
85505663	85506087
31483961	31484385
2014232	2014656
25690330	25690754
83233569	83233993
88509590	88510014
23848454	23848878
76702213	76702637
29327679	29328103
2203718	2204142
17673304	17673728
85786845	85787269
26476169	26476593
90066471	90066895
88179172	88179596
30961597	30962021
89882981	89883405
70504955	70505379
3202387	3202811
711198	711622
69755821	69756245
322639	323063
33388568	33388992
11480954	11481378
1386055	1386479
79022272	79022696
1463815	1464239
85045005	85045429
4624736	4625160
3897274	3897698
29153240	29153664
22131745	22132169
2077436	2077860
84769762	84770186
23084400	23084824
86082699	86083123
17659379	17659803
27192351	27192775
81746776	81747200
48715456	48715880
87877899	87878323
25006744	25007168
78274240	78274664
66774031	66774455
2833011	2833435
57661331	57661755
709183	709607
17090657	17091081
10335069	10335493
29268825	29269249
3415772	3416196
84212221	84212645
83452134	83452558
68023850	68024274
47694392	47694816
27682764	27683188
50753936	50754360
75267920	75268344
2273991	2274415
18951328	18951752
49891733	49892157
9350168	9350592
20564789	20565213
2255644	2256068
85137697	85138121
8967434	8967858
5060857	5061281
72048271	72048695
2653082	2653506
31159680	31160104
67687006	67687430
15184704	15185128
78761426	78761850
4527969	4528393
81175232	81175656
50498442	50498866
66463432	66463856
80613859	80614283
17054681	17055105
49835163	49835587
2563144	2563568
81297034	81297458
18275034	18275458
66638873	66639297
87381847	87382271
14735767	14736191
47053435	47053859
14927269	14927693
20688248	20688672
67278571	67278995
27694661	27695085
3913674	3914098
1202622	1203046
85762723	85763147
19911961	19912385
12267898	12268322
87813965	87814389
20359595	20360019
70976123	70976547
11327849	11328273
68014265	68014689
57569656	57570080
19980786	19981210
66307947	66308371
86257723	86258147
50705728	50706152
58011673	58012097
32926684	32927108
85653958	85654382
89989180	89989604
88729684	88730108
22824632	22825056
10125328	10125752
58161516	58161940
30787929	30788353
57504330	57504754
27394411	27394835
1200692	1201116
3122870	3123294
87339482	87339906
48895818	48896242
84959596	84960020
11736204	11736628
4378129	4378553
1256317	1256741
23059457	23059881
68117683	68118107
84122230	84122654
17888341	17888765
126027	126451
67976171	67976595
67878314	67878738
88751749	88752173
81478955	81479379
4313453	4313877
19278078	19278502
11077015	11077439
28334921	28335345
48029181	48029605
11065515	11065939
58522405	58522829
87960749	87961173
23517300	23517724
57336515	57336939
68389332	68389756
86078899	86079323
19766571	19766995
31037131	31037555
6775881	6776305
67453743	67454167
55657354	55657778
27240470	27240894
3715515	3715939
22018789	22019213
67965925	67966349
85392768	85393192
56280319	56280743
28948626	28949050
31107324	31107748
84284076	84284500
81966317	81966741
26974581	26975005
30080782	30081206
1823503	1823927
9218767	9219191
34825207	34825631
452111	452535
2820643	2821067
70451586	70452010
80982938	80983362
70969315	70969739
51045566	51045990
88898258	88898682
81041012	81041436
12054142	12054566
77077022	77077446
2263664	2264088
85261653	85262077
85679923	85680347
70365675	70366099
1486339	1486763
77326306	77326730
27456742	27457166
3355309	3355733
88056276	88056700
31021193	31021617
52946662	52947086
55077421	55077845
81619635	81620059
49561504	49561928
20361119	20361543
53088861	53089285
30733898	30734322
66511419	66511843
57634436	57634860
1588770	1589194
87953201	87953625
29963220	29963644
88561630	88562054
60237442	60237866
87312412	87312836
80639691	80640115
11254636	11255060
63823500	63823924
12435276	12435700
29911092	29911516
4388200	4388624
30885990	30886414
86350552	86350976
50645288	50645712
31154910	31155334
85584469	85584893
71599025	71599449
85495708	85496132
436468	436892
50506391	50506815
81591596	81592020
84341913	84342337
31891727	31892151
73251567	73251991
24926785	24927209
50661399	50661823
70501012	70501436
84178473	84178897
81246511	81246935
12009938	12010362
57143733	57144157
88450152	88450576
74260495	74260919
15616684	15617108
89045014	89045438
50701293	50701717
47196590	47197014
88837080	88837504
11304912	11305336
27766440	27766864
2106119	2106543
88764708	88765132
66289468	66289892
12352108	12352532
29335016	29335440
30066499	30066923
33459130	33459554
53112661	53113085
58535631	58536055
3716124	3716548
89152176	89152600
11750963	11751387
7371669	7372093
4743364	4743788
5112832	5113256
81764019	81764443
85559085	85559509
69345767	69346191
84047878	84048302
11351301	11351725
30913370	30913794
77691160	77691584
402479	402903
21264823	21265247
14472950	14473374
32007655	32008079
47008243	47008667
29828440	29828864
2964240	2964664
4483286	4483710
89818938	89819362
31891979	31892403
66937126	66937550
9914702	9915126
87444568	87444992
616983	617407
55241751	55242175
85080877	85081301
69024020	69024444
577078	577502
9102794	9103218
32879392	32879816
88972909	88973333
83960423	83960847
20338592	20339016
75086604	75087028
