22901396	22902006
20918478	20919157
23284747	23285510
21239679	21240357
23623918	23624462
22549522	22550191
22697098	22697616
21271238	21271771
23470563	23471065
22918727	22919228
22414912	22415414
20810466	20810978
21457020	21457525
23226083	23226557
20144442	20144930
19667011	19667549
22339185	22339678
22000949	22001416
19718105	19718592
22326620	22327206
19897403	19897879
19132153	19132582
19617416	19617856
22936464	22936922
20925633	20926194
22555423	22555936
21997233	21997726
23008954	23009441
22067147	22067907
20850688	20851167
22776960	22777405
22562114	22562591
22711560	22712011
21995686	21996285
23219650	23220181
22454597	22455058
19941138	19941625
20960425	20960902
22511127	22511514
19619655	19620109
19166867	19167322
22307167	22307625
20772434	20772875
20000891	20001368
20116720	20117118
21158208	21158619
21948072	21948488
21138527	21138926
21335957	21336379
20273275	20273643
23044967	23045414
19957962	19958396
20072396	20072870
22785779	22786171
22763549	22764047
22818377	22818772
21096099	21096483
20246106	20246532
19935239	19935621
18312732	18313122
22384878	22385224
22080905	22081310
37252380	37252787
18986516	18986895
20226087	20226477
21316086	21316494
19628890	19629253
19949710	19950099
36461955	36462521
22929350	22929751
19705485	19705848
20098631	20099035
20305058	20305441
22676363	22676727
45080626	45081023
19743993	19744397
43263713	43264093
21802303	21802690
22590053	22590410
19767900	19768225
18268024	18268344
17539086	17539432
30651832	30652389
42564994	42565311
19953570	19953945
42062650	42062978
43627080	43627588
17264772	17265095
38329943	38330305
22560680	22560987
21375139	21375479
19205459	19205790
37934821	37935181
38003073	38003396
36520074	36520386
39925244	39925561
21452412	21452726
31030428	31030739
20255859	20256167
47194532	47194813
18975333	18975635
17255513	17255793
47199279	47199618
39706900	39707232
42486840	42487157
36682557	36682857
43017537	43017840
31503626	31503955
31545036	31545306
50585225	50585529
23728104	23728418
18038153	18038456
42833509	42833831
32029841	32030150
35627536	35627795
23285803	23286156
25858515	25858822
50780781	50781086
22725359	22725626
38213650	38213953
25843812	25844098
32774714	32775019
25198986	25199332
37853408	37853682
21051849	21052183
22424491	22424769
18225246	18225535
19683291	19683598
42353661	42353931
45949695	45950002
41972916	41973217
43456268	43456550
39266263	39266566
50587585	50587888
21132207	21132480
28405340	28405641
36866320	36866622
37595501	37595777
41799814	41800101
26756421	26756698
30881409	30881703
45022159	45022419
22526033	22526295
29225419	29225693
22817515	22817819
39164875	39165138
42093144	42093428
46763578	46763859
31485166	31485442
51170583	51170858
21239679	21240357
37963365	37963644
30682863	30683154
51001193	51001483
37941164	37941447
29550479	29550744
20959172	20959456
18558857	18559123
37656950	37657239
24921462	24921746
26763635	26763924
20937986	20938234
18941929	18942229
44389066	44389364
35979151	35979426
36697397	36697663
38448305	38448629
25246284	25246596
18639943	18640246
17652697	17653082
37712933	37713191
18020179	18020494
46390749	46391034
46259826	46260097
38510513	38510828
33192999	33193260
30658874	30659151
25348055	25348371
37562578	37562856
50936665	50936968
38039345	38039577
22895198	22895408
20174081	20174348
24552942	24553195
37473885	37474136
41922758	41923036
40432714	40432949
27075034	27075286
51014527	51014835
25758126	25758470
29866450	29866695
18371678	18371933
19741042	19741330
45973929	45974187
28416030	28416329
44341817	44342109
22734735	22734960
23933366	23933611
29641582	29641842
37957766	37958051
29949751	29950025
31001580	31001817
36576398	36576674
37374123	37374406
31957300	31957569
30787143	30787368
19546817	19547049
30401308	30401564
29791000	29791265
19093808	19094052
24372349	24372599
30841223	30841511
26727037	26727262
40948159	40948416
38808808	38809138
46518332	46518619
27041316	27041570
19287575	19287820
39264911	39265168
25453305	25453556
40420831	40421105
23881808	23882077
45831635	45831875
22014471	22014650
24191794	24192021
22011637	22011876
38077621	38077907
42337327	42337602
22815160	22815336
31481220	31481512
17398378	17398616
39930837	39931069
42840476	42840720
41939778	41940066
37382327	37382580
19155652	19155910
28838301	28838528
46938248	46938479
21995686	21996285
43784404	43784658
19072716	19072934
24585685	24585941
32924976	32925233
32366152	32366444
39892428	39892681
35420104	35420358
45131793	45132045
24236193	24236453
35546592	35546809
41929255	41929534
23612366	23612586
46402268	46402499
50468778	50469001
46527105	46527369
47609390	47609660
39129296	39129576
41993285	41993565
28387050	28387267
43781765	43782002
43058026	43058272
23657838	23658102
45605100	45605319
38749203	38749436
25631847	25632100
46409331	46409579
39531199	39531431
50118552	50118771
47848016	47848248
50161037	50161237
37178121	37178354
46959270	46959584
44477139	44477357
39369648	39369876
33698078	33698316
18896023	18896230
20167863	20168108
44279013	44279311
33382093	33382313
39566854	39567099
39077803	39078019
49701163	49701395
26794715	26794934
26168975	26169209
35746804	35747021
33396750	33396995
40328894	40329116
37418086	37418310
36617908	36618134
31316364	31316597
33056288	33056519
39162208	39162417
45216591	45216822
26857253	26857436
28447794	28448018
43624418	43624644
41913828	41914078
42710031	42710258
33414329	33414521
27068902	27069139
29436754	29436963
24643592	24643828
30085879	30086082
27231950	27232178
19418350	19418774
45659718	45659941
18507311	18507529
30683834	30684055
18374600	18374793
21998356	21998528
19061391	19061605
37249624	37249850
24204367	24204583
36541164	36541383
31709330	31709588
19754664	19754851
37373482	37373692
43429956	43430189
37894430	37894650
28078491	28078684
40018984	40019199
39739586	39739815
39712476	39712724
42142660	42142868
19711664	19711933
40744158	40744363
24571210	24571421
37655672	37655864
32373230	32373450
43176159	43176385
30783445	30783656
37440135	37440372
20922341	20922503
23632150	23632408
32662231	32662455
20837170	20837320
36027739	36027923
19788589	19788749
22702487	22702911
24899165	24899384
50648330	50648557
31286693	31286879
18271382	18271557
36019413	36019656
50679600	50679807
39702837	39703017
25598381	25598572
42956942	42957173
29251684	29251902
50324640	50324838
36635580	36635785
37663132	37663344
21377346	21377476
22996518	22996635
48888261	48888472
39939217	39939433
45093415	45093527
37153724	37153947
19692956	19693140
47826540	47826771
38658165	38658383
35826856	35827101
41042329	41042546
45492269	45492426
37825082	37825271
17847887	17848088
39910439	39910646
16921734	16922158
46374995	46375236
25168623	25168803
43669950	43670150
39955816	39956043
23718584	23718758
27152623	27152833
23318436	23318860
25444758	25444942
30021646	30021856
23744944	23745164
18275130	18275327
27801958	27802144
31627222	31627456
50431915	50432091
45371561	45371773
33445209	33445394
19462078	19462329
43742506	43742714
18553871	18554106
35550974	35551186
20015591	20015802
33670303	33670489
36673779	36673962
20162521	20162684
23969730	23969934
24110554	24110745
46710253	46710471
20203422	20203627
40795293	40795503
44280947	44281159
24817597	24817722
29985960	29986188
38496875	38497052
26760497	26760684
24298810	24299014
23632749	23632958
42159169	42159345
40921382	40921565
17694964	17695168
51058926	51059125
29877122	29877318
32343255	32343679
38494061	38494246
49339698	49339899
25164840	25165027
31607955	31608154
26568458	26568641
31151456	31151690
25730100	25730324
39399208	39399393
29808877	29809055
29598705	29598843
45065687	45065816
23420060	23420484
25729533	25729742
43583528	43583720
39611920	39612066
22129165	22129300
46041592	46041729
44399721	44399843
28508887	28509004
31159842	31160020
30886378	30886802
41079211	41079381
31478624	31479048
38057174	38057355
20141517	20141941
28200811	28200973
37868514	37868692
39514025	39514148
23221522	23221946
39833165	39833589
19900053	19900477
32268394	32268500
20048408	20048832
36317885	36318049
31668932	31669082
20793576	20793711
22751619	22752043
30822583	30822710
21112952	21113376
42322125	42322280
39780901	39781072
22307167	22307635
23278010	23278158
25424443	25424867
50095358	50095782
29702111	29702535
21126375	21126799
38259578	38259762
32602898	32603322
26299225	26299649
22519221	22519645
23470563	23471099
40323560	40323984
45664916	45665112
46751251	46751675
17980825	17980987
39889425	39889540
23437046	23437470
47521456	47521880
35537012	35537140
50628763	50629187
36882783	36882939
35567448	35567577
19931113	19931537
17600349	17600773
30097341	30097495
42869511	42869935
46512521	46512671
32366708	32366943
22758191	22758370
29920435	29920859
17198846	17199270
35934803	35935227
20002293	20002717
27061424	27061848
48233434	48233858
19632914	19633338
45224019	45224443
38465265	38465689
32061686	32061871
17652075	17652316
38131122	38131546
36590906	36591330
30684160	30684269
24237473	24237897
31741856	31742005
20103497	20103921
25334851	25334960
25446981	25447405
33219136	33219245
36942240	36942664
20104438	20104862
49115761	49116185
37594590	37594718
25154123	25154547
22006989	22007413
32242675	32243099
38909217	38909346
30031722	30032146
37888969	37889077
49442304	49442728
36906996	36907420
21105393	21105817
22652846	22653029
50418169	50418279
28143612	28144036
51138258	51138682
49059104	49059528
43532278	43532702
20142420	20142552
38694285	38694709
42253551	42253975
33171947	33172371
51213666	51213802
21804470	21804894
40051172	40051596
33322626	33323050
49178796	49179220
19023118	19023542
23875509	23875933
37988668	37988799
40883653	40884077
47154665	47155089
38092597	38093021
46786555	46786979
43486294	43486423
26898876	26899300
18483690	18484114
31688351	31688775
20180940	20181364
30485066	30485172
25477322	25477746
30168215	30168639
32536808	32536942
19103154	19103578
31847645	31848069
50645061	50645485
24917679	24918103
21354938	21355362
22416074	22416498
25102043	25102467
20301357	20301524
41295194	41295321
38019613	38020037
49944586	49945010
49364080	49364504
38500082	38500506
32869281	32869705
17576422	17576846
32476868	32477292
33347112	33347536
39220555	39220979
23775398	23775822
19024448	19024872
19667011	19667549
45497664	45498088
28221145	28221569
22345144	22345568
50964690	50965114
17749335	17749759
31952597	31953021
29709118	29709542
36115486	36115910
51135031	51135455
34319662	34320086
30209547	30209971
47076885	47077309
44481585	44482009
24819595	24820019
17161096	17161520
23415597	23416021
22978808	22979232
20931749	20932173
50911625	50912049
20089705	20090129
44341965	44342389
42218707	42219131
38187811	38188235
19857127	19857551
33975440	33975864
42928856	42929280
39377272	39377696
36965986	36966410
23883929	23884353
38831011	38831435
18379297	18379721
22424614	22425038
40589651	40590075
31259175	31259599
50838053	50838477
17965252	17965676
19347704	19348128
40395498	40395922
42346886	42347310
39408505	39408929
21061995	21062419
19133725	19134149
28275933	28276357
45204151	45204575
44317980	44318404
28990658	28991082
36500485	36500909
37522914	37523338
21148391	21148815
22754390	22754814
32840099	32840523
45944890	45945314
19941138	19941625
21123347	21123771
36239022	36239446
19461137	19461561
39727134	39727558
35439221	35439645
18894445	18894869
37378158	37378582
26714988	26715412
50714561	50714985
33232242	33232666
40424345	40424769
20008842	20009266
44765259	44765683
43363950	43364374
22697098	22697616
20784176	20784600
39891417	39891841
38378882	38379306
18896138	18896562
20064235	20064659
19465074	19465498
17413464	17413888
36023190	36023614
16872262	16872686
24638742	24639166
38361168	38361592
43216145	43216569
27038773	27039197
38178767	38179191
33606111	33606535
24108758	24109182
35748128	35748552
40832886	40833310
30615003	30615427
50323195	50323619
37853540	37853964
45019534	45019958
31063496	31063920
44963778	44964202
50041267	50041691
24627236	24627660
39705200	39705624
19377866	19378290
25506884	25507308
43008812	43009236
50964053	50964477
37441969	37442393
32598373	32598797
39926677	39927101
39687522	39687946
33915198	33915622
45588521	45588945
29331729	29332153
28023457	28023881
35433082	35433506
37269637	37270061
28282514	28282938
20850688	20851167
24574425	24574849
36326950	36327374
17490541	17490965
25030929	25031353
42362558	42362982
26122612	26123036
49290118	49290542
49822669	49823093
20906289	20906713
23226083	23226557
41318706	41319130
31212418	31212842
39858300	39858724
19072829	19073253
20226087	20226477
19714797	19715221
37596640	37597064
43555743	43556167
41214811	41215235
39323339	39323763
20121462	20121886
45837038	45837462
36764284	36764708
34810742	34811166
29552463	29552887
39915562	39915986
43298148	43298572
39120944	39121368
20182804	20183228
24092810	24093234
33599180	33599604
23453390	23453814
42947955	42948379
50317033	50317457
45478690	45479114
50690523	50690947
38864274	38864698
17174659	17175083
41697378	41697802
47392484	47392908
48022636	48023060
36080271	36080695
29755448	29755872
36730178	36730602
33024012	33024436
19731831	19732255
21206399	21206823
39339098	39339522
28276699	28277123
43988363	43988787
22146099	22146523
25939901	25940325
23461773	23462197
44138974	44139398
17230143	17230567
32523799	32524223
30279338	30279762
20942638	20943062
24655586	24655746
19710418	19710842
39953317	39953741
46959389	46959813
17392206	17392630
25282591	25283015
30394559	30394983
22027885	22028309
22933866	22934290
41763307	41763731
19808290	19808714
20785180	20785604
29655459	29655883
51052150	51052574
22480079	22480503
20748105	20748529
39319883	39320307
32914786	32915210
27064887	27065311
17555786	17556210
17645512	17645936
20004326	20004750
37394672	37395096
20881079	20881503
19935440	19935864
23223800	23224224
32025306	32025730
19788668	19789092
30723753	30724177
51129954	51130378
19876389	19876813
22555423	22555942
38164239	38164663
30504585	30505009
19023400	19023824
40204044	40204468
17181286	17181710
38968170	38968594
43911785	43912209
47274427	47274851
24113118	24113542
39517952	39518376
45681245	45681669
25025020	25025444
23468887	23469311
21212658	21213082
26170442	26170866
22057413	22057837
19619655	19620109
17656754	17657178
18393281	18393705
31262763	31263187
17682140	17682564
30005101	30005525
34507225	34507649
20070461	20070885
39994340	39994764
23907413	23907837
38029970	38030394
21306356	21306780
24999697	25000121
40355530	40355954
19649424	19649848
39608718	39609142
19491400	19491824
27193816	27194240
20025718	20026142
31546579	31547003
42510716	42511140
18841968	18842392
26137753	26138177
28996482	28996906
37726520	37726944
23008954	23009441
19945027	19945451
38626120	38626544
22990384	22990568
22723451	22723875
19842193	19842617
35944418	35944842
17264920	17265344
50682986	50683410
30956591	30957015
19026671	19027095
41919779	41920203
40339349	40339773
50895172	50895596
19393816	19394240
26773422	26773846
22609212	22609636
48657489	48657913
38283781	38284205
42093288	42093712
32785657	32786081
25568145	25568569
41949853	41950277
42069083	42069507
20827388	20827812
45969413	45969837
37169981	37170405
43932852	43933276
38032437	38032861
39930938	39931362
22899406	22899830
27947392	27947816
22026389	22026813
19829119	19829543
19855981	19856405
22748890	22749314
20072396	20072875
22386371	22386795
28649194	28649618
38326676	38327100
38039438	38039862
18604673	18605097
18042953	18043377
25103331	25103755
41156195	41156619
43028007	43028431
18269485	18269909
26249836	26250260
19476769	19477193
38030593	38031017
18027927	18028351
43592885	43593309
19163267	19163691
19662334	19662758
22385059	22385483
19542287	19542711
44840659	44841083
24578610	24579034
22398150	22398574
38439570	38439994
43449178	43449602
50580532	50580956
37566335	37566759
47031673	47032097
18020346	18020770
33190442	33190866
25456542	25456966
35551412	35551836
30123180	30123604
20283071	20283495
24720970	24721394
19258385	19258809
19098633	19099057
18429179	18429603
22272063	22272487
22990746	22991170
50804977	50805401
51064479	51064903
50468883	50469307
42674314	42674738
44244565	44244989
23371551	23371975
37495046	37495470
50712703	50713127
37727856	37728280
32126294	32126718
39712616	39713040
29168913	29169337
39710257	39710681
19696632	19697056
47193358	47193782
40551928	40552352
18120915	18121339
21375287	21375711
21422927	21423351
46529957	46530381
36959076	36959500
19787010	19787434
35935003	35935427
37263129	37263553
23617500	23617924
32870589	32871013
22520226	22520650
23046413	23046837
26530864	26531288
47565081	47565505
50451026	50451450
30850106	30850530
44192508	44192932
39883036	39883460
22014546	22014970
26789913	26790337
18841599	18842023
41252664	41253088
36123424	36123848
24833980	24834404
36135674	36136098
22536112	22536536
31343770	31344194
43276915	43277339
29590295	29590719
47484512	47484936
20965766	20966190
26294680	26295104
21272102	21272526
35625668	35626092
45384531	45384955
19689591	19690015
20194355	20194779
43190819	43191243
29137542	29137966
51080208	51080632
21455467	21455891
40349772	40350196
31892019	31892443
30831558	30831982
19775256	19775680
27333162	27333586
24670629	24671053
37562721	37563145
20045185	20045609
22394975	22395399
26160160	26160584
38347288	38347712
27428142	27428566
34501447	34501871
21373277	21373701
41931274	41931698
42908267	42908691
44833891	44834315
39795481	39795905
29822884	29823308
43823700	43824124
32145609	32146033
23428801	23429225
38127812	38128236
45793714	45794138
51080794	51081218
42342334	42342758
20861765	20862189
33224199	33224623
20841986	20842410
19483386	19483810
38808937	38809361
19962751	19963175
33003078	33003502
46929331	46929755
24272202	24272626
17669068	17669492
45937836	45938260
19159518	19159942
26173774	26174198
43366709	43367133
29427120	29427544
45285484	45285908
20945988	20946412
30217229	30217653
32809683	32810107
20008032	20008456
21057038	21057462
19134778	19135202
22430731	22431155
24295399	24295823
46390874	46391298
20117753	20118177
23039877	23040301
36822304	36822728
36850864	36851288
25333095	25333519
21454166	21454590
38701590	38702014
19988090	19988514
46402368	46402792
36582269	36582693
45858166	45858590
19986877	19987301
37325149	37325573
47995603	47996027
43599531	43599955
17587226	17587650
24487470	24487894
48172069	48172493
42468463	42468887
18507402	18507826
35695104	35695528
29716538	29716962
30443327	30443751
37825185	37825609
23278099	23278523
44707437	44707861
30998080	30998504
20911276	20911700
45022282	45022706
41642090	41642514
21096276	21096700
21083709	21084133
18263649	18264073
39581711	39582135
42138865	42139289
21997233	21997726
50541349	50541773
24230978	24231402
24200517	24200941
50685225	50685649
42833656	42834080
22005950	22006374
23884136	23884560
39114374	39114798
49909165	49909589
46692358	46692782
37621462	37621886
17049638	17050062
21355148	21355572
50923612	50924036
47292484	47292908
39611989	39612413
24670858	24671282
20257513	20257937
44292050	44292474
21323278	21323702
37300280	37300704
21321905	21322329
27777965	27778389
44487170	44487594
20183504	20183928
31321651	31322075
46228035	46228459
20089905	20090329
23426950	23427374
17076152	17076576
35551067	35551491
21342657	21343081
17555985	17556409
16228084	16228508
18237029	18237453
27713117	27713541
19382762	19383186
23615117	23615541
50675540	50675964
45740212	45740636
41904754	41905178
23410782	23411206
47408451	47408875
45364602	45365026
26570280	26570704
30820467	30820891
43877428	43877852
22933039	22933463
21051981	21052405
21368151	21368575
25348192	25348616
36461955	36462521
23002337	23002761
22731240	22731664
21407235	21407659
35339835	35340259
21058623	21059047
43666301	43666725
20938095	20938519
51170715	51171139
19384986	19385410
43447097	43447521
33297879	33298303
45353119	45353543
19928495	19928919
32014448	32014872
20050571	20050995
38177422	38177846
31886472	31886896
45638537	45638961
19947088	19947512
20863532	20863956
16201914	16202338
22733149	22733573
32347996	32348420
20748304	20748728
20775224	20775648
24551427	24551851
42770691	42771115
51165007	51165431
18121529	18121953
42487009	42487433
17084772	17085196
38294435	38294859
18899760	18900184
37655786	37656210
38610355	38610779
42705031	42705455
23466835	23467259
45959925	45960349
21344470	21344894
19480303	19480727
21310569	21310993
29601901	29602325
42508730	42509154
32214964	32215388
19565079	19565503
39403673	39404097
19219468	19219892
43581517	43581941
21135684	21136108
41682189	41682613
38430302	38430726
19536884	19537308
36710342	36710766
18561257	18561681
40543337	40543761
39162316	39162740
35573794	35574218
19863903	19864327
46432658	46433082
27999472	27999896
46304233	46304657
20193709	20194133
31595093	31595517
31031253	31031677
23626259	23626683
31597850	31598274
22173510	22173934
19419604	19420028
20976808	20977232
20105469	20105893
32751762	32752186
18403124	18403548
48399730	48400154
31478823	31479247
32499580	32500004
46782270	46782694
22390521	22390945
23506651	23507075
19901441	19901865
37426850	37427274
46365219	46365643
26566763	26567187
38610103	38610527
35979270	35979694
20068186	20068610
35850650	35851074
27038972	27039396
20986649	20987073
25019153	25019577
39257521	39257945
38202517	38202941
21937393	21937817
20125793	20126217
31045653	31046077
19727473	19727897
19798247	19798671
18122436	18122860
41922900	41923324
26874941	26875365
23405591	23406015
39842302	39842726
19162699	19163123
19708918	19709342
39994557	39994981
35371668	35372092
30176879	30177303
47958173	47958597
19877395	19877819
20195357	20195781
28123022	28123446
31022395	31022819
