25707952	25708412
27077069	27077509
41560924	41561374
43212609	43213034
39818850	39819332
78549115	78549513
37778133	37778564
40474745	40475156
79075468	79075925
27053797	27054221
55320470	55320881
43275147	43275574
48277840	48278358
37391943	37392394
36823761	36824141
62103104	62103544
41837737	41838124
27229864	27230470
76418085	76418451
72740728	72741118
48157007	48157417
45307100	45307474
32688502	32688882
25981694	25982277
47785543	47785960
36762591	36762988
32526962	32527333
55038307	55038672
73236596	73237087
74519147	74519546
76246951	76247358
46048029	46048412
38716545	38716888
40176910	40177280
42287655	42288052
42852142	42852499
27546435	27546809
72787604	72787943
30580058	30580409
60186825	60187173
36833292	36833666
25930161	25930538
34985723	34986064
74394091	74394480
41387135	41387491
40219314	40219751
40253544	40253931
40669469	40669847
35730483	35730851
39894222	39894599
27239315	27239691
47485307	47485691
73511803	73512178
30646457	30646832
41755295	41755635
37401011	37401346
72350182	72350538
48860536	48860855
78623852	78624190
46534617	46534984
27444158	27444482
58114458	58114801
39823252	39823591
48474795	48475128
47647396	47647792
72195743	72196108
45920438	45920751
45918533	45918908
38169985	38170310
42219038	42219361
34476365	34476688
48164786	48165150
27966517	27966883
76172653	76172974
54857596	54857916
55969842	55970187
42856476	42856988
27918631	27919022
72860989	72861349
17259375	17259724
41923656	41923958
48559847	48560182
80163733	80164088
37704087	37704512
74010254	74010625
66168573	66168919
56381654	56381993
41955920	41956233
73628978	73629348
47633676	47634030
37309151	37309451
39735850	39736180
63133186	63133553
72206531	72206870
75491041	75491371
72199565	72199880
46695956	46696284
76108672	76109017
48238866	48239211
71251811	71252183
29764312	29764629
80194243	80194612
36740636	36740968
75052346	75052729
42610882	42611219
46662694	46663093
7591361	7591685
47645194	47645553
43505396	43505811
45018201	45018539
46755778	46756122
25896328	25896666
39957805	39958205
46956344	46956672
43462923	43463244
74275580	74275893
73110142	73110466
46103779	46104114
49230550	49230865
73597307	73597629
36505014	36505339
46024248	46024613
55191411	55191766
26087072	26087532
80452587	80452896
80111778	80112081
46026600	46026957
48624247	48624586
76133400	76133773
61556270	61556596
41149962	41150344
36489569	36489940
48217219	48217584
48075608	48075939
46671245	46671570
79700743	79701107
44899674	44900077
78400669	78401009
48374739	48375087
65713743	65714080
72954029	72954362
77389384	77389723
43296283	43296596
43717735	43718096
27475899	27476195
40995421	40995730
7183899	7184201
73745980	73746318
47957881	47958214
45078510	45078867
56190426	56190757
74677343	74677652
66756049	66756359
57598877	57599192
75082605	75082936
37810088	37810460
36570989	36571312
75888466	75888811
44913268	44913593
39804853	39805234
38511275	38511633
36665611	36665964
43176550	43176876
48171661	48171975
26207103	26207399
44859627	44859946
38191393	38191738
48029873	48030191
25572314	25572612
39822133	39822475
62915519	62915819
8286480	8287020
12927799	12928107
73234793	73235138
40115008	40115326
79215470	79215784
71425512	71425856
79827188	79827585
40333324	40333667
48894605	48894908
34135907	34136212
3907943	3908255
42997391	42997701
27280508	27280831
38267935	38268253
21183357	21183650
5342412	5342802
38514761	38515074
77808736	77809090
60143326	60143644
25659892	25660248
31325376	31325717
41751192	41751510
55749288	55749616
40171845	40172164
56665033	56665360
40679299	40679641
39705428	39705831
36714372	36714679
30169589	30169895
39804171	39804480
74619995	74620285
76356864	76357176
37779681	37780026
61996611	61996903
77041980	77042288
33866428	33866726
47938512	47938831
48073960	48074294
32078165	32078483
74117423	74117835
43226517	43226850
40915477	40915780
78169879	78170221
76081058	76081386
65370766	65371065
80309718	80309992
40730457	40730783
38959801	38960098
25928764	25929081
48628205	48628522
73841329	73841659
45019927	45020239
75768487	75768830
49027699	49028012
42021390	42021669
31263982	31264269
32106149	32106436
45967316	45967657
56595943	56596259
77982206	77982550
76441688	76441999
75327520	75327828
72364416	72364744
73901055	73901369
42245834	42246147
32498286	32498586
74178287	74178586
34838863	34839158
78873176	78873493
37320875	37321201
48246672	48246992
73857402	73857705
34131759	34132065
62935047	62935396
64563350	64563661
36600346	36600676
28431540	28431842
75538808	75539115
72956815	72957112
46569867	46570195
36579954	36580251
44121691	44122021
41957743	41958119
43209196	43209583
74502500	74502776
49034197	49034467
17715550	17715873
46679968	46680259
38269398	38269730
66007259	66007573
27945015	27945321
46882253	46882576
36819381	36819693
79451340	79451686
76861866	76862160
3817150	3817479
37388350	37388660
29852394	29852748
62773018	62773264
30771166	30771481
39643042	39643382
31847492	31847788
33469245	33469544
73649071	73649402
32747346	32747659
44919175	44919522
77038464	77038785
42192980	42193359
899782	900108
59494238	59494557
1624120	1624447
31376854	31377149
65821407	65821713
77813550	77813879
47304788	47305119
41654012	41654311
66432551	66432879
28804203	28804483
26821756	26822046
66196972	66197238
37331209	37331524
79227152	79227457
26971039	26971332
43472506	43472807
76967354	76967678
79988353	79988651
42072256	42072599
74381835	74382168
38518822	38519152
35404988	35405291
48439354	48439670
33325231	33325537
74462118	74462416
78962800	78963119
73844525	73844877
37828433	37828811
6376507	6376812
30334199	30334503
44079873	44080196
73400293	73400595
38183316	38183634
41471352	41471639
72453720	72454010
56494952	56495245
49538907	49539216
48104202	48104518
47257660	47258002
78997568	78997912
80372422	80372753
72172870	72173144
34091077	34091431
72297348	72297639
40558090	40558372
73408717	73408983
77397240	77397532
61502804	61503100
32473525	32473809
55910728	55911043
77898198	77898502
27090741	27091052
47031634	47031934
47772836	47773129
75084663	75084934
73621995	73622302
38242740	38243047
79779665	79779952
43348221	43348530
17045225	17045506
26875192	26875528
43313086	43313404
70982251	70982575
27438900	27439195
41176467	41176746
36891381	36891659
72489527	72489829
77078750	77079049
28663609	28663933
47472430	47472692
18528935	18529288
8313617	8313914
31236982	31237240
47625914	47626168
53603796	53604099
41771774	41772058
38347887	38348188
56524902	56525198
77715769	77716044
31365721	31366023
76285924	76286203
79204343	79204646
37363257	37363547
34274129	34274461
40976219	40976519
77083704	77084028
28667172	28667444
72357639	72357982
38115226	38115518
47300862	47301162
58678551	58678841
46385239	46385499
40971982	40972274
39653006	39653323
16492697	16492954
57406963	57407245
26132497	26132792
26083822	26084109
40315103	40315407
64902845	64903126
32276194	32276500
70721665	70721942
65383139	65383430
38136710	38137026
63552555	63552834
33446811	33447109
46891829	46892119
2319377	2319669
34176513	34176801
43971587	43971901
72292751	72293033
27507333	27507644
72375592	72375870
55935311	55935621
72766879	72767173
2148090	2148377
42428168	42428474
77979624	77979958
26940334	26940650
46713830	46714175
159104	159576
75243157	75243469
63227876	63228142
60749713	60749985
20130092	20130374
32869791	32870103
26220344	26220643
27907349	27907648
33860387	33860663
38689607	38689914
61689627	61689926
61926491	61926778
43930108	43930380
17763561	17763841
29716406	29716713
34074544	34074795
8022109	8022402
61912251	61912536
55860672	55860974
58513324	58513605
46749014	46749310
19266188	19266490
38231790	38232107
70553068	70553372
8901368	8901632
79296629	79296921
6817200	6817497
17794374	17794656
42175554	42175831
74553563	74553840
76493234	76493487
4316536	4316798
32965328	32965581
30986360	30986654
41843840	41844105
7227560	7227848
73422436	73422706
67231651	67231919
55629732	55630005
3586310	3586606
42600566	42600841
33219952	33220222
44026446	44026739
56327027	56327322
21219868	21220165
25978537	25978798
63096708	63096992
18120765	18121030
79014621	79014958
48347529	48347800
36648336	36648599
72433842	72434135
30438459	30438730
75426186	75426450
63290348	63290612
17545196	17545442
46868391	46868709
40268757	40269063
77720015	77720270
71994811	71995065
66201448	66201727
32052764	32053048
30228700	30228994
43354635	43354891
79977865	79978132
39065591	39065854
48758683	48758953
61484166	61484432
73101918	73102219
74366523	74366934
61045871	61046143
31204281	31204544
59489789	59490034
65796558	65796834
7977005	7977287
42453487	42453717
37417611	37417881
80732879	80733157
44049049	44049337
74812676	74812955
25981694	25982277
73760651	73760955
79265591	79265862
3641018	3641301
26578668	26578960
10519890	10520175
80509773	80510029
48555968	48556239
6569378	6569646
32013269	32013521
34890188	34890492
43909569	43909834
1090543	1090798
80739680	80739961
26743885	26744179
7080784	7081051
8013545	8013862
38589977	38590244
58220285	58220552
10230942	10231177
36061445	36061729
37395872	37396129
46102435	46102701
37910491	37910761
71187653	71187933
73629949	73630223
79995160	79995436
7893553	7893799
8041896	8042199
43210586	43210862
72086079	72086353
76130486	76130738
74001693	74001964
5140873	5141172
4792417	4792678
73996536	73996793
34296551	34296829
49244436	49244722
39942540	39942857
1026329	1026615
71366073	71366362
66395225	66395500
34965293	34965580
16593339	16593550
1533343	1533598
34982409	34982679
62770535	62770824
2689584	2689897
75737238	75737475
65289849	65290123
42281122	42281375
45776185	45776474
38473664	38473954
7259371	7259648
62141164	62141438
2256369	2256639
44290333	44290579
36204367	36204658
41081310	41081570
655458	655731
71706314	71706607
56655045	56655276
62398425	62398711
77763679	77763948
26867794	26868040
56406818	56407076
72653617	72653875
74543474	74543719
48919292	48919531
40374227	40374490
6325365	6325630
79407863	79408100
70723853	70724136
46292997	46293242
28106306	28106570
49841778	49842027
74454698	74454939
77785186	77785451
43099377	43099693
74404701	74404951
77948663	77948910
37886719	37886982
34399935	34400204
38776235	38776509
48192327	48192557
25680834	25681121
48703546	48703799
57518207	57518477
62493477	62493726
66610140	66610400
58716167	58716428
16424652	16424902
16267160	16267398
27451125	27451400
4806903	4807142
2752130	2752381
46338754	46338988
74704058	74704338
73126826	73127102
20946899	20947158
47929171	47929411
18151622	18151884
37139457	37139710
76848865	76849099
11839178	11839425
71152423	71152659
48940790	48941038
20024984	20025241
75062915	75063169
79116593	79116816
35062652	35062912
28258412	28258653
25563792	25564034
16189192	16189412
65775195	65775478
75262994	75263179
46452103	46452322
46801951	46802212
45879806	45880053
57082298	57082538
57297754	57298036
8204020	8204249
38597283	38597538
38771891	38772150
53426195	53426450
74723192	74723400
49399845	49400091
25757986	25758231
7920086	7920356
77387936	77388174
59467396	59467617
62645290	62645537
40336227	40336473
17822571	17822777
42988534	42988762
4812463	4812691
20896259	20896486
4118694	4118932
34336415	34336665
15160715	15160978
46095761	46096005
49376206	49376424
42408749	42408994
19669867	19670073
6904947	6905207
58217241	58217485
1477738	1478016
73616104	73616363
48255800	48256034
80279426	80279670
40180620	40180885
53373367	53373596
4785307	4785589
71952785	71953034
56296603	56296874
3749529	3749793
72562351	72562604
26973920	26974163
73127522	73127752
17258287	17258529
42201245	42201516
56277447	56277687
7646943	7647188
47634857	47635103
80382472	80382766
42018045	42018254
11547692	11547903
16331441	16331709
2731757	2732012
7199776	7200029
8286480	8287020
72598209	72598445
79174686	79174898
44331248	44331515
54793325	54793553
76010002	76010246
18864193	18864414
6925361	6925607
53434163	53434389
8062124	8062338
42060824	42061088
4323959	4324217
55087420	55087644
28420623	28420839
19912475	19912730
36151406	36151654
29153080	29153294
62067847	62068068
53795573	53795817
80512372	80512613
70556429	70556655
76989316	76989562
10521504	10521713
19417279	19417512
17472100	17472333
73500417	73500651
6955406	6955696
27206122	27206363
40111762	40111970
46088766	46088991
57388396	57388635
38606523	38606780
33416404	33416662
46208644	46208878
7518248	7518468
40672569	40672801
36917966	36918202
22194039	22194281
7464333	7464604
62359420	62359619
56072839	56073055
16905158	16905383
56394836	56395038
29024951	29025184
46055769	46056040
41089789	41090031
47857139	47857334
77682529	77682710
41987584	41987841
79375812	79376042
62384295	62384538
32846359	32846615
41158655	41158870
75210841	75211087
4468925	4469162
698118	698353
7039652	7039884
16318313	16318563
39852310	39852534
72957748	72957960
42942575	42942811
37080238	37080492
48275685	48275862
26753300	26753547
40462588	40462758
79071276	79071500
10748556	10748784
76183137	76183345
5095174	5095428
3767036	3767281
37790676	37790907
70114789	70115017
9632432	9632663
1235909	1236133
8689199	8689420
73285676	73285896
30465970	30466205
58798188	58798418
45054027	45054273
7537716	7537965
63194917	63195155
47113461	47113689
36130984	36131205
10534452	10534669
60781164	60781409
27175767	27176012
79634926	79635141
16776608	16776804
29042230	29042427
47109590	47109857
74711013	74711225
15406195	15406420
27697194	27697440
48350588	48350857
17343384	17343583
47921203	47921475
55518314	55518496
7983330	7983556
56598283	56598493
48929523	48929722
44920317	44920508
36641188	36641425
66770462	66770716
31003561	31003785
54897089	54897309
32001712	32001925
79568609	79568838
55824994	55825212
37824775	37824989
21023014	21023229
43229430	43229667
55675265	55675474
25926922	25927183
4693231	4693494
53591466	53591650
52831914	52832129
61483086	61483299
79093665	79093922
40705396	40705616
29046420	29046647
43662505	43662745
73319210	73319446
72280896	72281133
49449060	49449277
4635045	4635241
60770589	60770840
7490112	7490318
47392913	47393135
78258549	78258762
80834649	80834860
12935212	12935395
7118230	7118463
48504844	48505016
1358588	1358810
73749787	73750019
15074847	15075039
27472446	27472654
22012503	22012717
40833300	40833529
47512495	47512679
7961088	7961275
78840110	78840310
76134060	76134329
55017340	55017524
63274503	63274696
40873166	40873343
15732141	15732359
70536573	70536788
62106326	62106554
73743929	73744159
48674198	48674401
1268803	1269016
48194634	48194830
74121264	74121474
7997251	7997449
39846120	39846306
61904914	61905124
76408533	76408719
73826225	73826377
41411654	41411867
80626479	80626712
46151807	46152005
43503215	43503435
48707915	48708339
3747310	3747507
45393133	45393343
30810564	30810777
5610276	5610474
3505916	3506110
27944235	27944420
61959647	61959835
64711922	64712117
1552153	1552374
17633060	17633267
30788828	30789043
21360440	21360644
16290016	16290229
77384623	77384833
32254971	32255138
66459196	66459376
67522216	67522405
61072770	61072987
28134873	28135080
44272413	44272617
35112000	35112208
7816327	7816514
59914659	59914875
47573858	47574015
76783529	76783760
11701185	11701405
73923509	73923730
38095904	38096116
34959420	34959628
77015699	77015891
54669874	54670154
49513087	49513293
48550135	48550342
74679553	74679757
77061249	77061460
13498208	13498367
74789957	74790174
17400179	17400401
55198815	55198990
13017899	13018121
7726094	7726298
41598035	41598240
45054774	45054980
17517124	17517255
43669789	43670016
80725090	80725288
16487679	16487796
40464296	40464508
74500302	74500513
12906393	12906817
10640501	10640694
60715144	60715568
6339396	6339608
40580538	40580715
42344179	42344371
75007342	75007549
65471589	65471762
62368705	62368919
59713358	59713473
45854038	45854243
46337165	46337356
39485663	39485847
43799619	43799855
76704680	76704862
28348822	28349020
20224190	20224348
64851443	64851639
40086624	40086798
8897604	8897843
10675824	10676042
3978233	3978427
7426556	7426698
7963647	7963809
73197910	73198103
10517944	10518154
47445831	47446066
79917627	79917831
35754708	35754939
33639802	33640014
6908184	6908387
29885822	29885928
74864307	74864498
7463755	7463971
27292683	27292913
38324684	38324907
71653756	71653871
74554640	74554851
72858346	72858770
31969181	31969313
19350455	19350670
48556923	48557124
16356656	16356834
62211051	62211262
42118925	42119084
37350706	37350897
4613266	4613431
38600070	38600189
46578631	46578737
64251259	64251429
80258731	80258933
78075095	78075296
7755194	7755342
65268824	65268939
45741761	45741943
53813124	53813548
9891226	9891398
72777069	72777282
53719316	53719426
79382991	79383178
3730571	3730677
40611345	40611521
10549818	10550020
884265	884689
38459381	38459487
12645677	12645853
62733017	62733441
7760401	7760507
25715484	25715665
3810945	3811058
73851881	73852305
17217004	17217190
40270716	40270886
4470112	4470267
2285915	2286117
61774028	61774150
77944590	77944769
54969246	54969405
44364148	44364264
65685754	65685928
3920840	3921001
10130170	10130594
62958042	62958196
21415039	21415182
57243397	57243503
39478686	39478861
77890049	77890259
78056592	78056728
38358120	38358347
31975106	31975284
71779284	71779402
80875643	80875806
4103177	4103380
19896177	19896360
8798347	8798502
64724124	64724336
56077023	56077157
7535859	7536038
39573727	39574151
72919669	72919863
29835350	29835511
36631004	36631428
73823558	73823982
62294004	62294428
73263676	73264100
29395461	29395590
8894925	8895083
27054937	27055361
4890714	4890820
50184114	50184283
4965774	4965952
4152761	4152938
71307167	71307358
5490849	5491023
16894703	16895127
40831868	40831974
31203647	31203839
59049279	59049395
74456715	74456900
27570835	27570996
1436616	1436767
40770484	40770908
1933899	1934323
61989048	61989228
26075199	26075333
29844535	29844959
30469266	30469443
33882887	33883006
27243464	27243671
73779533	73779696
77879611	77880035
61934514	61934686
76555754	76556178
1162474	1162704
42643336	42643508
32770836	32771260
35930603	35931027
43312117	43312329
71206494	71206918
55536466	55536890
64669927	64670351
1968419	1968527
78335370	78335507
49565261	49565685
27894719	27895143
2916382	2916499
38195281	38195417
12299056	12299480
79346238	79346662
18046355	18046779
4498476	4498582
31849730	31849856
19241498	19241650
77184139	77184341
61519772	61520196
54756528	54756952
14205839	14206263
75497243	75497394
53679123	53679547
9828123	9828271
80202276	80202386
959370	959567
27442950	27443374
79885803	79886227
39120204	39120399
73267296	73267500
65959340	65959764
37021244	37021405
66773477	66773901
35887348	35887772
44953789	44954213
58719112	58719536
66462345	66462536
35014683	35014789
65830162	65830311
79283396	79283596
32185618	32186042
26674075	26674208
10199173	10199315
78955216	78955422
11812644	11813068
8085311	8085519
28422835	28422954
7738114	7738538
8736071	8736210
40219314	40219770
68164313	68164419
77632831	77632967
65217276	65217424
46962114	46962326
28882454	28882878
59436333	59436467
4207836	4207976
10261056	10261480
42423188	42423363
42477696	42477841
32854988	32855099
27912109	27912215
67603252	67603676
56271198	56271622
66259276	66259700
1179543	1179679
61064492	61064916
37427373	37427518
7117254	7117400
62844038	62844208
45820141	45820271
55208377	55208524
73774947	73775371
76839360	76839784
4884004	4884153
38948204	38948315
37025444	37025868
72812123	72812547
42856476	42856988
78944178	78944602
38375239	38375663
8024877	8025301
74883981	74884168
12449182	12449606
1572716	1572925
56214017	56214441
25782795	25783219
41995191	41995410
57930661	57930820
78337992	78338416
12933708	12934132
53604839	53605263
67565136	67565560
61775227	61775651
21416349	21416494
57830904	57831080
4718702	4718853
5972176	5972600
17304596	17304702
42275731	42276155
9793366	9793790
47368214	47368365
8126563	8126987
35866742	35867166
79504596	79505020
77696143	77696567
71185785	71185955
1617090	1617514
9480423	9480847
40729637	40730061
60498882	60499013
1958267	1958399
79490201	79490625
71475100	71475524
8279910	8280334
45693320	45693455
14829828	14830252
64196693	64197117
8023725	8024149
782831	783255
45867503	45867662
33939932	33940356
73002781	73003205
47781215	47781639
32490698	32491122
67054301	67054725
56354597	56354769
55082334	55082758
62024210	62024359
29860582	29861006
56199254	56199678
62503504	62503928
46230983	46231407
63793926	63794350
43890655	43891079
55945594	55946018
35596613	35597037
41416269	41416693
27470863	27471287
72732829	72733253
48698150	48698574
43324285	43324709
3838471	3838596
17606364	17606788
48556239	48556427
27899836	27900260
75396593	75397017
21307779	21308203
73483371	73483795
27039267	27039691
10532196	10532302
27921143	27921567
73754731	73755155
40683829	40684253
64161650	64162074
34302974	34303398
75602923	75603347
65374861	65375040
1418900	1419324
65939018	65939152
43725971	43726395
61947083	61947507
36010549	36010717
74835925	74836094
73610087	73610511
55817303	55817727
53828381	53828805
77848266	77848450
8791758	8792182
73266553	73266710
73167886	73168310
48680688	48681112
55183921	55184345
26708576	26709000
53045411	53045835
12083947	12084371
65196809	65197233
43860681	43860792
65555571	65555730
1768726	1769150
10779411	10779542
76982020	76982444
54204027	54204140
6949059	6949483
73671003	73671427
42811137	42811561
47269192	47269616
41918082	41918506
67390977	67391135
26087072	26087532
46600320	46600744
3438769	3439193
66768118	66768236
75092659	75092812
57638375	57638799
79228588	79229012
42955991	42956415
61523212	61523636
45899030	45899454
18224622	18225046
53902620	53903044
59540971	59541395
21353214	21353638
1687269	1687693
44270732	44270919
56249806	56250230
78865546	78865970
60501089	60501513
45925133	45925557
14198365	14198479
16722044	16722468
56415630	56416054
36478131	36478244
36890074	36890498
55479468	55479892
27579178	27579602
20019993	20020417
28452359	28452554
29761606	29762030
40825989	40826104
5152819	5153243
8649244	8649668
73520868	73521292
53626478	53626902
2946992	2947416
45577920	45578344
38632538	38632674
81153241	81153347
53082889	53083313
66427912	66428336
79438760	79439184
45922206	45922630
7576532	7576956
27002951	27003375
37683478	37683902
13828862	13829286
77751288	77751712
1811999	1812423
41323077	41323501
31848791	31849215
46306074	46306498
42084425	42084849
80308293	80308404
15164032	15164456
34093910	34094334
35969473	35969897
7255613	7256037
74361565	74361989
80780934	80781358
63191049	63191473
12245933	12246357
48772446	48772870
46258973	46259397
25365707	25366131
17936798	17937222
58647084	58647508
19648163	19648587
81153335	81153759
1929250	1929674
58393031	58393455
38446952	38447376
79978982	79979406
73056046	73056470
66968245	66968669
15901893	15902045
32645508	32645932
15349372	15349796
56288275	56288699
46413225	46413649
77144168	77144592
66630473	66630897
79679544	79679968
29020769	29021193
72081545	72081969
4934790	4934952
2073295	2073719
13264	13688
26902400	26902824
20549937	20550361
25533464	25533888
31110505	31110929
40776289	40776713
43797116	43797540
57394246	57394670
11775084	11775508
44264434	44264567
34091643	34091854
20943449	20943873
42161546	42161970
65797748	65798172
77782442	77782866
38346670	38347094
79642898	79643322
1945138	1945562
50460843	50461267
45331098	45331522
56618574	56618998
60797796	60798220
14106696	14107120
7761775	7762199
56347797	56348221
54556206	54556630
77818695	77818810
80573581	80574005
9809200	9809624
22203078	22203502
79383102	79383526
20704863	20705287
7089608	7090032
39844238	39844662
38136037	38136461
25936602	25937026
57824208	57824632
13209856	13210280
262141	262279
43094177	43094601
961672	962096
13241078	13241502
8089900	8090324
4685994	4686418
19549205	19549629
29700155	29700579
80086953	80087377
61943411	61943835
15136309	15136733
15151402	15151826
40555194	40555618
67605647	67606071
17584375	17584799
17997306	17997730
72404380	72404804
7801087	7801511
39739286	39739710
64306662	64307086
72004303	72004727
64447592	64448016
42160812	42161236
2833321	2833745
16208053	16208477
54577115	54577539
4443485	4443909
49613165	49613589
31239363	31239787
4270045	4270469
37264225	37264649
63790618	63791042
2951962	2952386
7298228	7298652
2578571	2578995
19913390	19913814
52968558	52968982
62063052	62063476
35207327	35207751
5608344	5608768
76741437	76741861
74366523	74366934
7765905	7766329
78729380	78729804
32408269	32408693
37225613	37226037
4859928	4860352
62487139	62487563
48883731	48884155
59657410	59657834
28530389	28530813
17291366	17291790
28353691	28354115
38571600	38572024
6605075	6605499
74299168	74299592
36444216	36444640
61514056	61514480
21837154	21837578
14716982	14717406
4690562	4690986
36886170	36886594
72208920	72209344
25524502	25524926
17075377	17075801
49717388	49717812
42406321	42406745
27618171	27618595
76795022	76795446
42193165	42193589
21142955	21143379
79870533	79870957
46985593	46986017
9023782	9024206
17753293	17753717
61981066	61981490
15339995	15340419
12159713	12160137
7891990	7892414
38226009	38226433
28977807	28978231
45822360	45822784
46429153	46429577
17489450	17489874
42227895	42228319
30916000	30916424
33308033	33308457
74295214	74295638
1956833	1957257
19220576	19221000
79486330	79486754
7620523	7620947
6316300	6316724
27176250	27176674
16440143	16440567
71301168	71301592
38020377	38020801
38555389	38555813
72733663	72734087
74143743	74144167
42283849	42284273
78098080	78098504
2270370	2270794
74524864	74525288
30393902	30394326
40708144	40708568
18070212	18070636
39967792	39968216
27047633	27048057
39835401	39835825
27507484	27507908
48611590	48612014
74732303	74732727
19372812	19372933
66015988	66016412
18044517	18044941
80055951	80056375
48228293	48228717
30789351	30789775
79783735	79784159
65012472	65012896
37732371	37732795
61556420	61556844
4837572	4837996
59426683	59427107
32291348	32291772
61969975	61970399
66011857	66012281
5100238	5100662
59628535	59628959
61509257	61509681
64286216	64286640
17565142	17565566
46145933	46146357
3594971	3595395
9195466	9195890
16388996	16389420
46212463	46212887
20811580	20812004
74185825	74186249
16819273	16819697
77297533	77297957
62923622	62924046
48578449	48578873
61512261	61512685
17655258	17655682
43096602	43097026
15785393	15785817
18043198	18043622
31082121	31082545
65154210	65154634
64422494	64422918
58663622	58664046
55127728	55128152
45794772	45795196
11784023	11784447
36736125	36736549
62028264	62028688
58469570	58469994
54396896	54397320
7944653	7945077
7036767	7037191
61966277	61966701
9432350	9432774
61984722	61985146
66053600	66054024
79520230	79520654
9065940	9066364
4958836	4959260
260775	261199
43126537	43126961
43039225	43039649
67081016	67081440
47662992	47663416
36827959	36828383
72984207	72984631
41324181	41324605
13951419	13951843
63215259	63215683
43309028	43309452
73008448	73008872
45400994	45401418
9305874	9306298
73892404	73892828
66535623	66536047
21355584	21356008
10220514	10220938
22017118	22017542
42295620	42296044
40202347	40202771
40760990	40761414
57976449	57976873
14276	14700
42589188	42589612
62962057	62962481
62291466	62291890
42522823	42523247
6189552	6189976
8059990	8060414
45908253	45908677
58252047	58252471
68763252	68763676
10782414	10782838
68618540	68618964
2185538	2185962
43743369	43743793
13501055	13501479
7406276	7406700
67519383	67519807
32889403	32889827
19622092	19622516
75724315	75724739
1050780	1051204
27062155	27062579
31268395	31268819
46740478	46740902
40041914	40042338
73030172	73030596
3911286	3911710
65599101	65599525
61966800	61967224
9862658	9863082
74428744	74429168
6917973	6918397
78222606	78223030
75032788	75033212
73611457	73611881
40403118	40403542
36175900	36176324
58185330	58185754
4060045	4060469
36852847	36853271
26560272	26560696
44088181	44088605
80637420	80637844
47591586	47592010
65272171	65272595
55813045	55813469
49134070	49134494
60630465	60630889
34097158	34097582
2610946	2611370
18467365	18467789
40591196	40591620
11890217	11890641
1945798	1946222
48410717	48411141
55162772	55163196
38265721	38266145
15752330	15752754
21864040	21864464
33179549	33179973
18223121	18223545
34309045	34309469
76819704	76820128
32633433	32633857
15046862	15047286
7900411	7900835
75641094	75641518
79829189	79829613
44049187	44049611
74299368	74299792
22007178	22007602
64896212	64896636
27188527	27188951
46955493	46955917
468708	469132
72838984	72839408
44068158	44068582
54707177	54707601
73060971	73061395
73891410	73891834
61575198	61575622
74469609	74470033
46639524	46639948
3595566	3595990
9832148	9832572
57936776	57937200
72642393	72642817
76765227	76765651
76444671	76445095
61787696	61788120
58308501	58308925
74936765	74937189
59503364	59503788
77086564	77086988
59486889	59487313
20847529	20847953
65624600	65625024
15848287	15848711
26693626	26694050
26079987	26080411
10587139	10587563
74379771	74380195
32199644	32200068
6814266	6814690
39766382	39766806
55975348	55975772
21032310	21032734
14789474	14789898
40895956	40896380
43238146	43238570
37991279	37991703
17651475	17651899
5495684	5496108
61651009	61651433
56604697	56605121
37874905	37875329
7418013	7418437
61981268	61981692
9868886	9869310
15116971	15117395
45439555	45439979
26575130	26575554
80871527	80871951
21516309	21516733
27187507	27187931
31264120	31264544
72915507	72915931
49197059	49197483
71417076	71417500
54731280	54731704
29025081	29025505
62113879	62114303
47626046	47626470
37234086	37234510
55984195	55984619
31978690	31979114
66907825	66908249
41856409	41856833
7614672	7615096
29543153	29543577
19998588	19999012
36693408	36693832
49938295	49938719
49662858	49663282
55844883	55845307
73178489	73178913
45971738	45972162
25821205	25821629
21002953	21003377
63181756	63182180
80194243	80194612
57916492	57916916
62543598	62544022
47296973	47297397
42296391	42296815
1998271	1998695
61966590	61967014
76171077	76171501
40183227	40183651
42749882	42750306
11167788	11168212
42768196	42768620
56788301	56788725
9648190	9648614
57991605	57992029
47976486	47976910
78226662	78227086
41621330	41621754
56161998	56162422
45803078	45803502
75613516	75613940
7728545	7728969
65624801	65625225
35125453	35125877
56510423	56510847
61756558	61756982
80668464	80668888
40927478	40927902
39783926	39784350
79163438	79163862
71192673	71193097
29043990	29044414
39019214	39019638
21315629	21316053
8534574	8534998
26080193	26080617
79886005	79886429
59494368	59494792
3551086	3551510
48619161	48619585
47937475	47937899
2239647	2240071
53847543	53847967
27052271	27052695
17173181	17173605
29151471	29151895
18095244	18095668
79766729	79767153
43872194	43872618
10600696	10601120
21953681	21954105
72301932	72302356
43966915	43967339
38579554	38579978
64971630	64972054
79269809	79270233
70657186	70657610
55952777	55953201
42462882	42463306
77715882	77716306
80064091	80064515
9458087	9458511
75843664	75844088
18855126	18855550
65355970	65356394
27224090	27224514
18720037	18720461
67242891	67243315
66902782	66903206
47918879	47919303
29593027	29593451
46157526	46157950
41276407	41276831
11047920	11048344
7186276	7186700
9425399	9425823
31527536	31527960
54912033	54912457
57685145	57685569
74609253	74609677
37402486	37402910
17473543	17473967
76015385	76015809
3454438	3454862
4464180	4464604
74010438	74010862
80342398	80342822
40161206	40161630
32039115	32039539
7155540	7155964
6182986	6183410
71228271	71228695
38073218	38073642
37791392	37791816
1467170	1467594
77122217	77122641
47652952	47653376
66347474	66347898
77101289	77101713
7124150	7124574
4529261	4529685
53819577	53820001
10538580	10539004
7216555	7216979
11802766	11803190
56598373	56598797
56332206	56332630
7068406	7068830
77675788	77676212
4922955	4923379
71583420	71583844
8657126	8657550
4596394	4596818
17908187	17908611
28605051	28605475
72861176	72861600
80128481	80128905
67063818	67064242
25818890	25819314
63133363	63133787
61958688	61959112
27863992	27864416
31835229	31835653
79668805	79669229
38711182	38711606
48782499	48782923
16492822	16493246
75503224	75503648
41132780	41133204
1786066	1786490
74536836	74537260
78485543	78485967
35004005	35004429
34965447	34965871
79916591	79917015
29388674	29389098
53381081	53381505
39776708	39777132
34452687	34453111
1074016	1074440
34091226	34091650
30824463	30824887
40443785	40444209
53070432	53070856
32016707	32017131
21908386	21908810
59470952	59471376
37027834	37028258
71581651	71582075
6334109	6334533
39013212	39013636
46174873	46175297
33416544	33416968
73702406	73702830
73014827	73015251
77472147	77472571
43361487	43361911
37396024	37396448
43889486	43889910
13522791	13523215
30439422	30439846
56390181	56390605
18864283	18864707
5571162	5571586
6756986	6757410
32911976	32912400
37202148	37202572
5210638	5211062
43182358	43182782
18873834	18874258
31349038	31349462
7836297	7836721
7249131	7249555
74103532	74103956
27041317	27041741
17888868	17889292
25905753	25906177
65374135	65374559
29853274	29853698
68548504	68548928
72286395	72286819
29868582	29869006
48127987	48128411
11884140	11884564
35743052	35743476
72376759	72377183
73614921	73615345
72357802	72358226
25397851	25398275
43333910	43334334
57394446	57394870
61699115	61699539
33498401	33498825
73650222	73650646
29339708	29340132
235901	236325
30591349	30591773
53849448	53849872
8554322	8554746
79568708	79569132
45791566	45791990
62488634	62489058
43890857	43891281
39041428	39041852
5650549	5650973
7254609	7255033
38457567	38457991
53254513	53254937
19689162	19689586
80872835	80873259
70426991	70427415
15917168	15917592
55481455	55481879
18086649	18087073
32352150	32352574
71592489	71592913
58240436	58240860
19240372	19240796
38242879	38243303
15135484	15135908
2299135	2299559
35743318	35743742
66790660	66791084
36715654	36716078
79827188	79827585
45695791	45696215
49617501	49617925
12570662	12571086
60256950	60257374
71463240	71463664
55162173	55162597
80020434	80020858
47647396	47647792
64621364	64621788
36760917	36761341
76113429	76113853
79103142	79103566
46105272	46105696
78388114	78388538
53960466	53960890
40462659	40463083
27476037	27476461
42299443	42299867
17854143	17854567
6616723	6617147
65370898	65371322
72114706	72115130
46755937	46756361
61970174	61970598
79988501	79988925
19014436	19014860
26235143	26235567
81061313	81061737
56708833	56709257
37828433	37828811
4884063	4884487
64197817	64198241
7339011	7339435
5696442	5696866
76570021	76570445
70557064	70557488
78451791	78452215
41426481	41426905
43324488	43324912
79849654	79850078
36612626	36613050
73974963	73975387
57611921	57612345
46340374	46340798
63090032	63090456
35029499	35029923
35577441	35577865
47443007	47443431
70948321	70948745
36559182	36559606
3350912	3351336
76741640	76742064
79660801	79661225
31204412	31204836
80188754	80189178
42453593	42454017
76342780	76343204
603755	604179
36724555	36724979
72745009	72745433
49339974	49340398
29705620	29706044
80060729	80061153
43226678	43227102
43925804	43926228
46226768	46227192
17686231	17686655
56066351	56066775
48272485	48272909
79353360	79353784
43173509	43173933
44899869	44900293
80605427	80605851
76824565	76824989
70427198	70427622
6746530	6746954
48290333	48290757
4799187	4799611
80735657	80736081
79864748	79865172
26971168	26971592
26902601	26903025
58733818	58734242
26619874	26620298
56611696	56612120
47076460	47076884
75370455	75370879
45352661	45353085
67354841	67355265
77112630	77113054
79526020	79526444
68632638	68633062
9370827	9371251
31889812	31890236
74777641	74778065
25334766	25335190
71817165	71817589
60562278	60562702
58717818	58718242
42659215	42659639
61523960	61524384
25871457	25871881
7744747	7745171
8477941	8478365
65858723	65859147
27945160	27945584
62314194	62314618
62598500	62598924
28281524	28281948
7885947	7886371
65135845	65136269
8227460	8227884
27946151	27946575
35774192	35774616
41034598	41035022
80438674	80439098
27098747	27099171
3868348	3868772
6613581	6614005
77411027	77411451
73585495	73585919
43476056	43476480
75254739	75255163
53730145	53730569
59660583	59661007
4166978	4167402
71642788	71643212
55078858	55079282
56278482	56278906
9885483	9885907
73826310	73826734
72280998	72281422
11531664	11532088
42909203	42909627
1171677	1172101
30065131	30065555
37248528	37248952
80065356	80065780
40282522	40282946
8157103	8157527
34446089	34446513
38474913	38475337
41843951	41844375
15848005	15848429
80669611	80670035
44337265	44337689
43817781	43818205
61309856	61310280
40828644	40829068
35850133	35850557
75817173	75817597
56403264	56403688
48133759	48134183
16823196	16823620
16118806	16119230
43578726	43579150
66284870	66285294
22202522	22202946
42486669	42487093
54943850	54944274
30668034	30668458
54828506	54828930
14099870	14100294
26880829	26881253
32273119	32273543
62093471	62093895
19715695	19716119
3635493	3635917
10301655	10302079
73285777	73286201
37793239	37793663
77813713	77814137
73494997	73495421
29319535	29319959
48550228	48550652
31325531	31325955
74184151	74184575
20284609	20285033
42172963	42173387
74525084	74525508
27440319	27440743
38600123	38600547
55187178	55187602
56277587	56278011
46627664	46628088
39691156	39691580
18615639	18616063
37132003	37132427
6941530	6941954
57541158	57541582
81031166	81031590
39480392	39480816
38573402	38573826
73769904	73770328
48708117	48708541
73065877	73066301
45810285	45810709
8022215	8022639
68140342	68140766
37245466	37245890
63023380	63023804
21991675	21992099
27531265	27531689
36903841	36904265
76346419	76346843
3910052	3910476
72959776	72960200
71251986	71252410
18601203	18601627
29324267	29324691
73671206	73671630
73032557	73032981
78962931	78963355
46937382	46937806
32846493	32846917
67502581	67503005
59556422	59556846
81025687	81026111
31615914	31616338
36617473	36617897
36830578	36831002
42700461	42700885
8707385	8707809
76600895	76601319
81034792	81035216
26555484	26555908
72347771	72348195
49078429	49078853
7345777	7346201
21900540	21900964
72529133	72529557
43505396	43505811
79911273	79911697
51110138	51110562
4486996	4487420
54954247	54954671
64896413	64896837
35227348	35227772
21220002	21220426
40831939	40832363
34901508	34901932
47536720	47537144
47512579	47513003
27037370	27037794
76140295	76140719
40925272	40925696
21903367	21903791
36489729	36490153
9727407	9727831
31847635	31848059
40719327	40719751
56292993	56293417
22100186	22100610
72781697	72782121
28539714	28540138
36955289	36955713
71556786	71557210
31662463	31662887
76311418	76311842
79008852	79009276
61503674	61504098
1520827	1521251
25979971	25980395
80225969	80226393
17404295	17404719
66288520	66288944
25972511	25972935
42147838	42148262
53663035	53663459
74709306	74709730
49244556	49244980
37732571	37732995
56385628	56386052
42837023	42837447
74449195	74449619
74385208	74385632
61565553	61565977
76311218	76311642
80316324	80316748
46620663	46621087
69081374	69081798
73736868	73737292
72767034	72767458
25907483	25907907
75052346	75052729
69080344	69080768
56415831	56416255
38183454	38183878
77792127	77792551
42909415	42909839
34957611	34958035
17909456	17909880
16654584	16655008
80161383	80161807
62021104	62021528
46360753	46361177
73839287	73839711
38130738	38131162
52503669	52504093
55131665	55132089
64017862	64018286
78958566	78958990
15165643	15166067
56082671	56083095
19370495	19370919
78177135	78177559
11646232	11646656
61562004	61562428
76341346	76341770
60494057	60494481
40230531	40230955
26747335	26747759
36654523	36654947
71948820	71949244
17688159	17688583
2273033	2273457
66813495	66813919
29848966	29849390
54891380	54891804
51708018	51708442
77466274	77466698
63224614	63225038
39958005	39958429
25681567	25681991
32965439	32965863
71243840	71244264
32771040	32771464
39780644	39781068
38718227	38718651
1961773	1962197
15587178	15587602
19225104	19225528
31969213	31969637
55749433	55749857
31271296	31271720
76186215	76186639
48925402	48925826
59079636	59080060
26124380	26124804
46844714	46845138
76685058	76685482
34891247	34891671
30462740	30463164
46413432	46413856
21315830	21316254
17897534	17897958
63984113	63984537
66573339	66573763
47785543	47785960
33470321	33470745
27011924	27012348
19669958	19670382
76967508	76967932
74884662	74885086
56756500	56756924
53045614	53046038
59282781	59283205
4890780	4891204
40336325	40336749
39686765	39687189
10521644	10522068
73872387	73872811
48189528	48189952
34816076	34816500
75118641	75119065
48645171	48645595
77105628	77106052
42015455	42015879
59570127	59570551
8689305	8689729
20752170	20752594
46371256	46371680
41610946	41611370
3626689	3627113
79518349	79518773
11825899	11826323
19575761	19576185
76303931	76304355
12906593	12907017
42215590	42216014
9547822	9548246
2427458	2427882
61769682	61770106
6323687	6324111
67719837	67720261
53401788	53402212
59547924	59548348
66324018	66324442
76626464	76626888
79447530	79447954
69469334	69469758
32351896	32352320
29742069	29742493
14591460	14591884
76971981	76972405
26595316	26595740
27568592	27569016
48674264	48674688
71211543	71211967
17822678	17823102
66736938	66737362
34136053	34136477
62027085	62027509
13842471	13842895
55497305	55497729
80374604	80375028
48361699	48362123
28338927	28339351
8099252	8099676
37073497	37073921
41755441	41755865
17730952	17731376
75275821	75276245
35438229	35438653
58155865	58156289
79883055	79883479
79865557	79865981
37184889	37185313
7451930	7452354
78193756	78194180
77083833	77084257
7873843	7874267
73511976	73512400
48640229	48640653
31849796	31850220
10657353	10657777
80345993	80346417
44919331	44919755
8124229	8124653
43094382	43094806
65242847	65243271
34819724	34820148
28260360	28260784
38497373	38497797
1670605	1671029
61926630	61927054
40896155	40896579
44026599	44027023
14262445	14262869
39823413	39823837
71837819	71838243
41025125	41025549
80035589	80036013
5184965	5185389
17792097	17792521
38511433	38511857
75768654	75769078
43663488	43663912
72858546	72858970
37944361	37944785
78929722	78930146
15328604	15329028
34400057	34400481
79319414	79319838
62132505	62132929
48227114	48227538
74175948	74176372
7386511	7386935
66507565	66507989
41950479	41950903
73622160	73622584
56409453	56409877
33905415	33905839
76485270	76485694
34244470	34244894
43024837	43025261
33390464	33390888
79304138	79304562
21144810	21145234
42822558	42822982
6230254	6230678
35798210	35798634
73390090	73390514
35060436	35060860
72383804	72384228
9828187	9828611
73257095	73257519
46399407	46399831
36627482	36627906
18720248	18720672
26988626	26989050
42298493	42298917
16722254	16722678
1465115	1465539
56655160	56655584
74393263	74393687
43277998	43278422
78009740	78010164
42060902	42061326
5425775	5426199
62028468	62028892
40215727	40216151
46882391	46882815
79478040	79478464
26568819	26569243
779601	780025
37835039	37835463
56672750	56673174
79300971	79301395
78233718	78234142
20799428	20799852
40985495	40985919
13638792	13639216
77078906	77079330
38602052	38602476
50248298	50248722
55860815	55861239
80701186	80701610
17050019	17050443
7307147	7307571
3936013	3936437
26839128	26839552
74590031	74590455
77164698	77165122
56170580	56171004
46129293	46129717
47591787	47592211
30241634	30242058
72066497	72066921
43464093	43464517
36701059	36701483
42085913	42086337
36972081	36972505
29044190	29044614
21290727	21291151
159104	159576
25856319	25856743
40701959	40702383
9225559	9225983
71646258	71646682
7746175	7746599
18935016	18935440
56084266	56084690
79068319	79068743
27070815	27071239
41030497	41030921
43045887	43046311
80794718	80795142
8599776	8600200
13393715	13394139
53316277	53316701
74075926	74076350
78932613	78933037
74519147	74519546
46680912	46681336
63452030	63452454
32505007	32505431
20896354	20896778
26644423	26644847
30625202	30625626
1026467	1026891
80372685	80372802
63557907	63558331
45944005	45944429
4529460	4529884
14115006	14115430
3597900	3598324
61851792	61852216
62773129	62773553
3951535	3951959
31262446	31262870
52250003	52250427
11988775	11989199
459809	460233
1575520	1575944
65626009	65626433
35716173	35716597
30670013	30670437
4690771	4691195
78361979	78362403
40052925	40053349
52977965	52978389
17946712	17947136
67209117	67209541
16935759	16936183
17033322	17033746
46555761	46556185
6180020	6180444
46682119	46682543
59652215	59652639
75204502	75204926
37023842	37024266
48775245	48775669
76386302	76386726
74454818	74455242
75396794	75397218
8103247	8103671
26697178	26697602
8079438	8079862
17991056	17991480
62530315	62530739
20923505	20923929
44896703	44897127
19657113	19657537
79232139	79232563
42345604	42346028
66129497	66129921
76358770	76359194
55833081	55833505
15429820	15430244
79670168	79670592
81128711	81129135
63169344	63169768
73629153	73629577
78663020	78663444
18466755	18467179
9671833	9672257
9018758	9019182
35880313	35880737
44121862	44122286
61943615	61944039
41505776	41506200
60805229	60805653
73910903	73911327
31828179	31828603
40714948	40715372
8124435	8124859
73007034	73007458
14016430	14016854
8158808	8159232
75317780	75318204
75954436	75954860
2601612	2602036
57773541	57773965
73873732	73874156
46184929	46185353
135823	136247
56174252	56174676
26276326	26276750
76968426	76968850
42018130	42018554
78935265	78935689
29042294	29042718
45908452	45908876
35569132	35569556
35849449	35849873
28626011	28626435
21278049	21278473
