23589925	23590432
50328750	50329159
23538063	23538556
67826641	67827060
104544297	104544679
21560641	21561025
105512034	105512430
106873448	106873921
90865907	90866231
23322229	23322627
24630219	24630553
23025868	23026348
96027297	96027648
55737793	55738169
23341783	23342138
25148159	25148478
55518099	55518452
23527240	23527621
69378319	69378652
106765109	106765589
69291593	69291918
75372396	75372767
100095192	100095522
71284403	71284753
105947208	105947525
104387816	104388116
24900990	24901312
77251161	77251494
21439083	21439419
55240745	55241056
65453358	65453647
76853550	76853819
21572668	21572956
21945148	21945428
23849180	23849490
75762789	75763132
21077561	21077853
24028711	24029011
105189935	105190247
102990847	102991146
70193695	70194008
78328534	78328866
24058247	24058563
88237574	88237814
75413081	75413384
59974090	59974372
24101191	24101484
105556878	105557141
91885170	91885517
99732926	99733219
23525394	23525683
23292046	23292332
91639519	91639800
104367441	104367729
100621356	100621687
69310690	69310989
102780587	102780918
91789981	91790279
55272572	55272847
106501477	106501798
75075614	75075903
100883828	100884102
23455815	23456099
94468173	94468458
67993398	67993808
72887514	72887786
69283446	69283758
96566950	96567243
23399615	23399913
101129666	101129943
105106344	105106646
94952651	94952927
23764259	23764540
105174991	105175317
102094819	102095093
103966539	103966825
94603101	94603388
30739918	30740218
96741904	96742173
103984919	103985202
54908066	54908354
24399018	24399318
104013165	104013453
89506731	89506983
74684342	74684667
103607580	103607857
97405319	97405595
22940579	22940848
77519648	77519925
102427480	102427765
103759197	103759449
78121362	78121636
100574724	100574961
23287353	23287635
24578060	24578327
21341833	21342124
24559798	24560072
102562947	102563218
74292333	74292584
19614639	19614924
23656321	23656571
21575040	21575320
50332143	50332384
75774543	75774818
36843282	36843546
97050600	97050864
95155877	95156148
34261949	34262197
99984786	99985070
93153261	93153527
37411479	37411735
77379926	77380232
50999295	50999566
77013209	77013485
74195468	74195728
103571311	103571580
55158332	55158598
60043418	60043705
99859451	99859734
38063429	38063683
22446465	22446748
74724171	74724423
76120542	76120800
72219818	72220095
105669381	105669612
24801425	24801692
94359371	94359636
24802888	24803160
95908904	95909176
106410869	106411115
102701687	102701947
23334773	23335027
74829076	74829305
101317518	101317771
23122288	23122539
77767438	77767685
23246735	23246974
100906572	100906810
79064430	79064692
24031979	24032271
106626904	106627284
91164019	91164255
23797306	23797547
68038077	68038323
24423272	24423511
101119740	101119969
100413249	100413560
24950828	24951044
105818617	105818865
75955183	75955452
21924397	21924684
100850061	100850299
70041513	70041753
51240437	51240699
94502975	94503236
64108144	64108394
93147484	93147721
100659168	100659442
77534661	77534900
24777351	24777613
107074536	107074766
20774033	20774292
103057000	103057230
103384245	103384490
103857417	103857660
76027358	76027603
23442824	23443085
58633165	58633440
81636984	81637230
74718293	74718555
91752845	91753124
34697282	34697515
90701754	90701975
75327679	75327918
106734159	106734393
23523680	23523904
57046114	57046334
65226981	65227219
57533706	57533914
65689140	65689371
93418324	93418540
69255700	69255943
52445893	52446101
30844557	30844805
69813542	69813726
71605772	71606014
88480144	88480397
21081638	21081882
70480065	70480304
91224848	91225076
34800938	34801166
77342429	77342645
99855624	99855868
105030428	105030683
105442502	105442769
25074680	25074871
100149142	100149349
23039269	23039542
103541921	103542178
100844226	100844476
105837211	105837456
106551082	106551285
103544661	103544911
65103468	65103686
100659416	100659690
102173708	102173934
105116725	105116960
99786460	99786672
107042220	107042445
81930940	81931163
106004249	106004498
23578516	23578755
21325852	21326060
36291140	36291374
93605590	93605840
107119884	107120308
74100196	74100424
66537507	66537744
69596039	69596299
34308858	34309056
100154211	100154498
21402390	21402634
63855600	63855817
100991249	100991485
81919614	81919827
60798573	60798834
50787812	50788034
72983646	72983868
67886914	67887114
23521571	23521785
102904424	102904640
102783215	102783459
75412013	75412245
105553161	105553405
95898615	95898826
55239965	55240201
77537079	77537306
24379874	24380112
62304394	62304622
104561044	104561280
21323919	21324134
33029560	33029770
106725040	106725187
22314531	22314772
36539745	36539964
101112181	101112356
90985340	90985508
73371740	73371967
70540761	70540972
70046942	70047179
55556349	55556572
81421157	81421377
92359361	92359573
56806906	56807116
24685211	24685412
50319688	50319903
21165992	21166178
81630570	81630782
77561117	77561327
106829380	106829594
100606926	100607171
89133875	89134083
100784599	100784836
78488421	78488634
23463992	23464216
74769696	74769930
105952179	105952403
66427820	66428029
23410181	23410397
21482906	21483144
35882546	35882761
36538781	36538981
96240749	96240940
38343944	38344128
21536661	21536865
70494600	70494806
64977864	64978072
61923442	61923652
34318491	34318685
24008885	24009099
107020121	107020348
24740718	24740910
50809526	50809745
77111367	77111554
68066795	68067006
23369540	23369747
79032996	79033188
24527570	24527738
69330039	69330226
75770291	75770516
64761655	64761856
21074510	21074728
78630690	78630856
73415307	73415524
102512815	102513025
77339221	77339413
77679845	77680041
35891653	35891877
25275511	25275729
81453844	81454028
100769552	100769684
101367289	101367502
100542605	100542716
68050862	68051044
51422560	51422772
24881387	24881594
50346572	50346739
104376783	104376940
100448857	100449035
96032585	96032788
103241325	103241477
92573048	92573270
100196320	100196537
93181103	93181332
104467455	104467646
66291536	66291703
37026117	37026304
61719575	61719799
32721373	32721555
49964547	49964751
69926932	69927117
21571768	21571973
105956077	105956281
93079532	93079687
67893908	67894111
97207808	97208014
23938420	23938612
23770695	23770901
24766139	24766358
77383570	77383739
90405832	90406078
100462194	100462389
106465631	106466055
24906034	24906177
93439664	93439859
79314692	79314866
59495376	59495538
75229854	75230027
94889912	94890057
75380767	75380970
90526682	90527106
65486764	65486969
71439187	71439367
105237333	105237498
74968816	74969240
23546209	23546334
78914889	78915089
64896787	64897018
78070352	78070505
23322648	23322955
61492045	61492245
107012763	107012937
23452566	23452793
105915051	105915234
77114111	77114321
72322207	72322398
37667410	37667563
106610166	106610329
106472260	106472458
90439666	90439833
36156638	36156821
53773028	53773175
91643800	91643957
21159321	21159478
65290050	65290194
77782346	77782549
101121254	101121399
103061007	103061192
50100968	50101179
25602144	25602297
24483128	24483552
73698712	73698868
76922539	76922963
101701671	101701844
23815353	23815467
88958651	88958809
88354588	88354763
34792256	34792446
57784041	57784218
35192274	35192471
105197674	105197780
45722421	45722545
75555257	75555681
74225080	74225300
94373182	94373352
52118753	52118872
55912996	55913102
45315535	45315729
96075827	96076013
69568132	69568263
76044150	76044256
95015867	95016032
91604896	91605064
69709258	69709682
33045400	33045584
70070405	70070577
74967971	74968104
22860223	22860647
37074232	37074423
105635605	105635740
76175638	76175824
106714225	106714375
20999233	20999416
34568030	34568173
39336914	39337020
74926363	74926536
25501627	25502051
71373790	71374214
20883884	20884308
54833553	54833724
94900363	94900520
61736370	61736567
62327146	62327252
95897534	95897958
95827750	95828174
78445956	78446380
55369790	55369941
106441138	106441246
77925586	77925735
100752011	100752247
103590126	103590550
70724348	70724547
105994782	105994944
106834116	106834540
90381598	90382022
70285518	70285653
105363107	105363314
62361160	62361584
54814820	54814972
106974212	106974636
92923122	92923297
32724182	32724356
72980707	72981131
22456258	22456408
65231551	65231729
22382059	22382199
93644456	93644658
55821477	55821588
37702245	37702352
100491681	100491832
21458367	21458791
104274910	104275016
69262745	69262887
77617761	77617924
57022758	57022921
22855929	22856067
94271095	94271276
74037619	74038043
70014898	70015054
56941259	56941393
67633193	67633338
76373152	76373276
76557392	76557816
105234913	105235096
99882125	99882298
107120094	107120518
77176403	77176827
91227028	91227452
59950590	59950782
106465920	106466225
61092192	61092377
102983228	102983378
22471007	22471431
107238948	107239139
45737884	45737992
75773736	75773881
91893624	91894048
65308014	65308127
106804900	106805324
69618240	69618664
52246801	52247225
22320218	22320642
105957051	105957207
95565298	95565722
105748266	105748437
93579231	93579425
21226265	21226404
107172771	107173195
72570871	72571008
88271546	88271970
65358505	65358929
31755928	31756352
21508352	21508466
68171163	68171587
76445573	76445997
75599061	75599485
76517106	76517530
88655642	88656066
102968050	102968474
76177429	76177853
29220773	29220885
107250850	107251274
56958004	56958428
95993715	95994139
36994672	36995096
64810966	64811120
89479309	89479733
60431706	60432130
91369486	91369633
95918792	95919216
25204079	25204503
68410691	68410845
63743623	63743747
107147632	107148056
70512684	70513108
100351806	100351963
99927228	99927652
101368542	101368966
104690772	104691196
100114705	100115129
96460784	96460929
31125360	31125784
75985036	75985460
29243701	29243836
31551364	31551470
55883565	55883989
58574652	58575076
100538985	100539409
97165578	97166002
68133833	68134257
22025851	22025974
107198641	107199065
105293892	105294316
103987350	103987774
57126644	57127068
22191613	22192037
74761070	74761261
52598416	52598840
32395389	32395500
106774969	106775393
94402563	94402987
54795850	54796274
23027495	23027919
55280808	55281232
74757118	74757542
22568476	22568900
31676905	31677329
72187686	72188110
58539312	58539736
61028982	61029096
106743274	106743698
88634873	88635297
79425990	79426414
30753032	30753456
35876261	35876398
39191006	39191430
22362193	22362617
69574084	69574508
105881338	105881508
70553792	70554216
25179587	25180011
106642488	106642912
106993533	106993957
22217061	22217485
58968070	58968187
55891813	55892237
106495616	106496040
22236362	22236786
103557873	103558297
93685453	93685877
29078397	29078821
54642024	54642448
106541713	106542137
107287525	107287633
75271028	75271159
22782599	22783023
23829729	23830153
29485478	29485902
102182357	102182781
34770334	34770758
36352835	36353259
97033631	97034055
82032232	82032656
103821263	103821387
35907971	35908395
22336599	22337023
39700806	39701230
70001929	70002353
103860290	103860714
24199142	24199566
62629662	62630086
33057628	33058052
50778462	50778886
57649498	57649922
81462620	81463044
105666376	105666800
22385989	22386413
24712040	24712464
74791557	74791981
22600031	22600455
107074555	107074979
101006906	101007049
23127050	23127474
82456572	82456996
59911065	59911210
37022833	37023257
75981643	75982067
106877315	106877739
104597253	104597677
36287550	36287974
102274288	102274712
21558382	21558806
91023438	91023862
68400715	68401139
68303695	68304119
95215104	95215528
66962170	66962594
32542760	32543184
101649561	101649985
79224632	79225056
97764799	97764913
93156706	93157130
102426486	102426910
24766801	24767225
55039031	55039455
97319153	97319577
65419698	65420122
77525865	77526289
102237252	102237676
55679766	55680190
83176559	83176983
106986448	106986872
58862399	58862823
95990498	95990922
51244598	51245022
104372176	104372600
106892181	106892605
97477091	97477515
107183107	107183531
22941950	22942374
70051671	70052095
105999109	105999533
102964601	102965025
96890708	96891132
55904763	55905187
23947490	23947914
37117076	37117500
59593821	59594245
68085315	68085739
31825156	31825580
37216762	37217186
74945731	74946155
105218329	105218753
22202736	22203160
75489360	75489784
55359876	55360300
22328254	22328678
69970468	69970892
51327186	51327610
94085484	94085908
70175535	70175959
106947839	106948263
55712341	55712765
34145205	34145629
37619704	37620128
57341128	57341552
56198598	56199022
23475981	23476405
50053674	50053845
73938928	73939074
95893462	95893627
54887208	54887632
50320487	50320911
60099073	60099497
77605930	77606354
36283606	36284030
92324899	92325323
65138220	65138644
30683652	30684076
22788191	22788615
22179574	22179998
24135038	24135462
96565053	96565477
77277278	77277702
37715520	37715944
23734283	23734707
105844155	105844579
102780729	102781153
78270904	78271328
70690414	70690838
52242978	52243402
21335079	21335503
21439589	21439892
92377888	92378312
78119808	78120232
61941954	61942378
34529379	34529803
29226290	29226714
23058558	23058982
103551945	103552369
94451274	94451698
22552632	22553056
60816553	60816977
106898762	106899186
60155150	60155574
70197924	70198348
88929638	88930062
91821265	91821689
107280787	107281211
51181140	51181564
51750007	51750431
39484547	39484971
72490676	72491100
52482335	52482759
20612071	20612495
69556869	69557293
21131129	21131553
34793531	34793955
107239548	107239972
106572936	106573360
92818905	92819329
75079248	75079388
94598576	94599000
65630822	65631246
49928498	49928922
45382803	45383227
106691386	106691810
63775443	63775867
32403872	32404296
101294358	101294782
67584918	67585342
70784613	70785037
53521624	53522048
22579955	22580379
22293279	22293703
104836576	104837000
39837533	39837957
65268496	65268920
55189487	55189911
93500702	93501126
27453734	27454158
20715803	20716227
51086225	51086649
29223400	29223824
35141740	35142164
31449295	31449719
77591259	77591683
65878961	65879385
51009575	51009999
104798178	104798602
94121402	94121826
93206002	93206426
55030685	55031109
104616811	104617235
106933594	106934018
76980929	76981353
106667289	106667713
81529146	81529570
60632001	60632425
104808267	104808691
106518100	106518524
53684168	53684592
103651694	103652118
31343421	31343845
32694140	32694564
106995485	106995909
105488030	105488454
88082378	88082802
59978609	59979033
100713167	100713591
56174015	56174439
94609593	94610017
24711300	24711724
100851445	100851869
25869824	25870248
54976330	54976754
20795417	20795841
104352588	104353012
69941821	69942245
24196747	24197171
25422477	25422901
69727818	69728242
35873720	35874144
69468752	69469176
93579667	93580091
21604076	21604500
78621148	78621572
78173599	78174023
101372750	101373174
76448677	76449101
31739375	31739799
65377574	65377998
53647622	53648046
107150509	107150933
22843745	22844169
61655675	61656099
89493586	89494010
54955681	54956105
81735736	81736160
32482250	32482674
78017665	78018089
78227951	78228375
21125703	21126127
53427809	53428233
69242305	69242729
103160847	103161271
93673766	93674190
58338204	58338628
57953443	57953867
74768720	74769144
23563600	23564024
94471647	94472071
29998618	29999042
61928469	61928893
74129065	74129489
76522469	76522893
56331496	56331920
74674654	74675078
73761846	73762270
23538063	23538556
68715083	68715507
36278230	36278654
71180739	71181163
22409036	22409460
93598800	93599224
75750259	75750683
35803187	35803611
70344223	70344647
77336440	77336864
103565716	103566140
106573137	106573561
104038327	104038751
64527323	64527747
62220209	62220633
50784722	50785146
60364455	60364879
93250172	93250596
54006180	54006604
93626615	93627039
77413402	77413826
66406753	66407177
31553546	31553970
64626272	64626696
94405969	94406393
71422582	71423006
64770162	64770586
24037926	24038350
50807662	50808086
105265851	105266275
105559984	105560408
75260380	75260804
100589094	100589518
65427383	65427807
52480772	52481196
59522155	59522579
107061835	107062259
23952438	23952862
53018294	53018718
106653112	106653536
79303157	79303581
88700250	88700674
90660271	90660695
62593570	62593994
74504975	74505399
88211849	88212273
75373717	75374141
73386711	73387135
22903021	22903445
26007043	26007467
69754703	69755127
24364643	24365067
31080167	31080591
88362704	88363128
20264709	20265133
81882808	81883232
100029437	100029861
47747447	47747871
34433686	34434110
21271354	21271778
78428186	78428610
95103376	95103800
20346179	20346603
25512089	25512513
103059565	103059989
60651006	60651430
64236880	64237304
37242239	37242663
25620097	25620521
23902682	23903106
29237207	29237631
25159637	25160061
101550118	101550542
78457697	78458121
83766770	83767194
95147604	95148028
54863274	54863698
30018029	30018453
74417624	74418048
104196740	104197164
42069701	42070125
55896821	55897245
99817678	99818102
23025868	23026348
76326868	76327292
65430325	65430749
76964108	76964532
74975057	74975481
69183390	69183814
24610630	24611054
95662627	95663051
93813306	93813730
56889339	56889763
102529458	102529882
67802477	67802901
94369835	94370259
90234087	90234511
37699802	37700226
24420900	24421324
104603779	104604203
86504694	86505118
23755390	23755814
107082954	107083378
71088802	71089226
102953172	102953596
19108021	19108445
51836515	51836939
104623884	104624308
39938498	39938922
89643788	89644212
94646962	94647386
49640478	49640902
103608363	103608787
60097941	60098365
21304780	21305204
20664057	20664481
71570573	71570997
39937089	39937513
21286994	21287418
45272467	45272891
105842821	105843245
64604383	64604807
95982383	95982807
106691585	106692009
21966675	21967099
69392899	69393323
69362784	69363208
63905062	63905486
64011388	64011812
30799640	30800064
22771425	22771849
93347098	93347522
77786885	77787309
33180307	33180731
80522496	80522920
77745207	77745631
100041982	100042406
100936838	100937262
55604852	55605276
60733082	60733506
22668898	22669322
78694021	78694445
67752585	67753009
69408420	69408844
21269795	21270219
56948982	56949406
21473969	21474393
76346872	76347296
104145711	104146135
68141574	68141998
32851942	32852366
106854944	106855368
75920589	75921013
34966015	34966439
23768842	23769266
56953806	56954230
27386309	27386733
31919149	31919573
63641334	63641758
74213091	74213515
54396592	54397016
97651449	97651873
71034579	71035003
65450412	65450836
37125055	37125479
59159045	59159469
54970179	54970603
81393911	81394335
38455039	38455463
95800367	95800791
40886972	40887396
94838561	94838985
22508508	22508932
99501205	99501629
74515035	74515459
31979353	31979777
30991106	30991530
106025081	106025505
75608690	75609114
65753166	65753590
35853792	35854216
54805365	54805789
55109678	55110102
62026385	62026809
23926074	23926498
23355668	23356092
25875950	25876374
53762720	53763144
23122419	23122843
30474314	30474738
99738450	99738874
72759060	72759484
31889530	31889954
23525513	23525937
94773725	94774149
77427287	77427711
61752908	61753332
29637335	29637759
101370625	101371049
58739178	58739602
45722477	45722901
82176572	82176996
106518314	106518738
105399656	105400080
21402498	21402922
49931633	49932057
22745073	22745497
52510394	52510818
42693484	42693908
73639813	73640237
96446069	96446493
106441180	106441604
100215483	100215907
61763613	61764037
78495817	78496241
70563561	70563985
24796955	24797379
90755641	90756065
56957027	56957451
78283679	78284103
20295805	20296229
80669264	80669688
103442028	103442452
59729831	59730255
99762816	99763240
101236656	101237080
59485689	59486113
21439224	21439648
21429328	21429752
89396390	89396814
105292668	105293092
97221189	97221613
96518059	96518483
53076129	53076553
34410844	34411268
57655767	57656191
72983755	72984179
93055547	93055971
105948228	105948652
87120883	87121307
99991188	99991612
37445055	37445479
87369840	87370264
103468970	103469394
59487089	59487513
45895874	45896298
105337060	105337484
106598186	106598610
100886160	100886584
62646126	62646550
78328721	78329145
93700255	93700679
36919734	36920158
90422317	90422741
92463220	92463644
67903139	67903563
76260810	76261234
29691879	29692303
94157362	94157786
30912584	30913008
34967949	34968373
103572042	103572466
47120956	47121380
51066628	51067052
107094825	107095249
102560353	102560777
23067661	23068085
89704216	89704640
50504971	50505395
67213003	67213427
29990698	29991122
97643321	97643745
59599902	59600326
104760464	104760888
96771218	96771642
88411337	88411761
31031496	31031920
103747805	103748229
50087503	50087927
87427451	87427875
73442430	73442854
74416871	74417295
74998242	74998666
39902017	39902441
69829765	69830189
23113161	23113585
47050246	47050670
103764932	103765356
52766397	52766821
86523381	86523805
92365609	92366033
96150150	96150574
99690877	99691301
77843332	77843756
89334903	89335327
65202997	65203421
23997731	23998155
69181988	69182412
22515336	22515760
103765900	103766324
44363702	44364126
106936252	106936676
77030746	77031170
23028371	23028795
65404406	65404830
96362069	96362493
59106594	59107018
24092167	24092591
102131812	102132236
102309934	102310358
59041326	59041750
105218531	105218955
21575202	21575626
97605096	97605520
64099597	64100021
48867869	48868293
105843027	105843451
105266499	105266923
71789322	71789746
56269684	56270108
38372707	38373131
69177468	69177892
74958548	74958972
92601592	92602016
23527418	23527842
103571432	103571856
21561940	21562364
77712142	77712566
50571662	50572086
73509829	73510253
105191816	105192240
99896810	99897234
24505905	24506329
36574573	36574997
99504101	99504525
37586742	37587166
55022345	55022769
24742779	24743203
39503905	39504329
45996476	45996900
106660680	106661104
101779653	101780077
106477763	106478187
23340949	23341373
75726165	75726589
19503354	19503778
70279461	70279885
96180243	96180667
73975305	73975729
52462843	52463267
96159621	96160045
23831448	23831872
60049492	60049916
33944888	33945312
35698641	35699065
104073372	104073796
76141618	76142042
55181992	55182416
67920629	67921053
66868157	66868581
71633174	71633598
65881695	65882119
95510981	95511405
69813625	69814049
60661877	60662301
24785314	24785738
90767922	90768346
39576729	39577153
23589925	23590432
90405957	90406381
104541849	104542273
100365891	100366315
50727234	50727658
94889976	94890400
83929831	83930255
51421524	51421948
60631294	60631718
52739068	52739492
103558074	103558498
107048364	107048788
106598389	106598813
96823517	96823941
21372509	21372933
48386549	48386973
69185090	69185514
105812057	105812481
24035958	24036382
59665942	59666366
89548926	89549350
37593811	37594235
24744716	24745140
51623827	51624251
92795186	92795610
21325970	21326394
106964175	106964599
102761628	102762052
105757280	105757704
58595893	58596317
79163697	79164121
23098995	23099419
58598129	58598553
67952435	67952859
67604495	67604919
102675543	102675967
90366250	90366674
66432864	66433288
94003250	94003674
105669478	105669902
72982701	72983125
91251796	91252220
93604301	93604725
36676759	36677183
75345068	75345492
27200433	27200857
102789305	102789729
67091069	67091493
91643856	91644280
39278281	39278705
51686528	51686952
107280989	107281413
22458301	22458725
51595844	51596268
36710544	36710968
36989754	36990178
89026241	89026665
53290277	53290701
91716525	91716949
77494202	77494626
23313934	23314358
23316961	23317385
22694157	22694581
22806276	22806700
35836976	35837400
105654264	105654688
78083285	78083709
59978810	59979234
23915694	23916118
107172975	107173399
76350406	76350830
50529164	50529588
74252534	74252958
74208262	74208686
31825356	31825780
103675453	103675877
93799437	93799861
37809593	37810017
92116215	92116639
77242950	77243374
76819086	76819510
36432385	36432809
66826111	66826535
55191486	55191910
67076756	67077180
77598353	77598777
103438895	103439319
74219109	74219533
89884271	89884695
105407065	105407489
104446974	104447398
32256544	32256968
96731196	96731620
65747548	65747972
73285667	73286091
21133504	21133928
30735487	30735911
24950935	24951359
73225104	73225528
67585119	67585543
64686746	64687170
104486097	104486521
66299549	66299973
105840785	105841209
100621527	100621951
38063559	38063983
80679830	80680254
99654924	99655348
96968185	96968609
75761255	75761679
106829489	106829913
68990732	68991156
73402211	73402635
75079329	75079753
33901597	33902021
57999914	58000338
69128292	69128716
37493303	37493727
76890647	76891071
36993352	36993776
21701574	21701998
53014222	53014646
98604911	98605335
77875506	77875930
90526881	90527305
94115180	94115604
99907789	99908213
69404466	69404890
54959943	54960367
94517491	94517915
32938604	32939028
91639674	91640098
105634070	105634494
58159362	58159786
103539293	103539717
24911489	24911913
61573474	61573898
39960239	39960663
52118803	52119227
93673202	93673626
78288584	78289008
50296845	50297269
90927710	90928134
106411750	106412174
45603694	45604118
106915896	106916320
100523247	100523671
91223281	91223705
103390973	103391397
59657076	59657500
94665422	94665846
22788779	22789203
103990367	103990791
35891784	35892208
91950469	91950893
89630681	89631105
79368349	79368773
100751401	100751825
65577287	65577711
22465476	22465900
102680587	102681011
70503431	70503855
81316591	81317015
53791902	53792326
103059767	103060191
60531159	60531583
71180943	71181367
20955452	20955876
53308012	53308436
106924772	106925196
67914465	67914889
100608290	100608714
81768948	81769372
35033433	35033857
68086394	68086818
77618553	77618977
19676245	19676669
23182312	23182736
106467338	106467762
95696031	95696455
59351102	59351526
81734310	81734734
106554755	106555179
88904010	88904434
107210639	107211063
82091644	82092068
105118218	105118642
93650578	93651002
28141252	28141676
92344658	92345082
37641252	37641676
53145287	53145711
74402403	74402827
89855202	89855626
78428387	78428811
94879286	94879710
65704706	65705130
25074781	25075205
34834540	34834964
97522336	97522760
64194774	64195198
52844635	52845059
59293620	59294044
99741045	99741469
54954953	54955377
60654793	60655217
29104581	29105005
26745962	26746386
52538385	52538809
68875381	68875805
95290306	95290730
92080123	92080547
101215274	101215698
95880851	95881275
39895815	39896239
103799839	103800263
101096765	101097189
21535055	21535479
23388073	23388497
92977297	92977721
93017780	93018204
40201111	40201535
53618464	53618888
23770787	23771211
91607024	91607448
50527717	50528141
90849422	90849846
104216186	104216610
97145370	97145794
100843185	100843609
66425928	66426352
50234462	50234886
77741875	77742299
76568253	76568677
97646577	97647001
74710779	74711203
36295926	36296350
101701750	101702174
89259080	89259504
55600209	55600633
67856846	67857270
57993661	57994085
59414384	59414808
102784211	102784635
89029038	89029462
23813614	23814038
71325338	71325762
102024301	102024725
100632770	100633194
105485290	105485714
57046183	57046607
35451398	35451822
23305393	23305817
78621347	78621771
68140765	68141189
58829516	58829940
90914339	90914763
104690971	104691395
105195442	105195866
102751483	102751907
31847231	31847655
21570588	21571012
60981751	60982175
24483335	24483759
32713623	32714047
93151227	93151651
24861523	24861947
97132436	97132860
101321673	101322097
67895169	67895593
103239536	103239960
21269998	21270422
107147867	107148291
79224834	79225258
38485724	38486148
50470050	50470474
24748877	24749301
68555922	68556346
104492419	104492843
99793443	99793867
89195544	89195968
106725100	106725524
