135897705	135898114
131057596	131058014
130879872	130880305
131017455	131017913
132552593	132552973
37913590	37914024
139686130	139686683
132488858	132489243
130912859	130913228
101737171	101737598
132499842	132500241
124885267	124885628
140130898	140131308
37904223	37904581
100149233	100149644
38087945	38088333
132647917	132648309
36008770	36009179
131580494	131580851
127615077	127615687
33722090	33722460
101553438	101553829
127905843	127906244
132404372	132404889
124082322	124082693
132546048	132546412
101077764	101078184
136022879	136023282
138304444	138304821
136608103	136608466
95922229	95922567
37415173	37415547
71199343	71199715
100836650	100837009
131893971	131894305
139233633	139234018
131495527	131495886
95397009	95397314
134211656	134211987
101610836	101611163
130496854	130497216
136019812	136020224
129160761	129161103
140121926	140122327
138859361	138859721
130965414	130965746
37747172	37747519
34664275	34664646
100173960	100174309
123975509	123975829
131905240	131905589
133576459	133576781
131769048	131769410
135134580	135134904
116353949	116354281
90427814	90428147
139014716	139015082
115606961	115607302
135111802	135112108
130683849	130684185
101761158	101761480
100684519	100684856
34379354	34379694
102028840	102029182
94896192	94896564
127534286	127534632
132998469	132998824
130497565	130497885
116163611	116163955
100230904	100231205
131936305	131936628
97889946	97890269
101946903	101947222
129961541	129961837
127474212	127474572
100161426	100161783
126112148	126112495
94496677	94496998
95527625	95527976
123698826	123699156
139383070	139383393
100652289	100652600
137035861	137036196
136351444	136351778
130705071	130705440
138689473	138689852
127082626	127082935
139929725	139930047
127177712	127178042
129261473	129261842
138235803	138236153
136271935	136272319
102790424	102790738
139379483	139379798
130705980	130706334
126889114	126889424
100797049	100797358
119334472	119334763
117101411	117101727
135848000	135848325
136218872	136219174
135978544	135978930
95916614	95916920
137335190	137335495
99619134	99619434
125112891	125113192
130887306	130887638
124887464	124887779
126116314	126116671
139839157	139839496
131901446	131901753
35603892	35604269
98980470	98980796
139117945	139118287
131625891	131626208
136114440	136114800
38417019	38417346
138495764	138496068
110187555	110187899
139294610	139294974
131124423	131124731
133005493	133005823
130632218	130632523
110103482	110103803
130266274	130266565
131200886	131201226
127379798	127380094
96328664	96328982
140339738	140340061
94902569	94902898
129464707	129465045
139525880	139526196
130797501	130797803
101026089	101026374
129622482	129622861
131944902	131945228
131103716	131104017
95871468	95871773
135853067	135853371
136859566	136859860
139538954	139539277
129263172	129263526
117249886	117250217
116844789	116845111
134631007	134631321
130352182	130352485
131464605	131465161
34702161	34702461
136061443	136061753
128190258	128190590
119499380	119499655
140473327	140473643
71650491	71650772
100967989	100968303
124308261	124308579
136964314	136964619
134225384	134225741
5869761	5870067
111524087	111524417
116420274	116420578
130348774	130349079
128991192	128991469
95766038	95766346
131690230	131690558
100716869	100717167
38160653	38160967
116444548	116444844
135045209	135045533
108644038	108644324
33415427	33415757
33452743	33453125
139566089	139566437
140589704	140590006
135675579	135675858
139652855	139653143
94717104	94717349
34403822	34404104
112163803	112164094
129467576	129467864
116569704	116569959
135777278	135777581
139682081	139682424
116870238	116870529
103267893	103268178
126164238	126164519
129544118	129544410
130953773	130954108
123964234	123964541
124041053	124041327
101299134	101299431
117415860	117416126
126162096	126162414
100361001	100361287
127536728	127536990
123239757	123240015
133559472	133559781
117424425	117424722
135144203	135144459
139062152	139062431
35116849	35117143
131174739	131175017
96444470	96444766
136269060	136269332
128170288	128170599
112006868	112007143
95478805	95479103
136658151	136658433
139958560	139958872
139842506	139842780
33466682	33466960
115555580	115555816
117068156	117068421
131865413	131865683
96589724	96590005
138593805	138594075
136055338	136055638
119351712	119352005
138756318	138756626
5886153	5886410
137977942	137978219
130285727	130286040
98994779	98995025
4759346	4759642
138392330	138392612
135383102	135383372
34675124	34675406
139923758	139924148
126803317	126803617
34252985	34253245
122724104	122724385
134731500	134731802
139940987	139941293
35696579	35696874
135286506	135286790
135450492	135450755
129468778	129469051
35646788	35647087
14353541	14353817
133557916	133558216
35882283	35882548
139944295	139944587
124312792	124313049
139030540	139030795
36728967	36729235
119257360	119257655
126147717	126148028
80048655	80048892
127181849	127182120
117053338	117053615
116417743	116418001
135674441	135674722
94520749	94521037
132386456	132386759
19471880	19472142
114837123	114837346
38400695	38400967
117167889	117168158
74653936	74654206
124449196	124449482
139258178	139258462
3467660	3467916
116725372	116725620
129702935	129703209
77385915	77386164
34500716	34500972
81054445	81054694
124457766	124458014
102978551	102978771
38363084	38363332
123505282	123505571
108177737	108178001
124861597	124861878
97365612	97365868
101903051	101903296
35790341	35790602
112282831	112283083
103200214	103200439
90277838	90278109
137590406	137590672
139588671	139588992
99079706	99079947
96725293	96725545
112203035	112203330
96975853	96976074
38672427	38672678
117266553	117266823
132483486	132483805
5832973	5833249
100686039	100686324
123518167	123518412
112083305	112083590
93677259	93677509
103476942	103477204
35945820	35946050
124857582	124857864
37390760	37391034
117501187	117501445
116499769	116500022
34985401	34985649
139736770	139737026
140567340	140567560
19457482	19457733
129320399	129320663
131182473	131182761
97316679	97316969
33374976	33375217
134637903	134638143
136454616	136454893
129976730	129976995
100472960	100473215
94444029	94444308
94537795	94538042
120406987	120407236
138396549	138396830
97431166	97431406
128137066	128137297
104211580	104211930
124920589	124920839
124623825	124624067
140071071	140071332
34603695	34603955
136036387	136036680
101762837	101763055
115665500	115665737
80984607	80984859
33720133	33720406
87569046	87569314
136398268	136398485
110184522	110184791
94900445	94900678
1009161	1009403
136647323	136647574
95553115	95553372
139655350	139655590
125572672	125572894
19049037	19049301
101538184	101538430
96827804	96828045
127952085	127952325
133336618	133336876
101537121	101537403
100955353	100955621
129253623	129253881
96764893	96765145
36555890	36556148
114860077	114860342
130526437	130526661
97385601	97385866
134466634	134466876
137581458	137581706
100880242	100880487
36873337	36873563
34633957	34634189
97893697	97893948
74639979	74640232
129452721	129452973
90299583	90299811
127242898	127243097
108663799	108664082
19926059	19926286
140181446	140181695
90788354	90788628
139240348	139240591
127314105	127314317
113189865	113190095
112580217	112580465
35554020	35554243
101994074	101994289
33778812	33779024
71614619	71614874
71183030	71183281
36166592	36166838
74895911	74896147
133356122	133356344
136741359	136741610
73099506	73099756
132647351	132647644
112232018	112232247
124397339	124397570
131790791	131791052
36995885	36996122
132650137	132650350
99204189	99204421
139621184	139621462
35096094	35096416
89252454	89252679
123382101	123382317
122731474	122731700
72725967	72726180
132372850	132373194
35756629	35756864
139622570	139622840
130547254	130547467
127602895	127603169
140429327	140429579
138366868	138367093
129373910	129374133
125227337	125227589
34701322	34701567
87012055	87012274
35736152	35736397
112650174	112650406
4315686	4315904
34612834	34613063
36991705	36991856
97443796	97443982
127155343	127155539
114360097	114360331
111328134	111328341
117776365	117776577
123984807	123985011
136262145	136262347
14846837	14847048
92217975	92218214
125261157	125261364
33922056	33922271
87019121	87019302
124383388	124383631
124260527	124260769
34548078	34548283
101127615	101127796
4117827	4118044
102569645	102569853
108604386	108604611
115649728	115649941
72287848	72288072
100745466	100745696
116169268	116169519
73900133	73900365
36103076	36103281
104554302	104554516
97930322	97930533
72586894	72587106
115582213	115582431
109934536	109934754
2728167	2728375
124506695	124506879
123822402	123822618
68455333	68455624
123201502	123201735
138494621	138494845
132869455	132869678
133582795	133582950
135287593	135287785
100377861	100378081
137291411	137291590
111955127	111955318
74219463	74219672
33624006	33624228
74421834	74421978
88649880	88650089
126306357	126306577
14428882	14429050
72728437	72728622
34994514	34994726
6054586	6054801
36023505	36023703
139035189	139035376
120249877	120250055
34546992	34547185
127209264	127209488
107625586	107625793
112945580	112945756
34437454	34437677
101469518	101469754
96067235	96067441
86264095	86264322
104292486	104292698
99329140	99329324
124225412	124225618
94489650	94489862
71838514	71838736
19493187	19493388
123111242	123111420
127299091	127299310
34562266	34562456
71460061	71460221
80072975	80073151
116350072	116350290
97545442	97545572
80071864	80072013
124754987	124755159
32579799	32580015
137631088	137631261
99871584	99871778
4797437	4797660
126896065	126896277
136580995	136581194
15135260	15135450
132331917	132332140
92164031	92164248
117197175	117197324
75814928	75815097
136226267	136226455
92213117	92213290
139962221	139962547
112665914	112666105
19465008	19465231
137341465	137341695
119622903	119623074
125215513	125215725
116917611	116917807
37309118	37309323
137670844	137671035
101775333	101775529
107505812	107505925
34760531	34760768
4987965	4988183
94422224	94422405
111945841	111946099
91193521	91193665
4339430	4339576
124402416	124402566
129728176	129728351
14442394	14442551
132482962	132483176
34074267	34074467
128320821	128321023
37594559	37594747
104221432	104221568
38371603	38371728
36407087	36407299
13034255	13034466
136060453	136060658
34591744	34591963
5600616	5600770
123492183	123492386
95468864	95469022
91933810	91934008
138332559	138332781
110887933	110888102
99090109	99090318
100663359	100663560
117001326	117001487
101623205	101623386
111230738	111230890
132373341	132373673
85949238	85949451
103363538	103363712
35611350	35611523
139524945	139525113
4366815	4367023
122318448	122318624
86876130	86876323
32572356	32572541
34899666	34899832
130288166	130288380
71300800	71300995
35051492	35051663
2859918	2860104
116036798	116036923
35826089	35826255
72037194	72037385
103881666	103881776
103462859	103463283
35729817	35729994
4679396	4679820
128018362	128018576
130680668	130680824
75423153	75423292
385894	386062
14465562	14465755
92208873	92209024
90293666	90293817
124446737	124446905
72027645	72027856
33081358	33081522
93799510	93799731
103357850	103358274
86211799	86212223
5590117	5590304
7186185	7186609
104473712	104473877
95264362	95264546
80650421	80650570
111945530	111945785
130846256	130846427
118912214	118912411
136063699	136063898
86235774	86235889
214928	215352
35481491	35481642
112915291	112915453
93657606	93657786
117443862	117444108
35477321	35477532
109899993	109900159
130567973	130568185
119423304	119423728
37482392	37482601
7234218	7234402
136591539	136591728
91615972	91616137
128393721	128393856
95748425	95748849
135042171	135042341
98098569	98098993
88040056	88040480
116117603	116117733
134615516	134615726
140476727	140476943
79626895	79627091
130967783	130968207
139870011	139870435
130268253	130268359
125844223	125844378
111034945	111035062
35604165	35604377
103085352	103085468
91397096	91397255
125119046	125119161
89563467	89563621
95719561	95719744
7052689	7052861
93796183	93796309
68726362	68726507
4762656	4762842
132637576	132638000
139923260	139923611
77388924	77389099
115205618	115205761
132379654	132379828
104364398	104364822
130548905	130549329
111906314	111906504
129535378	129535552
135127958	135128382
133326907	133327013
136196266	136196411
37511119	37511319
19517674	19517792
75207624	75208048
37411366	37411578
103364756	103364892
32378578	32378745
86930177	86930601
130587964	130588158
73864588	73865012
4077615	4077745
114384134	114384558
127516748	127516880
34646916	34647105
77567220	77567393
139664422	139664598
134622867	134623053
130392185	130392318
27529774	27529945
32379358	32379534
35955044	35955193
134353823	134353975
18255149	18255325
12329504	12329643
33617677	33617824
35813597	35813754
5799363	5799510
100658325	100658433
38392783	38393207
37582702	37582853
6354066	6354490
115683737	115684161
135724106	135724249
140172197	140172307
98489023	98489447
764015	764439
4197557	4197981
95882122	95882546
68495685	68496109
128023843	128024267
123817914	123818338
95055993	95056417
2857696	2857869
86787989	86788413
114522281	114522705
137109599	137110023
893744	894168
99429105	99429335
71669195	71669388
113102765	113102876
125141598	125142022
77800497	77800921
101003972	101004396
35658466	35658890
135900784	135900957
101440522	101440946
129055956	129056069
15211582	15211721
111616340	111616764
140196913	140197337
15143030	15143192
94741036	94741460
123748010	123748434
71642635	71642786
94188363	94188787
37262527	37262686
112174254	112174406
38334222	38334646
71175055	71175177
74243286	74243415
5450401	5450825
115912917	115913341
102338211	102338635
998606	999030
137874939	137875363
80592076	80592500
127074500	127074924
9942773	9943197
137236286	137236710
130717635	130718059
33225693	33225849
44227249	44227673
96671243	96671667
140995567	140995700
74886777	74887201
73217360	73217784
112979921	112980345
86853535	86853959
92044324	92044447
136633999	136634423
91356218	91356642
98982074	98982191
117673462	117673886
77880371	77880795
93633439	93633565
79765659	79766083
138684671	138685095
126824620	126824734
72164318	72164742
95798310	95798734
36328801	36329225
138844532	138844956
80619433	80619857
101925216	101925325
139540306	139540730
98823484	98823908
92864563	92864987
116795617	116796041
140083063	140083275
112642773	112643197
15232003	15232427
112336576	112337000
7570100	7570524
126196857	126197281
36862075	36862499
127630596	127631020
35902959	35903383
79425397	79425503
133516073	133516497
139147945	139148369
108400044	108400468
99819924	99820348
90449211	90449635
110227828	110228252
32431952	32432376
128124098	128124522
4604561	4604985
138313038	138313462
136302894	136303318
89048862	89049286
128965573	128965997
90407685	90408109
1940216	1940326
127656849	127657273
90565661	90566085
80736551	80736701
96349925	96350349
77813311	77813735
138508104	138508528
101405232	101405656
98984400	98984824
131172203	131172627
115096290	115096418
88817173	88817597
19028867	19029291
35258819	35259243
98030998	98031422
111961248	111961672
130073394	130073818
113385743	113386167
69065330	69065535
127557158	127557582
4924202	4924626
104227563	104227987
306948	307372
137552210	137552634
130783014	130783438
94712378	94712802
88313182	88313606
16133741	16134165
3240638	3241062
137731268	137731692
99007681	99008105
96776320	96776744
140916698	140917122
98498606	98499030
141044296	141044720
126127553	126127977
33738071	33738495
4662151	4662343
139267048	139267472
96074839	96075263
86198055	86198479
134351333	134351757
140083587	140083741
90498914	90499338
136858057	136858481
140213497	140213921
35096528	35096777
129064230	129064654
7536327	7536751
18791058	18791482
75637863	75638287
85576418	85576842
139660848	139661272
75696900	75697324
116208664	116208782
95449210	95449634
38432889	38433313
6024069	6024493
139334165	139334589
123626083	123626507
88224967	88225391
130123050	130123474
33517375	33517799
107688664	107689088
36793269	36793693
15416891	15417315
125753581	125754005
38068673	38069097
124692775	124693199
128099559	128099983
86552757	86553181
130269382	130269806
38000379	38000803
118763021	118763445
127527063	127527487
117422556	117422980
77357700	77358124
104329526	104329950
119409461	119409885
116071465	116071889
73539856	73540280
89939514	89939938
97878286	97878710
132373031	132373455
114162268	114162692
139738154	139738578
129276466	129276890
33286979	33287403
86535516	86535940
95217520	95217944
137710014	137710438
101332907	101333331
141102378	141102515
115687345	115687769
14400550	14400974
122794865	122795289
613792	614216
137273441	137273865
135687737	135688161
73125078	73125502
102773337	102773761
77391924	77392348
4985059	4985483
90524641	90525065
98833745	98834169
139637337	139637761
6049750	6050174
35835286	35835710
73255089	73255513
139678620	139679044
81216825	81217249
14768485	14768909
125226000	125226424
124049635	124050059
77617073	77617497
127623588	127624012
112172350	112172774
114061605	114062029
135045352	135045776
140356212	140356636
140317594	140318018
127618172	127618596
33925164	33925588
91489297	91489721
87312394	87312818
117669251	117669675
133293024	133293448
108418331	108418755
124767852	124768276
5186365	5186789
117026393	117026817
88515409	88515833
110246375	110246799
136328234	136328658
112820572	112820996
102586818	102587242
139155823	139156247
119259446	119259870
79319494	79319918
75722391	75722815
139519494	139519918
86323444	86323868
36190361	36190785
140156681	140157105
27888668	27889092
77692035	77692459
134829666	134830090
36450142	36450566
96923140	96923564
80729994	80730418
5424974	5425398
131021456	131021880
32968367	32968791
131464605	131465161
127087529	127087953
100265425	100265849
33403420	33403542
128908507	128908931
91208681	91209105
34929478	34929902
79062372	79062796
806569	806993
139160159	139160583
90282118	90282542
89230328	89230752
15104768	15105192
3441183	3441607
32581501	32581925
130946001	130946425
110868211	110868635
86159283	86159707
123743912	123744336
117777305	117777729
77853268	77853692
2181778	2182202
117300512	117300936
130943873	130944037
132450921	132451345
98788387	98788811
18442633	18443057
36855443	36855867
91205477	91205901
75624787	75625211
116858216	116858640
137673699	137674123
135421786	135422210
111297830	111298254
130160279	130160703
116352178	116352602
4549062	4549486
131176727	131177151
96190264	96190688
139159119	139159543
114928297	114928721
122871490	122871914
104150745	104151169
17810968	17811392
118353746	118354170
127601886	127602310
131397440	131397864
139962700	139962969
37785486	37785910
115427597	115428021
32251443	32251867
111651776	111652200
35071961	35072385
136019812	136020224
26975642	26976066
130180309	130180733
6827335	6827759
16266610	16267034
90341232	90341656
104150055	104150479
124497239	124497663
141041953	141042377
130740150	130740574
32526378	32526802
27333143	27333567
72534360	72534784
96050578	96051002
96354889	96355313
118925729	118926153
136321558	136321982
1005066	1005490
14616352	14616776
111696104	111696528
134283236	134283660
136405731	136406155
120173818	120174242
139025058	139025482
123087313	123087737
134747372	134747796
95646265	95646689
115473373	115473797
33852195	33852619
92815306	92815730
140779798	140780222
37678870	37679294
26723480	26723904
95491641	95492065
79034693	79035117
117444408	117444628
35665122	35665546
130396918	130397342
6055180	6055604
104490411	104490835
27033798	27034222
2116112	2116536
93747482	93747906
928355	928779
102899081	102899505
74948658	74949082
19174225	19174649
119835778	119836202
34332362	34332786
73616653	73617077
115707891	115708315
140855002	140855426
37295767	37296191
77801654	77802078
79611623	79612047
14068676	14069100
79280863	79281287
35910858	35911282
139962447	139962598
140445732	140446156
135111951	135112375
72492783	72493207
33229271	33229695
77185858	77186282
104074007	104074431
126118084	126118508
129855622	129856046
102709637	102710061
4750011	4750435
71394992	71395416
102026357	102026781
132629909	132630333
127120328	127120752
89204180	89204604
140862778	140863202
100249360	100249784
89878203	89878627
38707951	38708375
97865500	97865924
132662770	132663194
76298736	76299160
139559711	139560135
36205156	36205580
68324746	68325170
347669	348093
94711089	94711513
111175008	111175432
2087684	2088108
38642564	38642988
130650031	130650455
79906626	79907050
79602485	79602909
15513371	15513795
101285782	101286206
32589076	32589500
136294672	136295096
13427472	13427896
71808016	71808440
95090451	95090875
136286697	136287121
111612523	111612947
123373245	123373669
127273609	127274033
89951735	89952159
117033993	117034417
77259937	77260361
15837058	15837482
75471971	75472395
131572073	131572497
101146023	101146447
91893899	91894323
88901924	88902348
130127325	130127749
111968920	111969344
127149744	127150168
35661125	35661549
137033841	137034265
71293304	71293728
2228094	2228518
107919354	107919778
129655336	129655760
100969913	100970337
93535883	93536307
78481197	78481621
136592928	136593352
32351853	32352277
15403092	15403516
117269965	117270389
79273474	79273898
139844608	139845032
116270278	116270702
135916263	135916687
116615593	116616017
3732597	3733021
135526546	135526970
130258070	130258494
96064963	96065387
100978115	100978539
106160122	106160546
129967366	129967790
87008382	87008806
126722697	126723121
114454010	114454434
104500835	104501259
94938310	94938734
92218630	92219054
116550109	116550533
97849957	97850381
123293930	123294354
135077151	135077575
129679187	129679611
101761305	101761729
130300070	130300494
107444817	107445241
77815797	77816221
79009061	79009485
123931312	123931736
108480688	108481112
27247652	27248076
26656235	26656659
111045150	111045574
129539982	129540406
101666164	101666588
126800007	126800431
136209341	136209765
131410484	131410908
35566465	35566889
132481342	132481766
136591649	136592073
135519709	135520133
111433451	111433875
125216720	125217144
581901	582325
72546256	72546680
111716256	111716680
124312897	124313321
94103364	94103788
114763039	114763463
108453020	108453444
102088398	102088822
138618072	138618496
140948894	140949318
132929271	132929695
15533212	15533636
14433861	14434285
133235171	133235595
6079364	6079788
130564566	130564990
4073375	4073799
129464885	129465309
140189783	140190207
137979157	137979581
118355786	118356210
74384107	74384531
124162425	124162849
35522151	35522575
100149233	100149644
125600780	125601204
100996656	100997080
138865985	138866409
17531630	17532054
27276408	27276832
122052029	122052453
35489611	35490035
134715283	134715707
6107014	6107438
141073459	141073883
129148362	129148786
132820463	132820887
75815560	75815984
37329591	37330015
76896601	76897025
115733645	115734069
136469354	136469778
139509733	139510157
130981159	130981583
757516	757940
129709860	129710284
124222137	124222561
124202515	124202939
110001778	110002202
101300439	101300863
35657560	35657984
37407459	37407883
74434070	74434494
138853099	138853523
96447421	96447845
133244181	133244605
124907094	124907518
71320552	71320976
93677911	93678335
5265927	5266351
37364769	37365193
87757922	87758346
131486907	131487331
74818098	74818522
138370578	138371002
71822374	71822798
125987772	125988196
114848885	114849309
101018072	101018496
138457207	138457631
129986204	129986628
81744767	81745191
130469941	130470365
139334370	139334794
92191226	92191650
138172924	138173348
71032087	71032511
87873684	87874108
101553632	101554056
93851906	93852330
97315362	97315786
128003108	128003532
33785817	33786241
76180767	76181191
36980186	36980610
71772935	71773359
5899289	5899713
110009090	110009514
81436011	81436435
101775441	101775865
131017455	131017913
71122375	71122799
139294763	139295187
139539124	139539548
19922450	19922874
66458355	66458779
33447302	33447726
139002298	139002722
123374464	123374888
116569830	116570254
38263503	38263927
91275456	91275880
79073749	79074173
140129756	140130180
139965338	139965762
138711735	138712159
27726125	27726549
79792303	79792727
75884341	75884765
137311552	137311976
5442396	5442820
36788532	36788956
104249284	104249708
13088728	13089152
129361325	129361749
99329211	99329635
140338859	140339283
100232349	100232773
135057882	135058306
97886817	97887241
140130898	140131308
34155610	34156034
129961681	129962105
97298892	97299316
97807252	97807676
128935289	128935713
111860914	111861338
68477026	68477450
119047589	119048013
96582820	96583244
131755251	131755675
17063525	17063949
92904824	92905248
101172492	101172916
41973427	41973851
131607349	131607773
122127918	122128342
78917868	78918292
99915453	99915877
134712677	134713101
132382219	132382643
6667648	6668072
94661169	94661593
37941312	37941736
135322687	135323111
94438368	94438792
97787956	97788380
139678830	139679254
34139643	34140067
129921561	129921985
98027161	98027585
90656343	90656767
115479852	115480276
96728067	96728491
117676470	117676894
27535816	27536240
32572455	32572879
10366155	10366579
114737959	114738383
130122450	130122874
140666952	140667376
130302858	130303282
80070211	80070635
127620746	127621170
43653778	43654202
88439852	88440276
140199006	140199430
130199743	130200167
94901449	94901873
115480748	115481172
140108072	140108496
4382671	4383095
103997754	103998178
77642993	77643417
130692512	130692936
1018081	1018505
116639011	116639435
140197113	140197537
4327500	4327924
128771331	128771755
101932142	101932566
130966608	130967032
140515799	140516223
14652732	14653156
37668293	37668717
504281	504705
107148714	107149138
89102137	89102561
140195660	140196084
14769173	14769597
1869856	1870280
127533174	127533598
130147165	130147589
103086833	103087257
132500049	132500473
91193593	91194017
131047637	131048061
35826156	35826580
134242125	134242549
94195417	94195841
140439851	140440275
37599013	37599437
138563459	138563883
26856386	26856810
6194905	6195329
73080315	73080739
140420208	140420632
92179340	92179764
70709431	70709855
139134765	139135189
37209949	37210373
36798221	36798645
37333254	37333678
15552005	15552429
115123811	115124235
136890836	136891260
140069851	140070275
123869269	123869693
131865527	131865951
4297268	4297692
140134939	140135363
126885109	126885533
108301735	108302159
108371217	108371641
92981792	92982216
93955327	93955751
86535718	86536142
37784703	37785127
132599014	132599438
12464895	12465319
93488458	93488882
80366333	80366757
34191507	34191931
33104022	33104446
139674259	139674683
36905342	36905766
33813663	33814087
97859080	97859504
131495689	131496113
96464528	96464952
4639987	4640411
33604276	33604700
132861913	132862337
72547814	72548238
124751206	124751630
126066968	126067392
2255165	2255589
111032094	111032518
130672964	130673388
120318517	120318941
94015786	94016210
33742479	33742903
126571182	126571606
100881435	100881859
3181624	3182048
131614260	131614684
35814368	35814792
138308558	138308982
136208770	136209194
36141280	36141704
138688058	138688482
131191589	131192013
97955293	97955717
71145431	71145855
116080020	116080444
117376606	117377030
128190413	128190837
136860162	136860586
130953920	130954344
139237315	139237739
129957506	129957930
6197320	6197744
79018184	79018608
14661460	14661884
103938615	103939039
139112018	139112442
128982061	128982485
130374484	130374908
73193672	73194096
125864912	125865336
16192135	16192559
130627222	130627646
130696511	130696935
124372716	124373140
102325727	102326151
132369764	132370188
131107204	131107628
136298446	136298870
133501625	133502049
96975973	96976397
139588814	139589238
94900538	94900962
19013140	19013564
79371107	79371531
102582402	102582826
102061808	102062232
130341827	130342251
129326990	129327414
124748311	124748735
101558738	101559162
15606644	15607068
110036398	110036822
93562317	93562741
37972313	37972737
98670092	98670516
109920543	109920967
892107	892531
100400913	100401337
110822433	110822857
93726534	93726958
3331778	3332202
102113911	102114335
139521814	139522238
86909452	86909876
98266736	98267160
108188290	108188714
89029177	89029601
137097835	137098259
135879406	135879830
80512246	80512670
138391259	138391683
104489861	104490285
131588603	131589027
135978544	135978930
103189063	103189487
34809533	34809957
97835207	97835631
74383774	74384198
44795582	44796006
130217563	130217987
137265149	137265573
123883906	123884330
94185442	94185866
72844507	72844931
131526613	131527037
136187083	136187507
140188932	140189356
104078143	104078567
131641528	131641952
139431323	139431747
139820165	139820589
132250877	132251301
113214574	113214998
36567950	36568374
38025185	38025609
36913816	36914240
132640712	132641136
100752511	100752935
138913562	138913986
90112401	90112825
107543049	107543473
998836	999260
133283950	133284374
136200480	136200904
135874128	135874552
36597363	36597787
135923907	135924331
96706265	96706689
75212079	75212503
95398906	95399330
116809985	116810409
35658665	35659089
80073101	80073525
79075290	79075714
102273987	102274411
130590607	130591031
72967670	72968094
1837457	1837881
139268058	139268482
92903983	92904407
129452828	129453252
114875176	114875600
127242995	127243419
112282953	112283377
138621738	138622162
4849507	4849931
123201586	123202010
136468272	136468696
92989108	92989532
132239418	132239842
112218180	112218604
95824274	95824698
95799029	95799453
35193709	35194133
6686357	6686781
139929875	139930299
91663488	91663912
116420406	116420830
96442808	96443232
138981450	138981874
136150491	136150915
100883358	100883782
35599727	35600151
123683966	123684390
111626687	111627111
85814135	85814559
7273543	7273967
78470393	78470817
112716086	112716510
120249953	120250377
104219343	104219767
6907738	6908162
139778887	139779311
124779073	124779497
139118127	139118551
12819799	12820223
138133491	138133915
108237557	108237981
131831846	131832270
37968818	37969242
44758240	44758664
124094229	124094653
80636575	80636999
6739205	6739629
91711694	91712118
97491555	97491979
37480762	37481186
140404275	140404699
94186743	94187167
138696708	138697132
124475903	124476327
132930205	132930629
130865871	130866295
100565923	100566347
101955409	101955833
127267644	127268068
87947399	87947823
4679598	4680022
129695863	129696287
137159145	137159569
115128794	115129218
136581090	136581514
140111626	140112050
74397940	74398364
91623858	91624282
130169154	130169578
103989069	103989493
136649339	136649763
75437316	75437740
134223991	134224415
128235268	128235692
80981003	80981427
90925213	90925637
130805676	130806100
133567743	133568167
37386159	37386583
94717207	94717631
96588467	96588891
35725339	35725763
19102746	19103170
114590458	114590882
98336465	98336889
119257494	119257918
112945679	112946103
77192876	77193300
80371302	80371726
98841366	98841790
98638143	98638567
35733010	35733434
36632876	36633300
32703622	32704046
35787662	35788086
134713968	134714392
127156871	127157295
140440096	140440520
131607549	131607973
130913022	130913446
127284806	127285230
126179912	126180336
4988097	4988521
140106985	140107409
135732995	135733419
86607290	86607714
120932289	120932713
130680753	130681177
136272109	136272533
116838683	116839107
34125624	34126048
100263458	100263882
7259841	7260265
79782265	79782689
140884717	140885141
139898662	139899086
71198043	71198467
17462870	17463294
76530890	76531314
101181474	101181898
101678914	101679338
126785055	126785479
135848157	135848581
101866833	101867257
140015674	140016098
140497183	140497607
96282798	96283222
132082961	132083385
132649088	132649512
139010527	139010951
127603002	127603426
90721350	90721774
136458123	136458547
136670648	136671072
135935654	135936078
98103884	98104308
2241467	2241891
130046200	130046624
130108857	130109281
123738657	123739081
133340735	133341159
100047080	100047504
88331365	88331789
133336716	133337140
125869942	125870366
112010291	112010715
79509021	79509445
101947049	101947473
93080556	93080980
69478665	69479089
37430757	37431181
89589381	89589805
138816802	138817226
88737229	88737653
137256112	137256536
130717834	130718258
86853741	86854165
82790173	82790597
129752474	129752898
6909936	6910360
131267200	131267624
126083112	126083536
139990055	139990479
129907343	129907767
121284302	121284726
108457321	108457745
68455479	68455903
136994038	136994462
80876310	80876734
14428950	14429374
90449411	90449835
2132482	2132906
93518174	93518598
105393876	105394300
135377924	135378348
139526035	139526459
126964783	126965207
43497959	43498383
2336042	2336466
115183834	115184258
124316973	124317397
124465236	124465660
129142735	129143159
37594667	37595091
12776264	12776688
135569571	135569995
115095022	115095446
34896043	34896467
130536189	130536613
111519007	111519431
95571344	95571768
99215860	99216284
108400243	108400667
110623360	110623784
141044496	141044920
127528979	127529403
35732095	35732519
132222959	132223383
36999871	37000295
85818948	85819372
130892341	130892765
4228588	4229012
136323662	136324086
5575022	5575446
35489854	35490278
38040014	38040438
130946202	130946626
128364261	128364685
101788223	101788647
107526547	107526971
127295126	127295550
94791795	94792219
2800372	2800796
114522482	114522906
79830822	79831246
26892166	26892590
140778335	140778759
108175804	108176228
131012324	131012748
102617988	102618412
4740954	4741378
19085340	19085764
137167254	137167678
27165634	27166058
35481551	35481975
132872418	132872842
100807689	100808113
126116482	126116906
14547108	14547532
127882206	127882630
140420427	140420851
127939453	127939877
116504719	116505143
139820448	139820872
140470357	140470781
37957357	37957781
123622663	123623087
5715086	5715510
124975794	124976218
95004835	95005259
14967439	14967863
101348307	101348731
118928949	118929373
102651379	102651803
131398312	131398736
128811400	128811824
136332243	136332667
2872569	2872993
129695232	129695656
129263317	129263741
101336020	101336444
131085209	131085633
94906583	94907007
114937475	114937899
38392983	38393407
116696421	116696845
102583929	102584353
123984910	123985334
132439260	132439684
98851952	98852376
126188640	126189064
127172689	127173113
123785346	123785770
90691004	90691428
139011531	139011955
96382275	96382699
102984932	102985356
100654760	100655184
134379495	134379919
33604481	33604905
137000520	137000944
112980121	112980545
134510749	134511173
74376800	74377224
138859552	138859976
81848459	81848883
139751127	139751551
133338311	133338735
136223621	136224045
80103394	80103818
35415777	35416201
117179800	117180224
107921949	107922373
80379792	80380216
86595206	86595630
37623224	37623648
115334813	115335237
44118606	44119030
135644214	135644638
72043232	72043656
111955205	111955629
118914634	118915058
34150072	34150496
33817647	33818071
38124941	38125365
129441154	129441578
35140369	35140793
140356413	140356837
139459006	139459430
118981947	118982371
94856922	94857346
546918	547342
136214180	136214604
137662907	137663331
98123121	98123545
108209971	108210395
97858696	97859120
136024854	136025278
132084591	132085015
72360612	72361036
37758749	37759173
101778934	101779358
90509902	90510326
86932443	86932867
140583088	140583512
33651087	33651511
97541370	97541794
131373135	131373559
96141337	96141761
97943508	97943932
71907007	71907431
101471784	101472208
130888165	130888589
103452695	103453119
7360570	7360994
112322702	112323126
79009796	79010220
75486539	75486963
140084916	140085340
132124414	132124838
114784431	114784855
92707400	92707824
5876811	5877235
90439090	90439514
7401980	7402404
140010198	140010622
124402465	124402889
139397367	139397791
3848796	3849220
98920406	98920830
138984386	138984810
123062124	123062548
15277726	15278150
115610710	115611134
138866214	138866638
109322814	109323238
19136115	19136539
125261244	125261668
35161876	35162300
34376139	34376563
3647670	3648094
122795074	122795498
98833944	98834368
123111325	123111749
87396352	87396776
41936595	41937019
117376808	117377232
38417188	38417612
28073260	28073684
91288185	91288609
15271364	15271788
75368175	75368599
34010984	34011408
31807554	31807978
80456754	80457178
115335588	115336012
132386603	132387027
123834310	123834734
95766167	95766591
35452441	35452865
72161198	72161622
107570243	107570667
37034599	37035023
133329394	133329818
36905601	36906025
125853703	125854127
124087684	124088108
103248759	103249183
136801550	136801974
118645927	118646351
70709659	70710083
76282658	76283082
35914350	35914774
132440874	132441298
36911020	36911444
99381752	99382176
7657803	7658227
104150949	104151373
9352831	9353255
130509203	130509627
5486939	5487363
110474632	110475056
138143997	138144421
124921691	124922115
98196619	98197043
140003556	140003980
36110429	36110853
89471159	89471583
138348510	138348934
120545387	120545811
115505443	115505867
115512493	115512917
131526819	131527243
118286722	118287146
47169684	47170108
16154549	16154973
35816757	35817181
140013114	140013538
130068072	130068496
126703492	126703916
94409621	94410045
15357016	15357440
116834954	116835378
6932408	6932832
32148577	32149001
1922017	1922441
87582065	87582489
38727335	38727759
2824523	2824947
139492348	139492772
98269091	98269515
115873832	115874058
117068275	117068699
35281123	35281547
139657794	139658218
71633609	71634033
124896974	124897398
94651414	94651838
109917850	109918274
4741677	4742101
98357179	98357603
76994625	76995049
131388128	131388552
