56538187	56538610
40566855	40567292
22460928	22461674
45410266	45410709
77925771	77926237
79888363	79888771
89600742	89601137
59430362	59430754
39109889	39110251
34635261	34635617
65809957	65810305
90863225	90863590
91429250	91429629
89959535	89959955
75242750	75243102
77835704	77836160
66790048	66790463
73928763	73929158
40396990	40397335
67066714	67067039
42281719	42282059
51178064	51178398
89750076	89750415
90303944	90304320
96900064	96900431
41149846	41150205
45455253	45455576
40337300	40337645
41522807	41523230
74674711	74675058
93352297	93352677
74189730	74190083
89447922	89448313
67196032	67196374
89973946	89974268
90686386	90686738
64445761	64446120
20561662	20562007
75497136	75497475
67155196	67155541
76440281	76440600
58474781	58475108
74604096	74604419
85471446	85471764
42376576	42376949
63779514	63779857
69755058	69755395
64183243	64183620
75127632	75127993
41849813	41850141
83518378	83518712
70805123	70805445
65102129	65102471
41196125	41196531
101628934	101629317
45722420	45722817
34659674	34660107
89560810	89561168
64237481	64237818
74731086	74731373
75092511	75092841
101548595	101548991
40714151	40714469
44955816	44956147
22436043	22436412
90016046	90016378
40811942	40812308
22467016	22467360
23887587	23887906
80145869	80146189
70780414	70780732
63340145	63340578
41151323	41151647
40571598	40571918
89157765	89158069
68966373	68966657
52432073	52432391
91477511	91477869
91790862	91791174
74913418	74913734
65346655	65346943
75321658	75321956
67143551	67143887
45497345	45497656
31727521	31727848
27262396	27262694
66911497	66911792
74257099	74257465
40630271	40630647
50295957	50296262
55582665	55582974
42996625	42996941
51169151	51169455
69768112	69768448
89421947	89422245
40602248	40602570
65677188	65677502
34502240	34502593
51200652	51200949
80748171	80748479
78251762	78252054
44196007	44196310
65590085	65590370
65020423	65020746
101555433	101555731
77316601	77316965
72448378	72448707
38732488	38732805
31421508	31421808
101547196	101547505
90418250	90418551
74924300	74924637
51673466	51673749
79320738	79321049
74666010	74666333
42103626	42103929
73997187	73997508
77789187	77789479
74614947	74615271
65504442	65504759
67239081	67239367
91811833	91812136
88790066	88790383
29267930	29268225
81269910	81270199
63385825	63386121
57852065	57852379
90190347	90190679
91475684	91475992
90844485	90844820
65023488	65023821
75063403	75063693
51484883	51485229
74419877	74420186
88993456	88993745
42677737	42678042
79476766	79477063
30218075	30218370
85421781	85422101
75660111	75660446
41758026	41758329
78600773	78601091
68943444	68943768
68155774	68156093
56081276	56081587
42066654	42066963
67749328	67749592
80285761	80286061
79299512	79299818
89200657	89200901
45997888	45998159
99322863	99323139
65611202	65611502
56189959	56190221
42426172	42426440
74265325	74265595
41186316	41186638
70752542	70752837
76431864	76432190
64973676	64973985
81558794	81559079
73992664	73992932
85498600	85498877
66149234	66149546
89437505	89437810
51425129	51425438
90283322	90283607
53072741	53073029
67145720	67146035
78715220	78715523
22836728	22837041
63902382	63902675
100890326	100890648
32943475	32943784
45329331	45329598
33992950	33993260
65127983	65128281
69351486	69351751
43577807	43578058
79001771	79002085
42351973	42352262
89901856	89902397
59249613	59249877
83679633	83679925
90514838	90515118
81558203	81558522
41074850	41075137
89672758	89673074
29432027	29432326
74284608	74284898
69686977	69687261
84228163	84228445
62127732	62128027
74927509	74927816
62126366	62126626
52500569	52500848
45491047	45491372
68851962	68852275
69770609	69770910
93573899	93574205
65677922	65678230
79272085	79272345
90701125	90701405
76483155	76483450
65693123	65693457
82400850	82401150
65197778	65198058
35000594	35000871
56783369	56783642
78488047	78488337
74200682	74200942
29382777	29383065
52371104	52371392
89985978	89986267
98452592	98452843
29960295	29960605
42196770	42197046
68842884	68843170
58513900	58514162
98964888	98965155
91576389	91576689
77909884	77910178
66859409	66859701
59453478	59453736
41198566	41198874
85369576	85369902
41184086	41184369
40636811	40637067
68598999	68599311
91191363	91191636
27604021	27604275
51455098	51455364
85142289	85142574
60813033	60813302
49267937	49268216
64361694	64362005
92249714	92249974
62352630	62352942
75193955	75194243
39872388	39872679
69168221	69168484
69758330	69758605
88817817	88818094
78202792	78203184
80534546	80534812
78469761	78470038
76443343	76443601
60800070	60800336
78400674	78400982
40882026	40882287
90216416	90216665
51694139	51694441
89377635	89377882
65903478	65903760
91474943	91475262
35261941	35262233
78113858	78114142
53489566	53489831
91599142	91599437
62546595	62546856
40660329	40660609
28331328	28331595
81567410	81567673
74667581	74667872
79673419	79673669
58358547	58358844
69217265	69217543
80465699	80465995
45145568	45145844
66880937	66881181
40613137	40613389
90630091	90630353
58158402	58158674
74243521	74243772
65481549	65481829
22511086	22511383
76025173	76025473
65596612	65596865
38991891	38992183
77327450	77327728
93579207	93579482
74613040	74613276
84811633	84811889
93461215	93461460
78910791	78911067
46006771	46007028
75986982	75987242
72492111	72492371
75061231	75061500
73969488	73969713
66155004	66155288
86383855	86384126
101458260	101458480
75335881	75336216
64455415	64455671
59785144	59785402
78162820	78163115
71407582	71407859
78405578	78405851
22462085	22462487
99062345	99062593
59821171	59821420
38682200	38682469
63140161	63140431
91025664	91025929
90441921	90442204
89089850	89090130
73557946	73558189
93258122	93258343
89954760	89955012
81068835	81069075
66116560	66116809
95120204	95120476
31780855	31781128
58363103	58363344
32954872	32955153
90614534	90614787
89714775	89714987
75280422	75280687
32267089	32267346
65393945	65394210
41624245	41624510
82490419	82490647
84107492	84107737
99202502	99202751
40799292	40799546
37175887	37176158
55460623	55460873
58024792	58025048
102181424	102181687
57853237	57853501
68128804	68129055
85114009	85114482
43218941	43219213
78533321	78533582
63034644	63034924
83917183	83917439
31489683	31489953
69323888	69324141
89901856	89902397
73014529	73014738
88874508	88874759
27136559	27136819
98447411	98447673
27083973	27084244
79202212	79202433
57834472	57834754
43668357	43668615
28368619	28368899
62637192	62637486
89721052	89721288
93631144	93631363
77265685	77265977
67725890	67726145
90762837	90763146
92640858	92641097
41896100	41896316
66208998	66209216
65563360	65563599
49517870	49518116
58519977	58520238
72519064	72519320
29906177	29906411
92926824	92927085
65930988	65931235
94867531	94867770
66990745	66990997
34354179	34354463
64359782	64360039
72605007	72605260
42942731	42942959
38856263	38856478
76626244	76626496
45459631	45459891
66273277	66273529
79030489	79030790
55401197	55401427
72963183	72963549
101798405	101798658
99640848	99641102
79032841	79033076
76478067	76478307
29147554	29147809
40509452	40509690
22472685	22472958
75600478	75600708
79043458	79043702
86402064	86402287
92634442	92634684
43496587	43496850
92625572	92625835
34781217	34781641
40971295	40971559
76094476	76094709
44870746	44870974
38983015	38983253
98835713	98835955
65325447	65325691
43561023	43561236
91593133	91593363
75976132	75976355
69328114	69328302
75494368	75494638
34880247	34880483
90836613	90836868
82232016	82232241
89547427	89547668
90038268	90038495
99619978	99620223
78077323	78077571
57598862	57599096
101810129	101810374
42349285	42349551
86397680	86397876
101212276	101212469
77926805	77927052
52068452	52068663
98985663	98985904
68545327	68545558
66544750	66544964
78195275	78195499
90293959	90294212
43517721	43517974
32270098	32270312
29394455	29394724
45751034	45751267
79632422	79632670
48644726	48644953
83680344	83680583
64338688	64338942
66998559	66998777
81262415	81262656
68126234	68126475
44358520	44358729
40322519	40322748
27229067	27229282
72077129	72077353
85874433	85874637
57113970	57114203
89942551	89942784
25955309	25955538
72072795	72073032
81772975	81773170
41187132	41187363
101168084	101168290
89019886	89020093
95802726	95802936
68846392	68846658
25939125	25939344
66896008	66896263
49714267	49714439
75080213	75080389
44061871	44062117
81398888	81399107
50440641	50440832
52519667	52519922
73419747	73419946
73598316	73598579
72022985	72023199
26505760	26505978
59793804	59794016
55700456	55700740
61913353	61913580
38646622	38646830
92620691	92620898
89786987	89787227
81288659	81288887
75940214	75940468
91814865	91815090
72095140	72095352
100672233	100672444
69815812	69816008
93595704	93596128
90764595	90764799
59825066	59825258
70021559	70021795
77947405	77947631
60878064	60878271
69076074	69076302
91768130	91768280
57430536	57430725
43501278	43501486
66526500	66526715
89440718	89440928
97778652	97778880
29227595	29227776
73533309	73533498
24123153	24123370
38184044	38184283
78259201	78259410
52548567	52548784
63758964	63759143
91445490	91445715
53027781	53027962
79100915	79101111
99753482	99753685
65378733	65378954
60619114	60619296
93064864	93065075
98971671	98971872
68608910	68609115
45507715	45507945
49154121	49154333
27304807	27305019
52069285	52069507
72578358	72578574
98721315	98721495
72093598	72093762
35736858	35737072
88998306	88998516
51942216	51942412
63074270	63074501
76078516	76078741
80711342	80711541
88787199	88787442
32160144	32160354
61209212	61209392
80527247	80527433
73076588	73076812
77400111	77400296
43806793	43806924
28343998	28344212
34029986	34030195
36043897	36044097
101829215	101829432
22387521	22387709
29275719	29275935
79165915	79166144
78292463	78292645
40401257	40401458
99447784	99447997
53076166	53076373
35370738	35370969
101413383	101413542
56138408	56138627
76221087	76221294
41222681	41223105
40859334	40859758
90776510	90776693
36793376	36793577
90905347	90905547
26028767	26028905
58335390	58335814
100296099	100296292
72565168	72565381
93237314	93237503
78931174	78931350
45750169	45750419
91846191	91846318
31507709	31507899
34402361	34402542
101409844	101410011
90829996	90830181
43733108	43733299
55731965	55732157
51573662	51573811
84049472	84049666
100244569	100244993
64978434	64978634
59467114	59467292
94663219	94663413
45418824	45419013
84115699	84115895
43477913	43478337
66678996	66679159
52475863	52476058
60209858	60210021
42065031	42065230
52209803	52209976
93226780	93226970
64044417	64044540
40629057	40629228
76214191	76214375
102192563	102192726
98442295	98442468
45471427	45471594
90099885	90100309
43663742	43663882
57161863	57162061
77942772	77942930
50408752	50408966
39000144	39000283
35581386	35581511
57632951	57633142
41165920	41166049
40094170	40094343
69672806	69672931
44511972	44512142
49338803	49338973
73565834	73565990
44174264	44174405
45076949	45077169
75930704	75930900
71740907	71741331
90039542	90039712
39978327	39978502
78534542	78534718
78200491	78200915
102042059	102042483
48799747	48799892
78167563	78167755
66483923	66484129
23894180	23894332
96870559	96870674
21927308	21927503
75824850	75825039
90838201	90838380
38766444	38766577
78192661	78193085
67215821	67215987
75135509	75135696
71825214	71825638
60621151	60621268
78423765	78423926
60017180	60017399
86408405	86408564
85587630	85587803
31782178	31782602
40646703	40646809
62599189	62599352
61487436	61487587
74595374	74595492
55489211	55489387
76013530	76013678
78689367	78689526
86273585	86273730
71117419	71117843
45866307	45866485
72892184	72892608
55727548	55727674
58157605	58157788
52274404	52274828
38975940	38976119
34781418	34781842
82339557	82339730
81071407	81071547
56092102	56092209
55940700	55940808
48578060	48578176
85414672	85415096
85388754	85389178
55818801	55818947
52455857	52456002
98288838	98288971
81693137	81693266
84105411	84105594
55509876	55510088
81447949	81448373
60651974	60652153
74782219	74782397
33585005	33585192
67081525	67081664
52509436	52509604
71735744	71736168
68831488	68831659
25753690	25753842
68487450	68487566
37103361	37103487
79104049	79104155
44828672	44829096
39418221	39418410
41314809	41314959
31731487	31731911
91141528	91141670
27109955	27110136
84915213	84915556
95569540	95569651
20398229	20398653
89182032	89182456
51695567	51695739
31151472	31151896
63340145	63340706
28266826	28266989
78774828	78774942
45906526	45906712
41038789	41038899
44069516	44069940
58153378	58153532
91438949	91439373
57032401	57032825
52074531	52074955
46604310	46604734
49148032	49148456
58505108	58505532
68503117	68503541
75978574	75978795
85839956	85840062
43511269	43511399
66680038	66680462
34913861	34914285
75591520	75591944
34027958	34028076
100332486	100332640
54375023	54375447
38920092	38920516
50474170	50474594
83669141	83669565
78596207	78596631
74073586	74074010
56066626	56066804
89482058	89482482
84692519	84692695
79152589	79152727
101693138	101693274
72765826	72766250
102204499	102204923
82432228	82432382
89244948	89245065
44164763	44164869
66121503	66121927
45030564	45030988
70473695	70474119
58369626	58370050
41988172	41988596
24102157	24102581
29214098	29214522
41206628	41207052
74166199	74166623
50344113	50344266
31428319	31428458
92622252	92622676
38706523	38706947
82374207	82374631
99424960	99425066
42358662	42359086
63712427	63712851
77952198	77952366
67130988	67131412
76349914	76350023
91236872	91237296
75890025	75890449
52093557	52093981
91832556	91832980
98854810	98855234
42429894	42430318
81456527	81456951
80859962	80860386
68675745	68676169
78988122	78988546
72036211	72036635
85364645	85365069
101840462	101840886
101557565	101557989
40615434	40615858
77876540	77876964
20192632	20193056
100882184	100882608
60471946	60472370
70759275	70759699
34533676	34533845
48629104	48629528
71104493	71104663
78164356	78164780
50651014	50651438
89381878	89382302
66790048	66790525
77411255	77411361
74340741	74340848
59063302	59063726
88167026	88167450
58731067	58731491
48542760	48543184
65693672	65693953
95835089	95835513
65032694	65033118
34256280	34256704
59914652	59914774
76622594	76623018
76102438	76102565
63823756	63824180
44591245	44591365
93340326	93340750
75745177	75745601
78607982	78608406
40574707	40574912
26234391	26234815
43803722	43804146
85433168	85433592
57795489	57795913
38056986	38057092
51791544	51791968
100879143	100879567
102313952	102314376
47488315	47488427
78112582	78113006
44719102	44719526
40167287	40167445
93442774	93443198
26179182	26179299
78609539	78609963
27134414	27134838
80659429	80659853
34286188	34286612
56788718	56789142
34908817	34909241
86374733	86375157
41873221	41873645
76917603	76918027
62841542	62841966
57819674	57820098
88787797	88787988
25746942	25747366
40078787	40078931
81400752	81401176
52019710	52020134
95125552	95125976
84642587	84643011
62533297	62533721
38287867	38288291
41184226	41184650
85197939	85198363
85553905	85554329
76020600	76021024
63891743	63892167
65042214	65042638
35498461	35498885
92396020	92396239
69022737	69023161
51675125	51675237
64441744	64441859
33967439	33967863
99813273	99813422
75335336	75335442
45428613	45429037
23874332	23874756
89899924	89900348
52051957	52052381
59924907	59925331
84864302	84864726
52198060	52198484
61459580	61460004
38543578	38544002
41056057	41056481
26340835	26341259
42152205	42152629
79206276	79206700
34650566	34650990
77386726	77387150
85478168	85478592
62417942	62418366
99394107	99394531
56578386	56578810
51829139	51829563
75801261	75801685
38172762	38173186
57505988	57506412
44067607	44068031
79502111	79502535
36741417	36741841
45517736	45518160
62774953	62775377
88215523	88215947
29949126	29949550
50420430	50420854
93174936	93175360
41234043	41234467
58562139	58562563
66161673	66162097
91685347	91685771
68447282	68447706
85131376	85131499
98628266	98628690
88148092	88148516
63695001	63695425
60632810	60633234
72634717	72635141
68570483	68570907
23742767	23743191
73617589	73618013
70390180	70390604
86029141	86029565
92934854	92935278
84326290	84326714
99901757	99902181
82105555	82105979
42264850	42265274
84240850	84241274
77478817	77479241
84506698	84507122
56344915	56345339
85712039	85712463
65693299	65693723
58600942	58601366
100450126	100450550
71418400	71418824
99826608	99827032
40599736	40600160
66237943	66238367
40837648	40838072
94707434	94707858
70655252	70655676
49258183	49258607
91147128	91147552
29987657	29988081
89773520	89773944
42663310	42663734
78731225	78731649
85114135	85114482
45002749	45003173
40049076	40049500
80142100	80142524
72920594	72921018
29281440	29281864
65043656	65044080
84234299	84234723
46384022	46384446
83349194	83349618
45005807	45006231
75933199	75933623
64385202	64385626
64183423	64183847
28371204	28371628
95213642	95214066
45607133	45607557
50124785	50125209
30277470	30277894
79048722	79048841
61411080	61411504
101661748	101662172
74346390	74346814
43030041	43030465
27219258	27219682
24068622	24069046
35212413	35212837
29419313	29419737
68124296	68124720
37398586	37399010
65488960	65489384
81702599	81703023
91436288	91436712
101796972	101797396
40882145	40882569
59158456	59158880
81362227	81362651
78194253	78194677
75074042	75074466
69121351	69121775
30367472	30367896
100468550	100468974
45749840	45750025
83290693	83291117
57210313	57210737
49527764	49528188
31657955	31658379
45545550	45545974
31492846	31493270
67596091	67596515
99602162	99602586
39464227	39464651
91447025	91447449
45954558	45954982
40345377	40345801
69337987	69338411
69506131	69506555
40217307	40217731
43093223	43093647
45691821	45692245
43479718	43480142
91361842	91362266
58407783	58408207
63580970	63581394
70861445	70861869
98418699	98419123
75987127	75987551
64275442	64275866
68664799	68665223
100270125	100270549
44876357	44876781
45903485	45903909
75248455	75248879
65888256	65888680
67258584	67259008
27483321	27483745
65326026	65326450
26189503	26189927
56209996	56210420
69595686	69596110
71777434	71777858
33136286	33136710
50608196	50608620
62120235	62120659
57620686	57621110
66791110	66791534
93497781	93498205
74159178	74159602
76023512	76023936
85524410	85524834
56285650	56286074
23890403	23890827
58035623	58036047
41952662	41953086
101466417	101466841
64648544	64648968
96900337	96900448
41522807	41523230
85181346	85181770
80188847	80189271
88761037	88761461
33228486	33228910
50967755	50968179
70647594	70648018
73536662	73537086
96303670	96304094
74329167	74329591
56541266	56541690
52180785	52181209
62363907	62364331
60419741	60420165
90431430	90431854
42763718	42764142
50437562	50437986
33313941	33314365
46087653	46088077
79464336	79464760
43638516	43638940
33424931	33425355
31197951	31198375
51330727	51331151
102118748	102119172
92065808	92066232
55933780	55934204
49438205	49438629
90319746	90320170
59983350	59983774
82395804	82396228
73756950	73757374
27322971	27323395
83315977	83316401
84703528	84703952
79630913	79631337
79422889	79423313
67198289	67198713
80602074	80602498
22509133	22509557
85405430	85405854
85326860	85327284
89577425	89577849
76050607	76051031
52546489	52546913
31595241	31595665
50554198	50554622
66579800	66580224
71761685	71762109
33991911	33992335
65059366	65059790
78577074	78577498
75132349	75132773
57933078	57933502
66773574	66773998
35311196	35311620
77195668	77196092
57629985	57630409
86048287	86048711
92392855	92393279
72825301	72825725
64982801	64983225
85832911	85833335
100889883	100890144
25452021	25452445
94711451	94711875
83253888	83254312
91260407	91260831
22833135	22833559
73532112	73532536
102195154	102195578
59539558	59539982
39145806	39146230
45475206	45475630
83876904	83877328
37426838	37427262
89167540	89167964
81207761	81208185
48812669	48813093
74010072	74010496
92511855	92512279
22792049	22792473
99884012	99884436
81773076	81773500
60591879	60592303
45091014	45091438
89011375	89011799
100923987	100924411
79488123	79488547
50534253	50534677
81549297	81549721
22462085	22462487
92769253	92769677
61079924	61080348
97789014	97789438
43802310	43802734
75101239	75101663
58534148	58534572
88736619	88737043
57798642	57799066
100501226	100501650
40397156	40397580
95567611	95568035
82573706	82574130
78287268	78287692
66274570	66274994
63458423	63458847
85369750	85370174
72633762	72634186
45569047	45569471
66461895	66462319
74220122	74220546
33534844	33535268
31897562	31897986
79394560	79394984
95388275	95388699
79603352	79603776
44793949	44794373
27772615	27773039
45379672	45380096
75976953	75977377
81628922	81629346
58675959	58676383
23061050	23061474
35272704	35273128
39875625	39876049
76527513	76527937
55806019	55806443
78469893	78470317
52263554	52263978
90043821	90044245
77133177	77133601
82101857	82102281
74600181	74600605
75566724	75567148
36570347	36570771
76351195	76351619
71732830	71733254
42170004	42170428
74358071	74358495
29149631	29150055
29417274	29417698
64445927	64446351
66881037	66881461
74913590	74914014
64501855	64502279
66129020	66129444
41476986	41477410
33526059	33526483
73373664	73374088
27935441	27935865
79007101	79007525
37427413	37427837
46596501	46596925
85388956	85389380
33508430	33508854
71944039	71944463
100521351	100521775
94870542	94870966
30230882	30231306
58043393	58043817
52362724	52363148
59272510	59272934
44885164	44885588
66124928	66125352
81649513	81649937
80383209	80383633
90035200	90035624
83754225	83754649
67373425	67373849
51522004	51522428
39894320	39894744
80600360	80600784
73975881	73976305
42883762	42884186
93584790	93585214
102042259	102042683
22802898	22803322
52623618	52624042
102080707	102081131
67532553	67532977
48650297	48650721
75620960	75621384
81274565	81274989
74835913	74836337
80061459	80061883
100243865	100244289
74753233	74753657
49103699	49104123
72963343	72963767
48699096	48699520
22512104	22512528
90316234	90316658
39283356	39283780
53052149	53052573
62314176	62314600
72044984	72045408
86775364	86775788
70392738	70393162
87459021	87459445
35811715	35812139
20398429	20398853
59050343	59050767
88259686	88260110
83736123	83736547
93579327	93579751
89954879	89955303
53057925	53058349
98838345	98838769
58261533	58261957
73576406	73576830
45814519	45814943
44038590	44039014
59477814	59478238
79832897	79833321
69794805	69795229
79477490	79477914
28344087	28344511
86683075	86683499
62164076	62164500
75978664	75979088
58044526	58044950
84864508	84864932
29984703	29985127
101569334	101569758
74436732	74437156
29743415	29743839
94540301	94540725
101203231	101203655
22423202	22423626
22387597	22388021
38295084	38295508
38856824	38857248
49267063	49267487
65375558	65375982
52199759	52200183
98925337	98925761
21183395	21183819
74063707	74064131
33378676	33379100
31186696	31187120
88296783	88297207
33175594	33176018
70557923	70558347
67676171	67676595
61029325	61029749
96465652	96466076
57959378	57959802
63797747	63798171
44838030	44838454
91642867	91643291
74004440	74004864
25683331	25683755
72143168	72143592
64679663	64680087
75227584	75228008
45560348	45560772
49093261	49093685
77835704	77836160
25301525	25301949
90727641	90728065
75494497	75494921
35585520	35585944
91801560	91801984
24111983	24112407
82513854	82514278
72908180	72908604
22483045	22483469
41853900	41854324
62941091	62941515
70725879	70726303
72877968	72878392
64110387	64110811
25453851	25454275
76577535	76577959
25513313	25513737
98392348	98392772
50168957	50169381
75244212	75244636
31421651	31422075
38273993	38274417
88801444	88801868
74588145	74588569
28472470	28472894
83680452	83680876
58722529	58722953
83549346	83549770
55856481	55856905
101816673	101817097
29158476	29158900
41099126	41099550
76483241	76483665
60043985	60044409
49663024	49663448
99190647	99191071
57621774	57622198
81228906	81229330
77832042	77832466
82416660	82417084
59225996	59226420
58477690	58478114
42783010	42783434
98539465	98539889
88817959	88818383
44091340	44091764
101173111	101173535
44611619	44612043
81491753	81492177
24141328	24141752
70929084	70929508
84704122	84704546
87286503	87286927
71303826	71304250
66977981	66978405
22472837	22473261
78275931	78276355
42150996	42151420
66300030	66300454
33601672	33602096
89943002	89943426
74400914	74401338
90757749	90758173
41095872	41096296
80495821	80496245
33248186	33248610
102264140	102264564
28053346	28053770
75694181	75694605
71014938	71015362
25006843	25007267
31091743	31092167
100284322	100284746
93877107	93877531
56066742	56067166
89357663	89358087
74358272	74358696
48626461	48626885
45314665	45315089
47763625	47764049
28262675	28263099
89414104	89414528
96370051	96370475
40565568	40565992
78858310	78858734
80285905	80286329
64435479	64435903
43809887	43810311
89032541	89032965
23470498	23470922
89875498	89875922
77159074	77159498
54255100	54255524
97128847	97129271
30113565	30113989
96394079	96394503
85794153	85794577
49763391	49763815
84403330	84403754
70971896	70972320
40351964	40352388
43212967	43213391
78486849	78487273
73852872	73853296
42371764	42372188
65933951	65934375
92597165	92597589
40546479	40546903
74775014	74775438
39835844	39836268
52429994	52430418
95953950	95954374
77323687	77324111
53879024	53879448
67236001	67236425
57637821	57638245
34516087	34516511
45281014	45281438
69557660	69558084
81443697	81444121
57438600	57439024
25092176	25092600
67472776	67473200
96617119	96617543
71200054	71200478
96670027	96670451
20859024	20859448
29407075	29407499
31539647	31540071
67793537	67793961
32941509	32941933
101389682	101390106
63729015	63729439
34248150	34248574
75322751	75323175
58847921	58848345
91612210	91612634
91147328	91147752
43577934	43578358
89384912	89385336
79461186	79461610
64316878	64317302
81467244	81467668
50606524	50606948
33900819	33901243
78113995	78114419
102234496	102234920
49170327	49170751
71867822	71868246
40564747	40565171
77806917	77807341
41198732	41199156
79835417	79835841
66339069	66339493
41624371	41624795
102417839	102418263
56721028	56721452
29210441	29210865
82343965	82344389
51132691	51133115
29656874	29657298
32321492	32321916
72825503	72825927
67906095	67906519
57912037	57912461
40429782	40430206
64118685	64119109
51981053	51981477
70552095	70552519
68522295	68522719
81148712	81149136
74495170	74495594
73014599	73015023
45599292	45599716
80352847	80353271
77912502	77912926
99925195	99925619
30953273	30953697
101816901	101817325
80351461	80351885
48003861	48004285
97034817	97035241
88203674	88204098
27959773	27960197
67357248	67357672
39061133	39061557
57656790	57657214
42098748	42099172
101450351	101450775
78707732	78708156
89454170	89454594
99066484	99066908
73089249	73089673
90190504	90190928
40886476	40886900
96616021	96616445
97006091	97006515
70054999	70055423
23712131	23712555
63688760	63689184
43415293	43415717
57838142	57838566
101685488	101685912
66373423	66373847
39731048	39731472
79742968	79743392
22467172	22467596
78195383	78195807
92020138	92020562
76605974	76606398
62360626	62361050
27584313	27584737
80140456	80140880
68923135	68923559
65913205	65913629
78474331	78474755
70896987	70897411
41407358	41407782
92969027	92969451
28973189	28973613
43015240	43015664
78156523	78156947
81173101	81173525
73127589	73128013
69687122	69687546
74365279	74365703
69453884	69454308
93561710	93562134
83832546	83832970
28295589	28296013
65133477	65133901
70042117	70042541
74592417	74592841
49914790	49915214
59652472	59652896
90630619	90631043
101807344	101807768
39873842	39874266
31727667	31728091
49255600	49256024
78060466	78060890
33518773	33519197
91490570	91490994
29915462	29915886
59063511	59063935
91473116	91473540
39305479	39305903
81283784	81284208
41077312	41077736
63341205	63341629
49469758	49470182
95828302	95828726
66512970	66513394
97293608	97294032
77841518	77841942
79510889	79511313
29500475	29500899
76177418	76177842
48933583	48934007
64384272	64384696
27004596	27005020
88571242	88571666
88167232	88167656
51683227	51683651
44231250	44231674
34815982	34816406
23819932	23820356
65102285	65102709
41036712	41037136
91101374	91101798
54161218	54161642
41717044	41717468
79032959	79033383
78245246	78245670
44553198	44553622
79885450	79885874
57309215	57309639
33947029	33947453
41139482	41139906
75135578	75136002
68343556	68343980
67473732	67474156
78933740	78934164
101677870	101678294
44824888	44825312
27604156	27604580
55920232	55920656
101454987	101455411
101609214	101609638
64509031	64509455
80711427	80711851
27730395	27730819
43775453	43775877
31093334	31093758
58904517	58904941
69356965	69357389
29130792	29131216
40994292	40994716
30234300	30234724
80379387	80379811
89849364	89849788
67094012	67094436
40009358	40009782
43648589	43649013
60056983	60057407
78077453	78077877
39872530	39872954
44842357	44842781
93155250	93155674
48622988	48623412
45952269	45952693
42800348	42800772
72578464	72578888
43478112	43478536
77876742	77877166
99644900	99645324
80877931	80878355
67713410	67713834
41032012	41032436
89147029	89147453
65587822	65588246
49813971	49814395
41229078	41229502
96938904	96939328
68133437	68133861
65728046	65728470
82078110	82078534
75437839	75438263
30918129	30918553
85291020	85291444
63034760	63035184
40060131	40060555
44829985	44830409
31209236	31209660
40554994	40555418
91088226	91088650
59785254	59785678
64673255	64673679
79885649	79886073
50543943	50544367
55327921	55328345
98298296	98298720
25937156	25937580
41230257	41230681
42186832	42187256
58509606	58510030
65579108	65579532
60286026	60286450
77255956	77256380
50167597	50168021
33285503	33285927
96898233	96898657
46082539	46082963
27853409	27853833
89030640	89031064
41234249	41234673
74676028	74676452
79327483	79327907
52970918	52971342
68852102	68852526
69518083	69518507
57598959	57599383
26911666	26912090
66616021	66616445
63438862	63439286
100760304	100760728
91923364	91923788
55582820	55583244
97020458	97020882
45126409	45126833
20178934	20179358
62533499	62533923
28304119	28304543
22988314	22988738
32907498	32907922
77910023	77910447
95791956	95792380
101639403	101639827
50914561	50914985
39017040	39017464
28340829	28341253
93075066	93075490
89377735	89378159
73832084	73832508
22882843	22883267
45686020	45686444
84949719	84950143
86159214	86159638
29418522	29418946
22791784	22792208
73823924	73824348
77197615	77198039
41883121	41883545
32245737	32246161
51913967	51914391
77024610	77025034
41896212	41896636
73856491	73856915
64388877	64389301
42386693	42387117
35283510	35283934
22868798	22869222
93584997	93585421
52971126	52971550
83002047	83002471
25428240	25428664
36204422	36204846
59131703	59132127
22970100	22970524
40314031	40314455
45911033	45911457
65487591	65488015
33287016	33287440
88151439	88151863
65820930	65821354
34729014	34729438
69896325	69896749
75871529	75871953
89013844	89014268
56310196	56310620
27134613	27135037
52369341	52369765
31689418	31689842
89560978	89561402
20562517	20562941
41166001	41166425
80476247	80476671
78591490	78591914
84511025	84511449
49371533	49371957
92849943	92850367
89454843	89455267
81194350	81194774
91407607	91408031
80928896	80929320
78368459	78368883
25591048	25591472
40179946	40180370
68924005	68924429
25381241	25381665
81071437	81071861
27495395	27495819
45533833	45534257
99348957	99349381
84777443	84777867
62537002	62537426
40535314	40535738
57873024	57873448
90764695	90765119
32179401	32179825
31731698	31732122
63414390	63414814
58054341	58054765
85360792	85361216
78162944	78163368
40399162	40399586
90762960	90763384
96888695	96889119
64486123	64486547
41579633	41580057
79322835	79323259
80767821	80768245
64719070	64719494
41099326	41099750
28265275	28265699
101792264	101792688
65529783	65530207
44315243	44315667
45996152	45996576
63759068	63759492
69302585	69303009
81904952	81905376
75326166	75326590
25929057	25929481
57430640	57431064
88021469	88021893
78001841	78002265
102182679	102183103
66289119	66289543
81262527	81262951
101986110	101986534
92711604	92712028
39605189	39605613
80534649	80535073
79007300	79007724
29417474	29417898
75108950	75109374
85407248	85407672
92396102	92396526
41150022	41150446
26425017	26425441
96571839	96572263
39842025	39842449
95802840	95803264
59398035	59398459
78473240	78473664
32949642	32950066
62351265	62351689
91182188	91182612
26040101	26040525
51165984	51166408
58348138	58348562
60771186	60771610
71678739	71679163
63220378	63220802
61343621	61344045
71549287	71549711
92490112	92490536
53489694	53490118
40613233	40613657
73617794	73618218
74666152	74666576
31357553	31357977
81626226	81626650
27084073	27084497
31780964	31781388
82397771	82398195
77947492	77947916
28157401	28157825
26874313	26874737
35145584	35146008
81586661	81587085
96431984	96432408
77400188	77400612
97436580	97437004
98946829	98947253
66544857	66545281
69885299	69885723
52860891	52861315
68597055	68597479
74733720	74734144
84415763	84416187
64945985	64946409
