219712455	219712702
219741419	219741634
208610875	208611077
37641639	37641858
113484367	113484578
47550299	47550529
38059809	38060019
46691706	46691919
181969334	181969530
86448316	86448516
58133372	58133576
99453617	99453817
96840339	96840543
68668863	68669143
231476132	231476358
98313817	98314019
152893467	152893685
48647940	48648154
31556532	31556721
99001605	99001817
227994617	227994830
188364769	188364957
20861336	20861540
178029388	178029594
64276919	64277138
27184671	27184867
99265984	99266207
8825956	8826157
238480684	238480913
213551123	213551329
16938506	16938722
220394964	220395162
149874001	149874197
134875922	134876146
29419758	29419958
47995101	47995323
149267073	149267291
44706619	44706866
197318385	197318594
10575145	10575336
202097043	202097242
98423291	98423485
42890347	42890562
231766943	231767155
238062803	238062988
198243213	198243409
20298007	20298213
175327593	175327793
231851999	231852213
42096965	42097156
88890650	88890847
106720925	106721112
208337943	208338152
122476369	122476583
178199782	178199979
234160061	234160259
25745055	25745253
38342460	38342658
217531421	217531610
173892280	173892476
198667793	198667994
169203234	169203459
62145088	62145269
219166090	219166308
65291944	65292153
113507324	113507526
38735562	38735766
20842230	20842420
110303750	110303964
20835649	20835837
203438662	203438851
180083823	180084012
65867743	65867943
191247691	191247882
212610138	212610329
228103068	228103260
231968940	231969126
85647858	85648061
68349610	68349814
68519367	68519548
64558082	64558285
91816721	91816895
228523065	228523256
218375549	218375757
143868519	143868713
237981064	237981255
65780456	65780664
230872991	230873192
153046518	153046705
65144848	65145060
128349124	128349321
118819063	118819252
202228761	202228957
135169634	135169849
137136394	137136609
149846509	149846701
91815120	91815305
203043166	203043347
127535039	127535228
193027245	193027438
49173706	49173913
24632904	24633100
30929952	30930151
135761904	135762121
74814875	74815076
27977102	27977288
43456746	43456937
69137035	69137218
216796071	216796261
60777524	60777744
171181169	171181359
30934549	30934757
192555742	192555954
42323149	42323337
238421480	238421717
24605348	24605550
172272656	172272858
103059786	103059971
231663605	231663796
21265822	21266009
33808399	33808581
128821082	128821267
232477355	232477571
37623125	37623317
42313651	42313873
210199266	210199446
25419384	25419567
69941874	69942063
213432422	213432610
44314419	44314611
242893041	242893237
80114963	80115140
198992451	198992654
121070816	121071016
182579837	182580040
109252878	109253095
196525109	196525293
30431346	30431554
68589219	68589405
136467555	136467735
113699401	113699602
111569422	111569614
219137483	219137676
192419913	192420100
143919916	143920100
207256939	207257141
75867748	75867949
192029933	192030120
100175634	100175851
202725373	202725579
216784948	216785140
98207343	98207559
11919369	11919581
223768434	223768615
147840534	147840745
45870878	45871069
29181593	29181797
206540736	206540923
113642558	113642764
15717307	15717488
120233884	120234073
36734579	36734769
46163597	46163796
157446200	157446384
47214248	47214458
25887654	25887841
42009804	42009990
25050571	25050754
48333754	48333939
201577768	201577957
43086203	43086382
46688594	46688796
219763013	219763216
11272831	11273006
86041402	86041596
142312454	142312651
70568415	70568595
97175189	97175395
225866872	225867049
187506539	187506726
218578294	218578483
175206298	175206473
26173993	26174162
75146967	75147157
242820235	242820418
72998112	72998289
130154875	130155070
43174082	43174266
45182835	45183011
148747451	148747709
87035566	87035755
26368032	26368240
174075417	174075597
69951883	69952069
204349079	204349275
63002310	63002480
57987070	57987248
172968637	172968838
227850124	227850320
207558502	207558700
85956173	85956367
158159098	158159308
232770872	232771066
182321923	182322128
54749940	54750126
174267212	174267407
88969253	88969431
18701886	18702072
95688155	95688335
84542026	84542208
85512663	85512846
223555394	223555602
118804327	118804514
85779285	85779476
190525832	190526066
99029414	99029604
100879415	100879595
225515636	225515814
18033098	18033285
105731057	105731229
178589478	178589679
113384198	113384383
178280990	178281158
62684158	62684368
6913346	6913550
190935144	190935315
150454162	150454345
57948063	57948242
131090203	131090395
226525248	226525451
201346212	201346396
48338387	48338601
199179392	199179578
109224286	109224460
202042182	202042365
32997797	32997974
84722773	84722956
109200470	109200669
203453450	203453640
160824906	160825085
70369850	70370058
181941964	181942137
101769364	101769553
241083280	241083460
30387947	30388169
177005292	177005477
88971410	88971601
173796735	173796908
102637168	102637363
74917810	74917988
232092124	232092317
105986341	105986524
111874690	111874871
148668598	148668779
220507278	220507494
234352250	234352458
223573063	223573242
46877758	46877948
238581787	238581968
73312849	73313026
242017920	242018094
171669355	171669524
132170826	132171016
44271418	44271603
20335472	20335662
55242205	55242393
170789736	170789914
26968687	26968875
190953691	190953853
238653739	238653927
196933089	196933251
62220671	62220837
38501854	38502044
227677971	227678157
192020453	192020627
89039629	89039809
20155669	20155867
179343863	179344044
232422646	232422877
228631110	228631294
27926712	27926894
222438313	222438506
45208852	45209029
75280749	75280933
158050711	158050886
26552979	26553153
70044179	70044364
28789725	28789921
3698667	3698838
241453352	241453547
28675439	28675618
76014783	76014938
110267784	110267970
137142325	137142512
62637225	62637427
231689325	231689497
55127096	55127260
219717666	219717837
10212799	10212991
25198430	25198594
166731045	166731222
112645424	112645581
79206853	79207039
127285769	127285955
208937103	208937274
85241963	85242139
38104712	38104905
39457077	39457260
57724737	57724898
9282959	9283140
10972553	10972741
11724434	11724638
223426626	223426823
179626632	179626802
30937055	30937230
218654020	218654199
69253208	69253378
120511031	120511215
214018474	214018652
85906409	85906596
75631179	75631361
235459277	235459450
148089691	148089875
192431092	192431291
75836288	75836476
179756246	179756434
118979685	118979872
203696364	203696543
69152523	69152705
167395982	167396150
60809013	60809191
181923469	181923641
160966568	160966735
171092582	171092763
178197167	178197331
232542443	232542619
85525974	85526163
3307453	3307641
225222190	225222389
89131303	89131468
114147965	114148156
207665344	207665513
131911641	131911831
38542982	38543147
69786921	69787105
233305344	233305529
42722239	42722425
65800358	65800541
198056275	198056447
65100688	65100850
107159278	107159462
10975529	10975719
158348806	158348994
187727683	187727849
114457822	114458019
208339698	208339882
171829997	171830225
96804509	96804710
100859472	100859651
204680114	204680278
217381576	217381741
192676962	192677125
39455327	39455502
223836519	223836715
216814801	216814975
76826982	76827170
119640296	119640463
179884988	179885140
85152891	85153229
38808797	38808974
55395797	55395971
3466104	3466279
16794815	16794999
74562067	74562250
179994473	179994639
178011941	178012111
68690529	68690707
214116388	214116561
216887864	216888036
18931290	18931457
211060300	211060462
120399246	120399408
113357705	113357885
11618149	11618330
28817255	28817434
201336110	201336300
61226164	61226329
219984256	219984427
714390	714561
46290158	46290326
201770544	201770713
15777506	15777685
159975183	159975355
36891350	36891536
138596149	138596320
68258781	68258953
68978962	68979149
25565370	25565554
158310416	158310587
102857384	102857546
26214498	26214676
241790734	241790886
85618468	85618635
113017114	113017295
173671255	173671418
64116044	64116210
70298041	70298214
45721927	45722099
234312997	234313173
191669035	191669206
86054637	86054811
61032632	61032798
175442814	175442980
205190224	205190383
101601407	101601582
47116247	47116422
27414494	27414663
7037404	7037581
97523869	97524064
204318684	204318856
232395129	232395319
18011869	18012068
160796569	160796736
229522619	229522781
150417911	150418073
134965272	134965451
100877285	100877448
219271297	219271474
27321565	27321761
152095456	152095642
120460505	120460699
64715202	64715385
147802714	147802895
61886105	61886292
66656251	66656406
7567533	7567712
20643091	20643256
64873569	64873747
237421722	237421879
134601957	134602121
237936173	237936342
202047668	202047839
70844815	70844978
88301437	88301613
63014597	63014758
206750418	206750579
225511053	225511241
158184141	158184333
144017058	144017221
70139237	70139403
175613710	175613885
159757886	159758069
217547291	217547459
103065933	103066104
218650308	218650474
44105131	44105292
227971902	227972080
20425123	20425320
97173861	97174032
219922801	219922995
8665691	8665854
40140820	40140998
237969502	237969672
143980101	143980265
237478287	237478470
11969453	11969629
156080409	156080565
27502844	27503003
158354229	158354407
73119929	73120101
10549346	10549519
200844862	200845049
65058950	65059125
182942472	182942635
161851021	161851191
232277172	232277332
86595490	86595680
223182752	223182919
40781942	40782111
153492278	153492451
112806475	112806638
210072954	210073130
231024976	231025138
43056100	43056262
114006848	114007020
31393052	31393226
228727046	228727215
173330559	173330724
47562298	47562472
88459512	88459680
74051178	74051335
139131629	139131794
236688173	236688346
100997741	100997894
120165376	120165557
190277183	190277345
33598133	33598292
70531124	70531300
191916980	191917167
38830670	38830841
50629598	50629776
198642630	198642791
187325282	187325449
191646477	191646647
129494276	129494435
237261807	237261968
179279481	179279660
228270907	228271091
135208515	135208685
191545120	191545288
153483977	153484141
161920289	161920471
234620172	234620345
196183311	196183456
11722929	11723095
54931925	54932101
38118183	38118336
175411747	175411922
206790651	206790818
9954065	9954229
153032480	153032647
69534601	69534757
201567977	201568144
7237482	7237647
182607685	182607830
68510069	68510225
118227929	118228091
146510143	146510313
7343196	7343359
47615530	47615681
136231264	136231431
164917751	164917911
202101192	202101376
232428186	232428348
86307113	86307277
232580033	232580205
205010082	205010244
186155884	186156047
100106937	100107102
199161489	199161656
21185951	21186101
232316795	232316950
4007000	4007177
134644313	134644471
216134654	216134851
161067271	161067440
74942239	74942400
42067899	42068063
64555160	64555329
169615824	169615997
224835113	224835274
64750010	64750178
97626232	97626400
38692993	38693161
131555641	131555813
101629222	101629394
113238695	113238851
25829885	25830039
109013436	109013601
124784816	124784987
120932690	120932865
217087382	217087549
99682575	99682723
64814136	64814303
97073176	97073343
65267899	65268064
27473144	27473292
201934122	201934265
169818267	169818433
213727972	213728140
9939915	9940063
197141861	197142021
47003981	47004147
65414483	65414649
176962391	176962560
236655075	236655226
42465975	42466136
156167241	156167395
157192132	157192337
218853335	218853493
95781194	95781353
156672501	156672656
55402821	55402983
219894512	219894676
172430714	172430881
86306005	86306172
26800783	26800933
73390996	73391138
70875109	70875268
159602238	159602400
218031059	218031221
20063220	20063411
74135154	74135330
166060572	166060730
173729057	173729219
208898916	208899079
208491967	208492139
88360011	88360165
131555112	131555278
188317890	188318051
232513406	232513565
198033463	198033615
166257924	166258087
119613305	119613490
121437946	121438103
25389033	25389176
96079886	96080023
198919116	198919280
135002315	135002491
13334189	13334335
10237615	10237776
12003853	12004028
220024886	220025053
162129768	162129922
128236895	128237071
240189233	240189397
139585114	139585273
169966381	169966539
225643233	225643385
179171213	179171384
232382329	232382493
230665997	230666160
16954455	16954612
43054849	43055009
238767100	238767243
99134649	99134815
54730443	54730626
23683220	23683380
177419296	177419452
176991868	176992032
138623649	138623801
75855134	75855283
23622520	23622683
196943094	196943245
48827480	48827635
61021541	61021675
220267753	220267911
233191896	233192072
97466816	97466978
75539197	75539352
127825723	127825886
108966579	108966748
71737439	71737587
74477340	74477499
17652188	17652351
219575513	219575668
102035621	102035794
113448564	113448705
89173715	89173872
65492322	65492471
33666421	33666572
30064362	30064529
46220653	46220809
113837737	113837895
11586884	11587069
101653114	101653259
227080744	227080921
58989455	58989613
61653529	61653682
198572438	198572585
216693384	216693543
46592121	46592270
71089096	71089238
75693922	75694111
16790398	16790550
30295239	30295374
160041937	160042095
20611293	20611456
171672330	171672497
232539627	232539794
135218214	135218374
219513308	219513452
55659247	55659401
162443189	162443338
109744533	109744708
174904709	174904888
68942663	68942814
80726336	80726487
103778010	103778169
118761023	118761173
11264701	11264865
177679595	177679743
17491129	17491272
172992094	172992242
175975945	175976119
214111516	214111675
122568937	122569100
144920370	144920537
141621418	141621565
73086996	73087145
55945422	55945583
43354398	43354546
153782488	153782647
183051007	183051139
63652064	63652226
219051113	219051275
148695433	148695583
180989108	180989250
233006874	233007029
75292178	75292334
220019869	220020022
43251732	43251875
11833131	11833294
188003086	188003245
30338653	30338805
173326863	173327025
143440191	143440353
42080932	42081075
199174522	199174677
77180984	77181146
121453300	121453437
101226870	101227031
227667338	227667484
30146100	30146243
37007495	37007643
6666452	6666600
86524639	86524787
163077608	163077757
128407410	128407570
97220215	97220357
72806814	72806974
71098727	71098893
233470930	233471082
190008000	190008150
97617033	97617170
28976339	28976492
74710412	74710554
13147139	13147292
110274082	110274217
105489993	105490147
125673276	125673424
159610619	159610773
177517154	177517304
25790395	25790552
239693743	239693893
190663583	190663737
110914852	110915008
119622803	119622969
220159641	220159790
202969118	202969256
189389357	189389499
137181110	137181283
207846562	207846711
209331194	209331351
180616028	180616182
197162961	197163104
119976460	119976620
141344084	141344241
24047671	24047808
89203391	89203539
126229742	126229915
238384144	238384293
196931639	196931800
216319288	216319428
15044047	15044184
144270775	144270923
98885758	98885902
209260086	209260237
71772937	71773075
85934456	85934608
43202304	43202466
239957093	239957230
29044349	29044502
220163506	220163666
139544735	139544912
17827438	17827599
103422812	103422968
32779051	32779186
106192919	106193059
201766311	201766482
235409180	235409319
38265295	38265458
163154561	163154706
84530127	84530300
172455374	172455525
11878744	11878900
95688985	95689138
206812910	206813058
75103496	75103656
43358806	43358962
149684315	149684468
118543407	118543550
225795760	225795894
231067675	231067833
242549702	242549836
154375911	154376066
68585183	68585334
130011133	130011280
122288597	122288766
112459819	112459976
143791995	143792195
229265835	229265985
9279945	9280081
225987700	225987849
122732737	122732888
150170055	150170211
212744169	212744319
37395653	37395791
43711538	43711696
210842500	210842637
63926319	63926451
162803155	162803297
73200847	73200990
44471304	44471456
96782844	96782979
103592602	103592747
132431622	132431753
113191233	113191363
74307529	74307672
200604648	200604803
110493928	110494060
197269105	197269262
202023153	202023308
151344257	151344398
120417723	120417868
41641674	41641836
138848051	138848206
224724847	224725012
191375942	191376105
38953226	38953382
34321758	34321908
180286890	180287029
173575344	173575497
38763330	38763470
135003039	135003233
39174927	39175059
25599689	25599855
203735473	203735622
120022839	120022978
85154223	85154367
136671435	136671586
160778425	160778575
20981572	20981701
50719719	50719868
217384007	217384151
53203604	53203749
30313833	30313961
177319758	177319921
217563670	217563807
60934922	60935071
11828651	11828811
62639287	62639455
36579291	36579431
133929095	133929234
230931813	230931966
177502957	177503088
102972127	102972297
55065810	55065952
218933605	218933750
216898826	216898960
96394797	96394924
39957962	39958101
89179993	89180145
103232429	103232571
27526420	27526552
131631386	131631544
28619752	28619888
74627102	74627259
240931243	240931371
191237215	191237365
168975277	168975427
16706664	16706818
37642746	37642895
71382073	71382202
99218127	99218256
197876894	197877046
163747335	163747476
97778133	97778262
23553267	23553394
158880948	158881086
7184530	7184663
176231608	176231741
75691805	75691961
73120870	73121027
211482580	211482715
75426796	75426936
224592330	224592476
11552249	11552393
26692078	26692208
233918756	233918904
6966675	6966811
211064030	211064154
186603679	186603852
121837852	121837997
34237910	34238056
114128227	114128352
175470562	175470696
169777203	169777346
72377576	72377732
154019714	154019845
23536019	23536154
70368281	70368446
158866914	158867045
16079933	16080063
65938264	65938417
17900953	17901095
1549871	1550028
54334201	54334348
68478274	68478410
222833928	222834062
180942159	180942294
105852200	105852337
27239843	27239978
238490475	238490596
95897503	95897639
113896088	113896230
219860845	219860984
155480451	155480583
208007261	208007404
85092382	85092537
95719460	95719597
162079787	162079912
113961621	113961741
127002649	127002781
196363030	196363173
18360141	18360261
239279531	239279658
236502809	236502942
240318962	240319082
221552072	221552211
152882434	152882599
133304797	133304940
10188918	10189067
198716327	198716481
226533466	226533600
96688601	96688732
73404616	73404768
231679464	231679592
187121405	187121545
33700854	33700993
151908252	151908385
236674974	236675107
232466457	232466599
209040175	209040303
163651935	163652087
200353649	200353783
210421198	210421343
30915376	30915523
120068552	120068684
637092	637243
97678066	97678212
17852443	17852579
224858469	224858594
27906481	27906614
71526672	71526808
46005847	46005978
71147065	71147217
31085051	31085174
62126056	62126181
99795717	99795847
43836591	43836713
35635625	35635765
110420578	110420728
128173543	128173691
86116214	86116361
102439844	102439977
192435948	192436105
199239243	199239363
46769025	46769164
143746975	143747096
191715385	191715518
74759485	74759601
64088490	64088627
39286630	39286743
20850862	20851004
71276881	71277061
176554987	176555112
27069277	27069413
210937758	210937901
135223850	135223988
235044422	235044549
200350808	200350966
223478577	223478709
70529200	70529340
208905652	208905772
72973025	72973149
85294034	85294182
179283995	179284123
47146121	47146251
213641764	213641898
228336715	228336843
241089717	241089859
74494299	74494432
238877228	238877365
46063600	46063734
69792586	69792705
103136577	103136719
153597396	153597533
159036316	159036447
212869929	212870057
56410800	56410935
162980469	162980579
68452442	68452583
224644697	224644838
163010243	163010377
138705435	138705579
101223413	101223550
54892656	54892787
101958757	101958896
170384860	170384969
241000520	241000668
30462270	30462395
95540076	95540211
164202628	164202749
219844866	219845016
176052297	176052418
103089512	103089630
242598834	242598966
73089765	73089900
29532098	29532209
228913752	228913876
188163974	188164120
127729665	127729811
60901822	60901933
206544804	206544928
47664567	47664703
106398797	106398927
24149978	24150097
187645801	187645932
237252336	237252455
37515244	37515371
160664102	160664210
107199125	107199259
26074892	26075039
182331505	182331623
175564863	175564988
163190609	163190751
23574495	23574619
36198369	36198498
23627368	23627507
129991756	129991892
102447833	102447951
226754208	226754346
220554519	220554645
172015883	172016012
121101054	121101188
129079500	129079638
65092767	65092919
80300306	80300433
143738482	143738624
71016849	71016968
232552054	232552173
20595878	20596022
239172239	239172379
50371540	50371681
180305504	180305635
119639228	119639369
32111914	32112028
24644653	24644775
96658664	96658782
54280099	54280207
179145118	179145234
195031648	195031769
241377787	241377901
205556774	205556896
192386468	192386575
233626171	233626269
224662980	224663100
42304620	42304734
147684993	147685129
71384725	71384852
191812778	191812904
101044249	101044391
231807167	231807293
65396545	65396692
99683233	99683360
106365160	106365290
12856192	12856302
152861352	152861483
121842661	121842778
71775905	71776021
183531770	183531911
208838052	208838179
42740504	42740628
210825874	210825982
73517502	73517599
113716507	113716622
44619629	44619759
130607296	130607395
225873775	225873883
233157454	233157566
73162210	73162348
239266127	239266235
178013767	178013879
24307290	24307419
218751566	218751687
187323874	187324000
211442384	211442509
231712765	231712863
175636408	175636522
98280942	98281068
219592725	219592839
58675280	58675410
204889395	204889504
156967476	156967606
204774516	204774648
96055055	96055175
125561729	125561838
206631592	206631708
232717126	232717244
189377314	189377439
85864733	85864845
65166921	65167017
7224132	7224257
42423989	42424097
53650182	53650300
192083143	192083248
102490159	102490273
46238136	46238244
290260	290377
239165311	239165413
178977040	178977159
8901835	8901941
228749241	228749362
175562059	175562162
127807851	127807969
171265707	171265819
10054941	10055075
65260475	65260609
147419181	147419294
217268859	217268972
33495774	33495872
136673951	136674060
115309023	115309161
59252432	59252565
170681442	170681544
80163012	80163119
134537816	134537922
230750164	230750268
170785055	170785172
128113132	128113251
56976432	56976548
85109351	85109457
223662171	223662278
233386911	233387035
75468972	75469099
68073704	68073832
57744044	57744146
237089642	237089756
67878057	67878195
135655643	135655759
225149160	225149303
179261889	179261993
10410787	10410910
194449468	194449586
226147703	226147799
201983316	201983472
228344935	228345039
26828470	26828555
227661714	227661820
160568804	160568962
39606943	39607060
235197694	235197813
175468160	175468277
53037700	53037820
98792428	98792549
113894580	113894698
157749133	157749245
166984551	166984653
165871691	165871799
173037284	173037404
120867492	120867597
10264789	10264919
223804071	223804203
172667823	172667930
169630341	169630466
232790064	232790195
122949058	122949167
15299986	15300092
127507331	127507420
217865243	217865339
71192175	71192289
98487067	98487169
242089889	242089999
171729844	171729966
79446624	79446752
3775844	3775950
183844889	183845009
178974724	178974825
12172649	12172766
88491106	88491215
231917692	231917781
50756880	50756988
7178003	7178106
165849496	165849607
111611217	111611313
219221372	219221498
188708109	188708206
72151210	72151320
65609949	65610096
142898043	142898157
162864128	162864238
219523436	219523537
197978060	197978185
80553498	80553596
132904454	132904554
20526062	20526117
207911681	207911810
131678145	131678248
25923143	25923248
63715378	63715491
220601064	220601184
44895594	44895720
46717806	46717907
118572046	118572162
43839765	43839829
71758007	71758105
76425157	76425254
37012457	37012572
168976162	168976273
86263209	86263316
9013128	9013228
179779179	179779229
127391966	127392077
118529923	118530055
170623916	170624014
6496628	6496747
178128355	178128423
180707325	180707446
188445536	188445642
220217270	220217378
217642525	217642621
212809431	212809518
172560271	172560365
175022855	175022962
191895390	191895507
109544977	109545085
75692834	75692952
178354588	178354689
218899560	218899665
38209375	38209493
171217982	171218089
190152740	190152839
161180835	161180941
102500444	102500544
172562785	172562891
75904580	75904672
231478862	231478981
231789246	231789362
126503209	126503308
207029134	207029224
242331654	242331757
211310009	211310103
26311050	26311170
56359426	56359547
9511659	9511776
63416207	63416313
201348520	201348631
238031015	238031122
165594243	165594369
44570155	44570256
127955514	127955615
20215381	20215495
179660937	179661032
230645621	230645718
222922120	222922215
238832419	238832529
158890893	158890992
138668257	138668358
69170781	69170864
95745842	95745952
122893831	122893898
84858340	84858437
10808698	10808787
176953167	176953261
172176693	172176784
40471889	40472001
153599667	153599745
1554608	1554711
241853910	241854014
174262419	174262521
74426241	74426343
29461517	29461581
184113761	184113854
40065116	40065214
98326484	98326580
3828524	3828574
212795233	212795316
73439721	73439820
33620870	33620977
172971072	172971177
233893694	233893797
139587028	139587127
183105656	183105755
86477263	86477453
214799447	214799544
190615950	190616033
204516187	204516289
169544015	169544124
218515598	218515677
178469305	178469405
200569511	200569582
128568814	128569004
68936711	68936770
57604253	57604356
120069114	120069210
119129220	119129320
162948342	162948425
61066642	61066732
29276863	29276974
60666687	60666877
86991976	86992085
60379497	60379598
63306167	63306264
207421234	207421307
71250799	71250898
174314073	174314172
71212117	71212204
206640916	206641012
18331067	18331166
55241212	55241327
62020570	62020682
192734147	192734239
49998179	49998283
46859645	46859727
177682192	177682293
108832262	108832362
169562205	169562304
149897182	149897244
169204754	169204837
200726038	200726134
112879382	112879491
24836066	24836156
74619249	74619308
182168768	182168892
231577464	231577554
189234230	189234320
136754994	136755098
225752012	225752097
98316789	98316876
71327760	71327845
43769563	43769661
172117298	172117394
208206672	208206762
196996210	196996302
38603902	38604008
58798512	58798619
180275762	180275844
13071487	13071564
175387428	175387519
189959170	189959274
201443695	201443786
219552310	219552405
232161878	232161978
43397221	43397330
183515633	183515709
20882092	20882185
200838593	200838692
139473904	139474002
172203781	172203881
145089560	145089668
12188853	12188903
156107472	156107567
118960436	118960512
163157848	163157898
219938248	219938326
165394903	165395009
176147171	176147361
215867369	215867457
206869111	206869174
228755348	228755439
57776803	57776886
20303456	20303524
86451917	86451999
27165585	27165686
202660788	202660869
68423398	68423506
33605219	33605312
19562904	19562996
95652285	95652376
16811863	16811966
120584068	120584147
55276734	55276809
80758602	80758693
214354963	214355052
27308533	27308623
123208773	123208842
79226688	79226800
47540345	47540425
58781250	58781333
97136448	97136541
182768893	182768993
231778290	231778355
198175561	198175726
204647157	204647247
105854546	105854638
25532419	25532494
168068729	168068798
76124035	76124110
53967435	53967530
10124481	10124580
213385229	213385318
158634107	158634209
234885458	234885554
18559459	18559542
183649574	183649670
103457883	103457950
72364780	72364839
45878180	45878370
228804396	228804483
160945021	160945119
74007276	74007358
8685182	8685277
121853019	121853090
137690440	137690531
33171450	33171521
135746737	135746804
96932983	96933075
143398304	143398417
13583793	13583892
136928946	136929011
134642463	134642551
122160053	122160122
98357145	98357201
106724184	106724267
220142546	220142629
162107514	162107577
209272596	209272669
39956126	39956194
106586131	106586222
230451950	230452007
42555711	42555803
68067778	68067831
105466137	105466229
43804569	43804619
191500639	191500829
102342359	102342549
228904624	228904703
64789395	64789485
38123628	38123718
198479943	198480015
172978500	172978590
152855669	152855767
12467091	12467149
136555213	136555282
156059852	156059937
219033739	219033796
161826912	161826974
69603042	69603107
25500258	25500323
24387383	24387478
209238354	209238405
210196175	210196259
164011952	164012025
10927782	10927882
180990363	180990446
63919322	63919398
204090322	204090402
113339980	113340075
33899149	33899238
103320362	103320452
236025704	236025797
180205605	180205696
36873519	36873600
71174130	71174192
238330329	238330391
102852046	102852236
169998440	169998497
231791299	231791380
184932379	184932449
176951032	176951222
9910664	9910731
95742623	95742694
218621427	218621477
11822311	11822387
10168492	10168682
75957174	75957226
208599086	208599276
95536184	95536374
130694071	130694157
45812561	45812611
8562075	8562150
120581402	120581592
182819064	182819254
152882188	152882330
120963970	120964043
174749239	174749429
114737219	114737409
111873608	111873798
46884195	46884385
85527549	85527739
191142103	191142153
39347565	39347655
241780057	241780142
54433809	54433999
197202153	197202343
154335368	154335463
205042766	205042831
25451740	25451930
114361753	114361842
239371626	239371683
65140467	65140657
95872888	95873078
128991171	128991361
102918479	102918556
149323004	149323095
198464464	198464528
64852653	64852727
147491815	147491900
27946248	27946438
85173437	85173627
41926104	41926183
1773648	1773728
186073098	186073288
68822408	68822598
135334232	135334308
65662930	65662989
15728549	15728739
176068516	176068606
169988547	169988737
28030450	28030640
128082394	128082459
216878314	216878409
13623662	13623852
165286794	165286984
234292762	234292952
204973153	204973235
75326050	75326114
208217754	208217944
105904299	105904489
236504168	236504358
151467292	151467482
233717916	233718106
192623747	192623937
178026490	178026680
71297593	71297651
228190256	228190446
106162281	106162471
171785372	171785528
11374626	11374711
11270135	11270325
17081842	17081916
235453658	235453848
3202021	3202109
200805362	200805421
14024859	14024937
99185829	99185893
48816413	48816603
48134094	48134284
213413298	213413356
54983242	54983300
69064496	69064686
227664641	227664719
203987420	203987506
45956934	45957124
204937261	204937451
166150403	166150453
206678333	206678523
88754480	88754571
133106750	133106940
238683470	238683660
11970115	11970305
217148423	217148473
184159868	184160058
130055095	130055285
196440992	196441045
17754500	17754588
61045621	61045811
138224933	138225123
223316125	223316315
165873409	165873599
30249455	30249509
219260787	219260881
18569051	18569241
3427751	3427941
172304282	172304472
20578962	20579023
54884836	54885026
241496253	241496443
71228362	71228422
197333278	197333328
226535175	226535365
230138550	230138740
175895827	175896017
126274245	126274324
207854196	207854386
113403207	113403260
121828624	121828814
6056263	6056453
144444245	144444435
27392807	27392997
220341137	220341209
189843095	189843285
43451361	43451551
178623693	178623763
202123292	202123482
123495449	123495516
171003465	171003530
212022669	212022859
195684202	195684392
105911503	105911573
120934986	120935040
164047990	164048180
60792725	60792915
50973840	50973900
12307732	12307922
219122504	219122694
2848031	2848221
21645022	21645212
207125126	207125316
46052252	46052442
241543876	241543944
74734335	74734525
45876609	45876799
15171981	15172171
64927032	64927119
183514168	183514224
42326419	42326469
167556739	167556822
119027085	119027275
59529039	59529229
130681525	130681583
219968938	219969128
40987298	40987488
153031842	153032032
213114343	213114409
106406345	106406535
201827905	201828095
227898248	227898298
120275116	120275306
37232239	37232429
7259264	7259454
110369325	110369415
112655602	112655665
102387223	102387413
74078483	74078673
39740893	39741083
106724884	106725074
106714655	106714845
28642336	28642400
215175156	215175346
49844093	49844169
65357453	65357643
208926988	208927046
56237004	56237194
74560500	74560554
174913045	174913235
201600490	201600680
160031776	160031966
74990030	74990087
27593207	27593262
24565390	24565463
44787613	44787803
12044342	12044532
119932126	119932316
106701896	106702086
42997753	42997943
38303457	38303647
166555305	166555375
223779974	223780164
26394448	26394638
61863009	61863199
850216	850406
139603949	139604019
101857232	101857422
157049128	157049318
241535248	241535300
85493685	85493875
212320066	212320256
66146143	66146333
63771308	63771361
197248324	197248514
115923267	115923333
217004701	217004891
109877378	109877568
148959039	148959229
135450147	135450337
200349754	200349944
152803790	152803980
123506193	123506246
20622732	20622922
178847999	178848189
33258685	33258875
74375052	74375122
22578865	22578922
186144851	186145041
98805200	98805269
32437493	32437683
175209882	175209939
208557030	208557220
45805751	45805806
181105609	181105799
101346842	101347032
231627128	231627318
166095849	166095912
181845397	181845587
51937545	51937735
128615793	128615983
182835037	182835112
142923369	142923559
130939709	130939899
90246471	90246536
220035960	220036150
219157250	219157440
56188542	56188732
19065469	19065659
191044939	191045129
128936850	128937040
47499647	47499746
65244630	65244820
112377190	112377380
119769098	119769288
167038179	167038369
121433195	121433385
2124648	2124838
211900373	211900563
104575760	104575950
84250042	84250232
186493924	186494114
131113651	131113841
209119074	209119264
173836836	173837026
60115251	60115441
158449599	158449789
67704112	67704163
156123191	156123381
18616815	18617005
108553394	108553470
102622789	102622979
64545017	64545098
71204583	71204773
159892718	159892784
236044712	236044902
239892264	239892454
199522350	199522540
175552967	175553021
127117189	127117379
190986787	190986977
152548234	152548424
46067662	46067852
59078828	59079018
134318740	134318930
142156987	142157053
182043648	182043838
184896583	184896773
8833476	8833666
220324218	220324408
124751386	124751576
187368992	187369045
8944166	8944356
166635656	166635846
211367829	211368019
44942898	44942948
216975007	216975059
43021711	43021901
75063671	75063861
241519268	241519458
165456592	165456782
75295785	75295975
231729431	231729621
149944423	149944476
19549956	19550146
97429479	97429669
156233861	156233916
28844051	28844241
3740050	3740240
33259957	33260023
31749046	31749236
123058422	123058612
54990888	54991078
95622634	95622824
127954595	127954785
33638100	33638290
175499663	175499853
60563705	60563762
65547634	65547824
113482537	113482727
75357403	75357593
171343359	171343549
164735327	164735517
217529295	217529485
37763435	37763625
12556781	12556971
207019021	207019211
241172397	241172587
150655912	150656102
110473043	110473233
241922873	241923063
105028963	105029153
170254302	170254492
240821774	240821964
74378634	74378824
61922114	61922304
122505850	122506040
113258752	113258942
48085075	48085265
36560867	36561057
104650010	104650063
96930654	96930844
232535695	232535885
21540115	21540305
106607198	106607388
101822097	101822287
196803156	196803225
42316560	42316750
74771877	74772067
47881508	47881698
171253671	171253861
108549545	108549735
64553354	64553544
132250312	132250383
62377922	62378112
96899660	96899850
1821354	1821544
44317712	44317902
103370124	103370314
101211425	101211615
176116273	176116463
73383815	73384005
56418867	56419057
97426751	97426831
156002352	156002542
103456475	103456665
109605635	109605825
106137752	106137942
72553077	72553267
232347531	232347721
111513148	111513338
14525247	14525437
176174620	176174810
169568621	169568811
139234606	139234796
46593539	46593729
46457322	46457512
232578603	232578793
190539125	190539315
175641026	175641216
28378599	28378789
222889739	222889929
91818724	91818914
182437973	182438163
16734598	16734788
149571349	149571539
166810677	166810867
131185311	131185375
230775579	230775769
233476426	233476616
232259470	232259660
176279721	176279911
16799211	16799401
61108034	61108224
141566499	141566689
220076361	220076551
85085335	85085525
210290297	210290487
118593580	118593770
12190559	12190749
89948207	89948397
31954851	31955041
166913989	166914179
201990412	201990602
68412770	68412960
85977725	85977915
224171205	224171395
114723300	114723490
132615917	132615993
65578014	65578204
228639086	228639276
148413125	148413315
196529424	196529495
192366384	192366574
128211027	128211217
122353851	122354041
197615847	197616037
45201299	45201489
130913716	130913906
136289406	136289596
11040439	11040629
137631945	137632135
16463199	16463389
59098976	59099166
13663382	13663572
89060823	89061013
191672043	191672233
49718001	49718191
111612405	111612595
216735840	216736030
27309405	27309595
42613917	42614107
237218280	237218470
159990407	159990597
132249906	132250096
174151097	174151287
74214680	74214870
158454030	158454220
71451163	71451353
174436111	174436301
178501480	178501670
159321256	159321446
86623645	86623835
45179433	45179623
241673333	241673523
183959216	183959406
191203289	191203479
169017487	169017677
80209700	80209890
38949412	38949602
186473630	186473820
99701953	99702143
27356765	27356955
178628493	178628683
170308688	170308878
187767979	187768169
73907422	73907612
118906499	118906689
105561047	105561237
177518691	177518881
24283839	24284029
54403813	54404003
173091152	173091342
157014343	157014533
209121244	209121434
215695608	215695798
190563062	190563252
122113727	122113917
24451467	24451657
69066483	69066673
40440384	40440574
36899448	36899638
200850429	200850619
240065681	240065871
178997127	178997317
64684777	64684967
177987898	177988088
232575066	232575256
68337337	68337527
38968108	38968298
188446224	188446414
25352202	25352392
169193420	169193610
122655248	122655438
156922519	156922709
145277704	145277894
10282599	10282789
38079050	38079240
109471779	109471969
10849557	10849747
111952437	111952627
193150906	193151096
44518897	44519087
220862048	220862238
55276175	55276365
14428174	14428364
156229590	156229780
194828319	194828509
31456674	31456864
78900254	78900444
21341275	21341465
37798132	37798322
191179565	191179755
195410843	195411033
64836512	64836702
172017256	172017446
218007490	218007680
71012541	71012731
42970385	42970575
74054239	74054429
31900738	31900928
168992994	168993184
97011200	97011390
242196939	242197129
161108876	161109066
232585795	232585985
62138742	62138932
179387723	179387913
159317278	159317468
132430307	132430497
75384684	75384874
221030212	221030402
230580717	230580907
184990698	184990888
60731410	60731600
242003033	242003223
128398085	128398275
173940463	173940653
24244345	24244535
203023606	203023796
69240075	69240265
162433055	162433245
231454235	231454425
42287315	42287505
195424799	195424989
225233831	225234021
142669376	142669566
238533322	238533512
233924368	233924558
120144957	120145147
216924305	216924495
242537988	242538178
119786046	119786236
118790062	118790252
132559426	132559616
232791003	232791193
240028108	240028298
225476740	225476930
38303829	38304019
86115873	86116063
202209804	202209994
70023415	70023605
160373091	160373281
64371414	64371604
66802508	66802698
178160867	178161057
12098667	12098857
144599631	144599821
5506160	5506210
109824657	109824847
25781190	25781380
165416805	165416995
15085273	15085463
89572788	89572838
55998847	55999037
74210493	74210683
157912242	157912432
223726994	223727184
143634098	143634288
207385926	207386116
213459863	213460053
113841935	113842125
9697882	9698072
21116436	21116626
70882448	70882638
38390265	38390455
79088775	79088965
196269478	196269668
207646362	207646552
105593413	105593603
208905018	208905208
14591515	14591705
161209798	161209988
178130156	178130346
21250430	21250620
112505320	112505510
192540640	192540830
198814965	198815155
231479689	231479879
62356814	62357004
182602873	182603063
25642508	25642698
198220993	198221183
86057892	86058082
62526950	62527140
113956775	113956965
27145662	27145852
200123106	200123296
7812281	7812471
48828615	48828805
31913480	31913670
129513071	129513261
98774107	98774297
31486598	31486788
201982161	201982351
169491574	169491764
25584899	25585089
129949788	129949978
191209033	191209223
36549374	36549564
73220309	73220499
167217880	167218070
9796620	9796810
202921427	202921617
96926535	96926725
43370135	43370325
100435413	100435603
227849458	227849648
63714182	63714372
152907981	152908171
228410702	228410892
189849005	189849195
201440775	201440965
102135469	102135659
90108237	90108427
8656272	8656462
54050838	54051028
25424238	25424428
225867483	225867673
170532982	170533172
62650420	62650610
217908776	217908966
152664937	152665127
74812735	74812925
18299003	18299193
85097547	85097737
216928834	216929024
206950820	206951010
19745357	19745547
175901373	175901563
202830362	202830552
96808074	96808264
179565662	179565852
63250695	63250885
20586485	20586675
217561524	217561714
157063169	157063359
153011851	153012041
7154587	7154777
31919615	31919805
38211819	38212009
3875311	3875501
38487646	38487836
21977160	21977350
103775602	103775792
137931147	137931337
203143771	203143961
58110193	58110383
46521376	46521566
20955003	20955193
62424505	62424695
140548502	140548692
236015862	236016052
224111940	224112130
239048297	239048487
232651454	232651644
131130131	131130321
246578	246768
25937716	25937906
231975322	231975512
36586265	36586455
129818858	129819048
238380212	238380402
62671119	62671309
8443774	8443964
88853808	88853998
98642068	98642258
214097911	214098101
139680639	139680829
86600111	86600301
4402296	4402486
41703104	41703294
172176013	172176203
60869546	60869736
231714851	231715041
46828585	46828775
214016948	214017138
191631361	191631551
239069041	239069231
10800186	10800376
224557169	224557359
171785616	171785711
111576756	111576946
16789943	16790133
43832338	43832528
224625980	224626170
239015950	239016140
127931833	127932023
62368010	62368200
207307546	207307736
106445079	106445269
155309519	155309709
80515702	80515892
134986081	134986271
158192759	158192949
192167269	192167459
143635110	143635300
197457617	197457807
99099713	99099903
26744166	26744356
174616974	174617164
65206107	65206297
62266545	62266735
190331501	190331691
8248216	8248406
123181627	123181817
25144140	25144330
15198258	15198448
108800979	108801169
106490320	106490510
3183142	3183332
163989428	163989618
182100892	182101082
62541096	62541286
223348301	223348491
237411836	237412026
181971682	181971872
122493200	122493390
207114826	207115016
69128345	69128535
71175672	71175862
108786563	108786753
242158304	242158494
231850150	231850340
224766629	224766819
59409503	59409693
88486708	88486898
197940574	197940764
84968688	84968878
3786106	3786296
86081295	86081485
47885898	47886088
190212254	190212444
59118385	59118575
205736411	205736601
39351616	39351806
195732196	195732386
37862609	37862799
60782207	60782397
111827401	111827591
112806964	112807154
166827344	166827534
45837708	45837898
155232247	155232437
42588723	42588913
73847196	73847386
217950297	217950487
23789693	23789883
29552863	29553053
97534733	97534923
211949905	211950095
37803024	37803214
40675726	40675916
47748106	47748296
214092289	214092479
136502402	136502592
8655483	8655673
169347135	169347325
192893909	192894099
237477068	237477258
84304717	84304907
55538765	55538955
68715009	68715199
111786411	111786601
228228574	228228764
13186783	13186973
130915811	130916001
143361434	143361624
30698513	30698703
231821609	231821799
181468916	181469106
170734027	170734217
227663091	227663281
142271549	142271739
71558680	71558870
172290352	172290542
183628150	183628340
68348274	68348464
75209809	75209999
35568295	35568485
143044266	143044456
28830128	28830318
201523312	201523502
190847625	190847815
131100617	131100807
114359648	114359747
81079959	81080149
208490220	208490410
43249475	43249665
87568850	87568933
178770894	178771084
227737737	227737927
64782859	64783049
102870320	102870510
74643926	74644116
149402738	149402928
131134078	131134268
158366403	158366593
8442261	8442451
65161875	65162065
202663730	202663920
214022080	214022270
74799396	74799586
11005084	11005274
13554227	13554417
70914031	70914221
185228041	185228231
158608397	158608587
216659653	216659843
30557785	30557975
206188785	206188975
234108544	234108734
231466257	231466447
233470597	233470787
173458528	173458718
59089318	59089508
47892067	47892257
135415324	135415514
60229773	60229963
12856752	12856942
41724143	41724333
12857682	12857872
217741903	217742093
894139	894329
98364937	98365127
111436916	111437106
97193421	97193611
53700491	53700681
158269995	158270185
34795660	34795850
161775512	161775702
27631015	27631205
164039373	164039563
113597472	113597662
201535155	201535345
42825910	42826100
180801482	180801672
225314216	225314406
197242039	197242229
208102197	208102387
96011360	96011550
8453477	8453667
43506566	43506756
137010977	137011167
37853270	37853460
167757283	167757473
13342154	13342344
223558708	223558898
239422106	239422296
61847770	61847960
164026099	164026289
240187060	240187250
119884255	119884445
223654304	223654494
146242083	146242273
86471505	86471695
61362710	61362900
166963262	166963452
29518825	29519015
242818110	242818178
149569439	149569629
18730	18920
96779200	96779390
231849233	231849423
224539827	224540017
112425180	112425370
112658636	112658826
232633875	232634065
192107967	192108157
9695787	9695977
170549912	170550102
142069042	142069232
136576891	136577081
242728184	242728374
20442091	20442281
197400607	197400797
230933574	230933764
47187872	47188062
32062462	32062652
160414068	160414258
233095378	233095568
41668599	41668789
100342351	100342541
38782453	38782643
121886434	121886624
65177667	65177857
188312864	188313054
46061118	46061308
24211334	24211524
208634372	208634562
85945255	85945445
54784906	54785096
111893455	111893645
39296395	39296585
47164602	47164792
231839050	231839240
30558975	30559165
208087833	208088023
74222996	74223186
112456755	112456945
43333177	43333367
59981598	59981788
37777416	37777606
8549335	8549525
242206729	242206919
39820979	39821169
96729274	96729464
64880836	64881026
88490397	88490587
6354727	6354917
192015621	192015811
204793660	204793850
182825963	182826153
99061343	99061533
69003376	69003566
12573820	12574010
120048544	120048734
232997894	232998084
228612889	228613079
88607431	88607621
73115049	73115239
205124924	205125114
176193931	176194121
153572450	153572640
61935268	61935458
172174373	172174563
9254647	9254837
208195667	208195857
238509010	238509200
230296156	230296346
218087467	218087657
71418178	71418368
36997948	36998138
123499040	123499230
23422305	23422495
132426533	132426723
229998001	229998191
97025136	97025326
232765263	232765453
232797777	232797967
47355102	47355292
180763704	180763894
43629782	43629972
65149918	65150108
194560187	194560377
145073382	145073572
242962899	242963089
189630364	189630554
198070679	198070869
183935967	183936157
225750627	225750817
169346494	169346684
62570418	62570608
231794116	231794306
58358359	58358549
14568164	14568354
46844059	46844249
171199518	171199708
89996154	89996344
144041757	144041947
174943102	174943292
71222646	71222836
152904608	152904798
1131846	1132036
105350140	105350330
217080763	217080953
97268377	97268567
59812189	59812379
715958	716148
26685443	26685633
191583592	191583782
139789517	139789707
72098809	72098999
223183880	223184070
213886662	213886852
184704838	184705028
97422921	97423111
99081449	99081639
20293490	20293680
31657889	31658079
89218962	89219152
97748154	97748344
210442183	210442373
75660218	75660408
178060048	178060238
101070753	101070943
183451286	183451476
43629210	43629400
62952460	62952650
27304350	27304540
6492504	6492694
80087752	80087942
115712756	115712946
191587310	191587500
12313751	12313941
232110508	232110698
232354822	232355012
155363798	155363988
127240499	127240689
57987748	57987938
74148411	74148601
100550536	100550726
20876208	20876398
178637278	178637468
242672047	242672237
54308821	54309011
181848562	181848752
238231308	238231498
160534303	160534493
174224056	174224246
232270239	232270429
169231818	169232008
42354575	42354765
139244479	139244669
213990770	213990960
232057245	232057435
153717960	153718150
147280841	147281031
43419412	43419602
214085794	214085984
217854151	217854341
56516424	56516614
37253310	37253500
102975071	102975261
75543212	75543402
147070461	147070651
226530155	226530345
214014080	214014270
133408768	133408958
62933217	62933407
59676503	59676693
34963849	34964039
47103984	47104174
47537700	47537890
64977885	64978075
171593313	171593503
45939794	45939984
214670961	214671151
240191046	240191236
129949263	129949453
242882573	242882763
60347016	60347206
134938923	134939113
232257887	232258077
231523927	231524117
19577568	19577758
29566789	29566979
100758934	100759124
223201270	223201460
158326064	158326254
232791523	232791713
125567816	125568006
60580587	60580777
24766194	24766384
85875803	85875993
182303114	182303304
3620311	3620501
119765792	119765982
74166691	74166881
182177288	182177478
6493149	6493339
234547596	234547786
204020268	204020458
232227042	232227232
30453329	30453519
113932835	113933025
108799051	108799241
169471305	169471495
36493808	36493998
150571802	150571992
120981300	120981490
26994022	26994212
160878766	160878956
228605483	228605673
157206197	157206387
13790799	13790989
72029250	72029440
242604943	242605133
62222726	62222916
16669058	16669248
43688877	43689067
11925133	11925323
18934390	18934580
42267875	42268065
218858655	218858845
192233861	192234051
172336033	172336223
208095033	208095223
83423449	83423639
118293823	118294013
2835500	2835690
98629192	98629382
208323446	208323636
11213495	11213685
65865622	65865812
7062607	7062797
130783610	130783800
234837334	234837524
207996854	207997044
6485681	6485871
56304770	56304960
114055281	114055471
136814787	136814977
165573622	165573812
54824843	54825033
114477865	114478055
205750573	205750763
220406321	220406511
9516255	9516445
233533894	233534084
6244158	6244348
67809063	67809253
232982223	232982413
168407042	168407232
74554349	74554539
111612043	111612233
48542517	48542707
197105043	197105233
240900777	240900967
70017404	70017594
26726116	26726306
44177648	44177838
233926376	233926566
70870950	70871140
211264249	211264439
242824615	242824805
65505309	65505499
170862348	170862538
7057360	7057550
172102034	172102224
30394811	30395001
182295264	182295454
96829622	96829812
24713704	24713894
136997584	136997774
105723524	105723714
106536440	106536630
142943614	142943804
153414066	153414256
188523752	188523942
217193209	217193399
185476277	185476467
102868189	102868379
202545524	202545714
166162987	166163177
196398583	196398773
190888682	190888872
198017169	198017359
108651400	108651590
103209149	103209339
155258745	155258935
8141108	8141298
183632402	183632592
42255889	42256079
58273729	58273919
197313917	197314107
38162442	38162632
73917876	73918066
107087208	107087398
196966596	196966786
233230375	233230565
38036684	38036874
114959462	114959652
117267746	117267936
97524535	97524725
20351166	20351356
95980891	95981081
38374140	38374330
12641722	12641912
29287224	29287414
105137864	105138054
96823623	96823813
48541448	48541638
73981088	73981278
10220050	10220240
12695133	12695323
7865341	7865531
202283859	202284049
96907043	96907233
202045694	202045884
141867269	141867459
232476045	232476235
233190789	233190979
47943581	47943771
216161127	216161317
173956183	173956373
169351015	169351205
65832580	65832770
65914140	65914330
44522939	44523129
54311836	54312026
102600510	102600700
169706184	169706374
86315180	86315370
61959993	61960183
54802093	54802283
207424019	207424209
74332066	74332256
197623719	197623909
43454889	43455079
9905804	9905994
241505822	241506012
43635253	43635443
65898880	65899070
96764446	96764636
100020166	100020356
65369772	65369962
72025569	72025759
217552502	217552692
86031821	86032011
171226545	171226735
182030074	182030264
14621141	14621331
218938717	218938907
45667382	45667572
17352827	17353017
25632328	25632518
11970493	11970683
68471682	68471872
189321321	189321511
218901151	218901341
192515812	192516002
3005467	3005657
179395630	179395820
232665320	232665510
62227773	62227963
43447233	43447423
216418808	216418998
198120283	198120473
240961023	240961213
184213264	184213454
46142645	46142835
12197610	12197800
240873994	240874184
37407514	37407704
7006617	7006807
136816825	136817015
55281755	55281945
174762938	174763128
173349173	173349363
233924971	233925161
60564239	60564429
19946505	19946695
211528359	211528549
201310111	201310301
65034622	65034812
529480	529670
238318756	238318946
229183047	229183237
194641813	194642003
206992475	206992665
64282563	64282753
64927369	64927559
69968388	69968578
16689610	16689800
43614188	43614378
46116317	46116507
170646340	170646530
7108620	7108810
209685105	209685295
127416896	127417086
15047189	15047379
88487569	88487759
10442627	10442817
200467129	200467319
11558191	11558381
197714729	197714919
75618561	75618751
152634115	152634305
37145566	37145756
64822647	64822837
174828084	174828274
209179858	209180048
26537217	26537407
147458846	147459036
74459529	74459719
73857905	73858095
114450338	114450528
44843258	44843448
73587545	73587735
70418203	70418393
62590522	62590712
73830384	73830574
111604717	111604907
47951387	47951577
218088299	218088489
165336074	165336264
70322361	70322551
69664038	69664228
32206189	32206379
180856214	180856404
54798165	54798355
228443496	228443686
80163548	80163738
239067433	239067623
16908510	16908700
224702696	224702886
223447741	223447931
9473816	9474006
37797836	37798026
96811041	96811231
111800911	111801101
132274196	132274386
86114815	86115005
135123059	135123249
148777840	148778030
234741508	234741698
20725082	20725272
114514239	114514429
37570705	37570895
80465902	80466092
172397809	172397999
190627858	190628048
172164238	172164428
39005630	39005820
144971403	144971593
29867917	29868107
172017650	172017840
37875855	37876045
201374739	201374929
136651190	136651380
149431732	149431922
88650581	88650771
172813706	172813896
32551625	32551815
38666090	38666280
135809625	135809815
237527166	237527356
153411666	153411856
30047125	30047315
65483289	65483479
74756127	74756317
197664392	197664582
145132071	145132261
242041692	242041882
7965979	7966169
118943476	118943666
64554791	64554981
158163618	158163808
227990311	227990501
9346410	9346600
60529994	60530184
25520807	25520997
26458069	26458259
165352217	165352407
123461803	123461993
95989208	95989398
159475243	159475433
190628756	190628946
37772511	37772701
107254606	107254796
16503272	16503462
222385595	222385785
131129744	131129934
29328307	29328497
1754658	1754848
63274690	63274880
37861083	37861273
16400048	16400238
181857786	181857976
71509716	71509906
218083585	218083775
8451160	8451350
55086702	55086892
37864745	37864935
234504273	234504463
238595304	238595494
231848377	231848567
97438797	97438987
105796316	105796506
232270604	232270794
160471990	160472180
154143744	154143934
158901987	158902177
119296969	119297159
37733639	37733829
81551243	81551433
209120077	209120267
64954237	64954427
24560931	24561121
8425194	8425384
177796605	177796795
85470910	85471100
159403485	159403675
182446372	182446562
13683867	13684057
197274256	197274446
231152960	231153150
199764563	199764753
53942812	53943002
161960771	161960961
175214812	175215002
177355974	177356164
109033830	109034020
62080315	62080505
3622655	3622845
157287672	157287862
69664507	69664697
201677149	201677339
123289492	123289682
102409879	102410069
43683537	43683727
223180242	223180432
47537322	47537512
13196468	13196658
206887971	206888161
27304038	27304228
186844577	186844767
109644866	109645056
179838867	179839057
98567700	98567890
42282044	42282234
19887078	19887268
9251056	9251246
54275596	54275786
164467817	164468007
39062247	39062437
63821864	63822054
35393544	35393734
132092979	132093169
62560224	62560414
65833423	65833613
70388206	70388396
103027515	103027705
13333418	13333608
136964262	136964452
37801322	37801512
4810784	4810974
234766194	234766384
3731507	3731697
220360184	220360374
127156671	127156861
177134327	177134517
65617393	65617583
30455643	30455833
188836725	188836915
210288513	210288703
111808454	111808644
141498254	141498444
46070389	46070579
145090128	145090318
223966568	223966758
172263891	172264081
238924391	238924581
242297943	242298133
174819787	174819977
106505174	106505364
6493804	6493994
196401012	196401202
172797536	172797726
65659825	65660015
191447916	191448106
11885351	11885541
158300461	158300651
58259595	58259785
60788023	60788213
238001918	238002108
241700086	241700276
54751918	54752108
95858772	95858962
215452271	215452461
176976041	176976231
240291835	240292025
96987703	96987893
169352220	169352410
9922669	9922859
153322650	153322840
146502816	146503006
121062949	121063139
95463094	95463284
219482928	219483118
232537727	232537917
144610465	144610655
54725268	54725458
175548306	175548496
128321273	128321463
74811297	74811487
16820319	16820509
209133901	209134091
58137877	58138067
189841482	189841672
129472428	129472618
135536037	135536227
162845100	162845290
148601467	148601657
67442481	67442671
165124756	165124946
99087472	99087662
8821508	8821698
37317504	37317694
192482463	192482653
114647082	114647272
192096749	192096939
156225561	156225751
109855240	109855430
8570855	8571045
206768580	206768770
30454171	30454361
8201433	8201623
126155573	126155763
48954817	48955007
135801010	135801200
197278704	197278894
43396229	43396419
231815343	231815533
223612368	223612558
42145936	42146126
70781374	70781564
33703748	33703938
204259376	204259566
46086918	46087108
152505136	152505326
45878984	45879174
199795012	199795202
242640721	242640911
99077288	99077478
174868414	174868604
38603353	38603543
33990289	33990479
237362575	237362765
193055270	193055460
237439259	237439449
242239576	242239766
149894479	149894669
197242395	197242585
113570383	113570573
99062825	99063015
98704793	98704983
147980813	147981003
198172026	198172216
101655168	101655358
233304262	233304452
38712961	38713151
62372901	62373091
30362181	30362371
7913567	7913757
62369245	62369435
67960873	67961063
159047833	159048023
7058864	7059054
30456613	30456803
68638515	68638705
59403982	59404172
64441847	64442037
84719807	84719997
8714442	8714632
86714287	86714477
112483405	112483595
153298595	153298785
99251323	99251513
23755273	23755463
224702099	224702289
213595842	213596032
233751980	233752170
23127064	23127254
15888939	15889129
194105599	194105789
242213574	242213764
161126600	161126790
158617608	158617798
200716060	200716250
79268160	79268350
30737460	30737650
203076846	203077036
9126872	9127062
231545240	231545430
192578654	192578844
228242760	228242950
65949298	65949488
65847730	65847920
31636878	31637068
31360907	31361097
219874972	219875162
135041077	135041267
38412225	38412415
42180917	42181107
138938385	138938575
179896594	179896784
122751394	122751584
42398955	42399145
227112090	227112280
133434680	133434870
202269489	202269679
105994422	105994612
35653725	35653915
182321439	182321629
21398805	21398995
135093949	135094139
129951652	129951842
220374487	220374677
143553800	143553990
26407663	26407853
46116878	46117068
132337916	132338106
38107762	38107952
48432694	48432884
101197552	101197742
125985690	125985880
167274272	167274462
191878973	191879163
177864181	177864371
1890272	1890462
242275758	242275948
98611588	98611778
165770228	165770418
223846809	223846999
69435257	69435447
231276533	231276723
233740386	233740576
42502121	42502311
42949753	42949943
25626377	25626567
96908077	96908267
1858683	1858873
197346866	197347056
224810049	224810239
237454544	237454734
86100894	86101084
171070808	171070998
231467287	231467477
66028236	66028426
111506162	111506352
14277837	14278027
74048556	74048746
95743238	95743428
55237297	55237487
13663805	13663995
68651240	68651430
84054865	84055055
74804080	74804270
136358559	136358749
125083355	125083545
55496347	55496537
75652443	75652633
74433576	74433766
181988536	181988726
9710891	9711081
208148214	208148404
667440	667630
208125086	208125276
27247874	27248064
137981415	137981605
236958863	236959053
43710161	43710351
145943992	145944182
54568907	54569097
141454140	141454330
191884959	191885149
53429426	53429616
208197323	208197513
238041520	238041710
111624102	111624292
96830507	96830697
236702043	236702233
126017141	126017331
98610539	98610729
13698566	13698756
198248647	198248837
113984939	113985129
194448796	194448986
217926584	217926774
233928003	233928193
20646740	20646930
242674912	242675102
25585660	25585850
71299139	71299329
109929466	109929656
174639940	174640130
197269858	197270048
30555898	30556088
197034916	197035106
70373535	70373725
106438755	106438945
73487521	73487711
46427523	46427713
34008038	34008228
158260961	158261151
68654434	68654624
127374515	127374705
76061884	76062074
215825526	215825716
171219802	171219992
61034533	61034723
99104494	99104684
213393285	213393475
172175675	172175865
209648004	209648194
70330796	70330986
197029403	197029593
220425178	220425368
64978619	64978809
240226098	240226288
207936566	207936756
231809148	231809338
220144609	220144799
56768131	56768321
149793446	149793636
127643971	127644161
189848249	189848439
240248672	240248862
8822134	8822324
149296035	149296225
144560906	144561096
232410346	232410536
216873206	216873396
8768764	8768954
195415066	195415256
10258351	10258541
169300434	169300624
234139494	234139684
136889199	136889389
46137027	46137217
69016913	69017103
