35730531	35730794
60186869	60187154
45307190	45307420
48374813	48375026
36823856	36824068
34476378	34476617
74275628	74275841
4316510	4316765
43462948	43463172
8901411	8901611
41771835	41772047
41560994	41561198
2148130	2148327
19669864	19670061
47392922	47393139
80739737	80739954
46956369	46956589
33325306	33325493
56524932	56525128
40474835	40475078
53591457	53591649
72740827	72741027
37363307	37363508
45393105	45393315
17545203	17545398
7646968	7647184
72375636	72375826
29764374	29764585
3641075	3641284
30810586	30810794
39818995	39819228
7039649	7039835
29852443	29852645
7816345	7816537
20025049	20025236
17259460	17259658
48559913	48560104
72489554	72489755
1026384	1026578
6569416	6569602
4792446	4792637
47772894	47773089
48860610	48860808
16905177	16905384
61502846	61503062
72453770	72453960
57082314	57082512
32527046	32527259
59713396	59713585
4118733	4118952
27053949	27054171
75243171	75243365
41837822	41838054
39894346	39894547
47109598	47109792
62645321	62645512
65796605	65796812
55320552	55320786
74502506	74502716
17822583	17822779
78400764	78400964
33860406	33860606
74462160	74462349
32688578	32688818
74001754	74001943
2285956	2286149
61996672	61996887
67231685	67231888
46095774	46095982
40558126	40558335
57518241	57518434
43296359	43296545
36833407	36833592
75327587	75327796
40679336	40679524
62359412	62359596
71251911	71252107
46534686	46534883
76108795	76108985
65599185	65599383
5490863	5491039
58513364	58513559
49230601	49230799
17763603	17763807
40555290	40555492
42852254	42852436
72653644	72653863
27966638	27966823
43275241	43275442
56190480	56190666
73408730	73408946
57830905	57831108
80509790	80509968
45967375	45967564
26207117	26207325
41471413	41471605
36579997	36580183
48624343	48624532
30169633	30169840
28667240	28667421
4965785	4965976
38511338	38511539
38459349	38459538
262118	262305
76010026	76010203
79917607	79917811
47633773	47633943
25928838	25929009
73110231	73110421
80111834	80112028
37778289	37778482
26821818	26822022
47645309	47645500
6949183	6949366
34296615	34296801
65471600	65471790
53603842	53604042
79988419	79988600
71366103	71366298
25563829	25564004
70114822	70115019
3586368	3586556
79451375	79451572
16318341	16318521
6955464	6955649
56665097	56665324
33639811	33639992
17936890	17937078
19266264	19266444
48246745	48246937
73197898	73198122
43354655	43354844
66168645	66168845
63227934	63228119
57936883	57937070
30580148	30580351
46662785	46662990
75426245	75426430
38689639	38689849
43212713	43212939
15901880	15902058
55824987	55825174
1624176	1624375
78169983	78170191
56394847	56395038
26132562	26132749
36151425	36151604
884365	884544
42610978	42611174
38269459	38269640
19417306	19417493
21416349	21416522
48164898	48165076
16267194	16267350
74117581	74117814
26867818	26868001
2916352	2916524
47472456	47472626
3767080	3767255
61689701	61689873
64563413	64563599
76081158	76081336
1533373	1533549
34985830	34986021
28106356	28106544
6325417	6325605
7766066	7766245
58798218	58798397
46882312	46882504
41654115	41654290
25926948	25927157
55017340	55017516
2752171	2752352
17217004	17217184
59914667	59914860
5100356	5100540
28258442	28258641
56788426	56788607
38170082	38170263
1268817	1269012
1477821	1478009
37139475	37139663
4324006	4324185
35754731	35754911
48277940	48278139
75092667	75092844
76418180	76418373
62211061	62211250
70536533	70536741
25572372	25572582
63194954	63195145
38136764	38136943
73743979	73744154
42287762	42287995
67522232	67522415
37401086	37401255
45776300	45776479
30465991	30466166
30646541	30646718
16424655	16424841
40115084	40115287
6817267	6817446
44290346	44290540
38959876	38960071
56495014	56495209
32747403	32747590
21023059	21023239
44264409	44264573
64161770	64161941
46208675	46208851
44079978	44080177
56596035	56596215
4812487	4812669
28134882	28135066
9828159	9828326
45078598	45078764
3730544	3730723
40730534	40730716
72787709	72787874
34176607	34176780
8204046	8204216
64711921	64712122
47257759	47257961
57388440	57388622
74864340	74864532
65624949	65625131
12906498	12906677
1419015	1419193
31110640	31110829
53373389	53373565
75491075	75491293
38776267	38776440
76285959	76286125
34074572	34074753
27475951	27476165
7183959	7184155
32473566	32473738
58716196	58716360
43505525	43505695
6908206	6908383
16440269	16440443
28431620	28431799
73422477	73422661
72766946	72767120
39957920	39958093
36176002	36176184
5140866	5141082
38716611	38716789
74519273	74519454
1179547	1179737
21183405	21183575
76704677	76704850
59489824	59490008
1235927	1236100
34274205	34274381
71425616	71425798
61556360	61556532
49027764	49027952
43717844	43718016
3817227	3817400
73901152	73901346
28420609	28420788
48075684	48075865
40268797	40268988
32078243	32078407
1958268	1958421
63290408	63290576
42245883	42246057
12084101	12084274
55969940	55970118
67565283	67565457
76356945	76357115
79075638	79075802
27090833	27090990
78549213	78549401
36505104	36505281
42997491	42997660
30936213	30936399
39804233	39804399
18151669	18151840
2319405	2319591
65370840	65371030
45920507	45920690
75538880	75539054
46026712	46026871
47938568	47938754
7726127	7726307
46696012	46696191
37309184	37309386
31237012	31237173
72172935	72173106
40915537	40915693
25659945	25660132
46151796	46151962
77389458	77389622
27451176	27451346
75062973	75063138
61484192	61484371
73400325	73400518
46055825	46055985
9632464	9632624
80309786	80309975
41755363	41755523
76247055	76247272
49134208	49134389
48919311	48919479
40669559	40669734
55749351	55749524
73286198	73286373
48074023	48074199
46102537	46102722
53679223	53679416
75052430	75052591
18864224	18864400
73319243	73319408
49078540	49078691
48929544	48929710
79979102	79979275
3907986	3908161
27907427	27907593
57407026	57407201
46429307	46429448
42072359	42072522
67519483	67519654
1090575	1090740
49841840	49842012
53070550	53070706
17794425	17794598
10549834	10549994
72919703	72919872
17584526	17584692
57598961	57599133
71185801	71185962
46755879	46756047
20130155	20130340
66459218	66459374
64251270	64251428
36204403	36204585
77387948	77388115
65685779	65685946
33446818	33446998
47304883	47305043
36819450	36819619
45918649	45918833
8798332	8798512
70721748	70721906
67603396	67603561
70556458	70556635
76172729	76172884
30228764	30228928
46801988	46802147
70723948	70724109
62398516	62398685
56072888	56073050
25930301	25930465
31082196	31082368
7755165	7755348
20896302	20896455
66432629	66432784
19896171	19896332
12159829	12159981
78840112	78840284
57824333	57824482
74620073	74620238
79700856	79701038
80921185	80921344
66773658	66773813
14829966	14830127
74677406	74677576
7961089	7961237
44913329	44913493
76493269	76493464
28348839	28348994
42408783	42408942
38267994	38268152
74010398	74010545
26578753	26578931
41387215	41387387
66768091	66768257
37910509	37910678
37704276	37704437
41089849	41090006
7259449	7259609
40253659	40253818
2731828	2731985
38514840	38514992
9425502	9425665
47485447	47485602
28452389	28452548
69469456	69469639
64724165	64724328
34838905	34839083
33866489	33866659
75768609	75768763
32869860	32870021
54793349	54793503
39065627	39065820
1998393	1998545
698180	698324
65078438	65078571
34131794	34132013
5152958	5153130
68763365	68763521
46103889	46104045
72954092	72954257
42600629	42600786
37225727	37225884
63984241	63984399
5495841	5495992
54897129	54897295
66395267	66395443
35405039	35405191
28563965	28564137
43930175	43930321
74404757	74404905
40177026	40177203
56422310	56422471
74178346	74178510
38324724	38324881
14205951	14206104
60781237	60781382
45020000	45020158
18529010	18529240
46569958	46570134
63133307	63133458
36571031	36571208
41411690	41411818
31204266	31204441
34959487	34959635
27292731	27292888
47445865	47446019
13498202	13498355
4613275	4613434
79215535	79215684
70553191	70553343
65374915	65375071
55935381	55935566
76967464	76967605
20943566	20943724
16492753	16492906
3978240	3978394
25676185	25676351
7199811	7199965
38597324	38597500
19350481	19350643
76861936	76862094
38358166	38358301
25680918	25681053
7591419	7591577
18120820	18120972
9869058	9869221
64902888	64903057
43472590	43472755
55208429	55208588
72297422	72297558
7944781	7944948
63096745	63096891
27077162	27077370
38020477	38020645
27206151	27206310
47512541	47512702
71706411	71706560
46671315	46671501
74543530	74543675
62106346	62106500
68632788	68632944
72732947	72733105
28663720	28663901
10517977	10518130
73746044	73746202
1986932	1987093
59467400	59467564
46413381	46413522
74394181	74394331
46337177	46337320
21032456	21032592
7738262	7738410
17633102	17633237
58220346	58220489
54669941	54670107
36740694	36740840
41751265	41751415
43909593	43909735
7464394	7464535
66756119	66756269
62773084	62773212
45018267	45018431
72957795	72957922
78955219	78955367
16894807	16894977
70982357	70982508
48104297	48104441
4470112	4470252
77944619	77944765
9432451	9432605
66197024	66197172
17715661	17715815
38242797	38242967
12570792	12570933
40580539	40580692
29700292	29700427
80626523	80626679
55191532	55191660
27918753	27918901
65289941	65290083
80372457	80372616
43099451	43099585
72364509	72364644
40995493	40995640
71187721	71187875
17045279	17045460
72598222	72598358
29024997	29025126
40333416	40333564
46749113	46749265
36061533	36061693
1933998	1934133
79568649	79568782
40374292	40374437
2256450	2256594
40873175	40873309
79116619	79116748
36891433	36891590
6339414	6339578
59049260	59049404
42423201	42423348
71152454	71152594
49449112	49449255
15406226	15406357
39705614	39705748
40976296	40976461
44121814	44121968
76130523	76130676
48275713	48275867
9195593	9195740
7963659	7963788
61045932	61046069
2689685	2689820
36648348	36648571
16356642	16356805
72529315	72529449
77015746	77015883
13501182	13501314
8689237	8689385
62103234	62103403
59628636	59628780
47647476	47647633
68618659	68618807
55910806	55910946
34399993	34400139
27697258	27697399
34091207	34091341
7892133	7892292
77682547	77682665
77720069	77720189
77083785	77083930
1812130	1812280
59079765	59079899
10748579	10748740
17400221	17400377
72861105	72861243
41176540	41176679
42021456	42021587
77384665	77384809
45879866	45880005
44364142	44364277
65571645	65571772
74454764	74454902
53626636	53626774
48703597	48703724
2185663	2185815
75396763	75396905
7227625	7227756
32106257	32106389
70052978	70053117
21219960	21220111
43176627	43176766
64670041	64670175
17258335	17258480
47785693	47785834
34309176	34309317
35577596	35577731
78944304	78944457
26083875	26084022
6925373	6925509
65821463	65821597
10521561	10521685
55817409	55817531
78056567	78056723
72562402	72562546
39823322	39823469
53434211	53434343
59494336	59494465
79227230	79227361
36641235	36641347
54857692	54857811
36600475	36600604
49034237	49034368
26940400	26940546
33416409	33416548
46891882	46892021
19549338	19549475
15732196	15732312
10640524	10640659
80194358	80194509
7893597	7893732
2952095	2952226
74711032	74711162
36714483	36714614
46680084	46680201
42428222	42428349
4934827	4934944
32001751	32001872
18044695	18044803
10130273	10130430
37779793	37779915
79265668	79265795
43313154	43313270
39478692	39478817
66462379	66462526
8313719	8313836
55087484	55087604
32254990	32255115
67243061	67243180
49613318	49613451
53426247	53426384
2740610	2740749
62067882	62068006
43210654	43210769
65383200	65383336
77042072	77042196
2073445	2073578
1687427	1687547
8897663	8897785
603864	603989
73629115	73629231
35062708	35062856
75082693	75082837
29339878	29340023
38447087	38447209
41081371	41081506
77763793	77763917
28605179	28605301
31264059	31264187
26743961	26744085
27438974	27439105
4529369	4529484
45693328	45693450
20224235	20224360
56076970	56077102
27444277	27444386
65626172	65626291
62028424	62028547
78873250	78873370
74812748	74812878
12246066	12246210
25708096	25708206
5610282	5610416
47625971	47626096
37427378	37427500
78997736	78997855
8649400	8649526
38771697	38771921
62384352	62384483
25936766	25936875
16825790	16825911
40464353	40464473
61989112	61989216
4785380	4785521
12645686	12645832
48238935	48239071
899880	899992
60749788	60749924
41416408	41416525
56381762	56381887
75277225	75277356
44859716	44859843
60498916	60499032
41923734	41923844
43669830	43669960
77715830	77715963
10779417	10779533
72206677	72206778
46955660	46955779
29543290	29543395
73511929	73512043
8025023	8025155
5342594	5342693
6316470	6316586
46293066	46293195
42856587	42856697
10231007	10231120
74554699	74554820
55860740	55860873
54731417	54731541
26974022	26974115
28353853	28353961
65830209	65830327
8062200	8062332
68164287	68164398
6376611	6376727
80163858	80163965
62141230	62141357
72915645	72915774
29844701	29844841
53795638	53795752
71952856	71952978
77184167	77184298
68626197	68626326
80279421	80279571
27696966	27697084
38115347	38115466
40270760	40270862
3438916	3439008
16819414	16819535
73852083	73852204
68548676	68548815
1768871	1768987
46385322	46385415
45820122	45820249
29153121	29153237
65555589	65555718
62487266	62487380
1572745	1572859
73234852	73234946
38518964	38519065
42477736	42477860
4884012	4884115
38183382	38183484
1162503	1162651
41956038	41956136
38632533	38632641
62598635	62598754
42193096	42193226
70002030	70002118
48347578	48347687
62915599	62915678
62024227	62024356
3668872	3668979
74456764	74456876
47857199	47857303
35887498	35887613
77782558	77782748
55629799	55629886
1961948	1962061
20020094	20020206
39705265	39705330
45854118	45854169
78226798	78226874
58498739	58498849
31325478	31325575
21003181	21003281
14469	14575
1786229	1786328
81034950	81035071
43226658	43226739
19241551	19241657
41158707	41158802
16290053	16290178
72642537	72642624
8013640	8013766
15752493	15752605
46452130	46452208
55038434	55038531
1968406	1968508
26087179	26087295
73168028	73168135
50184148	50184248
77979751	77979860
52968711	52968805
8476239	8476340
48192408	48192494
49376285	49376383
7080857	7080955
48439482	48439583
76015601	76015694
30986485	30986575
46231168	46231269
53605035	53605155
68140495	68140595
62958026	62958126
3838491	3838594
41150082	41150187
46157715	46157815
7983386	7983498
40831935	40832002
67331322	67331411
48350634	48350753
4636669	4636751
67390996	67391095
17889029	17889120
21353345	21353449
48940880	48940965
46578633	46578731
40770683	40770774
80258791	80258875
65775229	65775331
4103247	4103333
7340416	7340513
12449375	12449462
11839225	11839322
38029075	38029174
18720240	18720343
37388413	37388492
3810912	3811012
29835309	29835499
77818710	77818809
43312119	43312309
25524705	25524763
3635596	3635706
34303129	34303228
17343448	17343501
9306046	9306143
42118939	42119038
39852371	39852446
27618312	27618401
57037531	57037611
1552222	1552339
10534528	10534627
9458270	9458337
33940086	33940175
66610221	66610297
10199202	10199292
1957017	1957100
76441836	76441929
66259367	66259479
13241243	13241336
50461021	50461121
72195890	72195974
27472517	27472567
36478223	36478283
63552657	63552724
40591368	40591445
74790013	74790113
44331312	44331415
72433943	72434025
4270224	4270328
77038528	77038718
40700326	40700401
25978623	25978708
47634957	47635015
21415065	21415148
27507376	27507566
18832178	18832277
42281193	42281269
41598076	41598143
12933830	12934020
38771964	38772130
16189210	16189400
29716586	29716654
42942599	42942789
25981835	25981921
66201530	66201608
47031775	47031837
8894979	8895064
53131359	53131451
60143447	60143530
33445101	33445291
8042024	8042115
39804992	39805182
69955442	69955526
37027898	37028088
46868537	46868626
1617223	1617283
47368233	47368322
26875226	26875416
7997254	7997444
8657275	8657465
18467537	18467634
69760837	69760900
62935089	62935279
77078891	77078959
27940585	27940665
38571738	38571792
36131048	36131139
57297837	57297911
42219156	42219213
20705008	20705103
69081550	69081613
80512381	80512571
56354649	56354728
66968360	66968550
53847716	53847906
65713845	65714035
72733841	72733910
48217326	48217516
47958007	47958089
37810201	37810391
46962112	46962302
27003152	27003204
38231864	38232054
74835950	74836007
80732987	80733046
32965341	32965531
48894698	48894888
55536651	55536718
56249975	56250050
54397031	54397113
6814488	6814547
27243450	27243640
77397340	77397415
80452630	80452820
70385321	70385401
57394381	57394571
20847691	20847881
73996655	73996740
45867554	45867624
6551654	6551704
27546554	27546641
25896402	25896592
10519997	10520069
73500494	73500573
46088752	46088942
77785231	77785421
7801193	7801383
7535894	7535976
54204037	54204091
80725123	80725313
74723184	74723374
40219376	40219566
46340540	46340590
20284732	20284821
235996	236095
55675351	55675408
57991724	57991914
49399876	49400066
40202595	40202667
45741798	45741988
35596729	35596919
38555456	38555646
20923596	20923786
34982409	34982599
72086112	72086302
29885850	29885914
5095225	5095415
2135024	2135214
28804250	28804440
48772539	48772729
76795187	76795253
48171765	48171816
4468948	4469138
19300925	19300977
44272442	44272632
39735904	39736094
61519977	61520061
17517090	17517280
79827293	79827483
33220047	33220103
39835523	39835713
73760734	73760924
76741527	76741717
48030000	48030063
47781310	47781500
27230154	27230275
73285696	73285886
4923059	4923249
53719226	53719416
58308595	58308785
21360449	21360524
73585643	73585695
29151616	29151806
73671085	73671275
38948207	38948259
72280954	72281019
73266573	73266631
61159730	61159920
29395442	29395632
4207817	4208007
76352432	76352622
42714027	42714217
7254731	7254921
67354932	67355122
27176375	27176565
10020878	10021068
4806949	4807139
26560394	26560584
56672907	56673097
56327118	56327308
45810405	45810595
18615815	18615898
47929260	47929314
1436603	1436793
48556231	48556329
29042283	29042367
36762700	36762890
39013363	39013553
40833292	40833482
56655070	56655260
55479543	55479733
73841399	73841589
58114533	58114723
38347994	38348048
54556299	54556489
73649125	73649315
57930651	57930841
46048081	46048271
12299184	12299374
39485670	39485860
61934487	61934677
77898266	77898456
56618687	56618877
75007362	75007552
40111764	40111954
1945249	1945439
66907949	66908139
72292812	72293002
32291451	32291641
72350265	72350455
78962855	78963045
79504700	79504890
69080452	69080642
56708989	56709179
70475447	70475522
61773984	61774174
19648255	19648445
16776603	16776793
37331242	37331432
55994572	55994762
45331177	45331367
15164241	15164300
16892655	16892845
30334326	30334394
18223251	18223441
32052811	32053001
41446184	41446374
46212581	46212771
1929364	1929554
7537760	7537950
8022133	8022323
63274523	63274713
27944226	27944416
43107424	43107614
25782931	25783121
44270791	44270877
55481518	55481708
79204371	79204561
8878721	8878911
8085301	8085491
21143080	21143270
80382550	80382740
27471020	27471210
3747316	3747506
19715844	19716034
53922754	53922944
65356101	65356291
34094039	34094229
40042006	40042196
12935194	12935384
47110029	47110219
36010538	36010728
63023487	63023677
73597362	73597552
65624645	65624835
9891226	9891416
16208177	16208367
70427002	70427192
47113467	47113657
8126745	8126935
72357690	72357880
47300897	47301087
30851230	30851420
7124303	7124493
7249229	7249419
3351059	3351249
30771245	30771435
4635048	4635238
62844044	62844234
66790778	66790968
55813172	55813362
70416771	70416961
30850353	30850543
50248424	50248614
5200615	5200805
33390677	33390867
56390310	56390500
57243344	57243534
32408399	32408589
73101962	73102152
37886747	37886937
43209295	43209485
15160751	15160941
38718268	38718458
41987640	41987830
6746677	6746867
64286332	64286522
56406862	56407052
61072799	61072989
78710993	78711183
655485	655675
73267257	73267447
7920080	7920270
43503224	43503414
36489643	36489833
16331481	16331671
74361690	74361880
17773761	17773951
75378644	75378834
7406382	7406572
30788854	30789044
59436271	59436461
77982284	77982474
77965518	77965708
38473695	38473885
53902706	53902896
33882854	33883044
43229459	43229649
71994840	71995030
17472126	17472316
73002899	73003089
61912295	61912485
72956849	72957039
28699868	28700058
80871612	80871802
74381923	74382113
1376522	1376712
7418162	7418352
32770987	32771177
73844605	73844795
66007364	66007554
19665894	19666084
65154309	65154499
55593131	55593321
39653065	39653255
29241083	29241273
26220352	26220542
47297063	47297253
61775353	61775543
45578108	45578189
8286845	8287035
43094324	43094514
7886088	7886278
49244489	49244679
56277500	56277690
5210744	5210934
2611033	2611223
30842925	30843115
43348284	43348474
48474842	48475032
30789412	30789602
7492695	7492885
58678573	58678763
47653063	47653253
7426462	7426652
7296876	7297066
2578670	2578860
53573925	53574115
64621456	64621646
58719201	58719391
1532432	1532622
4871128	4871318
62923768	62923958
2833443	2833633
66770482	66770672
62294157	62294347
37828510	37828700
63452144	63452334
56162114	56162304
31203635	31203825
78098187	78098377
37080267	37080457
42018044	42018234
73749848	73750038
73236822	73237012
27175775	27175965
31847549	31847739
42275857	42276047
61483095	61483285
47573824	47574014
40972050	40972240
29419688	29419878
36918005	36918195
54577248	54577438
73823685	73823875
79977894	79978084
79407903	79408093
72450230	72450420
66428007	66428197
62368706	62368896
49938414	49938604
73826222	73826412
5704730	5704920
42201289	42201479
44899768	44899958
36886312	36886502
57916604	57916794
73127530	73127720
60501253	60501443
45439638	45439828
3551186	3551376
66324057	66324247
27899940	27900130
27570860	27571050
62493503	62493693
72777068	72777258
58654978	58655168
46221065	46221255
9885564	9885754
7463778	7463968
67521131	67521321
28194952	28195142
29046418	29046608
62503628	62503818
33815311	33815501
27568686	27568876
30239843	30240033
37395939	37396129
26578232	26578422
57505042	57505232
77061277	77061467
4690677	4690867
52503751	52503941
34135984	34136174
20550056	20550246
38589987	38590177
72456490	72456680
61787786	61787976
77890059	77890249
48255809	48255999
40825978	40826168
15074833	15075023
77808815	77809005
28530501	28530691
16118846	16119036
42749974	42750164
57863813	57864003
25681637	25681827
42160918	42161108
48708044	48708234
64971731	64971921
65590485	65590675
29860718	29860908
17946877	17947067
73056170	73056360
43393860	43394050
78623933	78624123
37248620	37248810
26674095	26674285
48628274	48628464
73892584	73892774
16654630	16654820
56429629	56429819
45364546	45364736
67605771	67605961
65959464	65959654
56452788	56452978
58647200	58647390
64196832	64197022
7744972	7745162
80308196	80308386
43388851	43389041
59426827	59427017
61309976	61310166
28009172	28009362
4693230	4693420
61766158	61766348
37976933	37977123
28327109	28327299
73857471	73857661
31975083	31975273
46188585	46188775
76982148	76982338
32846403	32846593
2445771	2445961
38457655	38457845
53663100	53663290
27945053	27945243
31376898	31377088
70021526	70021716
36665662	36665852
782948	783138
4890624	4890814
38094521	38094711
80202255	80202445
32498334	32498524
48133877	48134067
27864086	27864276
10587265	10587455
46338753	46338943
20999136	20999326
76848853	76849043
35930692	35930882
16487629	16487819
7836441	7836631
78338108	78338298
28539737	28539927
54756633	54756823
37320943	37321133
56199381	56199571
62733206	62733270
49197155	49197345
37392027	37392217
9480565	9480755
36444265	36444455
48157110	48157300
71581791	71581981
1358626	1358816
66535724	66535914
53813253	53813443
7036888	7037078
44026494	44026684
77948714	77948904
55532492	55532682
47921220	47921410
38759227	38759417
55682853	55683043
29233218	29233408
33498530	33498720
74582199	74582389
42432011	42432201
3637643	3637833
55198803	55198993
38734072	38734262
12832167	12832357
11890346	11890536
69114321	69114511
73126852	73127042
78763999	78764189
38095910	38096100
60630595	60630785
37550073	37550263
38599998	38600188
26464040	26464230
2163578	2163768
20946922	20947112
34890266	34890456
10782544	10782734
18855239	18855429
5972299	5972489
11547687	11547877
8762373	8762563
42084545	42084735
41995208	41995398
49538989	49539179
9672029	9672219
16190403	16190593
43662528	43662718
76839477	76839667
20752303	20752372
17712573	17712763
30814584	30814774
29342761	29342951
42956071	42956261
63790713	63790903
51110225	51110415
79071239	79071429
9809327	9809517
65506560	65506750
1074138	1074328
27579338	27579528
5608465	5608655
63915104	63915294
72199605	72199795
32912084	32912274
75238262	75238452
32490798	32490988
28033447	28033637
43361619	43361809
76685202	76685392
45363917	45364107
46259092	46259282
72209090	72209280
65643873	65644063
7255743	7255933
75084718	75084908
75453394	75453584
4152747	4152937
38717169	38717359
3938497	3938687
34234012	34234202
29593179	29593369
68941631	68941821
72458930	72459120
12927875	12928065
65659665	65659855
40336228	40336418
21030643	21030833
48782588	48782778
53514738	53514928
78922942	78923132
48556896	48557086
27280624	27280814
40830963	40831153
71307211	71307401
73342005	73342195
73073869	73074059
38755304	38755494
40215870	40216060
27921263	27921453
55980704	55980894
73321965	73322155
7068512	7068702
73291967	73292157
74299402	74299592
49717517	49717707
4265600	4265790
19372744	19372934
61190639	61190829
75865969	75866159
35111965	35112155
17585233	17585423
2025961	2026151
42295793	42295983
66053729	66053919
6797588	6797778
73585200	73585390
27886785	27886975
3870546	3870736
3749573	3749763
902437	902627
73066023	73066213
66432182	66432372
961724	961914
31268115	31268305
75263001	75263191
3595154	3595344
75877753	75877943
15429929	15430119
18088106	18088296
42441137	42441327
26195674	26195864
70330446	70330636
42406440	42406630
8099396	8099586
32352316	32352506
26819561	26819751
30878324	30878514
56598298	56598488
7761857	7762047
79283452	79283642
78806698	78806888
32705696	32705886
70362094	70362284
76555847	76556037
66181812	66182002
7576652	7576842
9862805	9862995
6605175	6605365
38870839	38871029
7760348	7760538
42147988	42148178
46114421	46114611
67063931	67064121
36062615	36062805
25793752	25793942
73610193	73610383
29044094	29044284
33469314	33469504
35969583	35969773
5697288	5697478
2325198	2325388
59488243	59488433
70026525	70026715
46656019	46656209
56421854	56422044
18935133	18935323
81153169	81153359
37683586	37683776
72302071	72302261
75105839	75106029
61524130	61524320
62198495	62198685
55628929	55629119
159195	159385
79486386	79486576
34336455	34336645
29639379	29639569
27198276	27198466
33308160	33308350
8842842	8843032
72755753	72755943
30896853	30897043
4837641	4837831
16880614	16880804
43410487	43410677
70416073	70416263
36890208	36890398
36313762	36313952
76113552	76113742
76570167	76570357
56736457	56736647
79766829	79767019
8795678	8795868
70308929	70309119
41843860	41844050
57915270	57915460
36097208	36097398
36631094	36631284
3595651	3595841
30896342	30896532
3505931	3506121
75370540	75370730
77813651	77813841
15848004	15848194
16593326	16593516
28050712	28050902
7117188	7117378
75456231	75456421
15848442	15848632
34899862	34900052
34948071	34948261
18788267	18788457
10675851	10676041
73333273	73333463
43309141	43309331
14115197	14115387
56408816	56409006
19045852	19046042
75210900	75211090
29852874	29853064
55162340	55162530
25715466	25715656
74469735	74469925
266744	266934
1992853	1993043
62207966	62208156
73775072	73775262
79174699	79174889
8707484	8707674
8843321	8843511
80666097	80666287
62770591	62770781
78075162	78075352
55485794	55485984
74120027	74120217
80822805	80822995
77848241	77848431
19622220	19622410
55500205	55500395
38195192	38195382
65675388	65675578
30830639	30830829
73660230	73660420
55518297	55518487
45356570	45356760
80438772	80438962
63019377	63019567
43389645	43389835
30241772	30241962
46505081	46505271
62209152	62209342
45396013	45396203
6183133	6183323
18046456	18046646
57078760	57078950
43173610	43173800
53254620	53254810
29133070	29133260
42296450	42296640
78747042	78747232
78451905	78452095
74136164	74136354
8736016	8736206
80872251	80872441
55362696	55362886
63910952	63911142
72858422	72858612
18070326	18070516
53083002	53083192
55540513	55540703
75645817	75646007
32889535	32889725
25533593	25533783
19370640	19370830
56709434	56709624
42811225	42811415
75385384	75385574
67719993	67720183
8759227	8759417
74295320	74295510
76384354	76384544
17304554	17304744
40672614	40672804
57636423	57636613
42299519	42299709
26902506	26902696
74777743	74777933
30462624	30462814
6904991	6905181
4299482	4299672
15059468	15059658
70117111	70117301
33775252	33775442
57906756	57906946
78830289	78830479
19220640	19220830
30916119	30916309
40857079	40857269
59652307	59652497
7077627	7077817
59660700	59660890
25920617	25920807
52250134	52250324
26520457	26520647
37025544	37025734
64422564	64422754
1086981	1087171
17033474	17033664
57685268	57685458
27912089	27912279
27946302	27946492
12719320	12719510
1465197	1465387
43434745	43434935
74268021	74268211
74121282	74121472
69830631	69830821
40540674	40540864
56415349	56415539
78335383	78335573
78755062	78755252
17753429	17753619
3868483	3868673
16879705	16879895
43377476	43377666
27621387	27621577
42175603	42175793
8879991	8880181
12762756	12762946
76765329	76765519
30819212	30819402
5949342	5949532
59861253	59861443
2157412	2157602
65542833	65543023
75030888	75031078
56310311	56310501
70417470	70417660
78729500	78729690
62151802	62151992
12743914	12744104
44223528	44223718
56409682	56409872
37923518	37923708
76133492	76133682
37824777	37824967
62960011	62960201
37875028	37875218
69457175	69457365
28882559	28882749
56296654	56296844
38606530	38606720
16256787	16256977
38883265	38883455
18043315	18043505
78865903	78866093
38265824	38266014
4309944	4310134
44233160	44233350
76601009	76601199
3586631	3586740
2154931	2155121
34207333	34207523
9018853	9019043
62226110	62226300
26811415	26811605
7386665	7386855
73008607	73008797
57910429	57910619
39967901	39968091
75208624	75208814
64984665	64984855
68248001	68248191
61959676	61959866
28703877	28704067
47301244	47301434
1626439	1626629
38754858	38755048
76724050	76724240
