21695046	21695258
110319543	110319763
154452394	154452599
244436374	244436611
94279616	94279828
66719095	66719316
160162963	160163168
108668212	108668433
205626742	205626958
93324500	93324746
182365906	182366137
23871276	23871505
111002957	111003152
159130851	159131073
156195288	156195491
67966193	67966405
28184638	28184846
212629290	212629492
227015822	227016050
32429769	32429978
66153440	66153640
23963979	23964197
40439245	40439454
145059050	145059248
42039848	42040080
181111691	181111898
155959238	155959438
111326018	111326208
186451896	186452113
165883481	165883702
9349155	9349354
225662706	225662949
46502804	46503012
93459737	93459944
94095117	94095332
249101403	249101612
182931705	182931934
28535457	28535659
13992258	13992475
11097749	11097945
184774789	184775016
119910212	119910406
200457889	200458104
202540946	202541151
203307626	203307821
114889220	114889437
160576949	160577174
46645260	46645489
40804440	40804643
205225380	205225573
246166517	246166711
111765571	111765797
206982053	206982255
59205622	59205824
167657231	167657439
156415688	156415889
20820361	20820553
31252511	31252719
181159099	181159291
26928946	26929143
95271466	95271652
78580128	78580374
40385259	40385468
44229201	44229413
200772108	200772302
26648101	26648314
22290537	22290743
247650484	247650671
245206032	245206244
85219301	85219508
43539372	43539587
155057238	155057434
154642250	154642450
110527101	110527299
25015130	25015330
152898645	152898865
100925156	100925353
159861408	159861650
214502245	214502453
155908034	155908233
104057635	104057829
204415608	204415806
169681258	169681446
57297648	57297845
95509040	95509236
236135115	236135314
66912152	66912372
22458481	22458669
160696687	160696904
23866360	23866580
90270306	90270512
28417809	28418010
37920543	37920725
51655189	51655381
27115715	27115925
165687226	165687426
16067931	16068125
175124098	175124289
182753795	182753989
167411470	167411674
205294651	205294849
36653840	36654027
60225194	60225403
183885176	183885374
12268992	12269174
213168910	213169105
228318782	228318969
205454713	205454903
173400412	173400604
110316373	110316567
59118332	59118537
145421734	145421916
20244593	20244788
221376885	221377079
182570571	182570761
198740806	198741000
211828612	211828823
206234469	206234675
201012100	201012319
11702553	11702748
178971880	178972100
230446407	230446598
21581795	21581978
33833443	33833643
32254877	32255083
60165003	60165199
206907970	206908173
90452852	90453038
55276217	55276410
29208651	29208851
8374420	8374631
16514317	16514522
9927600	9927805
226163756	226163946
110088982	110089164
160398467	160398693
233926922	233927131
233530719	233530911
24525856	24526044
192475893	192476094
157459244	157459419
154518953	154519160
108072258	108072455
119829342	119829527
52362614	52362814
206718216	206718414
233576687	233576891
186955110	186955296
90228570	90228791
79962954	79963148
9170905	9171104
98516717	98516897
157060015	157060223
113258981	113259172
186181844	186182030
23425297	23425514
168572840	168573028
89823929	89824130
207155552	207155745
60747119	60747310
43693025	43693213
9551197	9551388
209866331	209866522
55462143	55462339
101904033	101904232
27989701	27989945
200479335	200479538
36886478	36886678
182751524	182751712
184951333	184951553
31274664	31274867
205628139	205628332
109104450	109104642
51762558	51762752
156100179	156100390
66708419	66708639
110855288	110855484
207672922	207673127
25428008	25428189
29529450	29529647
32986117	32986303
172714199	172714397
113683216	113683410
156647905	156648093
227669341	227669527
117117337	117117528
27932924	27933143
9687097	9687348
15599109	15599314
199212633	199212871
208002017	208002205
206663506	206663695
110750470	110750661
24717837	24718046
36565292	36565480
23511249	23511439
158968548	158968743
116681739	116681976
39564419	39564614
234634899	234635111
116314569	116314755
111308761	111308947
145457288	145457494
171971992	171972174
160738205	160738393
212185394	212185587
159181410	159181604
36240358	36240543
45825559	45825750
154851021	154851214
111173472	111173676
203242288	203242487
158094846	158095049
9844704	9844898
85575178	85575376
209801085	209801262
16382660	16382859
6403571	6403759
16947597	16947782
108324933	108325112
101754060	101754255
105323215	105323408
180148049	180148243
29203772	29203969
235247091	235247298
8621209	8621386
167237158	167237354
12184926	12185135
52468046	52468243
204958532	204958716
39052809	39053002
160346397	160346585
219559250	219559444
26324695	26324900
23303003	23303198
40071927	40072132
75155582	75155764
1837749	1837941
41078038	41078237
231493668	231493854
155034051	155034240
205561037	205561240
23823646	23823824
223885998	223886187
184044674	184044846
201762238	201762427
66424647	66424824
26431537	26431732
248850215	248850426
112024354	112024541
24243380	24243575
14286966	14287157
27371115	27371307
212244153	212244346
27429284	27429466
20478892	20479097
9935011	9935217
182112392	182112566
181448376	181448575
117598050	117598221
150022657	150022842
12679920	12680131
161708616	161708815
6306876	6307064
109055205	109055387
112050912	112051140
9256562	9256778
57050675	57050868
55137796	55137978
150141257	150141452
27935225	27935433
35916762	35916948
10398186	10398379
203236478	203236664
181135782	181135998
146966899	146967068
117027953	117028149
203309291	203309486
70953652	70953855
155140414	155140607
45958873	45959064
79083305	79083487
46035815	46036003
39568304	39568502
111038702	111038878
87597518	87597701
192549652	192549840
162583559	162583756
117279990	117280195
111876869	111877069
205242676	205242888
17563628	17563812
36615206	36615406
7727698	7727872
27721960	27722159
210757808	210757992
8978251	8978432
20427486	20427703
166879716	166879918
38148130	38148325
181906150	181906386
45480233	45480426
32029756	32029944
40609772	40609966
202470514	202470712
192446857	192447025
11898821	11899013
203671283	203671500
243488714	243488882
212838668	212838862
175288845	175289047
22743161	22743346
150533475	150533665
97432217	97432399
32129552	32129726
160070865	160071037
84899567	84899752
160804854	160805038
15455117	15455302
35063577	35063781
43388711	43388896
112933537	112933730
235677177	235677344
31181052	31181220
53151977	53152169
247553492	247553713
168409090	168409282
228800243	228800418
6464801	6464996
101823009	101823208
226821903	226822096
211871914	211872118
175121261	175121449
197838133	197838334
161179702	161179877
40004965	40005150
21521743	21521938
52762026	52762202
93425992	93426162
59012457	59012648
199521194	199521377
55606301	55606491
165562257	165562447
24077865	24078058
156115868	156116074
212464949	212465123
17452334	17452526
182564879	182565061
25174501	25174682
29360449	29360633
87299368	87299567
68027419	68027590
45766010	45766204
52000771	52000942
112312268	112312441
24528445	24528621
44471413	44471603
76374414	76374590
67461833	67462015
181053495	181053703
8731459	8731648
46993781	46993953
224888769	224888951
150227844	150228045
90580203	90580379
85238106	85238287
36808410	36808601
93487230	93487410
120156479	120156675
46813854	46814036
120491342	120491534
3641061	3641237
26137407	26137578
84397456	84397635
155035237	155035409
70975866	70976041
179675567	179675772
202284807	202284999
27204542	27204718
174998980	174999153
116260249	116260431
16335602	16335787
94801465	94801716
207251223	207251411
40498058	40498228
114447784	114447968
93770302	93770471
43994884	43995060
113346880	113347067
153545061	153545242
156352849	156353029
206310458	206310636
16570960	16571141
20848911	20849098
75237723	75237897
27627382	27627561
229393864	229394048
120154328	120154510
10488196	10488375
89920813	89920990
68582438	68582615
92392932	92393108
151809004	151809174
156060588	156060781
222628550	222628730
20301372	20301564
186574992	186575168
206757079	206757263
211496897	211497084
180485061	180485245
99645933	99646116
117041760	117041945
169317790	169317949
153483485	153483655
207152831	207153011
174231924	174232091
22747035	22747221
202433429	202433597
179836963	179837152
221651487	221651674
64734841	64735023
9515908	9516111
111158479	111158649
224701507	224701690
11779930	11780110
68585949	68586120
3827436	3827618
165894027	165894209
205888191	205888369
226312960	226313144
43379141	43379318
24477052	24477224
110074981	110075175
183624708	183624919
154532073	154532256
144918105	144918281
53859072	53859266
220906504	220906689
212541427	212541618
163379871	163380044
234622812	234622984
3481892	3482080
19239659	19239857
41733947	41734125
230303210	230303385
201528879	201529062
64157697	64157881
182054140	182054328
25176295	25176478
107973368	107973556
243912092	243912267
43703863	43704059
146714133	146714313
236267034	236267221
41315769	41315950
95699599	95699776
16359404	16359600
28844611	28844794
212650578	212650768
62317902	62318073
173389571	173389761
149934078	149934245
117360285	117360468
160651352	160651587
24098721	24098901
85410715	85410905
54326661	54326842
180502731	180502929
39724399	39724596
201451307	201451485
60413081	60413267
84588590	84588759
167569376	167569557
247134758	247134939
19908836	19908999
50834220	50834408
164756627	164756822
17036372	17036577
219834479	219834674
153541083	153541286
31192163	31192353
95267627	95267813
156426297	156426472
157475547	157475720
204472377	204472563
2126715	2126897
220392106	220392271
184191807	184191982
26221995	26222183
111323579	111323752
197893747	197893925
205680340	205680530
182415280	182415452
23031034	23031213
154244714	154244907
203830495	203830674
243507361	243507545
27714983	27715162
67614907	67615113
226309242	226309424
246614168	246614330
39658279	39658442
63212283	63212470
156659393	156659567
173171587	173171773
101704380	101704577
153650252	153650440
101774885	101775094
11954086	11954259
113423679	113423858
20757003	20757167
231347151	231347334
110745711	110745871
181394113	181394345
93527849	93528017
209422117	209422281
151507261	151507441
155220609	155220799
45118630	45118801
187897544	187897709
1057569	1057756
153769794	153769971
210574022	210574201
28575097	28575261
113585336	113585529
27524521	27524691
24716649	24716832
167035950	167036160
197326174	197326354
160221820	160222004
219986055	219986245
199082492	199082659
201223779	201223948
244964582	244964763
157743593	157743771
9161685	9161880
23961521	23961693
32014575	32014745
178501551	178501718
160645467	160645643
42612631	42612806
83963362	83963548
211854148	211854336
33177894	33178086
222807853	222808028
245316393	245316564
180832416	180832596
23730524	23730704
208136965	208137153
37789455	37789644
95507225	95507395
8409123	8409316
2345923	2346105
100929370	100929549
206837622	206837797
151707618	151707804
89985468	89985643
58981592	58981775
162025866	162026032
76619902	76620094
221608860	221609029
41882841	41883031
224521135	224521312
14898435	14898623
10567597	10567774
88419528	88419695
209364075	209364249
151940542	151940708
2486414	2486614
85401998	85402175
157550079	157550270
220950133	220950306
201865121	201865287
204332870	204333053
35667808	35667981
234290528	234290706
227100413	227100587
33936166	33936336
246862554	246862724
156355483	156355667
152158142	152158305
211687397	211687581
67191849	67192010
91630898	91631082
183197199	183197372
204131710	204131874
194264911	194265106
93434107	93434276
235416601	235416783
183250695	183250889
95320057	95320233
169898169	169898323
152430969	152431156
6780164	6780326
101985898	101986071
70598739	70598911
179048397	179048572
25157257	25157433
226735488	226735675
155293156	155293321
172688869	172689037
246917297	246917481
199653905	199654077
31384291	31384482
156553931	156554096
200941175	200941365
165362220	165362396
70203363	70203542
240061536	240061710
160921261	160921429
40282568	40282754
223254825	223255000
99947056	99947229
47191002	47191168
151906595	151906764
214434945	214435140
84908002	84908175
158476275	158476443
62641362	62641532
153959279	153959458
45060900	45061072
51657956	51658129
27743107	27743282
114825527	114825699
151974287	151974462
24136290	24136449
31255284	31255441
151273446	151273620
40185798	40185955
207578363	207578532
213547752	213547915
207106756	207106950
159906305	159906471
16118614	16118785
105190886	105191062
153467470	153467639
62973952	62974105
175094506	175094673
91631792	91631952
170899004	170899160
98519769	98519953
86846067	86846226
161456905	161457078
219740800	219740970
118438233	118438398
209250153	209250329
76098145	76098306
197149545	197149709
246656040	246656211
111162068	111162230
8042459	8042628
16405467	16405665
165897433	165897607
41418237	41418410
205366265	205366418
185139645	185139822
54955156	54955341
15757707	15757895
156808784	156808946
18924006	18924171
79142151	79142312
169570434	169570623
75669484	75669662
168312043	168312217
85773920	85774135
26123406	26123572
153325016	153325184
116150867	116151055
111942532	111942698
209750161	209750336
170851146	170851317
152842396	152842564
87758724	87758890
118217271	118217441
150997141	150997311
5805962	5806128
110955238	110955406
161162405	161162562
180221867	180222032
110186040	110186229
199432752	199432924
46689225	46689408
15650140	15650303
16321117	16321279
45484407	45484582
8091368	8091519
45265443	45265616
174186953	174187105
27611249	27611439
229797118	229797270
110648821	110648979
183592443	183592608
63907398	63907559
248406528	248406703
68226038	68226210
8909036	8909213
38492384	38492559
109440840	109441002
48575194	48575348
64712141	64712292
88646310	88646473
201083340	201083502
27883349	27883519
157125883	157126075
48176239	48176420
176344223	176344391
193152291	193152441
24718890	24719069
36034634	36034819
91748370	91748538
26471691	26471869
26560348	26560505
33238688	33238856
158091531	158091710
32879657	32879816
67230793	67230956
31656927	31657088
16689943	16690118
160800442	160800613
202821515	202821679
167503120	167503294
167028476	167028646
62054436	62054603
39300994	39301176
227950221	227950387
150138289	150138458
85086425	85086614
15373117	15373289
226099113	226099275
43243647	43243814
174063048	174063231
157596014	157596189
156036217	156036371
112199123	112199289
15631324	15631494
76796790	76796949
181007669	181007835
10554788	10554970
172059472	172059638
156767210	156767376
157918454	157918612
12719101	12719252
224645317	224645482
68231890	68232052
26611676	26611857
15426967	15427134
202688802	202688984
16142124	16142288
75699130	75699294
28929453	28929617
87791766	87791920
176529050	176529215
157933532	157933687
153721971	153722154
35764250	35764413
224832356	224832535
172711858	172712021
75199491	75199659
158763480	158763645
169979706	169979860
100274312	100274482
171195998	171196173
52593213	52593384
153165289	153165457
203473908	203474071
115655500	115655680
236466987	236467157
151566722	151566908
41314318	41314484
156066502	156066676
226252624	226252767
40119287	40119463
210484551	210484723
78366471	78366653
32327119	32327268
226814274	226814436
36030327	36030505
231726420	231726607
27004016	27004182
160967200	160967378
17933437	17933602
231739850	231739995
198434807	198434960
244766841	244766996
68808532	68808696
78610851	78611018
200528111	200528272
161536092	161536226
192579352	192579512
30265959	30266114
214506380	214506545
113250014	113250180
151128558	151128744
201978770	201978919
117610519	117610685
6787636	6787803
44502344	44502512
168051590	168051758
39558138	39558284
110075551	110075734
85720542	85720698
161711335	161711497
21558571	21558735
27423972	27424151
200249015	200249181
174739218	174739376
109654774	109654924
101602510	101602670
94309915	94310072
246852887	246853047
12091414	12091569
209381099	209381270
167772669	167772836
90098491	90098678
235257248	235257419
156860000	156860168
29839909	29840074
182023965	182024119
204776170	204776329
226612313	226612469
38356159	38356317
40870603	40870770
32866521	32866689
3369802	3369946
94491533	94491704
7130552	7130717
17746434	17746592
49283291	49283445
2313266	2313435
201673424	201673589
55410873	55411052
116524125	116524284
24397438	24397608
94947152	94947313
32405525	32405688
99259963	99260112
147364938	147365091
78596565	78596706
220469697	220469862
153793906	153794067
19210730	19210890
26602126	26602284
16408926	16409095
187020867	187021020
27995759	27995927
221047656	221047826
156629837	156630057
241051453	241051620
33399129	33399290
244462849	244463014
50814481	50814634
37899974	37900134
4886217	4886383
37169393	37169572
26826770	26826929
21023005	21023177
36181173	36181330
206652948	206653096
46347362	46347505
17278268	17278433
71515795	71515949
2479541	2479700
229363295	229363451
200108887	200109054
234201693	234201846
62596883	62597046
114220601	114220760
33921498	33921672
147727222	147727396
26690395	26690556
3341349	3341519
212955883	212956033
27970505	27970662
159102195	159102349
25475282	25475430
205760806	205760985
183287737	183287914
155176730	155176899
77592027	77592189
162817751	162817901
166403021	166403187
217507400	217507551
62873181	62873348
33552052	33552225
145542962	145543142
7707378	7707534
36751145	36751313
157347158	157347284
45978363	45978539
9065271	9065420
156829972	156830130
93064824	93064971
150895049	150895215
183654334	183654508
32681314	32681493
241790888	241791054
111372708	111372859
26362565	26362712
246660731	246660886
217834218	217834377
97603935	97604091
203594874	203595033
34925943	34926096
152413459	152413603
152025144	152025298
246175690	246175855
23215819	23215974
17372684	17372835
177915193	177915364
9070208	9070358
44400518	44400725
21985668	21985833
160747377	160747557
43043696	43043849
9048185	9048355
55750565	55750728
223872019	223872174
112912392	112912541
171454463	171454624
10437556	10437730
55743292	55743490
179090334	179090494
42642709	42642868
158299702	158299862
40618802	40618970
114521475	114521649
55416438	55416611
180851173	180851324
225039288	225039445
25531419	25531599
202569365	202569517
156577962	156578123
91977076	91977244
234445781	234445965
247536137	247536285
38968583	38968745
151416443	151416587
203410092	203410260
174713198	174713364
32281649	32281813
22968613	22968775
117267490	117267646
172795257	172795414
86885078	86885235
207845981	207846143
150952062	150952200
212803483	212803635
19988345	19988498
242059790	242059938
244960227	244960377
175343050	175343210
171770662	171770823
178159048	178159213
203456977	203457137
100173207	100173358
202968496	202968644
223999452	223999614
11710595	11710733
54414802	54414956
231053103	231053258
32170890	32171043
53166660	53166821
90418863	90419015
176042786	176042933
19980273	19980439
200591549	200591698
203185421	203185596
45259459	45259611
44513453	44513601
205493525	205493687
53951237	53951377
86484079	86484242
208058507	208058667
9327273	9327447
64602880	64603040
205498184	205498352
52093462	52093634
234348601	234348752
17820873	17821022
226384798	226384943
155064018	155064164
51240559	51240714
89551590	89551734
81880226	81880380
201678709	201678858
161261436	161261592
31895677	31895841
71151100	71151247
117424503	117424680
161352035	161352184
37953090	37953236
192443339	192443491
186691960	186692115
167026593	167026743
236272786	236272934
225110350	225110518
105570812	105570975
115681632	115681795
98933797	98933944
31402348	31402501
223705184	223705360
203238285	203238437
47658683	47658829
36192546	36192701
159768734	159768873
151665653	151665804
24439126	24439280
221082173	221082341
205601139	205601304
204944870	204945030
53744005	53744180
161617476	161617613
207258148	207258333
160924105	160924259
113157189	113157332
206899738	206899892
241774432	241774587
179261578	179261740
169680814	169680966
202313018	202313169
24137365	24137516
175345425	175345574
160520358	160520518
110596569	110596719
94929374	94929524
21697147	21697310
223307115	223307268
226521207	226521372
17988175	17988327
228703063	228703227
27136632	27136793
208195261	208195439
160960139	160960308
207085942	207086103
228187184	228187333
919635	919801
234462465	234462607
10574599	10574755
20521776	20521929
204535053	204535216
232002538	232002698
201354553	201354700
152114570	152114715
24354678	24354835
151072375	151072521
12027281	12027442
211308804	211308946
160016602	160016757
36982063	36982186
236029467	236029612
222344508	222344649
116138554	116138689
157961848	157962008
156578990	156579136
190342946	190343106
82015335	82015486
65507238	65507412
6408098	6408257
968426	968600
28306234	28306385
211649661	211649806
201482186	201482347
159184048	159184210
172104350	172104484
15655654	15655813
45195057	45195196
161067474	161067682
161041712	161041878
46943187	46943364
179784003	179784153
235946584	235946724
147362422	147362573
29562900	29563044
41414692	41414840
79305484	79305643
45180751	45180890
150436928	150437099
220454508	220454654
214296608	214296777
20539456	20539615
192775023	192775179
109820169	109820315
109942107	109942239
151313448	151313599
152162415	152162552
165570980	165571119
109736398	109736533
30853341	30853491
205030822	205030969
152626600	152626764
17828919	17829064
32529099	32529246
9675755	9675906
228688736	228688882
212208354	212208510
89948936	89949076
212631203	212631366
33761203	33761345
75731499	75731639
160048496	160048639
156627346	156627485
162362019	162362152
196630157	196630310
178511720	178511905
19977752	19977906
241694740	241694874
46872115	46872275
235580532	235580662
110554331	110554482
111573265	111573390
204733042	204733175
118694093	118694235
172419165	172419328
233376908	233377073
201417348	201417499
203008563	203008721
54535864	54535994
202088207	202088342
155196503	155196659
840096	840256
57286819	57286962
184633202	184633337
206781571	206781724
94527085	94527267
154307650	154307797
3702130	3702280
14052446	14052597
92775770	92775910
89464506	89464664
218344762	218344915
222966224	222966373
7278411	7278543
158216551	158216727
111067215	111067364
120218290	120218433
24913817	24913955
8075164	8075307
220983595	220983726
33338335	33338489
231451656	231451803
118296811	118296953
42277762	42277907
93903644	93903794
109655388	109655513
55803904	55804049
163144714	163144855
6706682	6706827
93214691	93214833
3692615	3692753
39657377	39657533
152933260	152933406
183439313	183439477
171954121	171954260
64081634	64081767
159041893	159042038
240114953	240115083
215700002	215700135
59755961	59756086
20031132	20031272
222182573	222182734
222638765	222638909
101072135	101072278
38068832	38068992
63428992	63429146
52234773	52234915
19670967	19671111
65289985	65290120
35208375	35208533
6950050	6950192
161109693	161109839
206635294	206635431
152843951	152844088
22432250	22432394
234733776	234733911
39732051	39732181
119551406	119551550
157339821	157339948
11809331	11809469
179779073	179779204
160514590	160514736
35252164	35252293
169515744	169515910
999300	999429
208418693	208418850
174967730	174967866
44843984	44844132
54425455	54425591
27729567	27729713
116249545	116249689
152155025	152155178
161762575	161762713
156695675	156695834
41788680	41788824
12139751	12139880
167525462	167525589
153505713	153505873
38455761	38455904
238027679	238027832
154171609	154171761
18908037	18908182
113351948	113352106
104003955	104004075
159977499	159977629
172368736	172368906
210580668	210580825
10010489	10010624
74969951	74970081
61919162	61919298
233440357	233440516
93284049	93284175
19567842	19567999
236109932	236110060
37041779	37041932
228659621	228659758
226388850	226389005
97311137	97311273
214758615	214758743
193376073	193376208
100500156	100500288
193090969	193091110
93088879	93089001
12178779	12178920
5570048	5570192
161454535	161454673
160588662	160588815
11705849	11705982
79725540	79725681
36600426	36600565
27179699	27179822
26743630	26743761
44683508	44683647
36010727	36010882
54587345	54587491
58628758	58628887
45173666	45173806
184660965	184661109
84049460	84049599
211526344	211526484
150505142	150505287
235578755	235578883
156111085	156111227
186775725	186775866
240190408	240190543
116012399	116012542
115522044	115522181
51339390	51339548
154971673	154971814
150253776	150253906
3535681	3535817
200276716	200276846
8786665	8786815
65701709	65701841
151224305	151224422
32914043	32914161
156696487	156696633
167370654	167370779
248100297	248100504
235267618	235267771
16951532	16951636
220853523	220853662
186373701	186373825
156414329	156414470
171283062	171283197
154158681	154158818
29111724	29111866
42639107	42639249
185650289	185650433
27438688	27438808
120286812	120286945
228134408	228134548
179339014	179339146
65525729	65525861
180157434	180157574
145427523	145427667
201941865	201942008
109806303	109806430
144535363	144535481
49038432	49038572
6035329	6035455
179163088	179163223
9555408	9555550
185565322	185565460
63614820	63614976
25364326	25364458
11380336	11380474
175450386	175450514
119818159	119818289
106336288	106336438
206982957	206983091
178001087	178001204
234250454	234250592
112879677	112879825
198057574	198057718
104675102	104675235
113008851	113008998
76457314	76457451
206807738	206807872
7962908	7963057
206804531	206804672
36834737	36834855
25847061	25847204
202104425	202104546
207970789	207970917
101386779	101386915
183512854	183512982
25290120	25290269
92463304	92463441
35318284	35318455
155561713	155561871
200948828	200948958
7729659	7729783
154916382	154916510
167606687	167606826
110630822	110630951
101334040	101334161
176850244	176850399
210316955	210317084
40167645	40167776
120205900	120206046
42357342	42357485
160132208	160132333
202162071	202162204
155474136	155474277
155017511	155017640
172413213	172413360
233161057	233161209
120413663	120413792
85493516	85493658
205110864	205111023
51169842	51169960
207038390	207038510
218503514	218503661
21922150	21922272
31867591	31867725
109186273	109186398
171614161	171614295
20966742	20966870
181645540	181645664
47854556	47854676
41981876	41981999
45301628	45301774
146745516	146745651
41134676	41134804
108293119	108293262
236653314	236653450
77366981	77367099
10002512	10002651
41748480	41748623
65681367	65681516
224303964	224304101
159976236	159976367
11002127	11002247
205304843	205304979
198125366	198125500
102033262	102033390
169519599	169519726
12061749	12061894
207223343	207223475
46799296	46799425
213088758	213088882
91187110	91187231
98286117	98286261
154451238	154451389
162847918	162848048
46912625	46912766
19717952	19718069
213243797	213243943
230404773	230404911
34078603	34078729
201377448	201377577
116350486	116350610
120092369	120092512
213094395	213094518
157133555	157133680
151969385	151969521
44557992	44558119
183578521	183578647
205323550	205323682
48192049	48192175
19814361	19814485
153250467	153250593
153328068	153328196
151371841	151371953
236006813	236006947
63307396	63307503
110523393	110523522
38276859	38276998
53387380	53387507
32211342	32211459
201330877	201331014
185286565	185286696
240895748	240895868
173224499	173224614
192415102	192415236
232771655	232771765
154836219	154836353
249219031	249219161
214801608	214801752
25258849	25258962
110182965	110183101
213418083	213418201
14933265	14933403
23290802	23290937
229617860	229617977
115101321	115101447
38506300	38506428
168204597	168204713
217920652	217920773
45121340	45121477
67610549	67610668
40367993	40368138
160261216	160261349
31807990	31808112
47644932	47645048
15828018	15828145
205198705	205198837
22109016	22109155
178722622	178722764
222912150	222912276
35147199	35147316
169078536	169078673
165042759	165042893
152505951	152506067
59250905	59251035
1840493	1840617
150785708	150785823
64380917	64381046
146861787	146861906
116563411	116563561
151168894	151169006
155699035	155699152
176866603	176866727
157847979	157848098
170658784	170658907
167312203	167312332
24961839	24961963
182755930	182756044
161197269	161197402
203338405	203338513
27160239	27160346
109370849	109370987
110033373	110033480
92927429	92927550
89061172	89061286
51071295	51071404
90064695	90064837
60437170	60437303
17386279	17386386
77999500	77999633
145713755	145713874
24194877	24194991
51524540	51524669
145293447	145293562
74464169	74464288
197662244	197662357
197584431	197584555
92349074	92349200
212933603	212933716
19147390	19147503
237032305	237032415
65541178	65541277
171157928	171158052
67813509	67813637
40781087	40781210
93546067	93546200
39283927	39284086
38537690	38537792
193307347	193307460
155163388	155163508
30322050	30322162
162770155	162770273
67699809	67699935
165840761	165840889
62548523	62548634
32782203	32782305
225040767	225040905
103436172	103436291
163285700	163285816
231942535	231942660
117215296	117215413
118847702	118847824
169131200	169131332
29706141	29706257
209739542	209739646
27324252	27324372
118055472	118055585
209921050	209921200
158173720	158173847
6498190	6498261
216923504	216923629
149658581	149658681
226033601	226033730
23256928	23257051
54344299	54344421
222269665	222269776
32059736	32059834
30180028	30180151
220011210	220011340
211688892	211689019
14292420	14292557
216484239	216484371
149204420	149204521
28736373	28736505
247844747	247844863
10970082	10970221
97991205	97991327
172398615	172398727
91483718	91483822
153892869	153892990
16130027	16130126
210534286	210534412
114378438	114378563
200939263	200939386
6169032	6169150
10927254	10927399
22602452	22602569
157460490	157460605
6854335	6854468
150159634	150159758
43880401	43880512
223936949	223937086
226796554	226796677
188098110	188098218
166448402	166448534
224238640	224238749
226899064	226899175
101332083	101332206
21861421	21861528
5976177	5976286
3407895	3408017
162824153	162824280
15354106	15354224
240139780	240139902
41898503	41898616
245242459	245242578
233654207	233654325
168606758	168606860
111764715	111764867
210033793	210033904
55487857	55487971
241998189	241998312
175857214	175857323
160749987	160750118
48667957	48668074
201500015	201500114
156595728	156595875
43212936	43213055
32083848	32083978
181392832	181392943
25224718	25224818
74934810	74934941
85706156	85706283
68001208	68001317
9310218	9310330
157163564	157163667
153162999	153163115
117671331	117671449
96701845	96701965
107739726	107739839
51554279	51554385
159167894	159167997
18629419	18629532
209775535	209775650
95550283	95550392
108330060	108330167
221717200	221717315
53132133	53132242
223418319	223418435
87617716	87617828
62610028	62610150
203413570	203413690
64708803	64708904
154990102	154990243
11021189	11021290
169103533	169103654
225506807	225506914
32713905	32713988
86939872	86939984
45251920	45252009
167093450	167093500
69065870	69065991
177917612	177917716
11132788	11132887
214505303	214505417
204098270	204098386
39876732	39876815
25161554	25161655
10092655	10092754
145014612	145014699
112290010	112290106
14140239	14140352
157465982	157466093
86360477	86360589
42810059	42810191
231686257	231686354
177150923	177151033
118301595	118301706
163498658	163498778
209527776	209527875
86078883	86079009
107518734	107518837
200245737	200245858
90246341	90246451
211123443	211123541
234458858	234458965
38325866	38326004
202124096	202124200
242183291	242183397
167189924	167190043
10270362	10270488
1227351	1227455
157832040	157832144
112937207	112937397
178737601	178737707
20042255	20042345
225668772	225668869
176812981	176813087
208825794	208825893
153919153	153919276
12844057	12844161
120018574	120018693
245319887	245320002
145588679	145588734
226832094	226832149
178279920	178280020
157740385	157740483
79663235	79663353
54220499	54220592
204367816	204367910
209921295	209921437
58531381	58531480
147172208	147172267
87550053	87550161
86967948	86968053
9202477	9202541
34098754	34098808
33520832	33520933
20543262	20543362
59512495	59512614
22349471	22349581
66911253	66911375
164587198	164587329
226150213	226150319
178471015	178471121
85190158	85190268
162327634	162327700
208042543	208042641
116903548	116903656
27293511	27293619
153482361	153482467
115595282	115595347
65152568	65152674
150594112	150594217
40544340	40544408
220164504	220164601
192988717	192988807
2703334	2703443
46998599	46998709
112113487	112113584
194778948	194779052
41239995	41240098
92083166	92083261
32837937	32838037
61515635	61515825
231892674	231892775
171624772	171624876
206785812	206785893
48559489	48559589
158942778	158942871
88768937	88769058
113044571	113044672
224691122	224691220
90598728	90598837
156289535	156289643
207872415	207872485
48702674	48702757
204777358	204777439
77614050	77614136
102657431	102657556
225960139	225960230
112901541	112901628
206831954	206832064
6305233	6305344
67677442	67677547
6265403	6265505
6546680	6546763
89439362	89439459
229850889	229850984
10752579	10752678
21661339	21661438
159059129	159059209
58513006	58513196
112298245	112298351
197490409	197490516
40550498	40550596
1307564	1307655
88527286	88527397
237550009	237550117
242618254	242618309
110739667	110739726
182167257	182167357
219394533	219394616
211307606	211307691
234261165	234261245
50798800	50798905
107684839	107684960
205557897	205558087
9633915	9634014
163331060	163331162
40123857	40123919
169778893	169778991
233088743	233088933
10213142	10213221
43396852	43396941
175726668	175726752
15478956	15479051
176660922	176661003
46767838	46767943
113261444	113261541
38484699	38484802
184532596	184532688
214387411	214387468
60891310	60891415
246444018	246444116
146644219	146644320
61444763	61444857
45075240	45075329
161195476	161195552
85725406	85725506
180451708	180451796
174044077	174044127
64023193	64023289
32800873	32800965
117855210	117855400
66840955	66841057
100600587	100600638
212988484	212988583
205457390	205457451
65675100	65675204
37019565	37019615
16918364	16918470
208267244	208267318
162246437	162246522
73089031	73089125
249200650	249200757
32173501	32173551
147099407	147099506
236300903	236301001
19233558	19233691
55841472	55841569
68908890	68908989
89742509	89742583
229650569	229650658
21835688	21835809
209742946	209743002
1891612	1891693
46309385	46309478
152467687	152467776
97709665	97709762
63470700	63470799
20137862	20137953
37075013	37075105
48463424	48463519
52607729	52607798
38440810	38440907
113995683	113995781
66909565	66909651
53647805	53647884
207579328	207579421
236288432	236288513
109112894	109112956
3823912	3824002
189398809	189398897
183925860	183926050
87431076	87431170
198328300	198328393
231558314	231558381
154377696	154377798
79073148	79073239
9785207	9785300
230442097	230442177
28046218	28046274
62107531	62107623
212236341	212236430
160053959	160054149
66969668	66969754
201055169	201055268
33472952	33473012
29667589	29667647
168115172	168115222
40075411	40075509
14865005	14865072
90511662	90511770
50737782	50737882
35909797	35909875
61231015	61231108
158466311	158466405
147112643	147112833
107670219	107670312
41706075	41706139
26019170	26019360
160055523	160055713
101009368	101009463
42334369	42334442
46216481	46216541
215883860	215883933
21543441	21543631
204400579	204400677
218695013	218695203
40265491	40265554
8035481	8035582
18249495	18249596
185529129	185529231
33577730	33577823
192578323	192578373
113615559	113615670
247070959	247071050
194840171	194840226
14421670	14421754
150532561	150532620
92757092	92757175
210621760	210621849
66902172	66902224
1285274	1285344
152853542	152853640
47902204	47902394
85007527	85007625
190405925	190405975
157661282	157661345
23000712	23000902
117139039	117139136
17662726	17662821
59248096	59248286
120351684	120351874
204776452	204776577
214811253	214811335
116694772	116694869
156597321	156597413
45197101	45197193
119819334	119819430
156450682	156450732
42220276	42220370
108757448	108757543
201192146	201192223
23303328	23303437
102900189	102900270
170043889	170044079
211822502	211822581
159760256	159760317
28439694	28439779
48526984	48527069
102285804	102285861
9974542	9974732
216166109	216166207
167098228	167098312
56167871	56167953
149860052	149860242
3773805	3773995
224828894	224828975
153285228	153285317
174952537	174952609
67955428	67955618
162006829	162006938
226295701	226295781
148000232	148000422
216394586	216394776
6550008	6550198
201317323	201317513
51807682	51807872
91995578	91995654
234978837	234978920
161011351	161011541
85248295	85248389
40138469	40138570
177749380	177749469
158057195	158057385
109743907	109743967
43222745	43222935
27659438	27659525
248567444	248567634
165083662	165083756
220863617	220863684
43823879	43823934
147113879	147114069
57042959	57043018
91044941	91045016
21596873	21596952
157281077	157281127
85134043	85134123
1376420	1376494
18427123	18427198
154321047	154321117
215249808	215249900
158065646	158065836
222012818	222012890
203840247	203840437
28414480	28414559
242630999	242631095
144972966	144973064
243871648	243871746
207098810	207099000
175115865	175115931
26718041	26718231
54547413	54547603
169555723	169555774
218512744	218512818
111575053	111575129
16333707	16333786
119915296	119915373
109235366	109235556
47088244	47088434
237970220	237970273
242181006	242181196
89202458	89202533
19292362	19292454
115499355	115499440
207752820	207752877
28686307	28686388
247739915	247740105
29220332	29220522
236922700	236922761
62536250	62536330
20208659	20208849
175712859	175712938
34628850	34629040
223816046	223816105
197369324	197369410
207084572	207084643
44412172	44412241
38503485	38503569
36348614	36348804
24018146	24018216
165373280	165373362
173794300	173794386
32053517	32053580
104331145	104331221
30705298	30705349
118696960	118697150
221916193	221916383
208305613	208305803
14440460	14440554
12113218	12113279
66826269	66826329
111740261	111740451
182050199	182050389
20088862	20088926
36912095	36912162
246280580	246280770
27728975	27729026
110572341	110572391
1976422	1976491
15105775	15105861
94979777	94979967
11424383	11424472
84326236	84326316
206679403	206679593
87207769	87207857
248859645	248859835
156326806	156326996
193159599	193159789
7868398	7868588
100816745	100816935
64239559	64239653
222340499	222340562
235492603	235492653
94988018	94988087
11301848	11302038
94505158	94505348
202594716	202594787
187234329	187234388
30170989	30171057
55266878	55267068
173883541	173883602
47898137	47898327
208070591	208070781
181473564	181473619
207985387	207985446
112257667	112257742
185782689	185782763
41188482	41188546
54826211	54826401
23188752	23188817
57045394	57045494
30558903	30558999
172747993	172748183
59758371	59758561
7268043	7268233
116307287	116307477
65925164	65925354
186124858	186125048
185639629	185639695
64581374	64581441
241663294	241663484
7812978	7813168
223263503	223263693
87170104	87170294
154763909	154763982
226837572	226837762
166136892	166137082
94097278	94097468
24242128	24242179
25363800	25363856
231114823	231115013
196117631	196117821
29658854	29658905
38027491	38027681
150228377	150228567
33342410	33342473
180748034	180748224
172327654	172327844
150968473	150968663
223858263	223858453
120125530	120125720
81843207	81843397
203141415	203141605
205091381	205091571
117827321	117827511
53910338	53910528
10555197	10555387
17811930	17812007
229589057	229589247
235256690	235256880
156675874	156675926
166227433	166227506
107819762	107819816
67680203	67680265
154297138	154297328
224294520	224294710
208412470	208412660
60442588	60442778
61314444	61314494
213295928	213296118
221437196	221437386
38955575	38955765
182614091	182614281
230245718	230245908
28969622	28969812
32469301	32469361
155149177	155149367
230768134	230768324
244615223	244615413
233613283	233613362
67998218	67998293
10490343	10490533
217604844	217605034
21308583	21308637
167509702	167509892
179220965	179221155
200227663	200227853
10590476	10590536
60183832	60184022
65896897	65897087
170936303	170936493
42780229	42780419
60622705	60622757
47641100	47641290
89343203	89343269
19299077	19299267
66869118	66869308
155067021	155067105
214444950	214445140
911544	911624
243572763	243572813
53370630	53370820
108007547	108007737
144697662	144697743
206899011	206899201
2023159	2023349
201450996	201451046
201847123	201847196
150489240	150489430
238014633	238014823
85086666	85086839
201118629	201118819
219590130	219590181
111984278	111984468
38826585	38826775
224962297	224962355
33603572	33603639
161733384	161733574
203053724	203053914
156897664	156897854
116775621	116775811
241110324	241110514
192280519	192280709
78149137	78149327
101871906	101872096
156435696	156435749
100151343	100151533
2718334	2718387
151861593	151861669
87490980	87491170
110230275	110230357
211751157	211751347
166059178	166059368
101972199	101972389
189828606	189828796
230256688	230256878
202938196	202938386
223297129	223297319
170640576	170640766
228401344	228401395
30176482	30176672
110659151	110659341
157333440	157333630
204176295	204176485
17980346	17980536
165336713	165336903
33560696	33560886
230933771	230933821
212872662	212872852
85544746	85544806
179998121	179998311
12374483	12374673
226166098	226166288
67752004	67752067
212782755	212782945
6483573	6483763
249136007	249136197
212489263	212489453
242011075	242011265
105421236	105421426
85410505	85410631
249120820	249121010
107695788	107695978
101300669	101300859
154792182	154792372
45769706	45769896
11397661	11397851
38385063	38385253
89073910	89074100
24742006	24742196
219240482	219240672
20559980	20560170
152319697	152319887
242149210	242149400
230413044	230413234
40998594	40998784
203456566	203456756
24072133	24072323
181104605	181104795
44784008	44784198
227918138	227918328
227730336	227730526
165114158	165114348
51395180	51395370
34758193	34758383
26935477	26935667
53435880	53435953
231227767	231227957
12467582	12467772
20688383	20688573
110036543	110036733
23058439	23058629
226175300	226175490
203087027	203087217
33684373	33684563
203296967	203297157
11967803	11967993
204910944	204911134
49018199	49018389
72503525	72503715
109826051	109826241
172697256	172697446
110042645	110042835
33764348	33764538
159806029	159806219
44399956	44400146
937278	937468
225965283	225965473
118077689	118077879
186651989	186652179
28798046	28798236
161150540	161150730
204096878	204097068
120510711	120510901
216061599	216061789
102119041	102119231
25899355	25899545
160963467	160963657
116220280	116220470
147553571	147553761
40648765	40648955
19201814	19202004
216735818	216736008
46807812	46808002
171214720	171214910
52391945	52392135
47728586	47728776
107500521	107500711
94146327	94146517
36565667	36565857
27684078	27684268
229694592	229694782
151492849	151493039
55844282	55844472
66183607	66183797
153195692	153195790
150535899	150536089
28266921	28267111
32421741	32421931
48204354	48204544
64140162	64140352
207355269	207355459
33613592	33613782
198799240	198799430
52390197	52390387
68936145	68936335
234904138	234904328
19007968	19008158
54776738	54776928
180137920	180138110
87916635	87916825
190602743	190602933
161337685	161337875
209686754	209686944
14155438	14155628
228141671	228141861
162597603	162597793
168291234	168291424
203311701	203311891
100823845	100824035
204716087	204716277
74305707	74305897
45142899	45143089
219378042	219378232
182053613	182053803
165227274	165227464
222152868	222153058
246859859	246860049
63609258	63609448
4712730	4712920
221915266	221915456
120428887	120429077
220363173	220363363
236509116	236509306
201088434	201088624
215319692	215319882
237977715	237977905
212923291	212923481
238415718	238415908
222828262	222828452
26910710	26910900
45878639	45878829
202243838	202244028
48221191	48221381
12332203	12332393
214562058	214562248
220050120	220050310
3643953	3644143
14137786	14137976
26924144	26924334
216293048	216293238
163505703	163505893
154317817	154318007
173398689	173398879
198757927	198758117
196692581	196692771
6535645	6535835
54147858	54148048
56358916	56359106
74140733	74140923
53651521	53651574
237725639	237725829
39595264	39595454
174227299	174227489
92256780	92256970
20703478	20703668
233500557	233500747
225742002	225742192
89121493	89121683
27895140	27895330
26163869	26164059
155618396	155618586
235114593	235114783
198244829	198245019
207627948	207628138
109251739	109251929
25935171	25935361
186344578	186344768
144989835	144990025
237660	237850
26864556	26864746
175403494	175403684
41469499	41469689
14151655	14151845
153600057	153600247
47890131	47890321
236772537	236772727
49336391	49336581
45696321	45696511
203578671	203578861
199190973	199191163
204415101	204415291
96418691	96418881
100743515	100743705
35686683	35686873
159750391	159750581
204463779	204463830
191096065	191096255
65327362	65327552
10233742	10233932
71987442	71987632
226632707	226632897
161875159	161875349
22029902	22030092
234866584	234866774
182270999	182271189
56874850	56875040
44376080	44376270
205399999	205400189
235667926	235668116
94511407	94511497
182752314	182752504
184955518	184955708
152896749	152896939
49382323	49382513
176435753	176435943
186294476	186294666
84371165	84371218
82555885	82556075
64383644	64383834
59307263	59307453
76620448	76620638
146714677	146714867
90308865	90309055
6113082	6113272
172578782	172578972
216740245	216740435
111535062	111535252
16766996	16767186
145589393	145589583
167378493	167378683
27372563	27372614
168054075	168054265
86046992	86047182
8076696	8076886
202153899	202154089
204227608	204227798
198655315	198655505
166853624	166853814
66748119	66748309
59247496	59247686
182993115	182993305
235112789	235112979
76105911	76106101
59235006	59235196
117525350	117525540
39649445	39649635
246052181	246052371
5574705	5574895
8919558	8919748
47456799	47456989
197304974	197305164
219717636	219717826
46052252	46052442
230778044	230778234
87801116	87801175
235114218	235114408
11845300	11845490
235159259	235159449
94198167	94198357
181159876	181160066
57175044	57175234
201404902	201405092
32300245	32300435
150045167	150045357
157044111	157044301
215997660	215997850
155277274	155277464
235012715	235012905
229390736	229390926
41328226	41328416
243508667	243508857
9023064	9023254
54866179	54866369
85439309	85439499
154733009	154733199
92951432	92951622
208049585	208049775
117306823	117307013
202129769	202129959
240352762	240352952
23984270	23984460
35362320	35362510
200067786	200067976
2738643	2738833
49162873	49163063
152371625	152371815
156023591	156023781
51510588	51510778
6694742	6694932
9648672	9648746
26722836	26723026
30162292	30162482
66809689	66809879
182568594	182568784
103571979	103572169
218472834	218473024
83070304	83070494
166102575	166102765
236588710	236588900
223899999	223900189
24635250	24635440
115817948	115818138
200876891	200877081
152850598	152850788
68315836	68316026
101920806	101920996
247123504	247123694
209609111	209609301
25353340	25353530
91430106	91430296
146570052	146570242
1440362	1440552
70790486	70790676
149764532	149764722
118766054	118766244
218433196	218433386
8434977	8435167
180385238	180385428
83774822	83775012
155248261	155248451
202158201	202158255
12335518	12335708
63529147	63529337
208827666	208827856
22069179	22069369
56326905	56327095
950869	951059
160847066	160847256
70166567	70166757
21310114	21310304
25012235	25012425
43196801	43196991
42192600	42192790
201968848	201969038
195909117	195909307
167684754	167684944
179038327	179038517
4838146	4838336
35332026	35332216
187383012	187383202
2929127	2929317
158005871	158006061
70994506	70994696
165338558	165338748
14133809	14133999
26946802	26946992
204449631	204449821
168335128	168335181
152459000	152459190
76048689	76048879
25945637	25945827
24580155	24580345
154439373	154439563
227636874	227637064
226875295	226875485
12289904	12290094
145524757	145524947
28967396	28967586
236916937	236917127
183559589	183559779
95774643	95774833
233016208	233016398
104068686	104068876
149272907	149273097
168515340	168515403
214982294	214982484
80683902	80684092
178512193	178512383
59281906	59282096
18626311	18626501
22643861	22644051
19276642	19276832
101577568	101577758
174852617	174852807
155953612	155953802
168421674	168421864
27147279	27147469
160518100	160518290
203562828	203563018
154738589	154738779
78799190	78799380
176867012	176867202
102235185	102235375
22345869	22346059
17287215	17287405
26496217	26496407
160854534	160854724
19668058	19668248
20901822	20902012
37329905	37330095
148531953	148532143
234752864	234753054
21900641	21900831
51339161	51339264
59612875	59613065
206971549	206971739
25566486	25566676
105680134	105680324
226591216	226591406
160189469	160189659
64334272	64334462
154879213	154879403
146987284	146987474
30584417	30584607
156862134	156862324
156880116	156880306
41115781	41115971
160575134	160575324
96382266	96382456
41096280	41096470
44119166	44119356
33085791	33085981
36365638	36365828
82226264	82226454
78291040	78291230
17029728	17029918
161089515	161089705
200525233	200525423
117477613	117477803
165796531	165796721
156471111	156471301
116711060	116711250
3531794	3531984
32443440	32443630
68319413	68319603
181122248	181122438
171952816	171953006
101588175	101588365
11724187	11724377
230108828	230109018
36554291	36554481
177225428	177225618
62416169	62416359
234205625	234205815
162723207	162723397
29524121	29524311
231719995	231720185
84322926	84323116
46710668	46710858
115300703	115300893
4120941	4121131
206912414	206912604
89449632	89449822
151880936	151881126
207108923	207109113
197588281	197588471
197297012	197297202
54890986	54891176
178781856	178782046
37642944	37643134
155023000	155023190
150402382	150402572
180447408	180447598
194071828	194072018
18544004	18544194
25830391	25830581
160807361	160807551
22418942	22419132
7102873	7103063
25274678	25274868
84606957	84607147
52035005	52035195
147196138	147196328
59482260	59482450
220977070	220977260
9355171	9355361
175284201	175284391
12661326	12661516
169663503	169663693
108043926	108044116
60345338	60345528
97307884	97308074
54647463	54647653
155995767	155995957
160386316	160386506
173475717	173475907
211798513	211798703
221272400	221272590
114636280	114636470
90159867	90160057
178269139	178269329
55257669	55257859
170095961	170096151
200504851	200505041
202895921	202896111
210547791	210547981
113615249	113615439
58479011	58479201
240150555	240150745
154721635	154721825
153201864	153202054
67678935	67679125
149764069	149764259
94339710	94339900
145402089	145402279
156931589	156931779
61435812	61436002
70902365	70902555
6101607	6101797
174695747	174695937
22992354	22992544
106810821	106811011
83974193	83974383
207793750	207793940
110041010	110041200
98134625	98134815
34885395	34885585
150979273	150979463
49143064	49143254
165098874	165099064
38142147	38142337
23991826	23992016
58621107	58621297
24711745	24711935
12042147	12042337
27623266	27623456
207178414	207178604
29447787	29447977
174103138	174103328
163041649	163041839
15177172	15177362
26865276	26865466
114506194	114506384
153590170	153590360
94215679	94215869
56614262	56614452
111091098	111091288
234529036	234529226
89401702	89401892
19766405	19766595
54287170	54287360
218534765	218534955
92952439	92952629
17899215	17899405
64003707	64003897
97516105	97516295
26868427	26868617
220259600	220259790
108478207	108478397
37562255	37562445
197495989	197496179
1720567	1720757
83986598	83986788
6201759	6201949
221951096	221951286
101875967	101876157
161276103	161276293
179923089	179923279
31894365	31894555
102639907	102640097
185207681	185207871
9485930	9486120
111764351	111764541
155931887	155932077
2516976	2517166
221348019	221348209
15058505	15058695
65498373	65498563
69771410	69771600
24285450	24285640
40505013	40505203
168605512	168605702
46039094	46039284
153377288	153377478
199306589	199306779
32230880	32231070
244110454	244110644
104491224	104491414
1610438	1610628
168543661	168543732
94200649	94200839
110805546	110805736
17732746	17732936
187787019	187787209
234859753	234859943
25729583	25729773
213141223	213141413
16046304	16046494
43156563	43156753
183453465	183453655
110333527	110333717
13795887	13796077
1977988	1978178
178024348	178024538
160791521	160791711
63782684	63782874
1225607	1225797
198171513	198171703
4716436	4716626
25937483	25937673
177324810	177325000
6423189	6423379
160324282	160324472
108058440	108058630
112841289	112841479
161344262	161344452
873588	873778
200231557	200231747
153372881	153373071
178252106	178252296
101873278	101873468
188751456	188751646
154934399	154934589
166699964	166700154
191800803	191800993
41779382	41779572
55129502	55129692
160399519	160399709
241649090	241649280
77609279	77609469
220219895	220220085
25358955	25359145
84226990	84227180
228566447	228566637
215780002	215780192
207597031	207597221
155145761	155145951
3593697	3593887
153326142	153326332
153744473	153744663
15921666	15921856
8836293	8836483
117543909	117544099
236615383	236615573
151881905	151882095
219491187	219491377
155247082	155247272
212842559	212842749
168704290	168704480
24181147	24181337
19440212	19440402
32575030	32575220
65141517	65141707
239568885	239569075
39972967	39973157
25288774	25288964
101873589	101873779
36323540	36323730
211643503	211643693
234977613	234977803
81771695	81771885
199514972	199515162
225629322	225629512
54181234	54181424
109102545	109102735
183880524	183880714
203275804	203275994
34579621	34579811
206974890	206975080
181906494	181906684
235156766	235156956
20414265	20414455
205638204	205638394
203745860	203746050
42245109	42245299
208155430	208155620
185689891	185690081
112099018	112099208
220390818	220391008
149297763	149297953
59434436	59434626
184211659	184211849
145061903	145062093
165737936	165738126
48963843	48964033
52184927	52185117
150457444	150457634
21817404	21817594
190585066	190585256
187969213	187969403
53291605	53291795
114417278	114417468
216916059	216916249
183867251	183867441
217485220	217485410
248849533	248849723
110466145	110466335
120925507	120925697
32756198	32756388
235147581	235147771
196797101	196797291
39074027	39074217
27718834	27719024
74100805	74100995
235062349	235062539
51215754	51215944
119866342	119866532
28980472	28980662
200059792	200059982
76500846	76501036
33592861	33593051
6245940	6246130
235895056	235895246
45150146	45150336
180950878	180951068
195686875	195687065
86973761	86973951
61508699	61508889
6614587	6614777
198492394	198492584
61815769	61815959
86377534	86377724
21795198	21795388
31635612	31635802
94706471	94706661
72053735	72053925
235098413	235098603
59043844	59044034
65528833	65529023
167690298	167690488
16971173	16971363
223302724	223302914
101713571	101713761
117099171	117099361
44460553	44460743
149192777	149192967
50799298	50799488
242161703	242161893
235147025	235147215
38966102	38966292
176088810	176089000
94085295	94085485
180605332	180605522
212246942	212247132
53731816	53732006
8532721	8532911
40904179	40904369
179851993	179852183
64088655	64088845
80683149	80683339
23903935	23904125
26490764	26490954
58624824	58625014
194905089	194905279
120688471	120688563
51985077	51985267
202625302	202625492
2105807	2105997
7463361	7463551
20492012	20492202
9241408	9241598
101665012	101665202
180889940	180890130
56495119	56495309
3400518	3400708
157140617	157140807
182413668	182413858
47013781	47013971
228354180	228354370
161994079	161994269
76917046	76917236
174158899	174159089
48669075	48669265
32986920	32987110
153438306	153438496
211431729	211431919
228646986	228647176
52870523	52870713
110192350	110192540
209376264	209376454
193039245	193039435
117112947	117113137
171050480	171050670
521488	521678
170734952	170735142
185664531	185664721
42250599	42250789
150533920	150534110
54822539	54822729
14761871	14762061
54738679	54738869
108291269	108291459
210023863	210024053
99456804	99456994
184566446	184566636
111097955	111098145
204450684	204450874
203135695	203135885
23543302	23543492
25814141	25814331
51201154	51201344
155214234	155214424
111758581	111758771
8469333	8469523
27022050	27022240
159791335	159791525
42123668	42123858
15480631	15480821
42164778	42164968
33391131	33391321
113216311	113216501
183549635	183549825
175793439	175793629
85864489	85864679
193506910	193507100
198854215	198854405
152708236	152708426
25349471	25349661
46278443	46278633
172360027	172360217
163531435	163531625
221886577	221886767
150193943	150194133
3718165	3718355
110997912	110998102
153211122	153211312
220658593	220658783
1555551	1555741
66731643	66731833
173225433	173225623
230350902	230351092
154974475	154974665
212760207	212760397
30129384	30129574
180334282	180334472
27462506	27462696
160455132	160455322
205641351	205641541
173378081	173378271
152595810	152596000
24853787	24853977
174768798	174768988
109642584	109642774
207102967	207103157
84242680	84242870
207494443	207494633
43112343	43112533
101509387	101509577
219634209	219634399
151043618	151043808
112135468	112135658
8763355	8763545
183040652	183040842
234747062	234747252
119683701	119683891
83241183	83241373
147071934	147072124
62857144	62857334
99405727	99405917
26136527	26136717
44703911	44704101
79819024	79819214
12244413	12244603
174084076	174084266
71559710	71559900
16302016	16302206
84105575	84105765
65486546	65486736
196278624	196278814
94316361	94316551
29572400	29572590
171374305	171374495
46151674	46151864
203258880	203259070
168148081	168148271
1240710	1240900
165655456	165655646
67073267	67073457
110950324	110950514
27435713	27435903
156389780	156389970
14057415	14057605
21029020	21029210
27481586	27481776
174134680	174134870
65329953	65330143
223884211	223884401
212769249	212769439
180600877	180601067
144932432	144932622
94528978	94529168
19986428	19986618
186884802	186884992
51781758	51781948
39429913	39430103
178743533	178743723
160759007	160759197
91492417	91492607
954733	954923
19248105	19248295
58432143	58432333
227625498	227625688
174122534	174122724
40829461	40829651
196287142	196287332
15241949	15242139
92352310	92352500
66911871	66912061
198651090	198651280
195314380	195314570
40778112	40778302
11771209	11771399
41057935	41058125
156572626	156572816
235097900	235098090
28052184	28052374
231629664	231629854
18561347	18561537
53018361	53018551
243639420	243639610
165912572	165912762
239115205	239115395
12304269	12304459
32715697	32715887
222942608	222942798
154249360	154249550
3612248	3612438
31170987	31171177
243216441	243216631
189189994	189190184
112143587	112143777
79019652	79019842
203242617	203242682
25859586	25859776
202583623	202583813
91968510	91968700
28526530	28526720
805215	805405
200807198	200807388
118253474	118253664
82481235	82481425
181455164	181455354
212004107	212004297
76080488	76080678
25317821	25318011
14256761	14256951
201154129	201154319
47639592	47639782
199391445	199391635
32180043	32180233
2493432	2493622
228827783	228827973
208171230	208171420
112145691	112145881
25348788	25348978
11925649	11925839
31654355	31654545
207494916	207495106
155682493	155682683
93416726	93416916
16531579	16531769
152161119	152161309
230928846	230929036
169435601	169435791
56655656	56655846
154414947	154415137
154506824	154507014
117636669	117636859
118620010	118620200
61665733	61665923
229292683	229292873
166134197	166134387
42501314	42501504
192967756	192967946
241130456	241130646
11538792	11538982
55233859	55234049
198175478	198175668
197488934	197489124
240312896	240313086
151986209	151986399
236695147	236695337
57269321	57269511
153261221	153261411
176918260	176918450
200378275	200378465
28694724	28694914
101836843	101837033
44020183	44020373
99214787	99214977
18857509	18857699
116088864	116089054
38538783	38538973
1787132	1787322
42623379	42623569
94169748	94169938
49183879	49184069
247282238	247282428
151826125	151826315
116932962	116933152
28501661	28501851
67177231	67177421
200860002	200860192
114970828	114971018
101939697	101939887
198768044	198768234
173157101	173157291
52537368	52537558
46663743	46663933
53757320	53757510
237963266	237963456
217221758	217221948
209996547	209996737
207604961	207605151
181898595	181898785
110173049	110173239
113498452	113498642
245134031	245134221
233059871	233060061
235422388	235422578
225082750	225082940
114401078	114401268
47213466	47213656
86042722	86042912
234832061	234832251
197148245	197148435
152432851	152433041
25279128	25279318
153940235	153940425
19253165	19253355
79897305	79897495
34106797	34106987
181483569	181483759
65019087	65019277
32228332	32228522
211432380	211432570
45285844	45286034
50546685	50546875
85424968	85425158
63198122	63198312
181984608	181984798
229979605	229979795
154779640	154779830
161531287	161531477
68812008	68812198
47903557	47903747
229984929	229985119
93297384	93297574
15131228	15131418
40663435	40663625
245812526	245812716
27070681	27070871
182775491	182775681
89743657	89743847
92940602	92940792
198025464	198025654
111228913	111229103
172715465	172715655
44056160	44056350
8703662	8703852
198904772	198904962
967883	968073
116185326	116185516
25444038	25444228
232766500	232766690
212872220	212872410
30186819	30187009
72750108	72750298
40723749	40723939
32403926	32404116
215966740	215966930
159915506	159915696
42799811	42800001
196712484	196712674
173598142	173598332
151253575	151253765
153005473	153005663
72652502	72652692
114650508	114650698
154325663	154325853
157939642	157939832
114575989	114576179
232763479	232763669
27165498	27165688
160682554	160682744
24920088	24920278
144859860	144860050
31255804	31255994
38516609	38516799
206957794	206957984
237288261	237288451
226297478	226297668
161510076	161510266
68577563	68577753
193074608	193074798
91867627	91867817
234908652	234908842
35253807	35253997
27113892	27114082
245125852	245126042
38401743	38401933
204796192	204796382
9473220	9473410
161410149	161410339
8343413	8343603
159799147	159799337
161591352	161591542
160681639	160681829
110602783	110602973
53939232	53939422
92351489	92351679
169078208	169078398
91978803	91978993
65129479	65129669
160912785	160912975
149431121	149431311
85461207	85461397
221840942	221841132
94446128	94446318
26612435	26612625
237841274	237841464
209236283	209236473
38987822	38988012
26496565	26496755
240354184	240354374
156654102	156654292
172350226	172350416
28907805	28907995
235098954	235099144
24868558	24868748
235116762	235116952
230908961	230909151
186274197	186274387
236118103	236118293
150535348	150535538
55944504	55944694
9136322	9136512
38940525	38940715
186241761	186241951
36765583	36765773
26530549	26530739
234715804	234715994
6583754	6583944
245544222	245544412
151318648	151318838
190290174	190290364
182368075	182368265
100889753	100889943
206763925	206764115
199923951	199924141
182592396	182592586
16824064	16824254
18700504	18700694
230202384	230202574
168062335	168062525
91317109	91317299
111762553	111762743
154928186	154928376
32689435	32689625
207030254	207030444
63377795	63377985
85968580	85968770
99022222	99022412
99226891	99227081
200994974	200995164
28218080	28218270
214832277	214832467
161135511	161135701
21291407	21291597
40771237	40771427
231861017	231861207
8157592	8157782
149224542	149224732
94795612	94795802
91906509	91906699
161147558	161147748
24045087	24045277
193112524	193112714
172150082	172150272
72748413	72748603
161612650	161612840
198041410	198041600
247240635	247240825
191962797	191962987
192515410	192515600
78445108	78445298
8779028	8779218
181557083	181557273
25071329	25071519
207432817	207433007
18311095	18311285
32410094	32410284
183854388	183854578
91744407	91744597
70500214	70500404
85696388	85696578
42194291	42194481
150186249	150186439
150732530	150732720
230285800	230285990
1728001	1728191
27699427	27699617
22192571	22192761
28474674	28474864
92012591	92012781
204183430	204183620
156658869	156659059
2509963	2510153
100998724	100998914
234247345	234247535
235764520	235764710
37924236	37924426
117396964	117397154
103016457	103016647
153895085	153895275
234625146	234625336
52032044	52032234
156089817	156090007
242292516	242292706
101397374	101397564
197035942	197036132
160489724	160489914
161135886	161136076
225843547	225843737
226926936	226927126
33352272	33352462
35384798	35384988
24053846	24054036
195074528	195074718
16801509	16801699
206290398	206290588
216037277	216037467
226974377	226974567
28363026	28363216
198608081	198608271
33294072	33294262
226830969	226831159
41090828	41091018
155904040	155904230
154745209	154745399
94375131	94375321
161511843	161512033
112197544	112197734
108870426	108870616
19772299	19772489
42276216	42276406
65210147	65210337
245809277	245809467
156890264	156890454
24046776	24046966
154556850	154557040
198319677	198319867
55609436	55609626
20959780	20959970
34479668	34479858
170897202	170897392
79154453	79154643
20407629	20407819
202995409	202995599
150039615	150039805
202205562	202205752
111888734	111888924
15691341	15691531
74983210	74983400
17803928	17804118
101491278	101491468
30069867	30070057
42231836	42232026
181888825	181889015
227422749	227422939
219347352	219347542
53787129	53787319
46879389	46879579
110246909	110247099
58560950	58561140
224033761	224033951
54934471	54934661
93050034	93050224
23900964	23901154
22226730	22226920
228353373	228353563
162457099	162457289
115214097	115214287
226926246	226926436
175286451	175286641
174382854	174383044
8580800	8580990
14347598	14347788
152558144	152558334
238397348	238397538
94147296	94147486
203328196	203328386
181467055	181467245
205877009	205877199
11113085	11113275
79510784	79510974
171710476	171710666
111745501	111745691
41588858	41589048
230438906	230439096
18152699	18152889
209267825	209268015
3236591	3236781
13843814	13844004
212458724	212458914
8963656	8963846
66749532	66749722
42977371	42977561
228528562	228528752
45390852	45391042
53308334	53308524
153895673	153895863
187352601	187352791
208166950	208167140
116676898	116677088
206274586	206274776
25291706	25291896
198978700	198978890
23926909	23927099
172371105	172371295
203296634	203296824
150539898	150540088
95582328	95582518
77333836	77334026
230241707	230241897
30385362	30385552
201432234	201432424
1241566	1241756
232929708	232929898
27152985	27153175
192528704	192528894
32149723	32149913
192544678	192544868
242815208	242815398
203256635	203256825
91082034	91082224
56535471	56535661
112159035	112159225
223348463	223348653
203643278	203643468
222011236	222011426
220513028	220513218
234352102	234352292
100929848	100930038
86071826	86072016
48397174	48397364
225997969	225998159
1509253	1509443
206915990	206916180
224922338	224922528
101783325	101783515
185123061	185123251
190926809	190926999
160575654	160575844
181706262	181706452
235144966	235145156
193224049	193224239
228192073	228192263
147364345	147364535
156939916	156940106
93202075	93202265
15651986	15652176
62013057	62013247
158618874	158619064
155936016	155936206
10196395	10196585
23536812	23537002
154828727	154828917
155880639	155880829
155916136	155916326
160519199	160519389
160078826	160079016
150592384	150592574
84854992	84855182
3589948	3590138
212458132	212458322
152007117	152007307
27189282	27189472
100202697	100202887
159862830	159863020
14024388	14024578
90941274	90941464
236323433	236323623
53794475	53794665
92270229	92270419
40292318	40292508
232764426	232764616
37116135	37116325
66836990	66837180
68152121	68152311
200835683	200835873
14847121	14847311
28286639	28286829
43203023	43203213
239472094	239472284
192485934	192486124
170426516	170426706
205168720	205168910
191721593	191721783
8761563	8761753
146552474	146552664
210073406	210073596
94511122	94511312
101854717	101854907
57545573	57545763
198588708	198588898
38231777	38231967
19422820	19423010
195703044	195703234
53017919	53018109
45285209	45285399
200603677	200603867
53213896	53214086
173384759	173384949
182453753	182453943
169455093	169455283
108019965	108020155
226071730	226071920
249099342	249099532
35920457	35920647
236051428	236051618
200452760	200452950
34761214	34761404
200864328	200864518
145129743	145129933
106565013	106565203
160694408	160694598
113721272	113721462
218525016	218525206
233811840	233812030
10003211	10003401
3816247	3816437
1830690	1830880
219611517	219611707
46466897	46467087
101644144	101644334
193724260	193724450
35972717	35972907
38727472	38727662
220948667	220948857
156465954	156466144
80147169	80147359
164056558	164056748
33077787	33077977
67217927	67218117
59690982	59691172
45452203	45452393
45187356	45187546
160717992	160718182
63314825	63315015
96546598	96546788
36024599	36024789
6505273	6505463
9715368	9715558
46646016	46646206
234867192	234867382
11420602	11420792
172363290	172363480
183040039	183040229
3537758	3537948
182618232	182618422
198591779	198591969
6094580	6094770
66865685	66865875
12112186	12112376
50835602	50835792
8553191	8553381
110880980	110881170
199142689	199142879
93368052	93368242
2314116	2314306
119870078	119870268
102403994	102404184
183811718	183811908
204582086	204582276
226891243	226891433
198590705	198590895
156589237	156589427
16277851	16278041
107590229	107590419
158932880	158933070
111010415	111010605
172974437	172974627
222886724	222886914
245679596	245679786
4087624	4087814
201764271	201764461
221693320	221693510
224358472	224358662
200259551	200259741
63793321	63793511
190623441	190623631
235151735	235151925
11968240	11968430
207603391	207603581
198222952	198223142
172788046	172788236
76251869	76252059
59510909	59511099
79797507	79797697
115152578	115152768
228667197	228667387
47341843	47342033
60033957	60034147
206780332	206780522
51433724	51433914
213737666	213737856
175678019	175678209
42800979	42801169
248867094	248867284
66839937	66840127
200119960	200120150
100232130	100232320
237900019	237900209
203432578	203432768
201315813	201316003
17236374	17236564
111762290	111762480
181110034	181110224
236321296	236321486
207096379	207096569
233735583	233735773
45806665	45806855
35057941	35058131
40383579	40383769
66840333	66840523
44396216	44396406
68237019	68237209
108592243	108592433
97061879	97062069
235183821	235184011
240855487	240855677
97652031	97652221
161369245	161369435
205751849	205752039
64629745	64629935
54520125	54520315
17600786	17600976
26336719	26336909
59039569	59039759
1337460	1337650
154960660	154960850
25850100	25850290
119768591	119768781
54953908	54954098
238282464	238282654
228379562	228379752
234908077	234908267
21023444	21023634
111505774	111505964
160133545	160133735
163329034	163329224
208037369	208037559
183140727	183140917
26516965	26517155
114522118	114522308
208911341	208911531
43231627	43231817
16400063	16400253
31869559	31869749
173182350	173182540
33252596	33252786
173267132	173267322
166845643	166845833
236308128	236308318
3566479	3566669
234748436	234748626
173302865	173303055
197744496	197744686
2470869	2471059
27019559	27019749
227319019	227319209
221446341	221446531
178313689	178313879
173226923	173227113
3434842	3435032
207997343	207997533
145455907	145456097
75233269	75233459
57223916	57224106
45073941	45074131
151148541	151148731
198440729	198440919
110141387	110141577
181399620	181399810
58829435	58829625
21059619	21059809
32332090	32332280
42261138	42261328
20598073	20598263
168312912	168313102
167090218	167090408
235503182	235503372
213153378	213153568
90088557	90088747
80083558	80083748
24517414	24517604
32181322	32181512
83244372	83244562
162647516	162647706
226850507	226850697
8875050	8875240
75889520	75889710
55313848	55314038
91016661	91016851
117116692	117116882
206942831	206943021
25574303	25574493
198571009	198571199
31455947	31456137
155139867	155140057
234745964	234746154
182687544	182687734
117119680	117119870
233733254	233733444
12109697	12109887
42277229	42277419
147817849	147818039
155881208	155881398
92864702	92864892
234545197	234545387
100909976	100910166
111177522	111177712
231053580	231053770
84011232	84011422
34864605	34864795
8411844	8412034
153778011	153778201
17402005	17402195
205641729	205641919
234636880	234637070
28503025	28503215
1710472	1710662
173683922	173684112
109076069	109076259
183562612	183562802
81072888	81073078
183708306	183708496
200223065	200223255
58570766	58570956
226976822	226977012
157820466	157820656
233374889	233375079
226310157	226310347
92217969	92218159
202534998	202535188
17274097	17274287
8525140	8525330
117664777	117664967
14136349	14136539
171750350	171750540
205569314	205569504
200271362	200271552
172010945	172011135
41503867	41504057
43282502	43282692
47000873	47001063
67798756	67798946
85810029	85810219
1597225	1597415
45860177	45860367
47343959	47344149
107599588	107599778
48964256	48964446
217695729	217695919
205286654	205286844
