103769656	103769881
65801009	65801258
11767265	11767483
93847583	93847801
125318910	125319137
97123108	97123349
27649578	27649768
72124325	72124535
97453844	97454094
82204527	82204733
64353859	64354049
61385856	61386084
72309704	72309929
85631299	85631519
93011297	93011490
75608868	75609078
126218780	126218977
6962052	6962260
26846090	26846284
95136235	95136426
64370493	64370740
64004848	64005044
49866404	49866607
92671414	92671622
74124123	74124326
121510221	121510430
23277885	23278081
73656222	73656467
33297717	33297929
90595467	90595677
91553511	91553728
13702066	13702257
30287355	30287551
27171034	27171227
125341750	125341947
26624099	26624317
64843725	64843937
73808343	73808628
89619991	89620184
75700429	75700627
103649466	103649674
102193577	102193859
44525709	44525920
88345284	88345483
72221246	72221430
60712525	60712723
69615454	69615647
45428232	45428435
33084613	33084826
6443828	6444058
28670890	28671088
11312603	11312818
105004510	105004705
119256140	119256331
14865239	14865445
112370135	112370339
64917980	64918165
76859763	76859963
105245517	105245707
94194847	94195045
126077870	126078071
81689238	81689428
134451388	134451587
103600515	103600714
3085829	3086015
115559439	115559645
12753174	12753377
13413976	13414174
98832696	98832897
30681520	30681725
90312995	90313216
97134478	97134674
112506217	112506424
30880215	30880404
91020207	91020409
30703035	30703222
27015138	27015345
100227286	100227480
48426965	48427149
3281900	3282109
31040885	31041076
11557701	11557900
81134418	81134604
30823542	30823742
26164599	26164789
111644018	111644207
28952876	28953067
11514217	11514433
78933742	78933923
121446087	121446286
71152361	71152559
35924523	35924712
103989610	103989794
92766113	92766310
69539757	69539950
17649615	17649808
71981366	71981564
25369983	25370181
63798497	63798702
75289198	75289402
4698864	4699059
103929267	103929444
6130722	6130922
112071206	112071454
24931917	24932110
60059358	60059553
71267697	71267887
97360979	97361175
101805857	101806069
76025868	76026052
118556528	118556731
45353276	45353465
17299777	17299985
125727267	125727466
70997413	70997602
105472758	105472956
13820037	13820267
82265395	82265595
70853132	70853316
112307011	112307208
116636911	116637123
126736725	126736924
65479832	65480042
7567478	7567676
95242391	95242591
103362626	103362824
104677284	104677473
49864326	49864556
75645922	75646134
49571672	49571861
70764653	70764843
64197490	64197659
72300324	72300511
64251863	64252063
92511267	92511453
101605667	101605856
60051411	60051602
124058378	124058560
45960539	45960725
81903561	81903767
102098306	102098494
98970336	98970515
53975616	53975788
85965441	85965629
7914060	7914239
102801045	102801234
104111960	104112135
24792659	24792851
75639480	75639677
122182962	122183149
129948310	129948502
98053115	98053302
98402827	98402995
80955275	80955450
62194275	62194468
102321806	102321997
103832737	103832935
62576421	62576582
44167187	44167371
108740949	108741128
126228801	126228974
104343657	104343834
121176468	121176659
15148493	15148673
81982510	81982688
88699221	88699432
93058100	93058295
117114796	117114967
79401645	79401841
115863170	115863374
22021190	22021368
131926135	131926324
79471257	79471448
93518432	93518601
61625008	61625189
5665187	5665365
104238781	104238954
74096989	74097163
116063781	116063968
96204160	96204338
135143338	135143532
69916239	69916405
98590388	98590568
35415720	35415894
84729266	84729439
35507483	35507654
112563700	112563880
58583753	58583922
47599877	47600061
116231223	116231422
105446027	105446198
30976706	30976859
54644123	54644303
79807139	79807321
99491598	99491792
124802963	124803131
99674609	99674774
31072875	31073058
13116914	13117086
94840131	94840304
6056210	6056388
43601023	43601184
72575511	72575695
72685540	72685712
44882086	44882265
122702433	122702615
72639867	72640049
109964270	109964449
110304367	110304551
119297181	119297367
94334178	94334366
97190252	97190416
109574647	109574817
1463172	1463334
11800018	11800200
106110008	106110197
12028697	12028864
72518903	72519086
109169400	109169569
88659533	88659725
124892593	124892791
82841742	82841924
99461275	99461437
21784707	21784899
54711682	54711860
102973494	102973677
104594790	104594966
102902079	102902264
34927475	34927643
14541022	14541200
118976217	118976392
111896901	111897084
120327912	120328081
35668182	35668361
118934464	118934634
118935549	118935713
97989399	97989584
29593567	29593747
32635163	32635351
69280780	69280961
82939666	82939845
7729329	7729511
73468050	73468230
97777072	97777242
76995727	76995917
121249342	121249528
129867699	129867897
89495077	89495263
61666705	61666879
12294982	12295168
88448163	88448344
134272104	134272290
32545691	32545876
95048890	95049067
98100146	98100327
101372086	101372259
103540930	103541110
27179915	27180087
112066032	112066191
117177270	117177430
6458970	6459128
5671905	5672089
98525513	98525701
82459370	82459547
129876860	129877026
134753908	134754084
133836647	133836803
70310619	70310802
76782154	76782329
105648160	105648338
115144997	115145169
33619509	33619682
104829444	104829625
86024438	86024614
64314493	64314685
9251269	9251438
61968546	61968716
5991450	5991614
73571795	73571970
104263467	104263646
90694670	90694844
91323712	91323882
112039235	112039399
23357204	23357372
75403975	75404176
91186114	91186279
113897248	113897413
79151736	79151910
64577776	64577965
32059330	32059509
74594087	74594259
90695218	90695381
73144080	73144242
65389203	65389408
98135177	98135345
90789702	90789882
90149312	90149477
134266725	134266895
108465450	108465618
49497794	49497961
53149205	53149374
120966296	120966476
125262619	125262790
125754222	125754386
3020394	3020560
59416998	59417173
71275502	71275655
54539965	54540129
120000870	120001021
45730744	45730915
108555483	108555669
43844003	43844174
78871740	78871899
90692493	90692691
88159647	88159844
98155792	98155990
12698625	12698786
16819536	16819695
96892797	96892962
21567755	21567904
110543816	110543970
90447735	90447900
34811603	34811777
126429938	126430131
108384727	108384899
54404535	54404698
69548298	69548476
18503995	18504161
89874180	89874368
2970567	2970728
129652348	129652520
7163290	7163453
81321996	81322145
76947752	76947922
89416314	89416499
43957445	43957596
12944209	12944372
59825112	59825278
120959025	120959204
115323321	115323471
24846190	24846343
32496518	32496671
68691228	68691387
24485475	24485625
75863396	75863551
49423620	49423794
80956713	80956879
85907884	85908038
79597485	79597642
64441300	64441500
102819845	102820004
67940579	67940742
76779231	76779397
124463458	124463616
98400727	98400915
94875671	94875834
11476485	11476638
50802674	50802839
47081070	47081228
71718129	71718296
24649552	24649708
6151007	6151184
105241745	105241905
111738267	111738432
75413666	75413821
124194857	124195016
75841066	75841239
60941524	60941703
56851599	56851758
57023796	57023951
88470940	88471092
78925609	78925770
129833866	129834033
12306241	12306433
127670993	127671156
61569231	61569390
64926667	64926842
24283518	24283682
114074685	114074874
5484150	5484301
27847557	27847732
23991915	23992078
86112130	86112288
94799585	94799722
22863000	22863178
101006602	101006752
99436536	99436692
88137076	88137242
97625094	97625235
4891970	4892153
82295717	82295871
104661283	104661422
86297248	86297447
8095338	8095486
90570124	90570296
11155243	11155404
103202065	103202225
106051250	106051449
53720263	53720422
13344428	13344588
62724006	62724182
90973067	90973238
131988436	131988651
99313362	99313518
97601794	97601940
103330036	103330216
49759982	49760154
101152324	101152482
115281062	115281201
84556388	84556543
32125853	32126002
130829933	130830094
69457514	69457672
45470470	45470654
111612293	111612453
59937237	59937377
11466638	11466777
72663187	72663331
112114167	112114339
16851436	16851582
101470999	101471139
50615713	50615859
51566972	51567139
92352796	92352946
57260816	57260969
105176722	105176872
63656830	63656976
34926521	34926655
23603824	23603984
78307231	78307374
35485076	35485246
32097693	32097834
90488265	90488430
60541764	60541909
81296979	81297145
61792642	61792801
28530831	28530979
111898086	111898228
45504175	45504334
121066256	121066401
121204953	121205112
91149122	91149274
52035546	52035695
121447613	121447775
114231740	114231886
133619457	133619620
97006388	97006541
97205736	97205862
107710225	107710354
90977546	90977697
22278640	22278789
89293499	89293654
104489107	104489260
52181119	52181285
113120170	113120322
71695969	71696105
82705144	82705298
90746814	90746967
92639965	92640116
98479638	98479821
94602961	94603115
90976850	90976985
76498752	76498918
94276879	94277021
65632205	65632344
32479930	32480075
9373636	9373779
86134793	86134945
9384953	9385092
91908358	91908503
123660166	123660309
93672693	93672836
49867986	49868120
134036708	134036851
127557050	127557201
31372745	31372903
73074140	73074308
82779011	82779160
79606519	79606668
79516346	79516488
100424318	100424468
71399086	71399243
106065451	106065583
6244669	6244813
102503444	102503579
75818523	75818671
62407086	62407235
23447408	23447560
64976963	64977111
6092883	6093049
102638328	102638470
112259319	112259480
18527932	18528080
94640159	94640289
38265647	38265805
15013996	15014127
92622776	92622926
70657320	70657474
37178031	37178176
85786670	85786829
49909309	49909437
74088144	74088306
61998334	61998489
3235154	3235289
102774139	102774306
124039265	124039417
91129379	91129529
86300375	86300530
50720389	50720533
557063	557208
134468331	134468490
7450547	7450699
102827716	102827857
74100291	74100440
93395281	93395422
74635136	74635272
86027412	86027559
29666419	29666549
99332116	99332247
114235503	114235636
21559006	21559145
7302470	7302608
118441952	118442106
14239035	14239167
30960075	30960219
73982712	73982859
125343288	125343423
92848629	92848755
102063610	102063738
91053322	91053474
50372728	50372880
32656855	32657010
117559066	117559210
126092150	126092294
104356334	104356468
81227263	81227416
82142912	82143061
134717860	134718014
28468544	28468694
29785425	29785565
29280768	29280931
90324977	90325108
60290991	60291121
89610648	89610792
79479424	79479554
78744680	78744827
129809685	129809831
106166603	106166735
82423964	82424106
105352606	105352740
63594986	63595123
60144918	60145054
97748605	97748731
74856561	74856687
95112511	95112653
10719557	10719703
55361159	55361292
74918902	74919015
44185601	44185749
5915518	5915668
73329877	73330020
108471218	108471348
34955337	34955478
88963332	88963454
133956039	133956176
88720283	88720417
69972623	69972747
105644542	105644676
54489391	54489534
122708511	122708650
105619078	105619213
118047537	118047668
121619039	121619168
31015820	31015995
114325347	114325493
124325313	124325428
91369852	91369984
50727156	50727277
73715954	73716099
21367737	21367858
14993655	14993796
52051389	52051526
6720278	6720408
35529050	35529187
35012857	35012998
16158497	16158635
3944364	3944505
107557125	107557256
99223484	99223595
99551858	99551985
115464935	115465075
35852374	35852487
45804332	45804471
104513044	104513180
102974589	102974709
98785518	98785645
99294670	99294798
97002896	97003038
81806748	81806873
124102287	124102417
49714702	49714837
97501591	97501733
85974457	85974580
103892331	103892457
98670400	98670533
82020525	82020650
98797224	98797364
22548357	22548481
102921608	102921758
54068073	54068198
25402203	25402311
82359269	82359408
15251957	15252090
70062068	70062212
6487789	6487903
14579036	14579156
126434306	126434439
116463512	116463638
98841513	98841629
15767844	15767971
98451068	98451184
95576024	95576156
113900029	113900159
48398542	48398678
114067721	114067859
72108329	72108470
73369056	73369175
99372327	99372445
112295716	112295853
13829867	13830018
13203297	13203433
87898921	87899052
101320412	101320543
16885405	16885528
18601802	18601920
120480667	120480773
28721200	28721331
98994303	98994419
32151307	32151435
24808040	24808166
96943446	96943595
12256805	12256926
21309643	21309772
63510845	63510952
124408358	124408492
49816321	49816435
76510937	76511048
112653456	112653567
79216377	79216505
73079405	73079514
13578870	13578988
61860059	61860171
3239692	3239803
125140349	125140466
35283705	35283840
99167297	99167422
16870269	16870381
54500734	54500838
5426106	5426226
6960446	6960552
125785383	125785513
22875277	22875395
63662238	63662369
103227193	103227303
71906371	71906475
15921128	15921232
49718092	49718218
21147370	21147466
79011166	79011288
94644815	94644923
102810143	102810250
43788808	43788923
116546315	116546421
101390353	101390471
120219241	120219351
104182574	104182674
102102232	102102363
38654990	38655111
62095609	62095734
13313655	13313766
100802597	100802724
37169944	37170065
96080156	96080267
50189499	50189584
22242626	22242771
77796207	77796322
106340686	106340803
120560568	120560676
23814467	23814596
119866081	119866197
123494151	123494278
89621414	89621527
100069459	100069576
95581273	95581395
13826176	13826277
38043776	38043901
11208159	11208258
76990463	76990557
116308633	116308756
105236206	105236325
134201570	134201702
70883440	70883541
6309207	6309313
7459151	7459266
96389911	96390022
89531766	89531850
58209657	58209770
134166240	134166361
67118473	67118586
89976873	89976984
103255250	103255349
46951379	46951483
101195911	101196012
61666305	61666423
46167998	46168121
95271202	95271308
25516130	25516238
101769796	101769903
17472860	17472969
112967415	112967537
112431939	112432017
102772754	102772862
29528946	29529051
70982087	70982198
99629313	99629418
92547796	92547899
81160379	81160479
61000487	61000598
6193513	6193618
123368260	123368366
91461229	91461349
120958087	120958206
85963979	85964081
119444377	119444477
22839812	22839926
14520786	14520889
82422547	82422654
98956436	98956524
31780193	31780294
131457076	131457185
32294056	32294162
81247465	81247566
120899115	120899201
61340142	61340259
5476103	5476205
61874650	61874761
52321675	52321776
28917195	28917287
65736460	65736535
102268610	102268698
69968351	69968435
73078839	73078947
92631108	92631202
99930433	99930487
11217980	11218049
43951239	43951376
94051953	94052016
98479050	98479149
126408175	126408259
116581415	116581509
71404442	71404544
73246387	73246486
101733074	101733187
56162482	56162586
30530209	30530307
50801236	50801325
99167024	99167124
73044949	73045060
126222920	126223025
1797879	1797994
31998015	31998121
94766359	94766449
71476850	71476948
101860424	101860523
58229419	58229514
71674516	71674614
104159412	104159475
119079713	119079834
105365594	105365698
96039983	96040080
74034648	74034732
108770998	108771105
23276230	23276293
120610140	120610237
128192816	128192880
6128529	6128612
33444884	33444983
74327807	74327917
16587272	16587338
122495426	122495514
23582191	23582271
75973471	75973565
28031192	28031289
76003994	76004093
65626330	65626424
81052941	81053006
45745646	45745778
45360427	45360523
105969494	105969601
6448336	6448431
98503899	98503983
112835982	112836094
73533309	73533395
12172426	12172517
116454653	116454742
4857600	4857707
73456604	73456706
120969134	120969224
18393334	18393443
20108522	20108617
26014986	26015068
29419131	29419234
52770834	52770920
98130467	98130564
81368657	81368750
104438689	104438773
102855444	102855634
80417464	80417556
88453668	88453767
76497982	76498084
98229970	98230160
62900701	62900773
121367977	121368075
131908107	131908205
28539867	28539962
125173005	125173081
33482361	33482551
34816113	34816201
120183439	120183629
108442075	108442170
113358387	113358438
125656825	125656918
100185554	100185744
90343052	90343151
66493904	66494001
97666819	97667009
101036757	101036834
86543205	86543283
78764768	78764958
44418257	44418357
126394515	126394608
59912648	59912709
49518149	49518201
93149541	93149620
135251388	135251482
72025013	72025116
44381431	44381510
69539375	69539471
111716546	111716641
95117594	95117649
31642670	31642727
35409377	35409456
22282476	22282558
69426379	69426445
5325606	5325686
115870472	115870572
95618972	95619031
100508226	100508276
121981493	121981574
79403900	79403974
99801364	99801419
94350606	94350660
1156148	1156214
104107146	104107229
79789357	79789444
135132324	135132377
126727339	126727529
90625373	90625563
46962609	46962799
87307946	87308011
93454093	93454146
28966195	28966254
98271133	98271203
23614213	23614292
63044201	63044251
80828924	80829009
93056387	93056454
13141751	13141801
15944724	15944801
30929015	30929067
90551877	90551930
82684184	82684374
73886090	73886171
27574186	27574274
18978565	18978663
15033534	15033625
103991621	103991811
84571516	84571598
14598508	14598558
88123029	88123131
54709818	54709902
73892301	73892373
25016952	25017026
4809332	4809522
101780526	101780588
52385077	52385143
21888698	21888888
17641235	17641299
61590545	61590624
127031800	127031990
65875782	65875972
107451727	107451802
85752305	85752355
29879766	29879824
125755510	125755598
95314635	95314825
108623441	108623528
105358726	105358782
31611805	31611862
95462159	95462222
81107008	81107198
54577840	54577899
116639423	116639613
34944598	34944788
64024706	64024775
6711334	6711524
5727588	5727778
112316851	112317041
9347169	9347258
22392759	22392809
106823723	106823780
120730865	120730927
103032153	103032231
115214356	115214546
26047013	26047081
30870823	30871013
97580242	97580432
99469397	99469467
53182527	53182589
53764239	53764306
70108295	70108485
43362270	43362340
6880300	6880363
94674340	94674530
28682982	28683172
72319224	72319313
26558847	26558900
61382220	61382292
27945628	27945818
11454019	11454209
70715588	70715641
121412043	121412233
57428250	57428340
123646594	123646784
55757858	55757924
116901121	116901311
134650579	134650629
33243134	33243324
24906778	24906968
72968886	72969076
115439412	115439602
98481102	98481292
62528668	62528858
9344190	9344380
122584415	122584605
105805379	105805461
118547680	118547870
116889703	116889772
15627341	15627531
125626088	125626278
75717214	75717404
65851754	65851944
104368281	104368471
112360339	112360529
98251242	98251295
55893078	55893268
25241781	25241861
130066347	130066537
95440313	95440381
133252554	133252605
65527383	65527573
106685103	106685293
64611330	64611520
102278603	102278793
65579616	65579806
86189772	86189962
89851464	89851654
71173102	71173292
84694287	84694477
68685666	68685856
115632013	115632203
130658140	130658330
103595831	103596021
44806531	44806721
43700536	43700586
71876051	71876241
47696364	47696554
29675456	29675527
3777401	3777591
107935616	107935806
61050308	61050498
27512921	27513111
115438827	115439017
122096528	122096718
131977975	131978165
126333471	126333661
118927798	118927848
102632090	102632280
70767129	70767319
95681185	95681375
107949108	107949298
81928941	81929131
96723670	96723860
104153754	104153944
121303092	121303161
135460749	135460848
27150159	27150349
92803114	92803304
11824879	11825069
49906509	49906699
31320523	31320713
93505057	93505247
130062263	130062453
52420003	52420193
86373269	86373459
59339784	59339974
79474942	79475132
92412366	92412556
7665004	7665194
106382528	106382598
91847211	91847261
46983833	46983883
135333711	135333901
85961160	85961350
29738029	29738219
113875644	113875834
98094756	98094946
22710144	22710334
13482556	13482746
102430904	102430961
13394702	13394754
15476174	15476364
9650716	9650777
85768633	85768823
129514157	129514347
64743328	64743381
20077108	20077298
106374102	106374292
74135439	74135629
82615234	82615424
38679779	38679829
121059172	121059362
63664654	63664844
52127602	52127792
76649279	76649339
76751326	76751516
29681424	29681614
82621728	82621918
91005654	91005844
27017985	27018175
72091252	72091442
61963906	61964096
16563016	16563206
96961657	96961713
83981632	83981822
116197546	116197736
17272738	17272928
46230447	46230527
59098948	59099138
118204168	118204358
24802202	24802392
15786361	15786551
72032663	72032853
35525799	35525989
43932090	43932280
99038354	99038544
91226349	91226539
54248737	54248927
30648681	30648871
116218847	116219037
1343463	1343653
17451253	17451443
43886262	43886452
75023720	75023910
126516178	126516368
23805549	23805739
29802031	29802221
100022399	100022589
8515267	8515457
15287658	15287848
100247545	100247735
30024786	30024976
114480950	114481140
38281176	38281366
108626254	108626444
135422427	135422617
103061291	103061481
224303	224493
111533677	111533867
75795238	75795428
71186973	71187163
42924078	42924268
98877235	98877425
23945754	23945944
126749746	126749936
14135802	14135992
17291849	17292039
43697651	43697841
74014943	74015133
85185186	85185376
124804010	124804200
124027672	124027862
72147416	72147606
83909960	83910150
1758038	1758228
87860354	87860544
24608468	24608658
30291446	30291636
90232407	90232597
95676429	95676619
15866605	15866795
111968827	111969017
134957538	134957601
89878087	89878277
75886921	75887111
73597002	73597192
82290102	82290292
88974539	88974729
135071112	135071302
52314737	52314927
76857789	76857979
108331431	108331621
105324655	105324845
105883271	105883461
45848123	45848313
67974866	67975056
120303691	120303881
89265146	89265336
65737174	65737364
3494597	3494787
73423822	73424012
105840593	105840783
80962353	80962543
52548819	52549009
52413035	52413225
75994405	75994595
52070658	52070848
126336399	126336589
98315859	98316049
21144435	21144625
63493192	63493382
60994689	60994879
64413078	64413268
111985826	111986016
127318435	127318625
6689987	6690177
105899092	105899282
87755657	87755847
71559963	71560153
14602400	14602590
26973726	26973916
63703487	63703677
50184352	50184542
91898680	91898870
111775855	111776045
64396662	64396852
16895329	16895519
82138033	82138223
85533923	85534113
88726378	88726568
114886409	114886599
64578577	64578767
125315059	125315249
79971333	79971523
26737815	26738005
52761470	52761660
45777609	45777799
31870958	31871148
99519279	99519469
86425724	86425914
11387906	11388096
88343847	88344037
102778815	102779005
73675792	73675982
11220191	11220381
72379151	72379341
14367455	14367645
97488390	97488580
114194864	114195054
13655618	13655808
100931990	100932180
123583570	123583760
135121300	135121490
15469944	15470134
115687211	115687401
32499772	32499962
103051457	103051647
61593654	61593844
125967966	125968156
79667713	79667903
88021757	88021947
93311668	93311858
85857654	85857844
94516932	94517122
89868171	89868361
80697574	80697764
121298221	121298411
80063216	80063406
121362072	121362262
102826376	102826566
94404360	94404550
127702618	127702808
15757912	15758102
135252426	135252616
31757279	31757469
90078636	90078826
6245371	6245561
23447033	23447223
17292839	17293029
54326838	54327028
81818662	81818852
52374379	52374569
126320654	126320844
100002676	100002866
11146759	11146949
79137808	79137998
73156049	73156239
21785644	21785834
123902455	123902645
128437707	128437897
89622108	89622298
104429641	104429831
43248670	43248860
21964199	21964389
85363443	85363633
89829949	89830139
87546168	87546358
73485808	73485998
106034524	106034714
13248658	13248848
1188643	1188833
64763928	64764118
116310553	116310743
97044693	97044883
111966021	111966211
71276108	71276298
47627412	47627602
99788008	99788198
86687476	86687666
60987144	60987334
115495786	115495976
101844678	101844868
52823513	52823703
84713762	84713952
106527566	106527756
15503400	15503590
124781127	124781317
13141195	13141385
88109335	88109525
125332842	125333032
71906844	71907034
110009791	110009981
35125312	35125502
73821332	73821522
6885417	6885607
840608	840798
11720202	11720392
117466090	117466280
105681563	105681753
119447981	119448171
102000615	102000805
135310945	135311135
83598816	83599006
86475704	86475894
3803547	3803737
1121037	1121227
14585093	14585283
38277542	38277732
16091168	16091358
13262012	13262202
47644874	47645064
104163674	104163864
34973513	34973703
64721811	64722001
35593634	35593824
30782835	30783025
89578432	89578622
69066415	69066605
9723711	9723901
103539728	103539918
24672655	24672845
104299889	104300079
98939703	98939893
124984688	124984878
18136769	18136819
131687495	131687685
73063132	73063322
17332326	17332516
64492815	64493005
53128812	53129002
12824558	12824748
57500603	57500793
64508360	64508550
135127414	135127604
60722875	60723065
74454331	74454521
105742494	105742684
104404658	104404848
14037064	14037254
101619477	101619667
121131616	121131806
61640188	61640378
127622929	127623119
43574456	43574646
131959117	131959307
103048071	103048261
13560165	13560355
25989849	25990039
35250062	35250252
87077703	87077893
119620453	119620643
1120090	1120280
95505308	95505498
102758939	102759129
90161801	90161991
23583673	23583863
114216388	114216578
856309	856499
93129862	93130052
85721475	85721665
18505519	18505709
81539179	81539369
97591955	97592145
86294014	86294204
63738816	63739006
105302560	105302750
62204313	62204503
15130460	15130650
64008392	64008582
124740730	124740920
73829599	73829789
64392360	64392550
3664793	3664983
119517576	119517766
85561848	85562038
64450670	64450860
82779370	82779560
91063685	91063875
103661170	103661360
76742137	76742327
134260337	134260527
48429637	48429827
103296633	103296823
99115491	99115681
23819084	23819274
31007322	31007512
14946350	14946540
27735080	27735270
112174529	112174719
112602866	112603056
127472729	127472919
103057686	103057876
94725084	94725274
71455978	71456168
6709737	6709927
100154315	100154505
74992738	74992928
11497300	11497490
15413262	15413452
123513303	123513493
32236651	32236841
111984074	111984264
32735042	32735232
7798447	7798637
120018931	120019121
98047593	98047783
94582843	94583033
82343538	82343728
95301846	95302036
7096963	7097153
47600590	47600780
83680085	83680275
11147429	11147619
102648815	102649005
67711941	67712131
43751375	43751565
62642956	62643146
76585754	76585944
22725835	22726025
126681174	126681364
89102852	89103042
118986471	118986661
14931403	14931593
58109502	58109692
79261823	79262013
72139432	72139622
130010272	130010462
118925391	118925581
5648946	5649136
16356370	16356560
329924	330114
92078059	92078249
73540585	73540775
31036657	31036847
93834013	93834203
26792895	26793085
24599099	24599289
117191819	117192009
113083433	113083623
128286650	128286840
111981472	111981662
115785164	115785354
125157844	125158034
134350727	134350917
81963236	81963426
135060564	135060754
5632183	5632373
64415345	64415535
134257212	134257402
85819388	85819578
51564997	51565187
16933389	16933579
3853710	3853900
115721363	115721553
97597620	97597810
94598950	94599140
11205243	11205433
112116572	112116762
80184588	80184778
85406811	85407001
14690198	14690388
119202507	119202697
85437616	85437806
79734236	79734426
75534613	75534803
101614698	101614888
126377556	126377746
85885764	85885954
14344150	14344340
27443344	27443534
12508761	12508951
73030157	73030347
1001776	1001966
92851047	92851237
63836638	63836828
97049444	97049634
78063592	78063782
101307829	101308019
72302356	72302546
74820898	74821088
125947858	125948048
82203466	82203656
58392364	58392554
125984804	125984994
12749660	12749850
69842658	69842848
63352429	63352619
49540665	49540855
130328696	130328886
66190586	66190776
79420973	79421163
13628808	13628998
89825581	89825771
14801347	14801537
18522808	18522998
64442517	64442707
97553459	97553649
42687999	42688189
74020772	74020962
45490008	45490198
112601719	112601909
133757053	133757243
27645213	27645403
80018500	80018690
1411137	1411327
113041390	113041580
76179740	76179930
26624659	26624849
51572123	51572313
71168631	71168821
71643056	71643246
97517804	97517994
45956547	45956737
51835395	51835585
112185739	112185929
80812095	80812285
108369737	108369927
43693460	43693650
22906554	22906744
98781693	98781883
76437806	76437996
74032713	74032903
125226761	125226951
97527773	97527963
70748492	70748682
89877145	89877335
1273568	1273758
60807815	60808005
72318884	72319074
5859334	5859524
2881383	2881573
79431713	79431903
85322228	85322418
11189815	11190005
3264267	3264457
134364603	134364793
64772917	64773107
7466382	7466572
4555115	4555305
111797258	111797448
81027335	81027525
70092596	70092786
80612708	80612898
3916024	3916214
91179417	91179607
74978683	74978873
125502227	125502417
26936629	26936819
75911088	75911278
27147154	27147344
17418071	17418261
55599336	55599526
119322115	119322305
103990733	103990923
126681739	126681929
49973250	49973440
90048622	90048812
1414515	1414705
71168361	71168551
70409862	70410052
90152096	90152286
48478596	48478786
73308280	73308470
48377881	48378071
121692761	121692951
118145822	118146012
34680205	34680395
1421991	1422181
4813454	4813644
23143981	23144171
104822721	104822911
52381795	52381985
99281262	99281452
88638823	88639013
71503050	71503240
98743935	98744125
5024368	5024558
23370941	23371131
3944688	3944878
65431038	65431228
9469283	9469473
125950907	125951097
105093771	105093961
14778836	14779026
75670251	75670441
6873624	6873814
93616494	93616684
82356523	82356713
92048257	92048447
3977407	3977597
71389863	71390053
126220748	126220938
9343193	9343383
80424778	80424968
87552039	87552229
82454755	82454945
94126244	94126434
11727185	11727375
58383978	58384168
27026726	27026916
125162164	125162354
7861139	7861329
49879703	49879893
69983443	69983633
94050675	94050865
79190368	79190558
71958910	71959100
95543913	95544103
121479750	121479940
31996768	31996958
76735654	76735844
12527386	12527576
44186044	44186234
47336827	47337017
6168268	6168458
107734646	107734836
31608357	31608547
118281038	118281228
54723850	54724040
63627714	63627904
64576566	64576756
3894649	3894839
13451583	13451773
115580360	115580550
124739803	124739993
11620890	11621080
37189095	37189285
74003893	74004083
124285364	124285554
46090286	46090476
130122421	130122611
108691270	108691460
44280791	44280981
71728693	71728883
112440875	112441065
57391040	57391230
70853881	70854071
11251561	11251751
93840107	93840297
27658864	27659054
112155644	112155834
50378651	50378841
52312685	52312875
56560917	56561107
65029048	65029238
75571461	75571651
79188629	79188819
121464073	121464263
8486672	8486862
133983560	133983750
76736382	76736572
84810673	84810863
25219464	25219654
91714621	91714811
110778756	110778946
109024534	109024724
31379852	31380042
87938280	87938470
56745587	56745777
85920513	85920703
105541109	105541299
30673765	30673955
91111247	91111437
91597311	91597501
68387041	68387231
105881471	105881661
96968566	96968756
64519463	64519653
121049979	121050169
11078462	11078652
71905435	71905625
119412804	119412994
64768449	64768639
125149948	125150138
97897936	97898126
11562992	11563182
99202935	99203125
45485928	45486118
82260354	82260544
112172623	112172813
70825723	70825913
11727951	11728141
12771997	12772187
125151884	125152074
103761315	103761505
62950422	62950612
120844895	120845085
67728769	67728959
133473621	133473811
11327192	11327382
78071577	78071767
45805650	45805840
46526966	46527156
35438609	35438799
64467670	64467860
61858913	61859103
116163474	116163664
32666572	32666762
96259925	96260115
102757516	102757706
27541460	27541650
112632484	112632674
74021275	74021465
27299849	27300039
28591573	28591763
129362294	129362484
77411349	77411539
26737301	26737491
6622254	6622444
11287565	11287755
130430134	130430324
115665661	115665851
74033311	74033501
114840714	114840904
98592572	98592762
15210529	15210719
19701556	19701746
73521350	73521540
62309574	62309764
90031095	90031285
26727244	26727434
112147934	112148124
12117223	12117413
85677300	85677490
104473491	104473681
50743072	50743262
25176636	25176826
15055945	15056135
131769986	131770176
49652447	49652637
109201848	109202038
5136924	5137114
26726691	26726881
115999150	115999340
2661769	2661959
64288308	64288498
97806897	97807087
26661799	26661989
125152229	125152419
80902753	80902943
22894185	22894375
124326672	124326862
89873085	89873275
92539419	92539609
80358996	80359186
6337614	6337804
5882301	5882491
3497773	3497963
126315619	126315809
37784405	37784595
74080588	74080778
14074508	14074698
101769336	101769526
3827247	3827437
83973607	83973797
12591380	12591570
104135090	104135280
129705175	129705365
115855766	115855956
81262290	81262480
6312403	6312593
76345915	76346105
76345163	76345353
62784558	62784748
99805612	99805802
120057	120247
3847483	3847673
115682823	115683013
112262920	112263110
31072059	31072249
43634292	43634482
13788973	13789163
11184892	11185082
73407381	73407571
34594190	34594380
126072761	126072951
12392624	12392814
24990597	24990787
85440433	85440623
50626489	50626679
111836331	111836521
71546623	71546813
30316126	30316316
100550700	100550890
135089176	135089366
133521459	133521649
5779461	5779651
85133538	85133728
72716192	72716382
96122700	96122890
101130770	101130960
25012916	25013106
22944687	22944877
23324572	23324762
86016881	86017071
82016668	82016858
95575153	95575343
31609743	31609933
115753465	115753655
93170034	93170224
125979042	125979232
90661389	90661579
126254425	126254615
113516294	113516484
73138759	73138949
104885683	104885873
33421647	33421837
17243616	17243806
133672564	133672754
77159689	77159879
100091749	100091939
115847089	115847279
103603312	103603502
77846798	77846988
65225696	65225886
6019936	6020126
48469770	48469960
44179043	44179233
129492955	129493145
115651357	115651547
92966287	92966477
83580247	83580437
115699346	115699536
65388389	65388579
61564925	61565115
93851868	93852058
100505523	100505713
11284409	11284599
6390227	6390417
49876105	49876295
122358055	122358245
68122392	68122582
127786253	127786443
36205817	36206007
98050654	98050844
35021884	35022074
112858538	112858728
76613898	76614088
123456459	123456649
11895577	11895767
22507482	22507672
61833782	61833972
121201890	121202080
79003051	79003241
35081027	35081217
109872110	109872300
31039996	31040186
111207547	111207737
53653141	53653331
66053452	66053642
100993941	100994131
26895429	26895619
50385618	50385808
22895238	22895428
75575088	75575278
12889681	12889871
101503711	101503901
112534117	112534307
22889878	22890068
81251056	81251246
22178005	22178195
76737804	76737994
84137567	84137757
123734706	123734896
15017989	15018179
98273463	98273653
247013	247203
1671910	1672100
57876550	57876740
34862732	34862922
76345482	76345672
31673277	31673467
80915458	80915648
125151208	125151398
104421037	104421227
134185388	134185578
62201394	62201584
5927607	5927797
131676144	131676334
63367187	63367377
65661111	65661301
97543631	97543821
50369694	50369884
64493248	64493438
12306564	12306754
131130825	131131015
16560921	16561111
101442623	101442813
52268229	52268419
89824645	89824835
89826680	89826870
79365342	79365532
89382198	89382388
104846619	104846809
105788055	105788245
71209670	71209860
45471069	45471259
