32900543	32900802
30200692	30200929
937173	937370
46012797	46013068
17879222	17879424
31240788	31241001
42709455	42709659
18612934	18613141
4587971	4588180
39597451	39597673
32045080	32045284
47521630	47521846
44399877	44400075
17976798	17976999
19643112	19643311
43238698	43238901
48687874	48688087
47237605	47237798
4089360	4089558
56070354	56070554
52556492	52556724
33461916	33462117
21485908	21486119
42846082	42846279
5769059	5769279
24975562	24975756
30440579	30440782
31109602	31109803
20549331	20549520
61640485	61640694
31377933	31378138
37676772	37676959
1715230	1715447
48595605	48595800
62495629	62495827
35515673	35515877
32717553	32717741
45901632	45901823
4701390	4701610
36162903	36163097
48802869	48803067
49077380	49077566
45825106	45825293
35898168	35898374
39619264	39619456
47950546	47950763
9959132	9959315
39968708	39968916
3034602	3034788
335196	335393
36192927	36193131
19564538	19564717
47274336	47274542
9388826	9389002
61422880	61423103
796762	796955
1294242	1294431
42378468	42378674
20645556	20645719
13100263	13100445
16741967	16742143
62751853	62752059
48227730	48227935
37522533	37522719
50745128	50745324
62338207	62338401
31262218	31262409
5173057	5173226
34726649	34726840
5509638	5509837
33796280	33796455
52532371	52532572
542440	542630
43313920	43314118
10534102	10534293
17919744	17919933
44065582	44065785
17517692	17517875
61603754	61603950
4741294	4741501
11254800	11254985
32255796	32255981
37274873	37275055
2153275	2153471
9597800	9597984
42843781	42843977
52679370	52679548
7840074	7840255
52816266	52816454
30311732	30311926
25046457	25046658
55125781	55125957
22319847	22320035
25159903	25160077
31490386	31490567
311296	311476
22664732	22664913
56229427	56229629
55956931	55957106
52164390	52164571
52029777	52029958
32241119	32241304
50211612	50211807
56812219	56812408
52195408	52195596
33891735	33891911
47237078	47237289
36686030	36686223
5510393	5510579
2435492	2435676
8703055	8703242
43991535	43991717
19976010	19976194
43312253	43312444
38502797	38502990
16784698	16784880
56784947	56785151
35185016	35185203
42077714	42077896
25291126	25291301
35067938	35068121
39591705	39591891
62169343	62169540
43672813	43672973
49988926	49989105
20805718	20805900
42745387	42745581
23587303	23587469
23216149	23216332
32657743	32657920
1418029	1418207
48158345	48158526
34583015	34583201
30679764	30679946
39801876	39802060
46250022	46250193
56172095	56172261
8112666	8112833
25379842	25380013
43496297	43496477
17598245	17598419
4936951	4937122
31683836	31684018
60957862	60958048
48225554	48225727
45149732	45149899
3544342	3544499
36849595	36849762
44002604	44002781
57782899	57783091
52486419	52486609
49545997	49546202
32778493	32778664
36851183	36851346
31366352	31366520
37678802	37678973
57797635	57797831
22672363	22672540
247707	247881
3657376	3657550
1484372	1484589
1489984	1490155
626221	626398
48505104	48505284
58326245	58326403
24899053	24899215
58358213	58358372
32521343	32521514
15217528	15217690
48462847	48463035
19765633	19765833
36793747	36793922
12905912	12906114
49187102	49187293
58632537	58632718
3696997	3697160
42320692	42320874
30410723	30410897
11524799	11524975
42818953	42819120
57022923	57023107
1757973	1758141
18257480	18257641
44935790	44935960
13527292	13527447
34790861	34791025
33733006	33733174
30539861	30540038
48785982	48786153
55921558	55921718
43724523	43724696
5081478	5081665
58786258	58786435
46354211	46354380
39724095	39724276
10457202	10457362
20840937	20841109
61075319	61075486
32450536	32450701
21216781	21216943
49923409	49923570
62689199	62689372
31879744	31879900
20341140	20341305
3994716	3994885
3767471	3767650
49604362	49604535
19186699	19186861
49435012	49435199
49411346	49411564
719766	719928
51833730	51833886
23031502	23031672
4930637	4930798
1783059	1783232
44616022	44616191
13086608	13086773
15634895	15635048
57445441	57445617
19883881	19884053
62212227	62212393
35548225	35548384
2981664	2981819
189711	189871
23321257	23321404
60585989	60586157
57439550	57439709
56089410	56089570
40367342	40367509
43362091	43362277
46415342	46415515
1946401	1946571
57663002	57663163
23918080	23918235
11185908	11186067
42166828	42167000
16456717	16456871
32450885	32451047
3691628	3691799
46306704	46306871
44761367	44761516
23649151	23649293
15689761	15689911
34472285	34472437
30091007	30091175
46292622	46292769
47749583	47749738
4066000	4066148
39763983	39764140
5107121	5107297
5549804	5549975
48545300	48545459
48806900	48807093
3199259	3199403
42939873	42940025
62605352	62605490
49094891	49095061
37897697	37897858
30924832	30924971
1745184	1745338
53263482	53263633
34051642	34051801
47833759	47833922
4052803	4052961
48737497	48737644
23422578	23422720
45039690	45039868
56754693	56754850
30249441	30249609
54975186	54975356
36280387	36280535
43919636	43919790
21552844	21552987
799735	799886
39693204	39693344
34580762	34580916
43204970	43205117
17412507	17412641
52713386	52713531
50928828	50928952
55664791	55664935
35383094	35383249
4153254	4153420
33357598	33357723
44651644	44651785
34802721	34802872
36530696	36530833
17485588	17485734
56169446	56169593
61531699	61531842
14035897	14036036
23870454	23870596
42038049	42038186
459714	459850
2188276	2188428
37380098	37380241
33857192	33857329
6058107	6058259
37554693	37554855
5203731	5203861
60471424	60471563
3869297	3869443
8435046	8435188
3297363	3297513
45310101	45310252
41816484	41816632
58173831	58173964
43017258	43017422
36701972	36702119
5107405	5107569
16782699	16782828
61299977	61300124
23427375	23427521
39318755	39318890
5537902	5538036
13439648	13439797
5186149	5186283
8701872	8702007
35905148	35905289
60876971	60877118
61439737	61439871
62013285	62013431
9590636	9590772
21596315	21596433
25275198	25275345
35241201	35241351
37037345	37037477
20218125	20218263
50002609	50002733
62670442	62670573
61687865	61688022
53266100	53266239
49080913	49081033
56197662	56197798
61454248	61454384
6809583	6809705
4573306	4573440
45173311	45173442
43540155	43540292
1193664	1193817
54824509	54824636
50767310	50767425
2832897	2833015
44221330	44221461
30150755	30150882
13242819	13242946
34149188	34149327
7266693	7266809
32610028	32610165
42684822	42684955
47940343	47940473
52560389	52560519
33061200	33061361
42469244	42469392
47863146	47863279
17999875	18000000
62066364	62066482
61814825	61814939
2432909	2433048
49196625	49196757
34026921	34027060
38788860	38788994
20064594	20064735
30157468	30157596
17661897	17662014
39574717	39574847
14318346	14318476
6123195	6123315
2668741	2668874
8024481	8024605
62417732	62417855
25450808	25450941
30622979	30623111
50240896	50241026
33111013	33111131
5984077	5984206
37740827	37740949
48795865	48796004
21216431	21216544
45386869	45386989
46341347	46341477
33126569	33126709
44427928	44428072
33548696	33548796
60712008	60712124
12951051	12951172
5914581	5914694
36621461	36621582
44728344	44728466
43015251	43015378
3800851	3800964
61854821	61854961
45381400	45381527
10450291	10450424
47823801	47823931
8834559	8834671
32843515	32843634
35465223	35465341
47252454	47252569
60877757	60877858
40585085	40585210
34067025	34067140
44977720	44977845
21029572	21029691
37489086	37489205
19609344	19609442
37709941	37710050
46483626	46483754
3835834	3835936
40326550	40326648
13283419	13283503
18393995	18394095
43639859	43639970
33680597	33680697
1089193	1089298
50996384	50996516
57978904	57979015
56662416	56662543
3057554	3057677
8771252	8771359
30434478	30434587
50255898	50256031
31044881	31044998
37262403	37262516
58524290	58524424
3733819	3733920
48150902	48151028
33543660	33543787
37626479	37626620
10071352	10071468
22228834	22228940
36013187	36013333
54919032	54919151
7907559	7907665
53297517	53297629
3096327	3096431
33296417	33296607
35233932	35234017
32380072	32380173
31887044	31887141
48702144	48702237
45191259	45191348
2332612	2332731
31799766	31799870
10407899	10408002
56074004	56074114
19673386	19673507
31073102	31073192
34787766	34787866
30743590	30743685
16802265	16802364
34035166	34035233
58712861	58712956
34099770	34099874
49192560	49192661
38514815	38514934
41159628	41159727
2723865	2723949
1513876	1513977
36985053	36985243
39861115	39861214
6563888	6563991
24762137	24762237
48438457	48438560
32319690	32319798
52720104	52720191
5429266	5429345
5591548	5591648
47077852	47077942
35636453	35636521
58425222	58425311
2327938	2328023
35824043	35824233
8286229	8286292
34189606	34189696
7917265	7917366
49252577	49252665
42721769	42721857
62127598	62127682
55152691	55152781
52372747	52372834
22567425	22567523
35492156	35492262
23976933	23977016
50700321	50700417
23181741	23181841
44803328	44803412
13768974	13769048
46818020	46818210
55975567	55975627
35420949	35421042
30048490	30048545
648213	648281
44079180	44079244
1166531	1166611
4594612	4594700
30222185	30222277
20111214	20111321
31482055	31482138
13305741	13305816
62612308	62612383
2736794	2736873
62714966	62715038
35710200	35710390
33124959	33125027
45848795	45848985
35994659	35994744
13590955	13591145
5093773	5093826
10655443	10655633
62670009	62670082
4072644	4072698
34111285	34111364
23226453	23226509
34744708	34744763
58030931	58030994
35437027	35437217
38880126	38880209
16260147	16260211
35357452	35357642
43948336	43948399
2894871	2895061
37360218	37360408
1881057	1881247
1987505	1987580
5626134	5626228
43013099	43013289
55667295	55667348
6746267	6746361
36741926	36742116
37918063	37918253
4979052	4979242
60462334	60462524
200272	200462
58071042	58071232
9374011	9374201
43767500	43767690
55549587	55549640
40363149	40363339
37893291	37893481
39594778	39594968
49407262	49407452
11657289	11657479
10517206	10517396
16682038	16682228
30619432	30619545
5383687	5383754
13752643	13752695
1450784	1450974
24764826	24765016
43089608	43089668
2853325	2853515
44591695	44591885
54823113	54823303
49204772	49204962
62685814	62686004
35121602	35121663
569918	570108
20818229	20818419
37287639	37287829
60556223	60556276
3257399	3257589
39370352	39370402
30310654	30310844
49120783	49120973
22314895	22315085
56767743	56767933
34207574	34207764
62273470	62273660
60985310	60985500
2073929	2074119
35134756	35134946
18609174	18609229
47050438	47050501
16414873	16414925
1378451	1378641
40517900	40518090
49242708	49242898
43376243	43376433
52836461	52836651
43160488	43160678
33684115	33684305
44642932	44642991
24145164	24145215
19165830	19166020
57427835	57428025
29901238	29901428
1781503	1781693
37591281	37591471
52368009	52368199
19997784	19997974
15911032	15911222
9340489	9340570
57456134	57456324
4721549	4721739
9893603	9893793
37354626	37354816
36244348	36244538
9598692	9598882
22293497	22293687
39707048	39707238
35028182	35028372
46777774	46777964
36037726	36037916
24141298	24141488
31592988	31593178
36386048	36386238
33342004	33342194
4500279	4500469
43951684	43951874
37563953	37564143
58838156	58838346
17840325	17840515
62073550	62073740
33422280	33422470
45328483	45328673
13800919	13801109
43940305	43940495
1455618	1455808
21700330	21700520
52814609	52814799
48125205	48125395
44174805	44174995
45114548	45114738
45066863	45067053
14122845	14123035
60732053	60732243
18734830	18735020
55623417	55623607
9448750	9448940
32003896	32004086
43594889	43595079
33064164	33064354
47033435	47033625
15883258	15883448
14170549	14170739
37278008	37278198
5037429	5037619
24081377	24081567
34156641	34156831
44737051	44737241
46979437	46979627
47195028	47195218
33917432	33917622
4795473	4795663
50416774	50416964
57225590	57225780
61810729	61810919
10677360	10677550
43227168	43227358
11248087	11248277
39521446	39521636
35346177	35346367
2693998	2694188
26188915	26189105
52509931	52510121
21487000	21487190
14315085	14315275
30147973	30148163
22832489	22832679
62541089	62541279
23038994	23039184
48419154	48419344
55964583	55964773
52346231	52346421
17663349	17663539
25317274	25317464
10628173	10628363
57267696	57267886
58146660	58146850
50158591	50158781
29583739	29583929
47016512	47016702
49994803	49994993
61846519	61846709
7075158	7075348
50317378	50317568
31850524	31850714
709112	709302
18885394	18885584
46958738	46958928
46163887	46164077
49598091	49598281
19054311	19054501
36933357	36933547
49280045	49280235
53285200	53285390
8732221	8732411
29848231	29848421
7339424	7339614
48100762	48100952
954451	954641
16499037	16499227
37075148	37075338
24974379	24974569
8370260	8370450
19809014	19809204
10592101	10592291
3989625	3989815
35899063	35899253
42539854	42540044
62733457	62733647
6138066	6138256
39426201	39426391
25277363	25277553
23779942	23780132
35294912	35295102
36950471	36950661
18927411	18927601
52210596	52210786
7961333	7961523
31026892	31027082
52531651	52531841
1447578	1447768
61538835	61539025
5752277	5752339
3230807	3230997
19026052	19026242
36858256	36858446
49365895	49366085
10297397	10297587
39878474	39878664
42033600	42033790
10652084	10652274
2627608	2627798
22087045	22087235
31988626	31988816
32471060	32471250
7356684	7356874
35971184	35971374
2505131	2505321
6245931	6246121
20574347	20574537
33460639	33460829
17262210	17262400
45395889	45396079
45834413	45834603
33293218	33293408
57056629	57056819
57443844	57444034
49100991	49101181
39692149	39692339
45188424	45188614
49609637	49609827
16222724	16222914
38458006	38458196
633961	634151
1420767	1420957
44642441	44642631
38027412	38027602
45376678	45376868
31664678	31664868
43100155	43100345
15248611	15248801
3799094	3799284
50819426	50819616
9947731	9947921
17635669	17635859
18774716	18774906
46732701	46732891
6616959	6617149
44258218	44258408
31058202	31058392
49631759	49631949
42192172	42192362
15823607	15823797
4877660	4877850
49548152	49548342
23763146	23763336
31097480	31097670
1378919	1379109
47232556	47232746
49410218	49410408
55907636	55907826
48001138	48001328
48997330	48997520
2846302	2846492
62765583	62765773
25278626	25278816
8645548	8645738
343251	343441
15472298	15472488
10533024	10533214
2654804	2654994
3749351	3749541
62586909	62587099
61869943	61870133
43858289	43858479
58100643	58100833
8740366	8740556
23330441	23330631
25666382	25666572
25520933	25521123
46653804	46653994
22955041	22955231
6159280	6159470
51364358	51364548
20164920	20165110
7011987	7012177
4739861	4740051
23059741	23059931
61804172	61804362
50836070	50836260
52824244	52824434
3339420	3339610
44598498	44598688
62362208	62362398
33929986	33930176
3050271	3050461
30421279	30421469
44718462	44718652
56041077	56041267
55091152	55091342
33894851	33895041
32503576	32503766
1617458	1617648
42380050	42380240
32657144	32657334
52277544	52277734
2733484	2733674
5787192	5787382
47178073	47178263
44518760	44518950
61071580	61071770
61505115	61505305
21789781	21789971
4230239	4230429
62701156	62701346
37471272	37471462
36020914	36021104
44780620	44780810
35402681	35402871
2383383	2383573
17947706	17947896
20446126	20446316
52302543	52302733
42381236	42381426
43104342	43104532
43271553	43271743
49942881	49943071
33150555	33150745
48961014	48961204
1562220	1562410
49461383	49461573
50808258	50808448
19037653	19037843
8516138	8516328
11212491	11212681
44085386	44085576
23042834	23043024
39640354	39640544
58509123	58509313
62169674	62169864
47329077	47329267
7094600	7094790
43150929	43151119
52353426	52353616
47407676	47407866
15246650	15246840
30145251	30145441
37064008	37064198
21106615	21106805
46610283	46610473
48768944	48769134
34861359	34861549
46799644	46799834
2502453	2502643
36525688	36525878
22456278	22456468
18698902	18699092
61940943	61941133
44562343	44562533
32899459	32899649
32535591	32535781
47645301	47645491
38894861	38895051
48526421	48526611
62870231	62870421
52574400	52574590
46601033	46601223
32032745	32032935
17859549	17859739
46005993	46006183
62413444	62413634
61552653	61552843
45196390	45196580
60601173	60601363
19007905	19008095
56010689	56010879
388207	388397
35820729	35820919
48506598	48506788
11893068	11893258
43782927	43783117
34542400	34542590
57414556	57414746
45925757	45925947
20692210	20692400
36966156	36966346
57630421	57630611
37501677	37501867
43740637	43740827
44757291	44757481
58530381	58530571
51774680	51774870
59838253	59838443
11252137	11252327
46130556	46130746
56821548	56821738
30612573	30612763
21510583	21510773
43922463	43922653
61922683	61922873
17632538	17632728
53343281	53343471
57657121	57657311
15326050	15326240
20649398	20649588
62611316	62611506
36724206	36724396
25555152	25555342
50582954	50583144
50034750	50034940
16224180	16224370
31127767	31127957
42310079	42310269
42554492	42554682
17876342	17876532
6054939	6055129
20845076	20845266
56809050	56809240
3992292	3992482
47444602	47444792
17644772	17644962
30828190	30828380
62680530	62680720
21484126	21484316
4201879	4202069
412185	412375
6920755	6920945
39609189	39609379
11992991	11993181
18759712	18759902
49836814	49837004
44715897	44716087
10427783	10427973
35513900	35514090
62406557	62406747
1536687	1536877
43935249	43935439
16615406	16615596
8424200	8424390
51803319	51803509
52483811	52484001
39620008	39620198
17592113	17592303
55079512	55079702
57225853	57226043
30250051	30250241
58781361	58781551
34356114	34356304
46249662	46249852
36158052	36158242
35911051	35911241
39160859	39161049
25480587	25480777
1404488	1404678
54777656	54777846
13878735	13878925
1569831	1570021
51646691	51646881
1621218	1621408
10512357	10512547
3229378	3229568
47398197	47398387
21621306	21621496
47085071	47085261
36743733	36743923
19867366	19867556
30313569	30313759
34205649	34205839
35441342	35441532
37101139	37101329
20802494	20802684
5035810	5036000
57467375	57467565
12947246	12947436
56058480	56058670
48599041	48599231
25177875	25178065
52268945	52269135
3613299	3613489
46631424	46631614
1641052	1641242
3181154	3181344
1702355	1702545
47528738	47528928
42917035	42917225
30311152	30311342
34274886	34275076
17806900	17807090
57579753	57579943
47139792	47139982
23002263	23002453
19193548	19193738
42310721	42310911
31533618	31533808
33589963	33590153
20671848	20672038
48236875	48237065
40833016	40833206
52371101	52371291
52259747	52259937
44953693	44953883
2367938	2368128
41820678	41820868
42617625	42617815
24911762	24911952
23704427	23704617
19783653	19783843
62339327	62339517
46044220	46044410
1878702	1878892
40656646	40656836
23145910	23146100
37487801	37487991
47158199	47158389
46082289	46082479
24083039	24083229
