15691554	15691827
53036734	53037003
42012011	42012226
35310073	35310277
143748397	143748628
52027824	52028039
18504284	18504497
31514479	31514690
52281426	52281643
158642004	158642205
51824633	51824846
137592826	137593017
11144674	11144883
57181367	57181568
134245175	134245371
136547440	136547641
73839691	73839913
129919485	129919685
37178292	37178500
144426136	144426332
11496483	11496739
91189114	91189315
52528514	52528712
30796351	30796551
167555722	167555947
53349517	53349708
10510836	10511036
112318411	112318613
56224126	56224335
29815900	29816107
111003634	111003862
148899396	148899600
16332423	16332634
139540431	139540630
137635502	137635712
20292002	20292209
42515399	42515603
47065180	47065375
73121972	73122219
41336711	41336926
143014083	143014297
166689270	166689483
25018292	25018498
131206595	131206787
24992179	24992381
138026539	138026741
47381812	47382009
110026458	110026725
3279868	3280084
24856313	24856514
141884030	141884232
155249574	155249769
88639595	88639816
31160378	31160579
104973665	104973865
157735820	157736035
32806522	32806733
52264653	52264863
64063020	64063234
110360706	110360912
137114176	137114380
38461801	38462001
161791916	161792118
159555846	159556048
36591295	36591494
13336798	13336999
159525197	159525410
83777200	83777403
46057960	46058162
29557300	29557495
3126669	3126872
156885598	156885822
36734005	36734214
160877059	160877248
41747702	41747896
31519225	31519430
143896573	143896777
11655892	11656121
43737283	43737462
42869301	42869507
114200724	114200946
35551684	35551892
149753173	149753412
73890840	73891032
136965383	136965565
37452065	37452247
25071068	25071286
32659901	32660100
5143955	5144149
137397771	137397979
71594126	71594342
30646827	30647033
44306342	44306530
46189005	46189224
44046964	44047151
35704161	35704346
44140531	44140728
155648731	155648958
37140014	37140232
42134269	42134466
188817	189100
34122611	34122794
139137287	139137473
164377733	164377947
36986024	36986212
25490393	25490583
112364946	112365146
88947889	88948089
75918736	75918930
35417246	35417446
159125324	159125514
35107757	35107947
41559800	41559991
154996771	154997054
106671279	106671464
84224677	84224863
30070929	30071118
125635350	125635547
138261117	138261301
33140500	33140691
127442616	127442817
97842116	97842302
16206851	16207051
116608938	116609132
135203669	135203872
34427765	34427957
26097595	26097771
159595383	159595584
105932661	105932862
3742705	3742904
27863354	27863541
151136341	151136546
161171316	161171504
111580230	111580482
26607696	26607887
138910032	138910229
26341933	26342128
11575841	11576046
122851688	122851896
86064851	86065036
36063024	36063213
130051732	130051939
5471282	5471496
167188762	167188964
36583029	36583216
41431147	41431337
6677134	6677348
10801565	10801741
2932497	2932683
130643921	130644116
99293730	99293908
116332065	116332247
131019158	131019354
12289659	12289846
45682545	45682748
2912026	2912201
30845568	30845754
165341120	165341311
137487248	137487461
100927399	100927607
97634394	97634574
36727027	36727210
1604665	1604852
107996623	107996822
87849070	87849254
113101794	113102010
139690723	139690910
35265438	35265639
158088287	158088478
76236319	76236509
109509112	109509307
149403474	149403682
37659854	37660046
7243795	7243981
31164816	31165027
35995227	35995414
36328338	36328541
31566424	31566631
74448937	74449122
25223800	25223982
34954626	34954818
37019331	37019520
108863286	108863488
132621584	132621771
26066215	26066419
24525150	24525322
31334746	31334936
41286657	41286838
31648575	31648769
170826203	170826396
119469810	119469994
118886575	118886770
144334631	144334822
74385300	74385476
130342259	130342451
52128607	52128787
32982640	32982836
17156439	17156617
2104612	2104806
134495176	134495371
167200295	167200480
47277685	47277883
159112473	159112653
155495933	155496122
44623326	44623530
7615794	7615975
137415586	137415787
43231298	43231494
2738732	2738905
13909206	13909390
32952657	32952854
110849372	110849539
166814378	166814567
3732864	3733044
37534185	37534377
51720183	51720355
33115937	33116112
33216137	33216337
141242840	141243039
64722235	64722414
90142722	90142908
2846636	2846834
159463715	159463898
111332955	111333123
32915676	32915868
27046742	27046942
51885870	51886042
134962166	134962347
42629389	42629593
52152068	52152257
36648261	36648481
70818228	70818420
47755871	47756064
166726845	166727029
168299483	168299649
50783905	50784081
52099090	52099281
32383304	32383508
86033239	86033416
43635076	43635239
31105318	31105496
42694410	42694587
87776251	87776453
132851625	132851800
13195206	13195386
84594290	84594465
155569633	155569817
7992316	7992485
120063426	120063613
137962711	137962929
35705389	35705580
134418357	134418535
99915497	99915682
132805379	132805555
36091705	36091882
166519669	166519843
142468107	142468296
74036435	74036615
148880987	148881175
161794997	161795175
135505060	135505262
83924950	83925134
150739392	150739568
105535565	105535752
139685606	139685798
44235847	44236026
41743729	41743898
112484619	112484801
90650265	90650448
92040003	92040203
149350078	149350269
37506002	37506186
43111311	43111497
39134277	39134459
116217803	116217977
86192885	86193081
41570880	41571084
151213145	151213328
6547356	6547557
1596597	1596786
142795978	142796151
111531585	111531757
35490699	35490886
26175737	26175916
797610	797779
53302474	53302653
44064549	44064730
14144933	14145122
161154185	161154372
15491695	15491877
138029105	138029314
56716678	56716856
155126529	155126697
89580551	89580710
160284392	160284580
135466206	135466387
136638260	136638440
108371156	108371325
30451553	30451727
37759318	37759509
129573330	129573520
30449953	30450142
13795411	13795582
3251787	3251959
112031204	112031403
70545705	70545884
86632752	86632923
64512603	64512773
151996959	151997141
34577418	34577603
6788732	6788906
16763353	16763519
4156217	4156388
30364732	30364901
27156706	27156902
160362844	160363022
145955224	145955400
151335578	151335748
108847980	108848146
25266009	25266179
34131699	34131868
136231023	136231191
138322993	138323166
31697226	31697408
138272272	138272449
131520921	131521100
37980482	37980648
2196416	2196589
34164108	34164290
110712144	110712318
149838700	149838871
30137882	30138067
88101137	88101322
31409473	31409661
71722641	71722813
121627234	121627405
75119279	75119454
119672184	119672361
160030099	160030288
138430637	138430799
135997135	135997307
147178684	147178862
33553515	33553671
42844897	42845063
16286410	16286596
135744901	135745062
12292681	12292860
89692493	89692655
14211446	14211665
15390631	15390813
227327	227582
134237789	134237962
127786133	127786293
5215103	5215294
28323999	28324172
15441586	15441756
170838992	170839167
138121195	138121382
161351801	161352009
158368309	158368476
126091056	126091229
129820285	129820453
149269108	149269277
9251111	9251314
12603734	12603913
119654980	119655137
64308570	64308727
68906636	68906807
118940031	118940212
127741694	127741869
155498600	155498768
2354227	2354386
29705928	29706101
45890608	45890781
89490574	89490782
39277813	39277971
158635290	158635468
150656368	150656529
123052050	123052232
24205271	24205445
30883383	30883552
30690480	30690644
17815664	17815843
8983485	8983671
122813174	122813339
149067780	149067955
47748585	47748761
71079143	71079316
125632324	125632493
53275560	53275741
100194264	100194432
38639740	38639901
119450643	119450823
124123801	124123982
54934069	54934240
126317244	126317402
36997137	36997317
18324520	18324685
47599155	47599324
76007028	76007194
6724872	6725045
158294871	158295043
137523317	137523500
89832437	89832606
117771122	117771281
27094913	27095097
109394667	109394831
99567407	99567579
56457802	56457968
155851477	155851645
150255402	150255577
131855390	131855549
170190316	170190496
46387389	46387563
107639446	107639627
32836062	32836238
14067140	14067301
64990589	64990760
114180158	114180375
32381327	32381487
158493275	158493442
144906475	144906642
169295226	169295392
142433696	142433850
7276252	7276433
100564644	100564809
32212788	32212951
21589557	21589734
112364293	112364480
107014505	107014669
10429953	10430111
100036534	100036698
31047655	31047828
6495060	6495214
135857179	135857352
71230413	71230563
131438014	131438169
30698736	30698902
24064444	24064613
41814635	41814805
74442893	74443070
38839869	38840039
35172931	35173103
134499709	134499890
151063034	151063204
8219679	8219848
122702762	122702913
25027505	25027672
34216900	34217058
157695810	157695995
13229409	13229602
117926466	117926639
25942871	25943041
118872333	118872512
139446121	139446294
131164816	131164973
137736820	137736994
154475650	154475800
97345724	97345899
144540332	144540494
82980624	82980777
6557299	6557469
29720948	29721103
16169264	16169414
10951915	10952087
76644734	76644906
39271052	39271228
27720132	27720291
134478020	134478176
33557535	33557695
123190679	123190860
160955323	160955484
132778094	132778265
130073094	130073258
161814956	161815134
161188515	161188679
138437124	138437282
90081876	90082046
114230518	114230689
109917217	109917385
30187035	30187198
150401881	150402048
53590706	53590887
160112375	160112542
28805236	28805390
26003422	26003585
153552273	153552446
135144163	135144341
11172839	11173006
158939666	158939838
153185122	153185284
47702007	47702171
80924256	80924436
83765189	83765350
36986487	36986674
159531115	159531266
88541770	88541969
43691661	43691833
112633256	112633420
33050581	33050748
11700505	11700663
35208978	35209139
5379997	5380171
75976553	75976696
133151495	133151655
151645452	151645627
151656052	151656225
131949448	131949609
43474528	43474705
150155766	150155933
83767555	83767714
13383961	13384126
42499910	42500069
116589799	116589987
12638372	12638534
32853589	32853740
43097659	43097822
122170781	122170941
142888052	142888206
167493358	167493541
116853270	116853415
70930787	70930942
10478792	10478949
3991155	3991323
138266152	138266321
166298462	166298620
121376849	121377016
593263	593434
119121773	119121940
90077942	90078096
76603161	76603317
65040892	65041087
31797813	31797974
44443542	44443693
152589495	152589657
116882671	116882835
105879228	105879395
80658964	80659127
138296889	138297056
17804528	17804673
41392312	41392476
72093717	72093880
29981237	29981364
159214545	159214713
42043366	42043521
143554096	143554259
112501418	112501572
119432011	119432171
4936920	4937079
29670401	29670569
70876356	70876536
52926594	52926786
151139072	151139236
12606100	12606294
16965216	16965369
138750227	138750373
39329901	39330048
130257805	130257969
13332115	13332276
56767797	56767943
132601021	132601189
27577181	27577331
113627854	113628036
167403241	167403372
35435958	35436117
27280582	27280733
1382150	1382315
100555419	100555587
1397319	1397478
8006585	8006727
106892907	106893085
153269430	153269576
53357825	53357988
27655301	27655465
82715954	82716129
99782512	99782674
44119693	44119832
41649999	41650154
144903060	144903216
32753792	32753948
1437007	1437179
135262099	135262255
159393514	159393670
128058195	128058348
56157510	56157667
26572930	26573099
5402704	5402848
31036739	31036889
73326266	73326418
25279181	25279334
88102862	88103041
47015378	47015544
29802732	29802865
16410022	16410168
16183430	16183581
46378182	46378335
97074751	97074914
166264027	166264170
32821819	32821978
16128993	16129215
32901466	32901617
134385073	134385245
105131049	105131208
97507442	97507585
84994236	84994394
80423511	80423659
111378617	111378755
132016104	132016251
97945717	97945879
127875694	127875843
11069299	11069447
133144224	133144382
8131616	8131764
137289392	137289541
152873846	152873993
123737119	123737263
31890821	31890968
41246836	41246984
168994	169149
40995812	40995984
5303582	5303739
150338138	150338305
109848325	109848473
137167321	137167461
162116164	162116303
27763731	27763907
148785984	148786145
80280574	80280736
147021341	147021485
18596572	18596725
53844392	53844535
16514684	16514834
5030978	5031129
151007162	151007305
159429722	159429885
30206334	30206484
30098902	30099059
117877184	117877344
43037821	43037985
153345663	153345817
106783025	106783158
20092376	20092524
11585787	11585938
161839546	161839694
135772864	135773004
108434775	108434924
128649276	128649412
126274302	126274458
154598504	154598656
80382466	80382614
129993016	129993172
89991649	89991800
140762527	140762692
53851073	53851223
24283291	24283455
115069186	115069347
91650684	91650846
31461657	31461787
146209260	146209412
39315716	39315866
42182612	42182757
139087169	139087299
12894209	12894362
32086703	32086845
28652105	28652249
12911714	12911869
31367463	31367586
64017867	64017998
31010621	31010782
125833894	125834041
108813456	108813604
44201983	44202124
44042381	44042532
32764887	32765030
25992835	25992978
109103584	109103733
132236431	132236561
69348292	69348437
135760173	135760305
36270354	36270500
29615853	29616000
33668351	33668482
73334417	73334561
43741169	43741326
126277833	126278107
64633181	64633309
107056060	107056233
119097820	119097975
158177776	158177932
133284237	133284374
64062001	64062134
133089184	133089356
71019900	71020048
100449924	100450070
32668391	32668565
57445650	57445795
52151735	52151882
138325696	138325828
150716679	150716820
2634784	2634928
111963871	111964035
163848980	163849124
28984585	28984752
78175791	78175927
26596080	26596234
32399888	32400021
126074915	126075050
37349388	37349520
107318915	107319087
31564880	31565020
143834603	143834779
91791316	91791451
74320289	74320435
126497535	126497682
24695890	24696024
6697221	6697392
28654335	28654471
80523708	80523850
56622553	56622710
68936468	68936641
41274143	41274270
112042977	112043136
91103110	91103270
6057807	6057944
133833667	133833815
135827535	135827663
117799690	117799842
16771311	16771469
24767053	24767187
72219935	72220066
6316008	6316152
71416369	71416501
160941014	160941137
111799997	111800133
90319919	90320050
56502498	56502650
2989339	2989479
18122902	18123054
144803353	144803495
108301639	108301772
127963282	127963404
150247430	150247557
124036536	124036673
150186177	150186332
45898288	45898414
136929431	136929570
161089044	161089179
22828804	22828942
31737660	31737792
121751715	121751857
170231842	170232001
80176061	80176206
10435407	10435544
39345349	39345483
24581424	24581556
118830286	118830426
131081276	131081418
41754260	41754391
54857718	54857868
50759734	50759862
137113613	137113774
95879620	95879755
82750389	82750526
149886802	149886958
152659781	152659918
75920982	75921122
145535741	145535884
2791537	2791673
44424122	44424248
41651417	41651559
118585213	118585358
20404890	20405048
37293616	37293761
42866693	42866885
138188206	138188358
99778076	99778227
32967957	32968084
109704497	109704663
26064869	26065004
137910651	137910794
12234344	12234514
112098698	112098858
74225471	74225609
31364820	31364964
35295324	35295478
4282152	4282291
69023929	69024071
88506349	88506495
69488640	69488764
158018849	158018981
108025737	108025869
40276562	40276677
152445697	152445824
13429402	13429532
37282758	37282880
83931746	83931883
34383147	34383290
160559357	160559507
5057484	5057613
40880200	40880335
154269080	154269211
118151178	118151298
134294640	134294776
56769492	56769625
33995520	33995672
36391008	36391151
25602731	25602867
100316048	100316193
7086777	7086909
32122473	32122593
54582764	54582896
46594152	46594278
10954869	10954997
69678072	69678197
24583771	24583889
36819016	36819152
38202050	38202171
160075668	160075810
31055413	31055569
152086700	152086837
109156546	109156694
46816783	46816914
126109100	126109226
6759529	6759655
49574943	49575055
787070	787197
140373995	140374149
159026439	159026550
114417848	114417987
33736446	33736588
93520684	93520835
36692507	36692627
107057703	107057834
157355721	157355842
42228776	42228917
76641911	76642038
154477292	154477433
52272318	52272442
15254325	15254448
139309433	139309571
143600653	143600781
103570996	103571143
16331689	16331806
105525868	105526006
27787596	27787723
68643309	68643444
56179620	56179752
35114285	35114418
109214703	109214834
80577965	80578097
117293265	117293397
2449112	2449242
127624037	127624152
85138166	85138303
49499950	49500067
36989574	36989710
41870006	41870141
86387126	86387245
3411263	3411393
27740355	27740466
110499855	110499996
27486691	27486820
89471573	89471703
75914055	75914196
38965039	38965174
43365878	43366008
76077898	76078039
138830645	138830765
106538013	106538130
28985001	28985137
44398988	44399096
30509383	30509476
35262243	35262342
118605069	118605203
42198124	42198229
322390	322494
89952429	89952542
100270741	100270852
71665758	71665862
13874095	13874212
63982428	63982540
41904140	41904264
44232718	44232826
150045119	150045227
2209595	2209726
11618900	11619019
110361455	110361587
51263761	51263875
80803886	80804008
44189396	44189519
57396811	57396922
89309412	89309522
17584501	17584643
106748960	106749067
36308883	36308999
19852188	19852314
7899373	7899500
74564859	74564977
14129896	14130015
107435563	107435676
48733111	48733249
135861780	135861895
152677954	152678079
34360560	34360687
151762210	151762326
137982891	137983017
56709054	56709155
127125513	127125642
31548719	31548846
16764960	16765066
55141677	55141796
30512580	30512681
147827858	147827978
107349288	107349403
138190583	138190701
139430820	139430939
111200464	111200584
137248597	137248729
41034697	41034799
143067795	143067920
132619625	132619736
4849002	4849131
71396372	71396485
722143	722244
33712290	33712378
107976596	107976710
126354917	126355026
37175912	37175984
148487617	148487732
913222	913341
132990910	132991038
52516999	52517070
107453705	107453824
131193530	131193629
130603520	130603626
14046849	14046950
71081355	71081455
41149954	41150069
14711400	14711544
130397821	130397932
9413300	9413404
108169572	108169689
111271036	111271143
27760202	27760349
112350551	112350650
12075540	12075656
133874943	133875066
135323496	135323613
51914416	51914513
163602328	163602453
96314738	96314848
163975861	163975973
12504750	12504865
33086471	33086558
119056610	119056730
15327603	15327709
74098548	74098657
169357117	169357240
33313152	33313259
151797201	151797297
33739414	33739521
118162010	118162119
126978847	126978964
24495503	24495614
132231227	132231333
52370645	52370768
84930688	84930797
8539825	8539938
72751916	72752024
97347085	97347182
41335546	41335648
96216535	96216653
12151204	12151328
37673312	37673449
30640874	30640971
107004396	107004492
13454960	13455063
87788894	87788986
43464503	43464625
33091626	33091739
130096416	130096525
26493676	26493769
116433222	116433325
167364979	167365123
23414523	23414644
30325486	30325602
44636020	44636094
46749319	46749425
20056749	20056850
143208118	143208207
33600452	33600559
28101947	28102043
92122414	92122517
99600096	99600153
38538703	38538813
67776465	67776577
79960088	79960203
110374960	110375083
97516235	97516344
33679577	33679690
31831750	31831851
118297337	118297448
17584760	17584893
139551728	139551834
93487003	93487103
71257174	71257273
131840861	131840961
33129359	33129453
28180286	28180365
112125875	112125980
36750717	36750808
82463706	82463834
155189333	155189433
17086742	17086843
130214993	130215097
119215229	119215297
4210993	4211079
64474383	64474484
3748649	3748741
41769306	41769412
166795458	166795559
134242516	134242625
139571849	139571945
144261264	144261337
52747276	52747374
36164171	36164262
11766494	11766595
11722662	11722712
114429679	114429794
126102700	126102811
70429630	70429682
24274848	24274961
169284844	169284974
112331685	112331777
12370046	12370150
80487847	80487942
163837960	163838062
133890141	133890247
161574075	161574191
44561356	44561454
86082058	86082156
161413940	161414034
129052430	129052532
140248580	140248685
55310584	55310682
116857451	116857549
138838857	138838916
108819272	108819360
86466870	86466980
107996378	107996508
153219037	153219227
6131921	6131994
56820124	56820191
87646908	87647010
55845549	55845653
130615111	130615162
144411659	144411759
80842812	80842912
157505503	157505609
33165390	33165478
83299618	83299714
41060316	41060416
129691692	129691800
96990710	96990809
43422383	43422465
145349513	145349592
49817410	49817537
13538443	13538558
148572567	148572674
142310545	142310640
147712193	147712294
1063207	1063309
107397186	107397287
117638555	117638653
49377788	49377857
126180007	126180095
55751121	55751233
6585099	6585154
7239154	7239248
43969176	43969268
47601099	47601190
50570069	50570146
145252715	145252810
56820812	56820873
36547542	36547610
143348327	143348436
31856668	31856768
16761874	16761972
43576181	43576251
25556733	25556923
2695823	2695929
57055046	57055153
9540921	9540981
64217155	64217231
33575686	33575769
13428497	13428687
24431405	24431497
39948944	39949025
123160754	123160842
105219281	105219385
53516124	53516180
29673564	29673666
41703337	41703406
149867466	149867536
43726387	43726450
74679835	74679933
114257427	114257487
101105710	101105810
78636055	78636170
87566848	87566904
120287801	120287881
40792205	40792268
88410712	88410762
99968802	99968893
55482230	55482296
33059876	33059972
133120165	133120355
20875757	20875848
34214391	34214581
51423992	51424083
62519061	62519150
25788856	25789046
90680504	90680596
116765418	116765491
143850371	143850453
72565264	72565357
38941138	38941206
105872192	105872282
153633913	153634005
159081394	159081489
29343909	29344008
138018640	138018703
56628932	56629122
165853574	165853669
26569475	26569574
48055358	48055457
148773	148871
13278586	13278681
36669474	36669534
146362562	146362653
33819811	33819897
347436	347626
52227464	52227514
53593469	53593659
122354869	122354957
57133029	57133111
82961800	82961896
14816888	14816992
126227711	126227780
149511457	149511647
114316126	114316210
90996771	90996822
30881865	30881975
106787372	106787457
24934210	24934291
75284667	75284755
85836783	85836833
24547619	24547701
33730066	33730256
118902157	118902210
84127747	84127832
43742644	43742736
160141806	160141885
132244602	132244792
142709513	142709591
111887218	111887311
164076403	164076508
126112893	126112973
30500389	30500465
49998826	49998908
155661694	155661787
73349836	73349912
99689945	99690039
53159031	53159117
30464570	30464644
148498918	148499003
12045336	12045397
159139634	159139699
56632848	56632936
22737772	22737835
120299588	120299645
5004246	5004436
52463172	52463231
143695266	143695456
38997366	38997452
4008728	4008918
23446767	23446863
85677277	85677355
130686529	130686719
137663201	137663283
43197195	43197273
155054402	155054592
51928437	51928627
136868591	136868781
140317676	140317866
27145563	27145753
7723371	7723453
217171	217248
5398850	5398910
146250284	146250474
142859115	142859305
78167555	78167745
28907761	28907840
108681852	108681932
70577338	70577528
97663106	97663184
104931265	104931340
40813506	40813591
31763673	31763863
30565194	30565384
30712108	30712159
151727276	151727466
142528697	142528747
167411343	167411533
106181588	106181648
39833173	39833363
45387350	45387425
90085304	90085494
20127076	20127266
118606029	118606118
146082889	146082957
84324783	84324973
30789861	30789913
42427801	42427874
1424622	1424812
94133406	94133596
106894225	106894415
111321008	111321073
148466152	148466342
44205727	44205917
88889673	88889749
38002199	38002389
3457411	3457501
37271791	37271981
75940302	75940492
28464024	28464104
98034402	98034452
143234820	143235010
1552767	1552957
31553401	31553591
25720733	25720923
149366656	149366846
167276292	167276342
83041283	83041473
72059189	72059253
52589311	52589501
26026576	26026766
12290651	12290708
144537395	144537585
84245864	84246054
33393836	33393901
153833397	153833463
129046931	129047013
31038616	31038689
117290456	117290646
149364755	149364805
43806152	43806241
150161882	150161936
6561229	6561419
34759698	34759888
96371482	96371672
44272665	44272720
43354405	43354486
89949117	89949307
24359984	24360174
37503591	37503676
132482526	132482716
166869924	166870114
73353060	73353250
27129715	27129905
138912117	138912307
76564891	76565081
152085533	152085723
37333684	37333741
138328159	138328349
39860457	39860510
6222490	6222680
3887736	3887926
160274099	160274154
74362384	74362574
105851406	105851596
551465	551655
72243627	72243817
25176043	25176099
159638648	159638838
34035678	34035868
101562656	101562715
156959176	156959366
56756678	56756868
138243148	138243338
42364664	42364714
38688199	38688389
159883142	159883332
15464605	15464795
108887231	108887421
33359098	33359288
127860601	127860651
16711915	16712105
20528672	20528862
125435492	125435682
70695181	70695371
160524467	160524657
13574444	13574516
29596485	29596675
190698	190888
135483892	135484082
54562366	54562452
30379283	30379473
5422667	5422857
89202635	89202825
30421589	30421648
39157908	39157958
159379905	159379989
79519993	79520183
150392329	150392519
84302610	84302800
52455198	52455388
116418316	116418408
524963	525013
147606308	147606498
21020021	21020093
154691765	154691955
73995521	73995711
140202952	140203009
80579393	80579583
85132198	85132388
132539304	132539494
99873760	99873950
55106093	55106283
116966895	116966949
43323697	43323887
2750314	2750504
85395790	85395980
51799019	51799209
164129128	164129318
127508139	127508329
139922116	139922167
164527622	164527812
41159405	41159595
7143952	7144142
71900677	71900752
40518129	40518319
46958824	46958880
25138508	25138698
33375260	33375318
81315296	81315346
8059518	8059590
16184412	16184602
37533499	37533689
20529422	20529612
16872851	16873041
85278799	85278989
166511472	166511662
89223744	89223934
44225329	44225381
331811	332001
1336586	1336776
103297852	103298042
108496788	108496852
62860047	62860237
123637950	123638140
53583776	53583966
141998843	141999033
69282512	69282702
126210531	126210721
149347722	149347912
132246109	132246299
69053882	69054072
1364475	1364665
141398978	141399050
16713556	16713746
148424	148500
42976964	42977154
111682964	111683154
96096614	96096804
44067876	44068066
27759980	27760065
44030618	44030808
88878244	88878434
152623189	152623379
39060052	39060242
16129628	16129818
121722105	121722160
170831963	170832153
128176800	128176990
155819629	155819819
32921070	32921260
112194543	112194733
126274829	126275019
24521285	24521475
70578241	70578431
31300509	31300699
25890772	25890962
21935878	21936068
28351427	28351617
159572382	159572572
52441468	52441658
42277581	42277771
56413850	56414040
157367079	157367269
104773646	104773699
81048063	81048253
52861546	52861736
97501809	97501999
138608445	138608635
69587101	69587291
389647	389837
70505439	70505629
118032613	118032803
130054551	130054741
3933417	3933607
3978585	3978635
102562350	102562540
101112236	101112426
89175599	89175789
111578020	111578073
98153484	98153674
40973972	40974162
98373479	98373669
80254861	80255051
303947	304137
37828112	37828302
3002175	3002365
4806400	4806590
140888693	140888883
100353481	100353671
686655	686845
49590861	49591051
120377403	120377453
18303129	18303319
34941395	34941585
108571791	108571981
92244438	92244628
52360740	52360930
32922869	32923059
126295485	126295675
99730440	99730630
54486178	54486368
12482726	12482916
135651726	135651916
170602065	170602255
105851000	105851190
149410767	149410957
122797397	122797587
32055439	32055629
152991123	152991313
110940168	110940358
15337919	15338109
50096253	50096443
41673808	41673861
56563934	56564124
153274374	153274564
34023117	34023307
5136117	5136307
101674838	101675028
104975725	104975915
137060735	137060925
13575530	13575720
6105966	6106156
10759705	10759895
408908	409098
87739557	87739747
36947178	36947368
62993817	62994007
26104370	26104560
167554322	167554386
108121872	108122062
56826045	56826235
82887919	82888109
115011903	115012093
166303665	166303855
143144139	143144329
72794752	72794942
22344169	22344359
119907758	119907948
90307765	90307955
106532638	106532828
159673969	159674159
29944310	29944500
78330119	78330309
139305582	139305772
144357618	144357808
31051855	31052045
42931674	42931864
157019475	157019665
87986949	87987139
112658474	112658664
137424357	137424547
158553063	158553253
1793299	1793489
15623836	15624026
150740249	150740439
28548331	28548521
50623634	50623824
56573931	56574121
35725344	35725534
123714584	123714774
125191858	125192048
46010233	46010423
106960265	106960455
153275705	153275895
28510403	28510593
13272939	13273008
38247291	38247481
159050423	159050613
167528643	167528833
144409026	144409216
127511804	127511994
127587614	127587804
70442650	70442840
16316956	16317146
90530062	90530252
120699857	120700047
51379966	51380017
33247844	33248034
87569372	87569562
33017180	33017370
156700140	156700330
115337857	115338047
166570571	166570761
143171887	143172077
110104561	110104751
166142893	166143083
109718345	109718535
143105566	143105756
100547417	100547607
126682284	126682474
137416838	137417028
139694350	139694540
53409451	53409641
119664418	119664608
65215294	65215484
54743605	54743795
74801183	74801373
32162883	32163073
17702166	17702356
145829412	145829602
16277615	16277805
97884939	97885129
157341024	157341214
148929799	148929989
49891621	49891811
96289576	96289766
135578872	135579062
13767798	13767988
51618532	51618722
10465968	10466158
25962055	25962245
113916017	113916207
129128815	129129005
117100843	117101033
103067557	103067747
43919091	43919281
63776080	63776270
150921992	150922182
132600824	132600893
11323859	11324049
64284307	64284497
63485436	63485626
43139071	43139261
168771049	168771239
4727925	4728115
34495043	34495233
109504387	109504577
162863834	162864024
141630530	141630720
15770600	15770790
27125779	27125969
29935631	29935821
117168498	117168688
107739449	107739639
43945143	43945333
36945253	36945443
116768621	116768811
126633503	126633693
121147499	121147689
81452324	81452514
157984810	157985000
11732542	11732732
125513551	125513741
79545644	79545834
76272819	76273009
14910938	14911128
3209417	3209607
32590330	32590520
20789489	20789679
98488151	98488341
12845033	12845223
130560190	130560380
21587727	21587917
39056190	39056380
152964187	152964377
41007149	41007339
16496595	16496785
106589848	106590038
158035174	158035364
76214619	76214809
9610944	9611134
165033856	165034046
131781164	131781354
52969191	52969381
134444804	134444994
157256	157446
319750	319940
291712	291902
159291033	159291223
7722006	7722196
32222968	32223158
7934165	7934355
4313266	4313456
26924703	26924893
83422647	83422837
36107293	36107483
144263311	144263501
51709238	51709428
132714030	132714220
30005057	30005247
157012209	157012399
137960138	137960328
114832960	114833150
52704479	52704669
18997668	18997858
7087443	7087633
15893889	15894079
110187276	110187466
112166803	112166993
145100368	145100558
64283723	64283913
99217525	99217715
24392031	24392221
37709827	37710017
96267919	96268109
15286242	15286432
163591400	163591590
134158972	134159162
157187419	157187609
139494437	139494627
69889642	69889832
21332416	21332606
77571229	77571419
57540457	57540647
129896525	129896715
106957343	106957533
15445295	15445485
126492121	126492311
58296915	58297105
115039461	115039651
36880381	36880571
106534138	106534328
167702177	167702367
83326416	83326606
155816363	155816553
42071960	42072150
126448903	126449093
73844318	73844508
157018417	157018607
31459782	31459972
36725118	36725308
157020230	157020420
34605936	34606126
119217777	119217967
159590292	159590482
107401353	107401543
167764943	167765133
99225639	99225829
20564491	20564681
136871591	136871781
111727422	111727612
11877289	11877479
41516419	41516609
57189425	57189615
26420883	26421073
19025087	19025277
15151504	15151694
159235218	159235408
89339627	89339817
67268148	67268338
155026714	155026904
85725197	85725387
32016010	32016200
122806138	122806328
45468762	45468952
7339461	7339651
54109319	54109509
16511395	16511585
107136159	107136349
130997321	130997511
126068067	126068257
136700135	136700325
21937800	21937990
27280111	27280301
89360045	89360235
11785680	11785870
29885773	29885963
161471531	161471721
166926148	166926338
38741242	38741432
32793756	32793946
149806042	149806232
65442822	65443012
54602162	54602352
36702851	36703041
114010946	114011136
143360076	143360266
52077958	52078148
113947776	113947966
15275015	15275205
32202753	32202943
31920211	31920401
117510071	117510261
11834657	11834847
131504122	131504312
29664408	29664598
143888727	143888917
68804055	68804245
101167836	101168026
145035603	145035793
74290057	74290247
151042040	151042230
117673728	117673918
91986141	91986331
72331729	72331919
134495855	134496045
155702181	155702371
36841480	36841670
130368820	130369010
112750518	112750708
6331708	6331898
145672277	145672467
52071965	52072155
82443910	82444100
134432292	134432482
156497309	156497499
147106232	147106422
5746736	5746926
153353500	153353690
133102011	133102201
88193877	88194067
94134119	94134309
103721023	103721213
167454846	167455036
32935403	32935593
41424145	41424335
35520146	35520336
53544291	53544481
35923835	35924025
105237805	105237995
30704746	30704936
152011487	152011677
23659498	23659688
88851389	88851579
84228918	84229108
93746644	93746834
51406773	51406963
30227607	30227797
90502662	90502852
44598253	44598443
6918875	6919065
114175983	114176173
74020052	74020242
54132691	54132881
31410393	31410583
88654477	88654667
15901863	15902053
155589335	155589525
77061102	77061292
101244383	101244573
14044457	14044647
92832563	92832753
28072469	28072659
53016568	53016758
69178518	69178708
35016673	35016863
143888221	143888411
42533058	42533248
38970948	38971138
120398713	120398903
24397127	24397317
135732571	135732761
12008804	12008994
115106885	115107075
1524276	1524466
88032141	88032331
10721110	10721300
106283324	106283514
5175495	5175685
28219973	28220163
81951544	81951734
35147311	35147501
137143973	137144163
3849451	3849641
351781	351971
27533586	27533776
6643636	6643826
114228388	114228578
92461285	92461475
42007378	42007568
37138547	37138737
143658813	143659003
108298507	108298697
113102593	113102783
51215210	51215400
169890039	169890229
139013447	139013637
25718479	25718669
134758611	134758801
159331875	159332065
67206619	67206809
125474734	125474924
31785500	31785690
56460382	56460572
24667264	24667454
128011354	128011544
305940	306130
136259857	136260047
40296534	40296724
296132	296322
135410444	135410634
116714691	116714881
93354114	93354304
26270852	26271042
33093982	33094172
365903	366093
83775505	83775695
108188263	108188453
149449610	149449800
6915470	6915660
42370076	42370266
12311426	12311616
153070087	153070277
99287748	99287938
28317584	28317774
73290164	73290354
133089451	133089641
73398863	73399053
24936152	24936342
149794765	149794955
1856834	1857024
110839572	110839762
106808335	106808525
26544259	26544449
149021246	149021436
31542178	31542368
29621302	29621492
34724327	34724517
51952578	51952768
109557677	109557867
137442811	137443001
165645303	165645493
149079775	149079965
127391139	127391329
143273861	143274051
13381983	13382173
120041427	120041617
2037906	2038096
138030901	138031091
90654630	90654820
168227352	168227542
1499072	1499262
37575864	37576054
100775017	100775207
157097580	157097770
106241107	106241297
31095968	31096158
79321716	79321906
10031285	10031475
138725337	138725527
89693366	89693556
17094026	17094216
50152818	50153008
35696022	35696212
136904244	136904434
13625135	13625325
137477263	137477453
328219	328409
125117136	125117326
41302553	41302743
52860004	52860194
52162277	52162467
53043920	53044110
18156248	18156438
139236926	139237116
11459332	11459522
163329021	163329211
1671103	1671293
236055	236245
18211622	18211812
157007746	157007936
31239439	31239629
161639336	161639526
92223965	92224155
342107	342297
31526889	31527079
88875755	88875945
139695667	139695857
87416273	87416463
25042886	25043076
79801610	79801800
36411915	36412105
20454522	20454712
43302318	43302508
11822663	11822853
8905082	8905272
33267524	33267714
16472289	16472479
118097752	118097942
133608006	133608196
116538268	116538458
89970547	89970737
139214286	139214476
16229677	16229867
14118119	14118309
119289690	119289880
27122064	27122254
52680399	52680589
137893099	137893289
20717215	20717405
157921393	157921583
28367465	28367655
36618735	36618925
29688736	29688926
20271119	20271309
133258595	133258785
40637232	40637422
43329109	43329299
57412341	57412531
26189202	26189392
130302845	130303035
163277910	163278100
141712381	141712571
135408606	135408796
39632022	39632212
35370023	35370213
110778873	110779063
78450221	78450411
45636549	45636739
113952480	113952670
3157802	3157992
166849061	166849251
116293929	116294119
57217484	57217674
37599137	37599327
330093	330283
33640668	33640858
56435649	56435839
100061341	100061531
139696567	139696757
87865086	87865276
143206671	143206861
88635091	88635281
158865291	158865481
107780623	107780813
32997821	32998011
164530898	164531088
18264999	18265189
16473464	16473654
16541509	16541699
159421147	159421337
156604333	156604523
104245725	104245915
84937772	84937962
37548794	37548984
106094228	106094418
10256443	10256633
138120106	138120296
30594451	30594641
161851078	161851268
161522679	161522869
18990694	18990884
129988283	129988473
112062917	112063107
11786367	11786557
80355805	80355995
106588614	106588804
107446230	107446420
46823794	46823984
24283555	24283745
38459906	38460096
32605134	32605324
6712808	6712998
133506021	133506211
137105064	137105254
16483315	16483505
137072761	137072951
96537156	96537346
155662171	155662361
4055791	4055981
116160031	116160221
100624637	100624827
18749678	18749868
11828488	11828678
112693518	112693708
149080961	149081151
76985530	76985720
7618693	7618883
150144268	150144458
37521430	37521620
167533646	167533836
151969209	151969399
37849190	37849380
41196432	41196622
112165669	112165859
7425275	7425465
120595801	120595991
3069187	3069377
5581623	5581813
56885998	56886188
29195121	29195311
136081060	136081250
68836309	68836499
11386685	11386875
133361246	133361436
37992230	37992420
2761627	2761817
33382493	33382683
11044726	11044916
6700216	6700406
86388311	86388501
75298494	75298684
1894056	1894246
127927286	127927476
151752159	151752349
99667770	99667960
170055078	170055268
139612942	139613132
161211134	161211324
148292227	148292417
53053287	53053477
170601085	170601275
153874907	153875097
144223435	144223625
155902137	155902327
106720968	106721158
189436	189626
4164374	4164564
105811080	105811270
88466667	88466857
32115581	32115771
64214759	64214949
106615346	106615536
162081974	162082164
137335079	137335269
161282942	161283132
106562477	106562667
110663205	110663395
143858515	143858705
108891820	108892010
5950859	5951049
26250466	26250656
140908043	140908233
17001509	17001699
33458138	33458328
162343933	162344123
164088808	164088998
32407632	32407822
112159115	112159305
14715483	14715673
126119994	126120184
422837	423027
56637816	56638006
112407908	112408098
157342766	157342956
162169923	162170113
40641312	40641502
112126849	112127039
48444087	48444277
12357935	12358125
137418326	137418516
73332000	73332190
33173044	33173234
43921567	43921757
15359653	15359843
134273091	134273281
158917850	158918040
157254627	157254817
21360583	21360773
29323548	29323738
157089364	157089554
9852338	9852528
150510413	150510603
157389964	157390154
107500327	107500517
143870846	143871036
11730934	11731124
113810600	113810790
46459605	46459795
133282863	133283053
11461139	11461329
3032201	3032391
36699705	36699895
37621771	37621961
39419720	39419910
113964329	113964519
28816629	28816819
110012605	110012795
11852597	11852787
79223681	79223871
31740696	31740886
78360166	78360356
112085516	112085706
42104237	42104427
23945773	23945963
155739696	155739886
72596562	72596752
5671922	5672112
47445740	47445930
8888771	8888961
28104575	28104765
67636064	67636254
69668332	69668522
164928715	164928905
155672597	155672787
157073782	157073972
143771742	143771932
87947650	87947840
16404146	16404336
22413998	22414188
13711722	13711912
106550042	106550232
137880987	137881177
22956752	22956942
20403597	20403787
114664762	114664952
52935650	52935840
11277906	11278096
39357214	39357404
123065515	123065705
43636121	43636311
41500055	41500245
137796376	137796566
165463004	165463194
82175648	82175838
317853	318043
21597348	21597538
11324938	11325128
22498609	22498799
336719	336909
141804872	141805062
124098818	124099008
159884556	159884746
4790811	4791001
33396456	33396646
11852294	11852484
12336030	12336220
169920320	169920510
81197951	81198141
154730098	154730288
9783769	9783959
31657390	31657580
97208183	97208373
88615033	88615223
138062064	138062254
25054223	25054413
88414937	88415127
94157681	94157871
28956354	28956544
114194553	114194743
130702999	130703189
99893958	99894148
116688940	116689130
21022815	21023005
126949413	126949603
70506854	70507044
1849141	1849331
113809357	113809547
4789563	4789753
2998590	2998780
22471415	22471605
33502942	33503132
158626404	158626594
158319281	158319471
95346899	95347089
24910174	24910364
6588625	6588815
1869212	1869402
113201125	113201315
11467825	11468015
167631982	167632172
16420345	16420535
156681151	156681341
7390409	7390599
11374635	11374825
37605627	37605817
34205830	34206020
27219581	27219771
193985	194175
32909314	32909504
115866581	115866771
70815543	70815733
3453766	3453956
139233582	139233772
86901918	86902108
168551641	168551831
105765806	105765996
73232591	73232781
5566987	5567177
17505254	17505444
33459951	33460141
113782463	113782653
41701951	41702141
56973600	56973790
12636677	12636867
22216946	22217136
55818316	55818506
5766612	5766802
26521929	26522119
36213579	36213769
112617438	112617628
33044498	33044688
5583049	5583239
151250121	151250311
94781668	94781858
90922111	90922301
74508310	74508500
137093868	137094058
286720	286910
70402513	70402703
3295926	3296116
126850849	126851039
143620782	143620972
70591784	70591974
24910576	24910766
42387703	42387893
84953058	84953248
108437035	108437225
100184282	100184472
43179858	43180048
74230856	74231046
79146145	79146335
149950417	149950607
137041609	137041799
33524698	33524888
96842729	96842919
150328332	150328522
137493717	137493907
149295078	149295268
227824	228014
148501043	148501233
134772801	134772991
14877636	14877826
68875436	68875626
156980531	156980721
33547919	33548109
64524468	64524658
123268605	123268795
33670262	33670452
164518651	164518841
97888552	97888742
112279188	112279378
5275831	5276021
112193970	112194160
13356343	13356533
144472410	144472600
391681	391871
121640272	121640462
32084595	32084785
126871573	126871763
109427153	109427343
157042064	157042254
139483053	139483243
112072365	112072555
159274479	159274669
122693879	122694069
28806706	28806896
138225714	138225904
27206147	27206337
20946390	20946580
130469404	130469594
113199001	113199191
158447333	158447523
126744180	126744370
124287153	124287343
7107066	7107256
57539453	57539643
151186708	151186898
64673735	64673925
40742760	40742950
149400683	149400873
52451791	52451981
22373277	22373467
88106829	88107019
50029889	50030079
15255823	15256013
134694598	134694788
42420898	42421088
64104173	64104363
218113	218303
137040842	137041032
41691300	41691490
29619494	29619684
5828650	5828840
139075980	139076170
11011980	11012170
112127206	112127396
24513940	24514130
22322464	22322654
28499604	28499794
148998740	148998930
92385650	92385840
6393018	6393208
46071287	46071477
99842012	99842202
80045162	80045352
15299815	15300005
156877769	156877959
149534673	149534863
124373380	124373570
86884961	86885151
138249032	138249222
55886807	55886997
130618120	130618310
32445683	32445873
52363346	52363536
149280251	149280441
34624404	34624594
158065497	158065687
156153776	156153966
69686241	69686431
159224021	159224211
118573724	118573914
129790505	129790695
121308325	121308515
10847979	10848169
106630421	106630611
14317456	14317646
34157999	34158189
5730163	5730353
35633382	35633572
32636317	32636507
149638201	149638391
137427508	137427698
10404301	10404491
11346881	11347071
36634936	36635126
108864487	108864677
170102158	170102348
111137284	111137474
15901441	15901631
158860461	158860651
130935617	130935807
130846622	130846812
31869845	31870035
28948926	28949116
129958822	129959012
110016769	110016959
20400812	20401002
130005213	130005403
113951988	113952178
10381583	10381773
64235144	64235334
381842	382032
11154283	11154473
137539076	137539266
252052	252242
66348079	66348269
52364766	52364956
16602369	16602559
143174334	143174524
105933488	105933678
13259776	13259966
141516713	141516903
150336448	150336638
10528831	10529021
90889055	90889245
116539440	116539630
46185558	46185748
116726380	116726570
5764248	5764438
157744492	157744682
157099004	157099194
88117756	88117946
157760547	157760737
135410040	135410230
166859367	166859557
92903539	92903729
353865	354055
116437071	116437261
47614388	47614578
113966087	113966277
159074620	159074810
52254412	52254602
155739196	155739386
36853419	36853609
28085527	28085717
37151166	37151356
149187995	149188185
41499662	41499852
15023773	15023963
25342584	25342774
34835449	34835639
52402068	52402258
166855399	166855589
159727216	159727406
4801836	4802026
130544783	130544973
47220491	47220681
14475248	14475438
141130911	141131101
16420962	16421152
105900359	105900549
20320272	20320462
119166227	119166417
5078664	5078854
18121911	18122101
3752258	3752448
56458677	56458867
152806868	152807058
162039988	162040178
14094409	14094599
16592123	16592313
91284387	91284577
138724656	138724846
37617844	37618034
20874116	20874306
38321561	38321751
2854457	2854647
119671642	119671832
116731030	116731220
116723360	116723550
32165272	32165462
157009474	157009664
140224987	140225177
37529901	37530091
53155744	53155934
45678286	45678476
114302224	114302414
693047	693237
24936984	24937174
33935868	33936058
90078810	90079000
36514763	36514953
149387336	149387526
159465966	159466156
147543778	147543968
