176540967	176541172
96204667	96204890
10452908	10453110
110493907	110494112
108017086	108017298
143204726	143204971
131836944	131837153
73088646	73088844
95194510	95194736
94186040	94186245
111482696	111482909
138758085	138758293
90680754	90680990
138598403	138598602
150544407	150544639
114970489	114970686
159772413	159772623
153344687	153344884
71819900	71820100
173046034	173046231
150880353	150880559
157602031	157602234
53813344	53813536
159865460	159865672
55566453	55566679
89561147	89561373
98368253	98368463
68303684	68303876
38441919	38442111
154029846	154030034
177591263	177591452
159935874	159936067
122946893	122947087
4879910	4880106
132446994	132447200
153989964	153990172
133375280	133375519
156575962	156576176
151205021	151205228
118747819	118748019
125992197	125992383
52244417	52244615
40688305	40688526
116283684	116283897
76070449	76070667
68389553	68389737
153847330	153847522
107009423	107009639
151038597	151038794
149370432	149370618
140971680	140971893
171720574	171720775
167646866	167647062
32613272	32613462
14727541	14727746
126011883	126012086
102475061	102475261
169765937	169766194
75552146	75552385
17216302	17216521
14648740	14648955
33934874	33935102
107978087	107978304
171533952	171534155
50046964	50047163
95182776	95182953
169652946	169653139
153451952	153452149
167696453	167696652
115911856	115912062
156680572	156680765
94073670	94073865
139348415	139348664
90079605	90079806
38809998	38810188
127537103	127537311
13988048	13988254
34486369	34486575
67548582	67548768
71662289	71662491
35925081	35925274
99814890	99815093
32489900	32490103
83014122	83014316
130925326	130925511
64080338	64080507
139536788	139536986
95672181	95672374
171339226	171339422
139167123	139167329
149940593	149940796
112942322	112942504
121851930	121852125
113014724	113014914
72887035	72887235
156361967	156362162
173472501	173472689
162835540	162835723
162774680	162774873
81521471	81521653
32076912	32077095
42889520	42889708
87077038	87077248
18305501	18305696
175156888	175157096
127549055	127549240
80490942	80491136
180586391	180586573
82726303	82726487
177503237	177503423
75370432	75370624
150226725	150226936
140937478	140937689
115473601	115473777
125874940	125875125
138893215	138893404
122335738	122335933
73944688	73944882
157096019	157096217
151031676	151031867
65603595	65603773
81461835	81462013
60351355	60351536
172359474	172359656
67756081	67756265
32329545	32329735
98396140	98396319
95116830	95117046
149208057	149208266
158533867	158534084
317329	317528
121751287	121751485
180211612	180211792
55497011	55497210
142078764	142078945
78195746	78195939
172140125	172140320
133625296	133625504
81937291	81937485
35089885	35090072
73937922	73938122
75937449	75937626
126899967	126900158
137114765	137114947
75897396	75897585
33436085	33436278
150826964	150827133
163440195	163440369
153784803	153785032
33970031	33970231
41843704	41843894
923618	923807
75031125	75031312
14270413	14270596
78429545	78429732
171467263	171467441
7816470	7816643
35926648	35926834
147202370	147202543
150431313	150431508
172405849	172406018
162991431	162991609
158583873	158584066
54467977	54468164
75470962	75471165
80802893	80803078
118806640	118806818
150494946	150495145
133519956	133520136
43105874	43106083
102017205	102017387
90397698	90397897
149509601	149509778
35003559	35003741
80461428	80461610
143583408	143583580
131722344	131722543
131343622	131343803
118357745	118357928
134240309	134240475
18466312	18466489
43040475	43040665
55232042	55232228
150505784	150505965
174378278	174378456
9544658	9544853
76164015	76164197
99959547	99959722
37837574	37837770
149597792	149597982
133913557	133913737
98241686	98241857
56516872	56517035
5492580	5492752
1641771	1641992
57756649	57756828
133280035	133280222
172143891	172144088
34474700	34474884
38193307	38193493
10628069	10628289
156559102	156559289
79571289	79571462
78320895	78321071
64106968	64107144
72815608	72815785
39283531	39283694
172124579	172124781
149838485	149838682
159626447	159626620
93137083	93137251
78260816	78261005
41856860	41857032
110886336	110886537
154191533	154191698
54442497	54442666
171906037	171906253
76440449	76440650
9361968	9362152
96478444	96478636
71053856	71054038
139069728	139069894
6745843	6746011
137915052	137915237
113785637	113785853
671798	671985
158122631	158122836
125689703	125689873
67582245	67582434
131400481	131400650
118127825	118128000
96632875	96633079
139012956	139013159
176744989	176745168
34898474	34898654
106907800	106908002
176831482	176831656
126625716	126625882
5419552	5419746
137412901	137413069
180609029	180609212
121528705	121528883
86365910	86366079
172721043	172721207
169694959	169695149
98103909	98104081
53525103	53525266
14108714	14108893
93860668	93860849
151120288	151120453
153354054	153354232
128241320	128241497
63908286	63908457
139731415	139731587
32232666	32232835
98132144	98132303
141071739	141071921
169862095	169862279
56196767	56196952
44863007	44863176
58969374	58969539
141258825	141259002
79154050	79154218
142396434	142396624
60954436	60954625
99766101	99766271
65056820	65056988
95680551	95680726
35777827	35777998
153559769	153559931
133922542	133922732
58484373	58484545
157170576	157170764
156904037	156904219
176087899	176088084
168414683	168414849
59109621	59109787
34523339	34523521
68338745	68338935
136965354	136965521
172759089	172759273
163931277	163931449
131401154	131401346
102568220	102568393
152876428	152876604
78852088	78852266
431152	431334
125675008	125675185
15383686	15383863
159507918	159508097
132155884	132156089
112331824	112331998
149016482	149016634
126116030	126116223
65038459	65038641
98162969	98163139
176817601	176817787
77304295	77304464
123006768	123006938
169527467	169527633
36693325	36693517
62697400	62697566
87976332	87976502
94980116	94980284
66462065	66462247
107596368	107596558
118651454	118651632
81647731	81647919
148414944	148415113
114884927	114885135
158560250	158560422
147558916	147559070
129103634	129103852
39217997	39218164
157145596	157145762
176881497	176881676
151522500	151522682
131399207	131399393
145921915	145922090
39714318	39714484
176538919	176539121
76856603	76856778
137977613	137977791
18394414	18394577
79968065	79968239
37413158	37413365
154996460	154996629
149815722	149815907
95178911	95179088
173052802	173052989
96869868	96870059
103144293	103144452
79387655	79387814
50258811	50259042
82769440	82769621
140792439	140792610
167541533	167541705
5497383	5497541
64779656	64779851
168106563	168106725
10988115	10988289
56434022	56434193
163123397	163123568
94304315	94304491
102811434	102811606
151912318	151912477
36739855	36740030
53539419	53539599
150695663	150695839
149924398	149924576
95949827	95950012
64254741	64254891
78760648	78760800
96497763	96497920
88025514	88025704
139737305	139737483
139752566	139752740
135223178	135223330
31809260	31809425
136996131	136996295
141044665	141044832
142382728	142382905
4862772	4862927
156755523	156755680
139624158	139624329
112093395	112093562
41708318	41708476
115403848	115404003
156243119	156243287
73198497	73198663
39949084	39949246
118324174	118324327
148337276	148337429
173846652	173846826
148998373	148998535
143521955	143522115
159866230	159866420
173400245	173400435
171615737	171615934
131574047	131574221
102560400	102560563
133481617	133481777
96566854	96567029
60463369	60463533
180296090	180296252
61756426	61756576
156858931	156859104
15003646	15003817
86308983	86309146
71690641	71690810
87986854	87987027
173744364	173744541
149232681	149232845
115367935	115368091
16160945	16161112
174961150	174961341
58470182	58470331
111887235	111887423
14399276	14399445
111756076	111756229
150677723	150677884
75182137	75182308
66542004	66542154
53715591	53715744
90522011	90522186
131515945	131516110
148113252	148113418
77833747	77833921
127244919	127245073
141531552	141531696
140800455	140800650
130445779	130445954
136105887	136106042
137515997	137516163
92943623	92943787
59678717	59678874
1168352	1168524
66505077	66505262
148110594	148110794
145806822	145806989
89825967	89826139
107817156	107817327
155370949	155371107
73331420	73331593
131721185	131721342
169611177	169611327
53785297	53785462
159448945	159449126
151940198	151940356
102116305	102116469
135509851	135509988
7928002	7928172
139224081	139224230
114922328	114922477
137839533	137839702
36305937	36306089
59096000	59096161
5063858	5064066
95228594	95228755
107857659	107857831
42057439	42057622
96761352	96761506
150618885	150619054
146345711	146345862
147007736	147007893
90228045	90228215
43074066	43074249
114433901	114434060
77458214	77458366
127211284	127211451
10284222	10284376
142260174	142260326
131841924	131842077
112947802	112947961
140998737	140998883
135585471	135585616
137078822	137078984
172411386	172411545
40904938	40905084
133204958	133205128
36507555	36507704
62074867	62075040
31581711	31581870
52391876	52392031
1479812	1479980
170171589	170171771
133476253	133476423
129107145	129107318
114582190	114582349
134801931	134802068
177707073	177707242
79379440	79379588
112258015	112258172
52466696	52466842
110614628	110614794
14352317	14352462
130753057	130753228
137469231	137469400
140855371	140855546
121531606	121531754
63931050	63931182
64267476	64267629
59945225	59945393
176001137	176001304
85975395	85975545
4868376	4868546
123273009	123273147
116790498	116790648
131755457	131755620
137558589	137558746
121285629	121285767
44774498	44774650
157345045	157345218
56134364	56134538
157375895	157376058
143571730	143571877
71604340	71604486
112027482	112027639
135398367	135398531
142303803	142303957
56795341	56795500
38994536	38994683
130718135	130718339
42583476	42583626
126649650	126649811
170845795	170845965
101014404	101014578
54620768	54620914
148944407	148944574
115893490	115893639
43306175	43306307
150903021	150903187
173000176	173000335
140705667	140705825
173213893	173214048
132795957	132796099
139145364	139145543
54990104	54990261
59020443	59020591
135547967	135548119
142035355	142035506
133468092	133468279
59591354	59591523
133437806	133437954
169008728	169008875
175843563	175843745
66053166	66053313
178157774	178157942
96023675	96023817
179190258	179190408
179720560	179720717
63259051	63259207
169847934	169848085
58802243	58802388
1763857	1764012
131862558	131862723
145510131	145510290
149047224	149047368
141990744	141990885
113696726	113696898
114645588	114645730
102376913	102377048
40736502	40736648
1140506	1140659
82860050	82860210
177662142	177662284
176928067	176928224
100235902	100236073
150036142	150036303
158942965	158943109
148696872	148697029
77763689	77763852
6577124	6577268
112714776	112714912
32093426	32093576
151885118	151885260
162696745	162696912
174220816	174220962
110092951	110093090
173352600	173352744
134761907	134762053
119079793	119079929
129188564	129188704
142097228	142097373
138427545	138427692
59882267	59882411
158871609	158871763
149541276	149541427
153955504	153955661
156739528	156739677
86696253	86696407
32590376	32590513
10690046	10690193
90715537	90715691
138897623	138897777
75840249	75840409
171334846	171334997
91605348	91605495
159414475	159414619
21919665	21919810
57758576	57758726
121437514	121437649
94999957	95000104
74561591	74561740
138728346	138728482
101897969	101898122
170065817	170065964
108774614	108774751
45038599	45038741
158743904	158744039
131146719	131146868
106211596	106211747
144617587	144617739
77268643	77268780
173739075	173739208
139015354	139015505
58182579	58182715
140014680	140014821
59105898	59106036
148822206	148822338
147823612	147823743
5141885	5142050
142593373	142593538
140797110	140797255
138954747	138954892
125835776	125835930
135280775	135280919
72114885	72115030
42995103	42995256
49621199	49621337
63443786	63443937
169005129	169005270
103514921	103515065
135760683	135760817
134527162	134527301
71078852	71078996
118771272	118771403
108804595	108804739
39080828	39080969
1645100	1645232
157422031	157422182
148751038	148751171
140904406	140904573
177489102	177489242
132165725	132165849
75879397	75879530
146938552	146938690
139742872	139743004
16791266	16791406
33997623	33997764
172631366	172631508
16489453	16489591
71565099	71565231
179228930	179229070
117947152	117947300
149730201	149730336
86176721	86176871
51303195	51303334
68258818	68258973
71907081	71907212
161103244	161103377
41696201	41696344
94244709	94244847
146958108	146958241
139523909	139524045
78183760	78183912
146568503	146568640
139243793	139243928
21803103	21803240
121836585	121836722
157189101	157189248
54640334	54640482
42909132	42909249
134241407	134241534
43227814	43227951
177497072	177497206
176883457	176883596
33380063	33380203
151098937	151099087
142128259	142128412
81134481	81134626
59973683	59973820
167150412	167150532
168374400	168374535
126137762	126137891
147754434	147754571
141340379	141340536
101278045	101278167
56594149	56594283
55560374	55560513
52082810	52082955
6765907	6766071
160962887	160963046
14685915	14686049
68320133	68320260
43389969	43390113
134887657	134887771
148120951	148121079
6837759	6837894
14208911	14209041
133362391	133362520
39376469	39376605
142268172	142268310
57075339	57075480
132623322	132623436
33470788	33470921
127834683	127834812
176085155	176085276
114369678	114369832
13957303	13957424
149778410	149778538
146833514	146833660
89682036	89682172
15106025	15106165
122232824	122232948
172710935	172711083
5881565	5881705
170769483	170769616
173447509	173447629
10695291	10695439
111510833	111510981
137404574	137404718
52211319	52211468
157502400	157502520
169643395	169643521
89730048	89730182
126777900	126778042
140099877	140100033
67957186	67957342
94597161	94597300
170060124	170060245
41270651	41270774
179898103	179898233
58956714	58956849
75698987	75699097
52774276	52774433
5887149	5887278
137157958	137158083
9208060	9208179
136835027	136835178
100381533	100381662
83007947	83008064
1738079	1738217
39716714	39716839
111828127	111828272
101313569	101313700
156454176	156454299
149036272	149036415
109776879	109777001
112666364	112666486
136656248	136656392
174362997	174363138
179095529	179095652
149213933	149214064
137371788	137371960
54201889	54202038
131926981	131927093
42767721	42767852
132759612	132759730
98440371	98440512
151729345	151729467
148761587	148761702
72379064	72379186
53607758	53607906
140699836	140699953
148494357	148494494
139619579	139619700
112846676	112846787
113436992	113437124
76941406	76941543
134896623	134896745
81608272	81608379
188812	188948
121828510	121828632
31232506	31232623
149652222	149652333
137071809	137071934
160397929	160398054
61650019	61650143
151151115	151151210
141081815	141081952
21810961	21811081
147329407	147329538
91854158	91854281
61229972	61230092
156898850	156898993
4942512	4942654
80007919	80008035
100726176	100726297
142393691	142393821
158713577	158713706
72832760	72832881
131526031	131526148
178921176	178921300
77616442	77616552
140892009	140892141
169701495	169701610
145205354	145205491
15824528	15824658
132825411	132825548
140943915	140944025
79603487	79603622
179554162	179554294
165057373	165057486
143347725	143347845
53513832	53513954
125171376	125171517
74532726	74532845
24633971	24634086
83223074	83223202
145429110	145429242
5048419	5048559
30040745	30040868
138587045	138587170
154519287	154519415
7261220	7261337
142301845	142301970
36265652	36265778
9499159	9499286
64372309	64372410
127093319	127093433
8340995	8341120
59457316	59457420
17190740	17190852
40755217	40755342
179742804	179742933
131512844	131512955
89735630	89735749
131608551	131608685
78316971	78317085
82763269	82763394
162930282	162930366
111171044	111171179
133923036	133923139
93250914	93251030
141523599	141523718
55565510	55565649
71433761	71433883
9156512	9156635
16550571	16550677
133747577	133747670
123860400	123860515
54141105	54141212
145912940	145913050
142783278	142783406
151122479	151122583
122759123	122759261
44536910	44537028
66110373	66110479
7755256	7755366
169407766	169407899
96088306	96088417
31825733	31825857
58663753	58663862
38922329	38922428
142246719	142246823
126144457	126144590
168975447	168975578
53530512	53530624
115166984	115167093
64397046	64397180
154407713	154407841
132219059	132219162
101559657	101559768
81470577	81470687
160971399	160971531
111865378	111865484
160112848	160112954
129445006	129445116
71314120	71314220
89025983	89026101
10864052	10864163
76312129	76312242
18282181	18282298
36079406	36079516
89225150	89225265
89431847	89431946
167913346	167913425
168729649	168729750
92917172	92917322
79378733	79378841
105457866	105457966
74199370	74199486
159887804	159887918
43065094	43065201
149942564	149942681
176498988	176499063
171797793	171797897
118323865	118323975
150158809	150158930
51989274	51989376
18698749	18698864
15014102	15014200
127082593	127082706
1167913	1168035
59583147	59583259
171429455	171429544
112299779	112299896
63525151	63525247
141372043	141372155
157247789	157247917
76733156	76733272
174337355	174337473
137785796	137785895
102918206	102918307
130207337	130207436
154352191	154352292
95937543	95937656
13479097	13479217
125879971	125880067
54703057	54703145
16456496	16456579
7746380	7746490
177573135	177573227
137618980	137619069
115174839	115174944
180033079	180033179
114405191	114405279
156319317	156319412
74977247	74977346
146843927	146844025
149341761	149341834
170050692	170050779
58303429	58303534
67581821	67581935
56594861	56594945
58676366	58676556
79777246	79777297
11267521	11267617
44952533	44952614
12023888	12023987
77518109	77518194
94120948	94121055
35183439	35183543
94028863	94028975
42912447	42912551
174871785	174871887
132701110	132701222
106440507	106440629
145061314	145061401
106583924	106584023
157282553	157282653
58187694	58187781
14448545	14448648
76814297	76814398
36415032	36415147
122040080	122040167
66452957	66453027
6526224	6526281
90795904	90796012
6821068	6821258
172571357	172571547
150180800	150180850
68630732	68630832
125828681	125828778
149501877	149501944
80721456	80721555
136680554	136680653
142295547	142295610
72497910	72497992
71708227	71708318
164636265	164636361
1667461	1667564
76373505	76373600
50254836	50254931
168133705	168133796
58330316	58330506
67557432	67557531
114125616	114125691
45521342	45521435
110399578	110399670
160214420	160214510
95297007	95297086
163902492	163902579
72251685	72251875
170911572	170911666
34538239	34538337
152528082	152528162
149903438	149903544
126015417	126015478
170218502	170218600
135313283	135313346
171486737	171486927
56946260	56946353
143562995	143563080
134798073	134798154
98107387	98107469
68344161	68344233
80404356	80404452
109026899	109026952
161636140	161636206
36870702	36870789
55610540	55610638
80595480	80595571
135418280	135418371
173754440	173754533
148747180	148747253
126898068	126898139
97685547	97685637
6292265	6292363
7857144	7857213
43484489	43484543
169128962	169129039
134074037	134074104
149969501	149969552
172134317	172134416
137087708	137087758
114725690	114725748
51256819	51256902
111546253	111546351
41524431	41524489
179755812	179755870
133090326	133090516
127214000	127214050
90005256	90005446
78216586	78216666
54987748	54987829
33423283	33423383
110201551	110201602
107787093	107787178
81403269	81403346
96237263	96237320
26483031	26483101
51953169	51953248
94574810	94574860
88377332	88377522
158476951	158477009
125951204	125951279
130693478	130693668
72747222	72747314
138624042	138624114
132888726	132888916
43610028	43610091
83384978	83385028
153801512	153801702
118292587	118292663
2017802	2017992
1380617	1380707
156736194	156736384
159392711	159392777
33588957	33589147
167474493	167474588
148648609	148648799
35651377	35651567
79642040	79642124
71074644	71074728
90162267	90162348
8756767	8756821
176796253	176796320
101786123	101786187
171789770	171789960
138677356	138677546
53739254	53739315
121794130	121794189
148377868	148377963
126334207	126334286
146603934	146603985
71540838	71541028
52722000	52722061
65602370	65602420
111574349	111574420
118745024	118745214
6781069	6781130
77829364	77829426
90098635	90098825
100926260	100926310
60256600	60256654
133863312	133863502
154384003	154384193
175662299	175662394
173411394	173411468
158307583	158307773
59109917	59110044
89457440	89457490
170031103	170031187
68710792	68710869
43043292	43043482
55274142	55274221
178922981	178923171
176736776	176736966
140810007	140810197
133242198	133242272
17413475	17413572
158867303	158867493
157243839	157243907
135165874	135166064
28766789	28766863
76788350	76788428
446996	447186
139455109	139455174
36690582	36690657
180287727	180287789
77923225	77923297
426037	426087
173056857	173056911
83570799	83570989
176386190	176386380
79070483	79070673
157167338	157167528
88731308	88731498
54163319	54163392
28345084	28345163
110495726	110495801
176988343	176988533
109669181	109669371
172878120	172878310
121412427	121412617
140709935	140710012
36178226	36178302
43730109	43730197
158758498	158758589
116413043	116413098
89481284	89481361
89900446	89900498
102307557	102307638
70743123	70743313
11182975	11183039
67542778	67542859
23209150	23209237
124747840	124748030
148814091	148814281
138923025	138923215
36398420	36398482
153616716	153616771
42005739	42005929
63370510	63370564
86720745	86720935
34452471	34452534
145945409	145945599
15791576	15791628
160229725	160229787
171878285	171878475
140787411	140787601
34465536	34465621
7887326	7887516
60179155	60179345
147237205	147237395
138161137	138161187
137688241	137688307
103682967	103683038
162506800	162506853
74345727	74345917
172199065	172199255
141193759	141193812
36744779	36744969
58686039	58686114
37006190	37006240
17189598	17189788
78277250	78277440
44935485	44935553
33850389	33850439
141524981	141525171
36602989	36603052
131746688	131746878
78998843	78999033
15463435	15463500
1134764	1134954
108815048	108815238
139452960	139453043
132866878	132867068
109024382	109024572
128010636	128010826
141017681	141017871
150369339	150369529
75633880	75633953
177503000	177503063
1209113	1209303
75604985	75605175
91806635	91806687
129477542	129477596
169098698	169098888
10111751	10111941
121833959	121834149
145671208	145671258
89140496	89140686
36876021	36876211
58146216	58146406
78182543	78182733
95931279	95931469
180097660	180097850
106642419	106642609
137883769	137883959
1772962	1773028
166476177	166476367
113641400	113641590
36696276	36696466
142609880	142610070
86264455	86264534
60653694	60653884
106035010	106035200
172571930	172572120
170634385	170634575
169775141	169775331
149404244	149404434
44332551	44332741
16552936	16553126
132596576	132596643
94304936	94305126
81047223	81047284
171437365	171437555
82904064	82904254
8184660	8184850
10607920	10608110
116926732	116926922
140753386	140753442
32707611	32707801
149155449	149155639
145076921	145077111
143866872	143867062
26700967	26701157
51652244	51652434
113782889	113783079
173008755	173008945
134901939	134902129
109750210	109750400
140571782	140571972
34958276	34958466
15794316	15794506
73508249	73508439
36729158	36729348
95775726	95775916
66283879	66284069
107681331	107681521
146956607	146956797
112672669	112672859
158868486	158868676
110814061	110814251
118591801	118591991
180145866	180145918
109390093	109390283
92245316	92245506
38383042	38383232
93494001	93494191
128462447	128462637
35345369	35345559
144480918	144481108
177034536	177034726
92587976	92588166
17468383	17468573
83018271	83018461
39600025	39600215
134793259	134793449
903347	903429
131997400	131997590
148931346	148931536
149829531	149829721
128471387	128471577
52558297	52558487
6167232	6167288
36734641	36734831
68187658	68187848
7762492	7762682
157010137	157010327
75441855	75442045
95592638	95592828
133477031	133477221
35922122	35922312
110478703	110478893
156251875	156252065
102922957	102923147
129534728	129534918
118668019	118668209
39579104	39579294
106724798	106724988
81555085	81555275
57183858	57183908
92221751	92221941
131992141	131992331
154325344	154325534
151841812	151842002
179402266	179402456
73691048	73691238
172093420	172093610
114234402	114234592
85600876	85601066
11720101	11720291
8864315	8864505
102711073	102711263
110805701	110805891
61739650	61739840
134668338	134668528
140739432	140739622
172337961	172338151
73690477	73690667
178594186	178594376
17203536	17203726
171710480	171710670
162531608	162531798
54522320	54522510
10424334	10424524
171889310	171889500
39570614	39570804
176074062	176074252
77596365	77596555
172197695	172197885
167503808	167503998
89267189	89267379
40166557	40166747
81147747	81147937
35202540	35202730
107484430	107484620
68855895	68856085
94229565	94229755
60573087	60573277
137968915	137969105
59964632	59964822
140420861	140421051
129000141	129000331
65794652	65794842
39547741	39547931
139154747	139154937
62421717	62421907
96333068	96333258
616694	616884
118603712	118603902
73968852	73969042
41925238	41925428
88568202	88568392
133435125	133435315
114709850	114710040
52726568	52726758
1468470	1468660
75699689	75699879
49736540	49736730
142096617	142096807
79220863	79221053
93949379	93949569
101881017	101881207
133115588	133115778
65732683	65732873
23139809	23139999
33934006	33934196
160103112	160103302
66160445	66160635
102006043	102006233
96379887	96380077
149499033	149499223
148200468	148200658
78405792	78405982
53675527	53675717
141268949	141269139
124245519	124245709
174995052	174995242
35921078	35921268
142092753	142092943
31186865	31187055
70897063	70897253
18314397	18314587
89902504	89902694
173345620	173345810
55566047	55566237
124060764	124060954
156263058	156263248
136022057	136022247
87437393	87437583
6480329	6480519
172437625	172437815
131762549	131762739
10701704	10701894
14947040	14947230
56110682	56110872
179517522	179517712
172593398	172593588
141142494	141142684
95170691	95170881
140464082	140464272
180240525	180240715
45774784	45774974
132682848	132683038
115912960	115913150
56292205	56292395
150806913	150807103
38420845	38421035
111496376	111496566
160076427	160076617
1594660	1594850
142473925	142474115
79174616	79174806
77565047	77565237
174891754	174891944
82089733	82089923
102591983	102592173
92398342	92398532
60435019	60435209
150490016	150490206
111940816	111941006
141394781	141394971
138604327	138604517
59817336	59817526
172709033	172709223
57773682	57773872
154022138	154022328
58109182	58109372
77277754	77277944
74215429	74215619
72989484	72989674
179223188	179223378
148067108	148067298
159343319	159343509
138473459	138473649
36073784	36073974
130982766	130982956
150381877	150382067
34582606	34582796
140940532	140940722
138207292	138207482
13977069	13977259
88023608	88023798
7805591	7805781
37775093	37775283
54240180	54240370
119991628	119991818
33800772	33800962
52331662	52331852
106875504	106875694
40879597	40879787
61519273	61519463
152869729	152869919
93230533	93230723
142473460	142473650
16667023	16667213
436516	436706
112184019	112184209
110062738	110062928
149455398	149455588
66066119	66066309
176830791	176830981
137931187	137931377
36214655	36214845
70771724	70771914
37120443	37120633
56573025	56573215
153900561	153900751
154347106	154347296
88559755	88559945
88609629	88609819
157078632	157078822
10576613	10576803
103748701	103748891
164024405	164024595
136556211	136556401
158760330	158760520
132868863	132869053
142362524	142362714
140718189	140718379
55216692	55216882
39005803	39005993
82181918	82182108
36060735	36060925
88567312	88567502
130758888	130759078
88567784	88567974
170700392	170700582
42423417	42423607
175145917	175146107
78056687	78056877
43020165	43020355
168901396	168901586
10030703	10030893
109926024	109926214
35436637	35436827
32942597	32942787
132138076	132138266
134187114	134187304
127419574	127419764
43105528	43105718
150427498	150427688
54455619	54455809
1599231	1599421
37043897	37044087
56122994	56123184
131439434	131439624
153712625	153712815
36242164	36242354
2151479	2151669
131805378	131805568
150899914	150900104
178957715	178957905
80231942	80232132
14957629	14957819
141205846	141206036
110867509	110867699
138729938	138730128
79982675	79982865
10146086	10146276
112849177	112849367
148644362	148644552
140777341	140777531
154019975	154020028
61064633	61064823
134539332	134539522
161393673	161393863
114713185	114713375
130500890	130501080
71880509	71880699
43631523	43631713
146771504	146771694
176127336	176127526
118034556	118034746
170236661	170236851
126272819	126273009
130500386	130500576
24110215	24110405
17216790	17216853
64776479	64776669
172141770	172141960
111021759	111021949
142814882	142815072
122680616	122680806
168373468	168373658
33995191	33995381
128002962	128003152
14871979	14872169
43387111	43387301
142409976	142410166
73786718	73786908
141021552	141021742
55278799	55278989
72431393	72431583
139091087	139091277
14364816	14365006
31270616	31270806
65467232	65467422
9898542	9898732
4882915	4883105
90515688	90515878
78831747	78831937
53287889	53288079
78428996	78429186
43010823	43011013
126173740	126173930
130601221	130601411
88174901	88175091
32573209	32573399
149381368	149381558
57794263	57794453
98340753	98340943
16690454	16690644
159818185	159818375
1504210	1504400
10021488	10021678
126083848	126084038
72138783	72138973
142585647	142585837
31638886	31639076
36944816	36945006
33166740	33166930
122703564	122703754
68180821	68181011
139606728	139606918
31929439	31929629
98104847	98105037
111522183	111522373
17132727	17132917
140613779	140613969
73935757	73935947
106906964	106907154
159585224	159585414
68041433	68041623
11046338	11046528
142403449	142403639
95717296	95717486
140947166	140947356
175970099	175970289
169407400	169407590
174887154	174887344
168175406	168175596
140729504	140729694
96232625	96232815
18113928	18114118
62015880	62016070
55777712	55777902
126908778	126908968
86377417	86377607
40367460	40367650
137400898	137401088
151894481	151894671
118670744	118670934
173312754	173312944
143337118	143337308
38551627	38551817
35213734	35213924
139050311	139050501
67742461	67742651
65505374	65505564
64357441	64357631
135709710	135709900
155079969	155080159
41722534	41722724
124342113	124342303
177547981	177548171
81150423	81150613
107428934	107429124
133709999	133710189
171761288	171761478
10364501	10364691
77280015	77280205
109179934	109180124
9774664	9774854
65470291	65470481
1174610	1174800
98305219	98305409
99771385	99771575
170792441	170792631
7079158	7079348
130832153	130832343
178266434	178266624
982666	982856
32709932	32710122
142388592	142388782
153777336	153777526
142828153	142828343
35229419	35229609
176829571	176829761
38209010	38209200
104136251	104136441
76652690	76652880
143769784	143769974
6202843	6203033
96691275	96691465
153284900	153285090
81660402	81660592
141928463	141928653
50676539	50676729
142588886	142589076
177409183	177409373
175123637	175123827
67940924	67941114
138529732	138529922
142609555	142609745
140624788	140624978
16934263	16934453
33890872	33891062
140552069	140552259
76926066	76926256
43661345	43661535
143028394	143028584
6518455	6518645
173042982	173043172
93517745	93517935
123285582	123285772
77768402	77768592
15995650	15995840
179285883	179286073
140723252	140723442
8993238	8993428
66789599	66789789
138738324	138738514
53170410	53170600
60658903	60659093
1540379	1540569
154640501	154640691
159670245	159670435
147670246	147670436
169235195	169235385
100176201	100176391
59837405	59837595
106695629	106695819
112670668	112670858
126350381	126350571
14212360	14212550
133332429	133332619
98086450	98086640
148810719	148810909
37758397	37758587
169830784	169830974
126299773	126299963
88361870	88362060
119794053	119794243
1011314	1011504
142437293	142437483
140602751	140602941
162433050	162433240
65121886	65122076
142888015	142888205
58167548	58167738
169720427	169720617
100237681	100237871
18772676	18772866
138125482	138125672
171447202	171447392
66445857	66446047
78315097	78315287
145432444	145432634
139927197	139927387
121302999	121303189
139167621	139167811
108084631	108084821
169253692	169253882
59837108	59837298
123746896	123747086
75852789	75852979
176882421	176882611
60139992	60140182
102128533	102128723
71761508	71761698
137799891	137800081
121630960	121631150
101872160	101872350
124748536	124748726
156502068	156502258
118676342	118676532
8908285	8908475
15286874	15287064
110559869	110560059
147266692	147266882
124238159	124238349
67608411	67608601
66671534	66671724
44808701	44808891
32916842	32917032
148828948	148829138
162020963	162021153
131802454	131802644
139145091	139145281
164100389	164100579
117377873	117378063
139423215	139423405
78053993	78054183
121206284	121206474
8247706	8247896
24642250	24642440
64399131	64399321
141191148	141191338
80100206	80100396
139354314	139354504
321644	321834
180470347	180470537
162383674	162383864
43039564	43039754
6583172	6583362
17258056	17258246
78023636	78023826
148520945	148521135
67730044	67730234
169705664	169705854
175788681	175788871
110797149	110797339
179628354	179628544
143030103	143030293
43039997	43040187
96064946	96065136
169232538	169232728
65221510	65221700
669285	669475
86527029	86527219
92174050	92174240
148507686	148507876
152805574	152805764
93234794	93234984
142563075	142563265
63891142	63891332
72216606	72216796
67730361	67730551
153764112	153764302
150664055	150664245
114910329	114910519
124270816	124271006
134120285	134120475
96831103	96831293
77657019	77657209
137746808	137746998
147314676	147314866
126378407	126378597
151651071	151651261
67583701	67583891
116032239	116032429
124257130	124257320
149867405	149867595
125570371	125570561
163248263	163248453
112999685	112999875
81152747	81152937
138630066	138630256
156599515	156599705
176046350	176046540
71852383	71852573
86266868	86267058
162733530	162733720
60626749	60626939
92932820	92933010
172957703	172957893
106906606	106906796
90937676	90937866
77071913	77072103
66020665	66020855
41520021	41520211
163372434	163372624
138258245	138258435
72511951	72512141
171538356	171538546
179263773	179263963
130850697	130850887
119391666	119391856
132089392	132089582
124674200	124674390
121427772	121427962
129235254	129235444
91225148	91225338
31664825	31665015
149217326	149217516
139030035	139030225
2038813	2039003
124287973	124288163
77851847	77852037
37723646	37723836
89317004	89317194
153577005	153577195
65825070	65825260
38265735	38265925
176809749	176809939
142434057	142434247
75839244	75839434
132082651	132082841
67937037	67937227
108255777	108255967
74964883	74965073
176476399	176476589
180611249	180611439
150438920	150439110
142597100	142597290
88028108	88028298
76011820	76012010
122071854	122072044
133199649	133199839
161654179	161654369
142784086	142784276
35599159	35599349
120152807	120152997
11048996	11049186
73936354	73936544
6574833	6575023
73677975	73678165
128697221	128697411
173019166	173019356
164456571	164456761
149339208	149339398
142402954	142403144
133638612	133638802
130588566	130588756
60615770	60615960
97742624	97742814
39692207	39692397
88604741	88604931
9920905	9921095
124563117	124563307
27021187	27021377
105605046	105605236
15683457	15683647
146477789	146477979
76535054	76535244
42949474	42949664
111482060	111482250
134355115	134355305
23821088	23821278
146041810	146042000
177978184	177978374
73352701	73352891
79952378	79952568
101489118	101489308
111193448	111193638
163406021	163406211
10401165	10401355
54191671	54191861
171025406	171025596
78962634	78962824
65519572	65519762
174884530	174884720
6501946	6502136
71576595	71576785
40578690	40578880
1494934	1495124
95295710	95295900
123985917	123986107
59874729	59874919
65535009	65535199
170323810	170324000
32465322	32465512
35815764	35815954
132652118	132652308
180594983	180595173
149209623	149209813
88527963	88528153
5394582	5394772
14809927	14810117
171541931	171542121
74880576	74880766
14145218	14145408
75898273	75898463
113559733	113559923
116419852	116420042
40756045	40756235
139725661	139725851
175128122	175128312
126365296	126365486
128180124	128180314
86563612	86563802
49808959	49809149
162900745	162900935
150764347	150764537
125165136	125165326
85861961	85862151
153896135	153896325
139252084	139252274
123985325	123985515
130560325	130560515
79500952	79501142
139386578	139386768
115962730	115962920
37555123	37555313
68007357	68007547
94166329	94166519
132702252	132702442
135400333	135400523
162529245	162529435
67665418	67665608
135700080	135700270
33848723	33848913
143711975	143712165
155829393	155829583
108710409	108710599
10857232	10857422
77656193	77656383
6632657	6632847
149184173	149184363
77974218	77974408
100348671	100348861
109679413	109679603
171614112	171614302
156793840	156794030
161278807	161278997
169758268	169758458
113754522	113754712
177711172	177711362
161353058	161353248
158104286	158104476
60567583	60567773
180515348	180515538
157825738	157825928
65790364	65790554
111482344	111482534
143186219	143186409
81893356	81893546
136138174	136138364
133474151	133474341
111702798	111702988
113141956	113142146
142642179	142642369
1799470	1799660
100188712	100188902
37249052	37249242
175294930	175295120
126828525	126828715
73872769	73872959
71853465	71853655
176739988	176740178
150080082	150080272
151759014	151759204
318864	319054
141967023	141967213
143013430	143013620
84345057	84345247
88592983	88593173
118873447	118873637
72750388	72750578
83551245	83551435
169083158	169083348
158197568	158197758
78737	78927
124223938	124224128
158303694	158303884
88030194	88030384
161675212	161675402
10528702	10528892
71852736	71852926
172386273	172386463
164884991	164885181
67568217	67568407
110427870	110428060
122456018	122456208
76957913	76958103
373853	374043
6483988	6484178
41755057	41755247
35030620	35030810
147862520	147862710
67512763	67512953
9388052	9388242
77163328	77163518
43232143	43232333
144726672	144726862
175986753	175986943
74963516	74963706
149425155	149425345
140593339	140593529
138861330	138861520
68660349	68660539
115910481	115910671
133315659	133315849
117928738	117928928
138609725	138609915
141521131	141521321
92956349	92956539
157023581	157023771
14582445	14582635
132090770	132090960
82602539	82602729
127311744	127311934
128797238	128797428
126182123	126182313
148208147	148208337
176037156	176037346
150158149	150158339
1511908	1512098
121492504	121492694
55884738	55884928
115373220	115373410
86413027	86413217
158381059	158381249
64678481	64678671
96382086	96382276
142485846	142486036
43556881	43557071
174163086	174163276
140566565	140566755
54790131	54790321
156228120	156228310
58792704	58792894
162916115	162916305
13250889	13251079
143847421	143847611
115833444	115833634
154526897	154527087
73875042	73875232
72892611	72892801
107148190	107148380
106723832	106724022
132946651	132946841
111093562	111093752
171285397	171285587
14870613	14870803
171197246	171197436
137989289	137989479
108085296	108085486
74863669	74863859
141391686	141391876
110590447	110590637
67511246	67511436
169222317	169222507
153746776	153746966
176934310	176934500
20833415	20833605
158373859	158374049
14417485	14417675
112379353	112379543
139555214	139555404
88639592	88639782
49616099	49616289
123001589	123001779
15598498	15598688
149185479	149185669
67721066	67721256
150843091	150843281
7593149	7593339
86490966	86491156
118914738	118914928
159200158	159200348
68728266	68728456
1792879	1793069
105790475	105790665
131825865	131826055
79421207	79421397
17318790	17318980
14415112	14415302
156665606	156665796
167718607	167718797
115106266	115106456
75143362	75143552
81044452	81044642
94573134	94573324
81645557	81645747
59790479	59790669
10775875	10776065
134190054	134190244
489161	489351
138721153	138721343
142783573	142783763
77943918	77944108
67729252	67729442
142602179	142602369
157002763	157002953
95987770	95987960
134346835	134347025
153895159	153895349
403124	403314
140561806	140561996
115223813	115224003
168097108	168097298
21551375	21551565
96267406	96267596
43313142	43313332
93662359	93662549
92428092	92428282
55988252	55988442
157654945	157655135
6712185	6712375
131808659	131808849
167849556	167849746
113694134	113694324
116791406	116791596
81045288	81045478
4700391	4700581
58962653	58962843
402704	402894
52285715	52285905
177888224	177888414
139422797	139422987
170589666	170589856
28012737	28012927
1485268	1485458
144829448	144829638
145267628	145267818
65220950	65221140
163475648	163475838
118692158	118692348
38667230	38667420
73935125	73935315
62087038	62087228
32583834	32584024
93528881	93529071
6721587	6721777
111093059	111093249
111039409	111039599
59800284	59800474
108083436	108083626
101631987	101632177
150089874	150090064
14172406	14172596
179989798	179989988
124244760	124244950
148382678	148382868
150667848	150668038
143587522	143587712
15500137	15500327
132202016	132202206
92023874	92024064
172329972	172330162
31415235	31415425
125936961	125937151
130056118	130056308
167397151	167397341
33300058	33300248
73700752	73700942
76425341	76425531
146326827	146327017
96397416	96397606
131470172	131470362
23742916	23743106
153569576	153569766
120226846	120227036
32586398	32586588
63934011	63934201
110950861	110951051
134075190	134075380
33857243	33857433
149024893	149025083
149840927	149841117
172221122	172221312
74062266	74062456
131773332	131773522
94129115	94129305
163340636	163340826
126112778	126112968
86550107	86550297
169098167	169098357
40021233	40021423
73981949	73982139
62014317	62014507
53942060	53942250
86417175	86417365
80051631	80051821
131651621	131651811
140165616	140165806
22699512	22699702
52497675	52497865
74575259	74575449
55625631	55625821
25119845	25120035
106792938	106793128
156929141	156929331
167863871	167864061
172016011	172016201
68026679	68026869
31823681	31823871
65954419	65954609
88732363	88732553
154134530	154134720
109961199	109961389
138110127	138110317
133890633	133890823
32585457	32585647
100110566	100110756
102067484	102067674
142555732	142555922
142986151	142986341
139260990	139261180
171354481	171354671
72929091	72929281
156769911	156770101
59995513	59995703
100163832	100164022
14264750	14264940
11110356	11110546
95261757	95261947
67512262	67512452
17282597	17282787
33631994	33632184
131998941	131999131
14872344	14872534
76382449	76382639
131436459	131436649
52587986	52588176
154429462	154429652
157029607	157029797
125785484	125785674
42971359	42971549
72466474	72466664
160800087	160800277
88610275	88610465
111455809	111455999
34919321	34919511
140734451	140734641
118703309	118703499
159895175	159895365
74902683	74902873
171472084	171472274
152856385	152856575
73079746	73079936
126907128	126907318
156543488	156543678
151269881	151270071
13831434	13831624
156967963	156968153
10600793	10600983
110052083	110052273
92847274	92847464
10490018	10490208
140479901	140480091
78496521	78496711
14665415	14665605
10733272	10733462
74862619	74862809
108745955	108746145
147836956	147837146
89226671	89226861
6370843	6371033
86636689	86636879
67778163	67778353
42745616	42745806
138268222	138268412
61636331	61636521
32451185	32451375
100236521	100236711
133860635	133860825
87181649	87181839
67733083	67733273
179297634	179297824
176005419	176005609
179952503	179952693
156557995	156558185
153883148	153883338
157789407	157789597
61439562	61439752
37875344	37875534
77175899	77176089
