114992268	114992488
96056591	96056822
100039779	100040000
49343319	49343544
103568435	103568638
76450615	76450817
49875377	49875580
30687183	30687376
99828906	99829121
50550896	50551099
61005332	61005529
75793921	75794137
95841693	95841888
30706765	30706994
77477768	77477969
42908298	42908506
51486223	51486441
33802792	33802988
103792712	103792905
27933411	27933627
24794345	24794547
28898438	28898638
100089175	100089436
109613989	109614167
74282621	74282797
20737614	20737801
51644247	51644444
113597124	113597309
21517782	21517972
34298038	34298251
42242397	42242585
100094623	100094828
78695711	78695893
101167164	101167369
113528904	113529096
77047775	77047965
26148681	26148866
96486512	96486699
31377089	31377288
46895844	46896032
80115666	80115842
43169216	43169393
78139895	78140087
78326076	78326278
29210933	29211135
95014726	95014929
27559521	27559743
29655273	29655472
40517000	40517186
51375545	51375745
31618610	31618800
97762235	97762453
109798009	109798191
46292283	46292472
99305759	99305940
25302202	25302410
99918217	99918407
21069363	21069548
80350017	80350205
46863249	46863426
31439576	31439748
62932368	62932550
45621576	45621764
34505660	34505842
47067187	47067359
78052598	78052806
99097679	99097874
107188869	107189060
48908776	48908949
24085229	24085428
111108331	111108523
26758953	26759133
28558488	28558675
73414081	73414274
95844105	95844303
30082373	30082550
52371942	52372128
62894370	62894541
113260784	113260978
91965422	91965612
111596736	111596930
111471866	111472065
103523020	103523207
99921984	99922154
20161903	20162062
53542338	53542502
32484128	32484317
24627665	24627851
98011795	98011965
29937228	29937418
42227008	42227180
22852556	22852736
63086408	63086581
79998296	79998457
54356643	54356824
50181275	50181474
47125701	47125886
76270044	76270228
76248637	76248801
103233022	103233193
110874673	110874865
44479681	44479848
52701966	52702144
42479846	42480040
100310989	100311153
49154439	49154618
34116860	34117060
50422190	50422371
76123450	76123613
27272911	27273083
24594564	24594736
53824513	53824720
96276315	96276491
99325369	99325554
32593872	32594033
52389350	52389528
34651342	34651520
80253501	80253679
107863455	107863619
107272404	107272561
46700798	46700966
51699988	51700168
21499027	21499211
96033039	96033235
100308477	100308649
35738557	35738738
78815555	78815722
78067117	78067293
42684798	42684955
59965866	59966031
30282144	30282305
53383488	53383710
35731389	35731565
28400827	28400990
70431473	70431627
29370874	29371065
96130868	96131031
100568851	100569036
78711883	78712056
111064687	111064863
22051247	22051428
108974671	108974826
32316333	32316508
21063421	21063616
103499991	103500151
78167266	78167462
111297250	111297416
25823391	25823556
78353699	78353862
31254006	31254166
60252437	60252602
111245933	111246107
105426137	105426320
97996892	97997051
36920902	36921056
103109766	103109941
20771580	20771746
111875838	111875992
33485767	33485927
91669690	91669855
51860622	51860797
33591831	33592015
79552642	79552792
60903835	60904008
49855330	49855483
103556115	103556278
24495627	24495786
40186278	40186449
45855276	45855462
99495249	99495414
80917083	80917259
74861160	74861321
100887612	100887775
25688419	25688582
45883663	45883825
28528094	28528260
33160419	33160625
47405848	47406003
114048364	114048543
36857098	36857268
27948894	27949061
96672491	96672639
45057948	45058104
27936218	27936367
41796485	41796640
92839770	92839923
27521195	27521354
39446934	39447093
71142817	71142963
43052763	43052939
36552777	36552935
50243974	50244121
102409907	102410065
24803074	24803236
36994621	36994758
61023161	61023317
98227267	98227429
25659426	25659579
60254685	60254847
52470524	52470683
76056714	76056905
91786570	91786750
40643436	40643610
21402777	21402935
85470397	85470545
95269747	95269908
39719184	39719340
111096778	111096940
115105386	115105541
27070826	27070997
31998387	31998527
25268359	25268500
80938152	80938315
70111733	70111881
20756499	20756675
46064358	46064498
49169885	49170037
113098407	113098556
75946691	75946841
23375652	23375804
72453499	72453649
52009278	52009404
77554348	77554491
101797310	101797459
95087977	95088129
95272680	95272823
101225412	101225560
22053183	22053336
24445881	24446025
91519644	91519782
30689241	30689390
60480678	60480835
24040964	24041130
111720217	111720387
25611472	25611619
48348388	48348526
103244374	103244511
103841172	103841325
106736085	106736256
89719238	89719392
39625397	39625533
22212493	22212650
21066910	21067055
43706540	43706684
24473807	24473939
49995703	49995859
41548939	41549077
42128931	42129090
113295174	113295338
22199642	22199790
92059031	92059189
114520039	114520184
30929591	30929750
47295400	47295549
108880133	108880280
100552723	100552854
45544130	45544261
61201357	61201501
101780214	101780358
74328965	74329127
66212832	66212972
74614472	74614620
47536810	47536955
112126908	112127055
39837214	39837367
32955851	32955987
44817532	44817696
74409417	74409561
45453699	45453840
78891295	78891431
40190350	40190485
71894713	71894853
105854878	105855023
33213765	33213890
33225016	33225136
52575390	52575531
46381775	46381913
80547679	80547841
53183601	53183747
59892576	59892706
41985843	41985979
102594514	102594656
81591791	81591931
53726041	53726190
98507891	98508023
45945226	45945366
102167183	102167328
53024716	53024897
86380815	86380954
41351688	41351816
79965571	79965702
36295187	36295332
31125458	31125597
22487236	22487387
43545045	43545152
21871278	21871391
71535097	71535242
110790134	110790269
23594503	23594644
62528354	62528491
26637109	26637231
105224119	105224245
30982527	30982656
25569486	25569611
103208422	103208553
73217678	73217819
50253531	50253666
47548187	47548326
41649342	41649480
42790376	42790509
32561821	32561959
21754963	21755091
52775593	52775721
71859969	71860102
111702713	111702844
39489695	39489810
108807956	108808100
30733013	30733145
81553297	81553443
92027510	92027651
31155812	31155938
36849440	36849578
49673525	49673654
44378736	44378847
48701140	48701268
114216859	114216969
46758647	46758772
110761383	110761509
95327250	95327368
107570487	107570605
46303055	46303185
32005934	32006067
42002410	42002534
43543866	43543995
30345440	30345570
33243305	33243422
76591091	76591206
43072785	43072919
31147275	31147391
79820835	79820961
46197759	46197869
33017368	33017490
31035927	31036053
30909340	30909480
45012247	45012366
29943372	29943499
96313375	96313500
27858386	27858520
45885308	45885449
110768468	110768610
32884364	32884493
91520682	91520804
21685027	21685160
25950029	25950156
41242544	41242656
27504512	27504623
52406688	52406808
38992065	38992176
111567576	111567677
115046098	115046205
76444566	76444698
46734752	46734848
68878570	68878683
52355534	52355637
39260185	39260286
41927306	41927408
31553618	31553732
24142051	24142190
75932158	75932260
58199110	58199231
96146497	96146585
50571560	50571698
27281979	27282108
58201870	58201983
69501686	69501794
67812555	67812654
19728369	19728492
39156406	39156509
47468330	47468441
42033161	42033254
100180946	100181079
47479523	47479629
23893895	23894009
53239616	53239732
97670400	97670498
24152936	24153051
20558990	20559091
70153597	70153733
22635536	22635650
44624737	44624846
39104776	39104884
30046622	30046720
87926612	87926718
111178160	111178283
37555430	37555537
34062112	34062219
31810495	31810598
32575549	32575637
62694033	62694136
108302600	108302688
21286925	21286999
107857813	107857920
28404204	28404310
24534839	24534921
25245630	25245736
100269766	100269848
77241829	77241927
47030233	47030338
60345561	60345663
46085866	46085949
50961297	50961354
22423635	22423699
49814323	49814426
27980565	27980627
30376235	30376329
25315544	25315653
30117493	30117574
19663602	19663715
44765703	44765770
92033782	92033884
61985010	61985074
71793247	71793348
109547690	109547790
75990955	75991071
103452626	103452730
24283841	24283946
41388437	41388529
99134895	99134967
33684052	33684242
97681100	97681193
61821806	61821902
60800793	60800885
99492528	99492597
41628500	41628576
29211985	29212094
90348059	90348158
24001094	24001179
67798527	67798606
33155471	33155563
25154630	25154731
27954256	27954354
107185459	107185563
97865158	97865237
32521360	32521425
114427928	114428012
98452702	98452801
99686218	99686316
73140186	73140280
51723258	51723349
87522781	87522872
49323988	49324048
24290067	24290165
30498457	30498541
94997786	94997857
34575251	34575310
28107340	28107434
46645845	46646035
37432503	37432573
37310386	37310471
33643674	33643767
75832447	75832538
32842165	32842217
52810544	52810621
25861550	25861740
60909820	60909913
113271382	113271572
81635452	81635642
39848188	39848378
42928548	42928738
43877284	43877347
32820621	32820811
25571663	25571735
71815238	71815290
24385076	24385266
42517001	42517072
111366433	111366623
105792533	105792627
41257154	41257344
26403978	26404073
50365507	50365562
21872080	21872270
20534351	20534541
47254083	47254273
29834903	29835093
28975764	28975954
101374267	101374457
20193149	20193339
25841932	25842122
99848902	99848956
60970985	60971175
111868687	111868763
103377296	103377486
25807163	25807353
91900186	91900276
44448787	44448856
78706049	78706239
33886369	33886559
39338024	39338214
96728313	96728503
100266874	100267064
23370384	23370469
38797337	38797527
109549389	109549579
45045245	45045312
98219263	98219453
31774018	31774077
23331771	23331961
46961737	46961927
50659229	50659419
50510380	50510570
37683305	37683495
77901293	77901483
33400505	33400601
92001239	92001429
39591021	39591211
26760763	26760953
41566912	41567102
52703146	52703336
48669265	48669455
24281988	24282044
21608775	21608965
113929792	113929866
74296397	74296587
76006247	76006304
28843140	28843330
45968198	45968388
34374461	34374651
53471656	53471846
96189024	96189214
28572133	28572323
51168709	51168899
108922388	108922578
44362267	44362457
114876151	114876203
101753993	101754183
91837710	91837760
28443383	28443573
98311963	98312153
51489804	51489994
28345050	28345240
96632874	96632926
29840502	29840692
23981162	23981352
114607471	114607661
112056398	112056588
25579401	25579591
48612113	48612303
70884945	70885135
81745286	81745476
107776647	107776723
53144136	53144326
52019162	52019352
47566650	47566840
47177548	47177738
61860453	61860517
59535203	59535269
79450446	79450636
114105286	114105476
29394003	29394079
36363540	36363730
43411180	43411370
50227002	50227052
25258079	25258269
28633465	28633655
80936185	80936375
114909247	114909437
76141039	76141089
69898339	69898529
77911400	77911590
47338347	47338410
88321725	88321915
27845185	27845375
22250914	22251104
20139048	20139238
91697784	91697974
62455054	62455244
99987956	99988146
113683890	113684080
53313012	53313202
111699303	111699493
92374662	92374852
27913037	27913227
63119186	63119376
28848166	28848356
33631722	33631912
102127128	102127318
27447102	27447292
24352532	24352722
111577633	111577823
38619998	38620188
42979879	42980069
61699768	61699958
74341944	74342134
98685649	98685839
70139689	70139879
76261408	76261598
62961910	62962100
52419330	52419520
42615962	42616152
95953080	95953270
45392669	45392859
28534472	28534662
51106174	51106364
95948891	95949081
20501341	20501531
98086133	98086323
41603846	41604036
27056830	27057020
31248347	31248537
108829126	108829316
101195163	101195353
32738902	32739092
24450525	24450715
100004048	100004238
73633705	73633895
79380717	79380907
74423490	74423680
24142357	24142419
78384687	78384877
103422158	103422348
46047876	46048066
25180092	25180282
90577427	90577617
62588520	62588710
79331353	79331543
51871784	51871974
53318230	53318420
46038742	46038932
30288060	30288250
79730118	79730308
46275218	46275408
48033745	48033935
55819549	55819739
27913528	27913718
97469692	97469882
36969534	36969724
23662108	23662298
98283527	98283717
24415334	24415524
101640500	101640690
92469582	92469772
63201010	63201200
111269200	111269390
49306200	49306390
65777074	65777264
77459303	77459493
43769786	43769976
61047823	61048013
41770871	41771061
41363549	41363739
38444509	38444699
22132240	22132430
36392784	36392974
106063061	106063251
44482644	44482834
91814517	91814707
45148392	45148582
99853723	99853913
24444918	24445108
98501674	98501864
48652388	48652578
93225774	93225964
111335642	111335832
45547210	45547400
41019820	41020010
77396897	77397087
76593574	76593764
43659695	43659885
96881694	96881884
43450035	43450225
46015852	46016042
27745423	27745613
110443762	110443952
110899919	110900109
41959396	41959586
61228643	61228833
33727629	33727819
108872462	108872652
52423878	52424068
38343316	38343506
28286645	28286835
80604748	80604938
28130321	28130511
92598837	92599027
99118959	99119149
32399389	32399579
114809022	114809212
75147897	75148087
34015267	34015457
59569009	59569199
29232307	29232497
80582808	80582998
74572988	74573178
92575535	92575725
28357337	28357527
24145168	24145358
102794085	102794275
97610643	97610833
111805599	111805789
72830144	72830334
33113084	33113274
95313046	95313236
48172496	48172686
37643240	37643430
33721110	33721300
39989667	39989857
48975184	48975374
49221859	49222049
38214701	38214891
44622553	44622743
95068839	95069029
111333274	111333464
37049648	37049838
50443774	50443964
27778134	27778324
77576822	77577012
31382755	31382945
82904751	82904941
33725086	33725276
100085102	100085292
45222683	45222873
25428115	25428305
43072049	43072239
92299715	92299905
86402350	86402540
89632180	89632370
24464483	24464673
25199748	25199938
37648921	37649111
99681209	99681399
108994820	108995010
91730417	91730607
31363559	31363749
96137252	96137442
24040482	24040672
42039417	42039607
40250571	40250761
37027755	37027945
113164412	113164602
81498143	81498333
40340042	40340232
73383138	73383328
102849656	102849846
40825470	40825660
25245139	25245329
99209207	99209397
25129260	25129450
94844931	94845121
25201326	25201516
42038021	42038211
78821602	78821792
62783682	62783872
33161112	33161302
21125088	21125278
103584100	103584290
42980564	42980754
91960658	91960848
111723541	111723731
20766484	20766674
100033164	100033354
43123002	43123192
47700624	47700814
29253863	29254053
109567593	109567783
76336702	76336892
74601004	74601194
43386544	43386734
72553915	72554105
48029807	48029997
79333945	79334135
34302949	34303139
37415644	37415834
47557407	47557597
31314388	31314578
27746187	27746377
114912142	114912332
103600449	103600639
25439361	25439551
31250892	31251082
20993910	20994100
37425028	37425218
77903909	77904099
95808581	95808771
71197559	71197749
78272427	78272617
99521740	99521930
47268240	47268430
33769406	33769596
26084047	26084237
44555370	44555560
60708574	60708764
88323532	88323722
29253049	29253239
112081495	112081685
32487679	32487869
53281670	53281860
104425016	104425206
91963673	91963863
113951293	113951483
75792077	75792267
31748302	31748492
100252639	100252829
48807570	48807760
72795601	72795791
79819078	79819268
24326452	24326642
28712196	28712386
66092443	66092633
52341360	52341550
47535956	47536146
89539675	89539865
46951800	46951990
94998046	94998236
45492443	45492633
71538354	71538544
99138792	99138982
46499431	46499621
109261836	109262026
77913063	77913253
103498154	103498344
45914647	45914837
52917527	52917717
84518141	84518331
25559347	25559537
107173078	107173268
111217758	111217948
34088622	34088812
62259843	62260033
100020035	100020225
33685104	33685294
43458068	43458258
85444402	85444592
47326204	47326394
31028073	31028263
107188137	107188327
28056006	28056196
77848357	77848547
21635768	21635958
61192346	61192536
43812956	43813146
37389272	37389462
39398742	39398932
31774358	31774548
85418700	85418890
20161010	20161200
29379440	29379630
109160730	109160920
47558131	47558321
103623166	103623356
76613177	76613367
100230972	100231162
24887693	24887883
95922867	95923057
23960828	23961018
82446771	82446961
25320851	25321041
99974582	99974772
105792191	105792381
104440499	104440689
25542620	25542810
73991272	73991462
42622793	42622983
61834698	61834888
97475230	97475420
78394982	78395172
103888743	103888933
41629476	41629666
92111857	92112047
49822967	49823157
29123112	29123302
96055424	96055614
77900697	77900887
38176996	38177186
80913350	80913540
52534013	52534203
51186941	51187131
23314489	23314679
41495748	41495938
99881092	99881282
83914415	83914605
27752170	27752360
75257657	75257847
99940477	99940667
76334397	76334587
34304417	34304607
51837141	51837331
30830967	30831157
24144306	24144496
103684003	103684193
93549181	93549371
24241994	24242184
32989252	32989442
114027391	114027581
95874997	95875187
36204909	36205099
80915545	80915735
92434303	92434493
78081091	78081281
97683411	97683601
34449096	34449286
91810336	91810526
49153333	49153523
22761727	22761917
91620881	91621071
44537962	44538152
84354451	84354641
98018500	98018690
51824345	51824535
40258823	40259013
50763682	50763872
99910508	99910698
92727023	92727213
104162438	104162628
21069828	21070018
105636668	105636858
19764405	19764595
22244459	22244649
61001503	61001693
49217401	49217591
36527877	36528067
43690496	43690686
43597880	43598070
44360890	44361080
20438985	20439175
50068831	50069021
47127089	47127279
51385283	51385473
70098694	70098884
28950874	28951064
98563839	98564029
28527759	28527949
70509235	70509425
80913041	80913231
102438308	102438498
39785394	39785584
24463562	24463752
42966902	42967092
92827736	92827926
33041631	33041821
27949968	27950158
78003502	78003692
70672920	70673110
30029320	30029510
22677238	22677428
111124163	111124353
87219497	87219687
28000075	28000265
48162916	48163106
100480493	100480683
60308676	60308866
45242300	45242490
22010032	22010222
46311671	46311861
79686258	79686448
71877394	71877584
74589332	74589522
23733441	23733631
20701927	20702117
28887844	28888034
74637188	74637378
29104910	29105100
98167985	98168175
42917267	42917457
24845102	24845292
99156768	99156958
79768507	79768697
109814594	109814784
98462502	98462692
59836347	59836537
45695586	45695776
114833060	114833250
47128777	47128967
53420329	53420519
77919689	77919879
111012137	111012327
24087244	24087434
33925580	33925770
78995018	78995208
52377741	52377931
65046156	65046346
80960294	80960484
84573145	84573335
31309538	31309728
94979675	94979865
38935852	38936042
111806427	111806617
39544861	39545051
50091712	50091902
101094810	101095000
42951923	42952113
99100696	99100886
77903293	77903483
99083437	99083627
98112338	98112528
45284767	45284957
101122062	101122252
99963391	99963581
20463036	20463226
101298642	101298832
22847907	22848097
