71199411	71199668
21813954	21814173
102790484	102790702
112665926	112666126
129961547	129961795
92217987	92218204
128137069	128137270
114061686	114061900
136859595	136859786
126112192	126112412
130879981	130880183
103357966	103358169
71614625	71614826
114837105	114837313
101026107	101026320
32379358	32379552
127474250	127474514
139014819	139015001
117415900	117416087
127379863	127380066
3467682	3467875
74895937	74896132
1605025	1605239
19926074	19926267
117776354	117776560
5886196	5886390
71669206	71669405
130632255	130632459
99619197	99619376
129702974	129703203
131901515	131901705
133739065	133739270
139525941	139526133
101903087	101903280
1460222	1460456
119499420	119499632
126306386	126306571
33081365	33081563
20624868	20625076
117501226	117501418
108177754	108177959
112232015	112232214
36555896	36556110
112820704	112820902
130797520	130797719
129320409	129320595
125112936	125113129
126889178	126889388
120407025	120407203
137335243	137335438
133336643	133336827
124082421	124082658
21111026	21111232
35882319	35882520
20356400	20356595
95922326	95922516
37913675	37913930
73900158	73900344
124887541	124887725
132546109	132546307
5590086	5590319
125572697	125572893
130497635	130497825
6055301	6055507
140567370	140567558
123518198	123518388
93677273	93677477
1009178	1009368
100230970	100231168
73217442	73217651
131690288	131690479
21326649	21326827
112915279	112915476
136351500	136351689
92213133	92213320
129253650	129253856
115555585	115555775
124308335	124308519
137035951	137036147
17811109	17811287
93633406	93633587
18255164	18255356
123698874	123699062
1940158	1940369
74421832	74422030
85949253	85949440
139929767	139929952
79425381	79425561
4762638	4762826
74653966	74654161
131936373	131936560
139383179	139383368
116420333	116420512
33287094	33287272
114522433	114522631
96975857	96976060
20941160	20941361
86930281	86930456
101946964	101947187
89939627	89939813
135978661	135978835
72037201	72037387
133922199	133922378
95553143	95553337
129728187	129728388
101925199	101925368
27333244	27333431
135111850	135112029
101077909	101078085
100836753	100836960
135897827	135898002
134211705	134211907
79062501	79062669
136658205	136658394
75722528	75722718
130683910	130684099
27726244	27726445
102028921	102029125
107505765	107505927
36729003	36729193
95478882	95479063
135675622	135675804
34675131	34675343
119334524	119334711
130706066	130706236
36103112	36103292
128393680	128393856
7570235	7570407
112163818	112164006
117197154	117197334
139524944	139525116
35116907	35117097
4315711	4315894
35955048	35955212
1869970	1870156
6306050	6306222
97545418	97545609
109934534	109934718
34899656	34899854
138859491	138859665
5450518	5450711
134615495	134615686
21813086	21813259
92164039	92164232
107625613	107625795
138304508	138304703
33722199	33722398
5600590	5600767
92864681	92864868
117167950	117168118
19457486	19457677
116071592	116071762
101538219	101538404
112945598	112945778
89951872	89952066
78917970	78918141
116344326	116344507
115607058	115607241
100149346	100149510
129544160	129544341
32378611	32378795
38088058	38088246
123975592	123975781
33624058	33624242
137590458	137590643
1005180	1005350
99079722	99079904
34437451	34437627
71300795	71300980
35477335	35477503
95871546	95871726
132372868	132373077
893863	894068
128320815	128320995
79273581	79273752
35736199	35736367
4339414	4339591
87312542	87312713
15533352	15533529
114875349	114875533
117444430	117444608
9790350	9790535
80048705	80048887
102569667	102569826
92861728	92861898
87012090	87012269
114860120	114860310
112174258	112174429
95397073	95397258
129976783	129976958
132869499	132869678
102978567	102978735
2728174	2728356
3240780	3240957
96444530	96444700
94188483	94188661
36873375	36873544
111328152	111328321
86552903	86553084
76298875	76299053
14768594	14768783
93796164	93796333
140122050	140122232
128991238	128991413
134225518	134225692
116354041	116354215
139682192	139682361
34702209	34702383
127314120	127314286
21455416	21455582
6354214	6354397
94537840	94537993
90277897	90278066
108604436	108604594
128170336	128170525
96827832	96828002
124449240	124449422
86876146	86876333
87758044	87758209
133558018	133558173
19028943	19029108
107922076	107922254
112282869	112283031
15211566	15211736
127536770	127536941
38363120	38363286
101762854	101763014
37482418	37482601
74639989	74640175
77617153	77617336
79319599	79319776
136022999	136023158
34379424	34379597
88225094	88225268
91615972	91616167
35826359	35826542
4382805	4382992
133933332	133933502
127181927	127182107
87396455	87396621
36166584	36166777
36995932	36996100
77692182	77692333
37747258	37747437
130266353	130266498
134622869	134623035
36407136	36407339
95719570	95719738
100361065	100361244
33225702	33225868
126803352	126803521
112336704	112336855
115582246	115582426
75207765	75207942
117249977	117250144
116169290	116169453
92044260	92044476
72586932	72587104
119835912	119836082
100377874	100378040
133646456	133646617
86159404	86159577
130348851	130349013
107543176	107543335
125987862	125988022
97889999	97890185
27529759	27529912
33466722	33466894
112203100	112203264
118286843	118287023
85576538	85576700
133816557	133816723
80650414	80650585
38400735	38400900
101610933	101611113
129263258	129263436
31800115	31800273
33852321	33852485
94489648	94489814
135286566	135286739
74886898	74887060
99204214	99204372
100473005	100473174
117443896	117444065
32251551	32251712
71808165	71808322
91208823	91208994
134053770	134053944
97893709	97893877
34603772	34603920
94902669	94902845
115665513	115665684
100161547	100161687
131894059	131894231
6827474	6827626
35790394	35790555
114849107	114849254
116208650	116208812
32579831	32579981
97680449	97680630
36450250	36450414
119423455	119423622
126116429	126116595
5442511	5442682
110246523	110246685
129467640	129467789
37390810	37390969
116417787	116417950
135450527	135450688
133582841	133582995
130496936	130497117
87569087	87569268
117053380	117053535
111524155	111524320
27276542	27276693
99429166	99429334
132648077	132648237
81054499	81054660
17462969	17463131
100968091	100968272
91193498	91193667
93852034	93852199
37309108	37309307
31120015	31120183
79602633	79602789
89102285	89102445
35554042	35554200
9942901	9943063
101994106	101994280
36023532	36023704
72164453	72164607
101553533	101553690
14616494	14616667
21466038	21466196
112083308	112083476
3732715	3732897
89048986	89049130
10366291	10366462
95766110	95766272
80984653	80984796
113400743	113400902
21318416	21318561
77388921	77389068
91894025	91894172
140130999	140131241
14353601	14353732
110103556	110103719
4988010	4988166
34633984	34634133
129160855	129160998
104221421	104221554
97443841	97443977
132998528	132998687
4759445	4759602
127615378	127615556
127656986	127657145
6054610	6054767
12329472	12329639
136964409	136964551
77880509	77880660
97365655	97365810
135848065	135848222
124162521	124162668
125844222	125844373
92025681	92025856
120249906	120250052
134637947	134638122
5425140	5425295
37415321	37415470
37329702	37329862
124754996	124755158
117101480	117101632
113637759	113637904
34403901	34404043
114360154	114360324
120545570	120545721
7536450	7536590
125227386	125227528
108188444	108188590
138981615	138981762
136647383	136647538
14465587	14465725
806678	806821
96725364	96725507
92681744	92681904
136019897	136020057
34985425	34985586
81216974	81217135
108644105	108644241
139233773	139233913
4924330	4924482
130547332	130547480
15417017	15417183
88817328	88817492
25964294	25964425
131625948	131626113
19174326	19174509
126147748	126147872
125753705	125753856
99090151	99090301
101737308	101737463
13427652	13427798
113385844	113386000
4549210	4549363
3441332	3441481
33375023	33375164
140339818	140339976
32572366	32572508
34074300	34074454
98031163	98031307
71564285	71564457
2857712	2857855
118355938	118356090
75798948	75799082
134466661	134466815
100663388	100663542
117270090	117270240
86235789	86235938
22038181	22038334
71183078	71183225
122052175	122052326
72492911	72493044
123382142	123382295
137978023	137978161
15873711	15873845
93518188	93518310
35603966	35604127
36328926	36329061
38371584	38371735
35646875	35647013
21789536	21789681
22244816	22244942
34500751	34500898
102773461	102773600
74219489	74219642
74383865	74384028
22470072	22470207
38160726	38160881
107148857	107148999
128018403	128018535
4604703	4604842
106552113	106552247
103363544	103363691
135383149	135383287
124861669	124861822
26326592	26326747
131057720	131057864
71642615	71642775
121284459	121284619
75697056	75697192
130352274	130352426
27548287	27548413
98994827	98994958
87873802	87873940
31542453	31542617
135777344	135777469
112580264	112580405
123748163	123748301
137341515	137341661
6667782	6667938
32968514	32968670
18442731	18442862
123505335	123505469
26856525	26856662
127905939	127906082
140301533	140301698
107444943	107445088
137875056	137875200
105190719	105190855
139062226	139062362
136303041	136303178
16192285	16192429
15135284	15135412
104074076	104074207
35481495	35481643
96328742	96328891
79018342	79018471
19493201	19493346
4750150	4750295
5976805	5976954
100174124	100174275
77392107	77392242
139379589	139379710
77815929	77816059
21235861	21235989
6910121	6910269
136398290	136398439
77185967	77186107
131201019	131201161
36798377	36798508
35051487	35051643
138495845	138495986
16133886	16134033
94896318	94896429
99414029	99414162
33223872	33224025
35096164	35096288
4366849	4366973
1837554	1837717
33170960	33171097
114384298	114384431
116352326	116352453
18213365	18213494
97431247	97431383
104292510	104292627
33403473	33403600
102586940	102587104
33125089	33125221
122318463	122318596
4375471	4375596
86788146	86788263
613946	614119
86211934	86212072
37191792	37191918
38263673	38263809
78481309	78481434
116036822	116036942
137750411	137750522
130717810	130717927
108371418	108371558
15606775	15606915
126164321	126164442
71460034	71460159
2132619	2132764
22119689	22119796
74434185	74434306
103477023	103477173
37904336	37904467
104364569	104364708
116163737	116163837
98823641	98823780
139588747	139588876
127534424	127534551
80736551	80736688
98980570	98980716
37582681	37582797
80103536	80103654
132499967	132500086
112980055	112980183
88040179	88040305
33813806	33813940
36980309	36980455
119409635	119409749
92904176	92904283
108663883	108664011
44227376	44227498
71650570	71650699
72728461	72728580
2087809	2087923
115687495	115687610
113800322	113800499
1942135	1942260
112669182	112669309
131103814	131103931
36991702	36991824
130160386	130160527
82790331	82790455
7052724	7052853
80479592	80479722
110184597	110184727
124506739	124506863
117424503	117424648
118353918	118354027
72534514	72534625
34591801	34591915
73255237	73255384
35903107	35903243
117354828	117354954
79073928	79074044
8895889	8896010
116844890	116844990
100880330	100880411
94900495	94900611
127299135	127299261
139941090	139941227
18824207	18824321
88861929	88862058
32589217	32589336
37375027	37375116
136591551	136591668
139294682	139294795
22008692	22008812
132488997	132489131
100716976	100717069
6907902	6908017
117669390	117669495
77853403	77853511
131124515	131124625
35258978	35259101
34548104	34548234
122731529	122731647
6686568	6686656
18791205	18791340
138756456	138756551
130110517	130110619
38642104	38642222
138235928	138236041
116499858	116499958
94444109	94444211
12465042	12465143
126885240	126885360
134269293	134269416
5799386	5799486
103881638	103881749
106160315	106160417
33922109	33922221
15642464	15642574
92191374	92191479
35696696	35696793
32581660	32581769
307106	307202
74907196	74907316
1727519	1727624
92981955	92982074
103200289	103200392
4077615	4077737
37594601	37594709
101761292	101761373
19946618	19946717
124260584	124260683
117068219	117068327
79009268	79009381
75638009	75638127
139842562	139842678
4662197	4662293
125215576	125215681
96065088	96065197
124885386	124885486
5833065	5833158
123111260	123111381
107919480	107919577
123822457	123822569
112905308	112905403
130268242	130268351
132552698	132552812
103085400	103085467
119622949	119623043
124312880	124312984
133576584	133576680
35945898	35945984
132373468	132373569
79626921	79627016
89951519	89951616
22452554	22452655
116870339	116870422
136608227	136608311
73540019	73540115
113798885	113798986
131174861	131174940
115123957	115124045
75815735	75815860
127527229	127527314
108480898	108480980
112006947	112007037
103997899	103998001
86264187	86264277
15104963	15105063
140181523	140181628
130887369	130887559
75437419	75437517
72287896	72288032
129709980	129710079
13088901	13088981
120318681	120318755
21253137	21253238
116350126	116350223
90427920	90428016
134505747	134505832
139962298	139962391
128190431	128190522
139958653	139958741
126722802	126722899
123239816	123239927
140189941	140190046
89029343	89029449
123744087	123744184
111612704	111612806
124208421	124208520
114854261	114854344
140667086	140667196
140013253	140013336
21195274	21195369
82093512	82093608
4640179	4640279
122128068	122128177
37386325	37386408
86198213	86198292
34253094	34253147
112650205	112650395
133873831	133873927
86323605	86323710
75368355	75368421
90293726	90293817
15837254	15837306
97930354	97930404
102061985	102062069
87723311	87723388
93747636	93747749
36248186	36248283
33452905	33452957
95468885	95468966
102972282	102972472
72967873	72967956
23492259	23492355
79765808	79765874
136272017	136272207
35658644	35658698
115205640	115205707
88313365	88313457
103267951	103268141
27033981	27034063
100686112	100686260
119666615	119666682
85221815	85221909
14769344	14769409
93536048	93536137
114738170	114738263
35756701	35756751
102985049	102985239
80828750	80828854
72726056	72726140
87019148	87019241
115427767	115427865
26744500	26744588
116569815	116569899
2469729	2469819
9606674	9606769
116917638	116917735
93799568	93799670
71293471	71293555
36407606	36407677
114590621	114590711
21709631	21709694
93537126	93537181
115683913	115683967
119672673	119672748
28073428	28073524
15277937	15278038
103364783	103364833
6197458	6197521
76994785	76994847
94438480	94438558
135853125	135853315
120173960	120174030
76180940	76181007
17531824	17531899
101299249	101299328
115096019	115096145
21396218	21396408
71198193	71198280
91356426	91356494
133741908	133742003
21213808	21213898
23123178	23123258
112731524	112731714
6739401	6739474
110001944	110002036
19471909	19472099
36008834	36009024
71175050	71175240
36633071	36633153
105393947	105394137
21413867	21413937
7234318	7234369
92989178	92989294
92905014	92905065
99329197	99329288
2645781	2645851
138816932	138817006
34332469	34332659
130046331	130046521
111716351	111716541
108210134	108210324
119257405	119257595
15232120	15232310
135128109	135128202
134150802	134150992
6568220	6568410
27888775	27888965
127516702	127516892
1620069	1620136
126511950	126512010
22244274	22244324
90565843	90565911
4797446	4797636
125261178	125261368
7844433	7844512
73099539	73099729
140189105	140189295
77357821	77358011
90788456	90788546
134631085	134631275
90282249	90282439
3647744	3647934
93562484	93562538
22813664	22813854
109900009	109900199
139519612	139519693
132386583	132386666
104554383	104554440
107951099	107951289
118912211	118912401
81436130	81436320
130705138	130705328
115479921	115480111
15552222	15552272
130846221	130846411
81744892	81745082
35826171	35826221
38068716	38068906
98572569	98572654
139539066	139539162
100652316	100652506
33738215	33738405
34760557	34760747
111034912	111035102
96067302	96067386
115473483	115473673
71122526	71122611
17063650	17063840
106854129	106854319
78594467	78594523
98489136	98489326
106939406	106939596
2228213	2228403
110228012	110228079
12640187	12640245
22307127	22307317
21965598	21965788
21183224	21183295
95090589	95090779
113189887	113190077
78470607	78470657
38672430	38672620
112667875	112668065
37034828	37034878
1018187	1018377
92218733	92218923
75058959	75059149
136581011	136581201
33778845	33779035
124041107	124041297
100797089	100797279
80730126	80730316
126486785	126486975
136061482	136061672
38433079	38433144
12723761	12723951
15513518	15513708
13034285	13034475
93678079	93678269
92208851	92209041
132404700	132404762
7273691	7273881
115649761	115649951
29212258	29212448
139118041	139118231
117152546	117152596
138593837	138594027
80366464	80366654
73864715	73864905
385890	386080
140083105	140083295
74818225	74818415
137311662	137311852
75486677	75486728
81848572	81848762
80071843	80072033
92759098	92759150
95527686	95527876
14846864	14847054
129748291	129748481
86932576	86932766
117300660	117300850
103255340	103255530
135916383	135916573
140589749	140589939
34664374	34664564
95264351	95264541
5608608	5608798
86329349	86329539
77260035	77260225
32350854	32350904
126896089	126896279
135045267	135045457
2181973	2182026
2859897	2860087
104739987	104740177
130073518	130073708
136055387	136055577
3181720	3181910
74398084	74398274
12719526	12719716
5899373	5899563
80456727	80456917
28774560	28774750
113911366	113911556
4386893	4387083
5869838	5870028
130526478	130526668
111945912	111946102
118925866	118926056
82570382	82570440
34011071	34011261
96776438	96776628
100978217	100978407
131905316	131905506
80876450	80876640
5715186	5715376
136269104	136269294
97316751	97316941
12819902	12820092
1732771	1732961
13351885	13352075
100685891	100685941
37262504	37262694
86527211	86527293
114454097	114454287
36597510	36597700
19922599	19922789
133005554	133005744
93597196	93597386
104211417	104211607
79782388	79782578
100353974	100354164
1709414	1709604
100881543	100881733
26892302	26892492
109920764	109920815
80592226	80592416
127082676	127082866
97385620	97385810
4117836	4118026
124225420	124225610
107257186	107257376
124446730	124446920
99216008	99216198
97298989	97299179
2179651	2179841
129468840	129469030
19085399	19085589
73616800	73616990
129064361	129064551
88515509	88515699
95491760	95491950
38620581	38620771
108400157	108400347
139944354	139944544
132862023	132862213
126964807	126964997
21154074	21154264
103086953	103087143
26723587	26723777
4228692	4228882
129261537	129261727
129373931	129374121
131769117	131769307
120932410	120932600
72955618	72955808
6585233	6585423
140616451	140616641
37411393	37411583
127149875	127150065
90148324	90148514
112642943	112643133
135924022	135924212
86909523	86909713
97301864	97302054
14428856	14429046
133559515	133559705
71633731	71633921
140317676	140317866
98670187	98670377
15142986	15143176
37364837	37365027
88434077	88434159
134353868	134354058
91003505	91003695
1930400	1930590
129932543	129932733
14068794	14068984
96764927	96765117
95217626	95217816
4849592	4849782
79611722	79611912
91933841	91934031
29692108	29692298
33415475	33415665
116117579	116117769
98833884	98834074
3475870	3476060
117965812	117966002
112734830	112735020
139621209	139621399
139566148	139566338
130300200	130300390
85814263	85814453
87612489	87612679
7402135	7402325
126980966	126981156
100263708	100263898
37295890	37296080
137273571	137273761
108014131	108014321
71395099	71395289
26975721	26975911
130673078	130673268
96074947	96075137
76892532	76892722
107688804	107688994
129622584	129622774
33925242	33925432
139839193	139839383
137256260	137256450
125675146	125675336
21434555	21434745
86535622	86535812
35096554	35096744
75472048	75472238
114799965	114800155
138689597	138689787
76896714	76896904
38708055	38708245
123631490	123631680
134242281	134242471
88890983	88891173
4741069	4741259
71569663	71569853
37972490	37972680
135644313	135644503
11319538	11319728
139736830	139737020
134079309	134079499
215035	215225
78203834	78204024
90257728	90257918
80073013	80073203
139664485	139664675
6107128	6107318
43133725	43133915
22239073	22239263
26863194	26863384
101469543	101469733
116795742	116795932
100745493	100745683
135144215	135144405
37407570	37407760
131410621	131410811
12884870	12885060
31916648	31916838
77567189	77567379
94496758	94496948
116444570	116444760
34612883	34613073
131580585	131580775
139686223	139686413
109739149	109739339
131526741	131526931
107512825	107513015
125865039	125865229
2872675	2872865
79830945	79831135
5186525	5186715
136226292	136226482
95004894	95005084
132379627	132379817
1101030	1101220
98788487	98788677
34546991	34547181
19967687	19967877
37836431	37836621
5073777	5073967
136060461	136060651
135259065	135259255
88649892	88650082
23089194	23089384
104490027	104490217
95748560	95748750
127156991	127157181
68484993	68485183
118646096	118646286
9352981	9353171
37301644	37301834
88902002	88902192
124383413	124383603
130180388	130180578
140429403	140429593
107526646	107526836
82086595	82086785
80426821	80427011
107259986	107260176
87283277	87283467
93600502	93600692
82183366	82183556
20369500	20369690
139002395	139002585
130548888	130549078
123869396	123869586
114791015	114791205
131464697	131464887
80371448	80371638
69784646	69784836
89563464	89563654
73021366	73021556
139258172	139258362
90721415	90721605
136036445	136036635
123201518	123201708
104490540	104490730
130627341	130627531
94422248	94422438
1922154	1922344
79034803	79034993
14661581	14661771
5575097	5575287
37032762	37032952
71613717	71613907
134128077	134128267
29830926	29831116
140071115	140071305
132793542	132793732
95201481	95201671
126959747	126959937
124138615	124138805
91275601	91275791
19049117	19049307
139923899	139924089
38417084	38417274
15622700	15622890
6049886	6050076
99871590	99871780
85107315	85107505
139655378	139655568
4225868	4226058
140476733	140476923
131182555	131182745
111955121	111955311
17802339	17802529
128908621	128908811
21789803	21789993
139748384	139748574
104473716	104473906
135287630	135287820
1876136	1876326
129535390	129535580
117777402	117777592
116725368	116725558
127618288	127618478
80379888	80380078
3473558	3473748
119809086	119809276
92151651	92151841
127209220	127209410
4464892	4465082
94015920	94016110
137631064	137631254
37410931	37411121
134261774	134261964
102104725	102104915
124497372	124497562
35611332	35611522
94717108	94717298
81476100	81476290
80070351	80070541
132719108	132719298
136238184	136238374
120009684	120009874
2336177	2336367
16266734	16266924
126690876	126691066
111961351	111961541
131790811	131791001
108175905	108176095
7657912	7658102
94195520	94195710
34155699	34155889
100684644	100684834
113913911	113914101
71736801	71736991
129540110	129540300
77948651	77948841
127120481	127120671
124300636	124300826
140197035	140197225
89988908	89989098
18396162	18396352
34023186	34023376
124397379	124397569
34701358	34701548
134829786	134829976
16032934	16033124
19517654	19517844
130650194	130650384
89722051	89722241
108007429	108007619
82373152	82373342
136858131	136858321
112680779	112680969
117145374	117145564
71189145	71189335
129655474	129655664
5321128	5321318
33167144	33167334
5263656	5263846
111230738	111230928
124857625	124857815
124623843	124624033
35661243	35661433
123641369	123641559
117673576	117673766
10060438	10060628
138494619	138494809
131017605	131017795
104211714	104211904
10268874	10269064
105015490	105015680
4679490	4679680
1929776	1929966
108245989	108246179
18208251	18208441
6488520	6488710
100126315	100126505
7298177	7298367
15506006	15506196
36637969	36638159
37302374	37302564
4985154	4985344
82761460	82761650
7186302	7186492
139134911	139135101
139159191	139159381
95916662	95916852
33179382	33179572
112736625	112736815
20623499	20623689
91990353	91990543
114981280	114981470
71268319	71268509
38133709	38133899
37000016	37000206
121358113	121358303
139990167	139990357
98984537	98984727
93080680	93080870
127016758	127016948
123659690	123659880
37785638	37785828
78638986	78639176
124920654	124920844
130680664	130680854
27247765	27247955
85081888	85082078
114659384	114659574
71808649	71808839
136196273	136196463
134553966	134554156
101623219	101623409
123374609	123374799
74590848	74591038
90175348	90175538
15357079	15357269
139524640	139524830
44435891	44436081
16127540	16127730
32432066	32432256
6944059	6944249
129811332	129811522
75423153	75423343
119351747	119351937
92509508	92509698
129767696	129767886
82182854	82183044
126080556	126080746
100232470	100232660
16154649	16154839
72547908	72548098
5429263	5429453
94741141	94741331
114774800	114774990
84137945	84138135
140573854	140574044
9912544	9912734
124402394	124402584
129946663	129946853
92686510	92686700
122724171	122724361
126824621	126824811
19013254	19013444
27535874	27536064
139459115	139459305
112669720	112669910
136024957	136025147
114794446	114794636
134406049	134406239
90179027	90179217
32703733	32703923
37511085	37511275
90115496	90115686
123837782	123837972
131641627	131641817
140473360	140473550
31807681	31807871
100931473	100931663
38025289	38025479
97943649	97943839
130217626	130217816
139025143	139025333
757636	757826
28952031	28952221
118456328	118456518
129917271	129917461
35910976	35911166
19184364	19184554
87582143	87582333
95824348	95824538
98027318	98027508
135134665	135134855
126441812	126442002
133808246	133808436
137670862	137671052
12776388	12776578
38727491	38727681
85378629	85378819
103462976	103463166
109625088	109625278
123639744	123639934
7360597	7360787
132145947	132146137
16648776	16648966
88714110	88714300
94712466	94712656
32148604	32148794
117135403	117135593
108118245	108118435
127242900	127243090
14442356	14442546
87682868	87683058
24246088	24246278
98224968	98225158
123294073	123294263
20407115	20407305
272841	273031
88331515	88331705
15485948	15486138
71320728	71320918
35615420	35615610
126101572	126101762
20885104	20885294
136469503	136469693
112910743	112910933
130470047	130470237
100955427	100955617
37409092	37409282
91798181	91798371
139870141	139870331
137291400	137291590
136114582	136114772
100265518	100265708
17794305	17794495
347792	347982
132872543	132872733
92078967	92079157
104329641	104329831
78913771	78913961
135042171	135042361
98336574	98336764
89230451	89230641
37565673	37565863
34253600	34253790
4297387	4297577
137109717	137109907
35599910	35600100
97623263	97623453
108262848	108263038
114162375	114162565
33159918	33160108
37029308	37029498
140632751	140632941
140195757	140195947
130108964	130109154
127237556	127237746
136405832	136406022
127539573	127539763
75058365	75058555
71548446	71548636
78097592	78097782
20621832	20622022
117676540	117676730
21141460	21141650
32526556	32526746
37210043	37210233
107913428	107913618
102422666	102422856
87267682	87267872
130549148	130549338
87108309	87108499
114792403	114792593
5453809	5453999
37144786	37144976
7981037	7981227
111651895	111652085
36550713	36550903
103207953	103208143
69381629	69381819
75814910	75815100
115733775	115733965
132369844	132370034
22053259	22053449
7319013	7319203
127087647	127087837
82046327	82046517
113188450	113188640
94644998	94645188
33229382	33229572
35193836	35194026
37403185	37403375
35616894	35617084
111696218	111696408
2837930	2838120
102792990	102793180
131961394	131961584
125597554	125597744
133745464	133745654
137330364	137330554
6317109	6317299
113214586	113214776
4393924	4394114
4422594	4422784
88439977	88440167
107570418	107570608
37480896	37481086
2066960	2067150
112181179	112181369
129452771	129452961
139035241	139035431
30774488	30774678
89252452	89252642
139962757	139962947
15529606	15529796
3513362	3513552
3651495	3651685
37508933	37509123
7342311	7342501
77193010	77193200
75214904	75215094
114482568	114482758
38334336	38334526
1429433	1429623
134292527	134292717
134379533	134379723
117973854	117974044
20423317	20423507
16131375	16131565
71511082	71511272
36994063	36994253
93405346	93405536
126370507	126370697
93488567	93488757
139923334	139923524
94191879	94192069
132751346	132751536
77801785	77801975
20524885	20525075
136454628	136454818
101775355	101775545
117034131	117034321
119781046	119781236
133293142	133293332
34869477	34869667
90245293	90245483
130783136	130783326
132647427	132647617
15824411	15824601
92179438	92179628
94183837	94184027
117369992	117370182
102847163	102847353
102899228	102899418
127602004	127602194
129967489	129967679
33167545	33167735
132802269	132802459
36855547	36855737
5629029	5629219
37859150	37859340
130123184	130123374
79376449	79376639
124779159	124779349
108453165	108453355
94520782	94520972
14322526	14322716
108006579	108006769
316645	316835
6412886	6413076
6655050	6655240
88401064	88401254
5773689	5773879
139660995	139661185
129568143	129568333
133769078	133769268
5593969	5594159
126899955	126900145
20611768	20611958
137581502	137581692
35749859	35750049
34929608	34929798
93910094	93910284
2146746	2146936
140916841	140917031
130965528	130965718
102277448	102277638
139030552	139030742
15354919	15355109
140711443	140711633
6973879	6974069
16602096	16602286
16257658	16257848
70490285	70490475
2016506	2016696
126105773	126105963
34992096	34992286
33124794	33124984
5558339	5558529
132650204	132650394
19464754	19464944
75884462	75884652
131397594	131397784
88658966	88659156
98104027	98104217
37197226	37197416
4967058	4967248
137300401	137300591
19084246	19084436
139148075	139148265
71032190	71032380
74979972	74980162
102820992	102821182
126097532	126097722
9998573	9998763
100853142	100853332
112770232	112770422
105223426	105223616
130661821	130662011
764111	764301
102026500	102026690
31303863	31304053
94250861	94251051
6024200	6024390
1522194	1522384
