142912234	142912459
23610304	23610536
107786742	107786951
22149990	22150205
112190601	112190798
43622327	43622586
86941678	86941892
128731610	128731845
137693651	137693850
142491155	142491412
36331158	36331361
22528549	22528763
127849881	127850094
24859920	24860133
36024867	36025073
48149798	48150038
23095299	23095486
81585929	81586133
55708986	55709178
17809557	17809766
115778358	115778561
105794356	105794578
137583936	137584143
75943630	75943897
76876613	76876813
38147122	38147327
47859005	47859199
35749172	35749358
135485912	135486121
98062709	98062912
129712083	129712286
17022336	17022532
1032823	1033071
37221657	37221870
73831816	73832005
26404789	26405012
114505723	114505923
5125141	5125344
116570575	116570778
23752115	23752304
39620109	39620316
120195114	120195301
20638255	20638433
50485801	50486054
31783996	31784184
121187649	121187845
101880038	101880230
100702684	100702894
50245022	50245237
138423546	138423748
25932535	25932733
129650741	129650952
75807522	75807724
139330759	139330949
37392556	37392757
4793592	4793790
112538824	112539029
8230078	8230273
155608038	155608233
134966301	134966532
150145858	150146082
144088932	144089142
116759578	116759778
73981168	73981363
106377034	106377244
130725275	130725477
105683317	105683521
104563406	104563617
42980944	42981138
100157467	100157666
45175821	45176017
49892331	49892519
75495870	75496067
55347731	55347925
128850411	128850602
142705102	142705302
38262191	38262373
43300967	43301149
47305931	47306121
86777772	86777963
44517016	44517212
6362689	6362887
30204208	30204395
137588469	137588684
99730339	99730538
129882472	129882680
72866213	72866391
139875029	139875214
148659875	148660066
83285378	83285556
44896618	44896817
22041094	22041283
70163306	70163489
137341100	137341315
152404089	152404300
5603312	5603482
147781238	147781434
77388701	77388896
93717156	93717350
54841937	54842143
101915580	101915761
105817207	105817411
45194290	45194488
44961786	44961977
22599591	22599796
95156841	95157030
65305528	65305726
86866271	86866454
5279907	5280103
10929028	10929209
70322012	70322207
98439457	98439654
124425328	124425526
43739649	43739825
50132187	50132378
5744183	5744372
86534631	86534812
50437213	50437421
80057869	80058055
134117522	134117713
111375824	111376014
105697481	105697678
142508917	142509102
69397102	69397295
73482256	73482442
139702147	139702363
107754673	107754853
90663867	90664077
75391835	75392026
26416728	26416908
3194615	3194804
95106366	95106571
128858478	128858687
41744791	41744975
92250409	92250614
77287180	77287368
30780155	30780338
143824912	143825091
17746476	17746665
948562	948747
43878531	43878776
2926714	2926920
1105464	1105657
44627797	44627972
94078565	94078744
46392041	46392237
101922838	101923041
106183019	106183210
151456710	151456891
83565491	83565685
30315829	30316033
150118205	150118417
2710636	2710836
141349800	141349984
106433582	106433760
23317109	23317289
37873250	37873425
96657058	96657242
2387706	2387895
47984908	47985090
135694322	135694506
141354367	141354540
95545991	95546170
75272292	75272468
4650584	4650768
119912324	119912496
38358508	38358699
73269954	73270140
156609762	156609921
35946136	35946320
100449729	100449900
148663944	148664134
151012237	151012430
2749409	2749611
45962912	45963084
100787392	100787587
37871924	37872123
82201622	82201819
21806983	21807238
99588576	99588763
27235919	27236093
102031259	102031430
30603986	30604169
2904752	2904941
11251796	11251982
826135	826334
8335780	8335974
155561102	155561285
75649514	75649704
142937771	142937969
134291160	134291348
54856347	54856545
101331690	101331879
90057174	90057350
1619226	1619411
130443303	130443470
101186198	101186373
36015569	36015743
49830766	49830962
362152	362327
66022650	66022832
148787842	148787999
127848571	127848748
128544808	128544990
24627553	24627739
155391527	155391705
154982392	154982587
45299723	45299885
88176155	88176313
98910629	98910792
154719353	154719536
92076554	92076748
134317816	134317999
98434527	98434720
45893964	45894142
38836627	38836795
24329967	24330171
7581120	7581305
39785863	39786055
81129054	81129235
73140142	73140330
25133039	25133214
37238551	37238732
56142082	56142263
76145334	76145520
73021418	73021594
28893895	28894076
155137670	155137848
26101387	26101576
100926357	100926531
12362022	12362184
131339530	131339706
129112274	129112447
115898832	115899014
140353317	140353483
104488942	104489117
25605585	25605781
94024839	94025010
12107223	12107401
150808227	150808404
87427236	87427409
73621008	73621187
47128513	47128680
51228825	51228985
25138132	25138303
120627744	120627931
76961264	76961441
83040419	83040596
38700206	38700378
55323294	55323487
130581827	130581993
24615884	24616068
6388652	6388840
90338173	90338346
141233223	141233406
48339288	48339459
112135996	112136171
23586687	23586875
51498275	51498440
121635120	121635290
135196962	135197146
147962159	147962327
104524221	104524412
28060052	28060226
73815662	73815847
25133921	25134088
86444401	86444600
130560169	130560344
37771888	37772055
5705091	5705277
23301578	23301756
86568637	86568800
24358046	24358227
148201096	148201264
130987955	130988126
100005303	100005460
123512411	123512579
12663617	12663784
21296010	21296169
104621782	104621955
64772779	64772947
107103682	107103851
127087527	127087726
35664283	35664456
87046105	87046274
20022568	20022743
97798006	97798179
29448486	29448644
131373986	131374161
66836898	66837059
6475341	6475528
5534346	5534532
123437994	123438162
96044347	96044518
92685016	92685204
116229139	116229310
140711972	140712150
130516715	130516897
40092181	40092340
37248190	37248356
107821603	107821778
120365580	120365758
97870778	97870947
134628641	134628822
130754086	130754268
116853161	116853346
43148091	43148276
86099101	86099270
133119117	133119290
24421632	24421817
25109687	25109853
96734047	96734234
37324418	37324589
150821147	150821292
126443226	126443398
25299372	25299547
37026822	37026997
137277121	137277287
117355948	117356133
28429132	28429313
150454046	150454211
69359033	69359204
128911699	128911856
93532213	93532399
129275471	129275651
55482983	55483153
98638107	98638282
92462343	92462528
11467415	11467571
1472210	1472358
105807260	105807428
157066338	157066508
69626714	69626879
92320935	92321103
102045152	102045325
115820375	115820541
23902932	23903108
113061890	113062049
121007002	121007163
139703805	139703986
38255422	38255593
150660147	150660337
2491133	2491310
38375302	38375474
129007509	129007692
65187401	65187542
7721230	7721398
83605668	83605815
108137665	108137829
5405759	5405931
154705535	154705697
39559605	39559777
41982730	41982904
36527461	36527640
50535824	50535996
115763159	115763312
81673922	81674106
148272791	148272965
111126733	111126896
71201038	71201203
50182030	50182199
29961149	29961305
6556056	6556225
149296104	149296283
156701689	156701854
87872678	87872841
80328467	80328632
97795554	97795738
2508640	2508799
100323007	100323164
86556084	86556262
64411743	64411904
127348887	127349055
97464967	97465142
2249203	2249363
30840437	30840596
27960916	27961098
31776119	31776275
116652824	116652997
143434218	143434384
38438428	38438594
87740801	87740955
45957279	45957435
47484399	47484566
120446060	120446228
100066964	100067150
158769824	158770002
21301486	21301653
141676145	141676307
134198027	134198194
31014534	31014689
90258739	90258898
128067454	128067621
116449840	116450010
16110965	16111132
140026166	140026326
105230020	105230167
100289363	100289536
48031445	48031609
123007658	123007839
100720951	100721110
32244118	32244276
5896168	5896320
26540480	26540640
130667046	130667196
95704830	95704982
134012757	134012915
31162322	31162481
8257197	8257367
30485562	30485736
84652502	84652655
82356301	82356448
128523728	128523908
99591907	99592067
40369271	40369417
144733829	144733992
149439351	149439506
125311129	125311297
21608512	21608667
17342484	17342653
32519308	32519469
5526602	5526763
137846349	137846520
128099474	128099628
111370685	111370844
155531460	155531616
30102319	30102475
107365684	107365849
75921034	75921200
108100520	108100674
94876267	94876427
149580611	149580769
33147384	33147542
24705385	24705553
116426895	116427055
127987722	127987875
134959342	134959499
73280569	73280731
28962356	28962505
25891330	25891488
157132914	157133074
142340139	142340310
143113768	143113928
45961876	45962035
26130684	26130850
99510849	99511028
91510054	91510245
89891860	89892009
7143123	7143276
16604606	16604767
104559142	104559303
71198359	71198519
102937746	102937893
132915465	132915621
128983037	128983184
33225434	33225593
139184822	139184986
913044	913197
18392048	18392221
44280668	44280841
17570744	17570891
100835868	100836047
133826113	133826290
81099436	81099606
102090826	102090984
36710535	36710702
113666702	113666841
20351157	20351328
90084866	90085016
106102954	106103100
12564545	12564691
18385396	18385537
103047433	103047589
22143426	22143599
29146128	29146255
110729993	110730158
82358850	82359002
67090282	67090428
49041235	49041385
122710876	122711039
39504674	39504823
44887336	44887493
130692294	130692454
11383557	11383702
155589752	155589918
132003623	132003765
31174191	31174343
114303679	114303843
106300552	106300816
97650936	97651085
141485845	141485985
38972276	38972421
24852067	24852216
41042761	41042916
101245788	101245938
48008564	48008709
89252479	89252626
129304361	129304504
97735990	97736134
34360653	34360805
32982756	32982896
18705856	18705997
35559950	35560085
128938220	128938366
35956709	35956876
85519694	85519837
120721505	120721654
41980490	41980630
121036374	121036522
84671052	84671207
153078748	153078910
73149143	73149286
131544061	131544208
23470040	23470183
150475921	150476058
108253720	108253869
100397163	100397330
5598589	5598754
50159534	50159703
92722170	92722337
81345435	81345590
106587800	106587956
137139056	137139199
115876181	115876342
22122602	22122737
31483103	31483260
129465657	129465824
12498273	12498430
26707190	26707452
137501623	137501781
105070276	105070416
5717747	5717914
117025981	117026129
65495969	65496113
30549849	30549992
123811244	123811410
103871992	103872142
106007590	106007753
35577136	35577277
6036938	6037103
5013563	5013713
148224827	148224991
97924255	97924398
105400770	105400932
132265580	132265733
32840200	32840331
93344672	93344802
22822361	22822505
28136364	28136508
994267	994436
138550766	138550899
98375153	98375293
102702470	102702602
70294235	70294387
150869717	150869854
48194489	48194640
131630241	131630401
35075381	35075532
120748091	120748213
7464151	7464299
140192997	140193129
150685670	150685838
107515188	107515330
23125756	23125909
73441249	73441392
140510991	140511129
115550709	115550853
115813219	115813365
123134372	123134514
151047447	151047612
28666353	28666492
134855542	134855701
56032100	56032252
140175679	140175813
94829212	94829356
31023334	31023482
123322818	123322951
148762983	148763133
70240668	70240811
78806309	78806446
106788033	106788171
77280989	77281143
139527005	139527150
41085251	41085394
90319915	90320057
115491472	115491614
128065931	128066083
23584627	23584765
123505681	123505824
5490445	5490579
118910124	118910275
95141129	95141279
34863389	34863539
68868289	68868453
82234704	82234842
77570059	77570214
24441726	24441859
89783635	89783782
92857676	92857799
139303742	139303878
111381911	111382072
150053635	150053765
35764932	35765057
105292908	105293065
100492526	100492652
135020502	135020664
149359778	149359909
8458419	8458552
27200672	27200848
51230546	51230673
109484551	109484695
99787765	99787904
121733114	121733232
22766092	22766264
129702920	129703036
33972597	33972724
814225	814392
20198439	20198561
39936056	39936194
75892377	75892516
92874967	92875108
37893224	37893358
116767754	116767888
44236087	44236222
140920198	140920338
37549786	37549920
33090460	33090602
3105453	3105581
117793739	117793887
40272263	40272395
1704409	1704549
150595690	150595818
22491942	22492114
131198398	131198502
129469960	129470089
55501018	55501171
100161628	100161760
151145861	151146002
145787266	145787393
101007324	101007467
1183900	1184041
89782059	89782187
78140035	78140172
66843304	66843431
120432193	120432311
5527572	5527705
135357716	135357830
91265566	91265704
32250419	32250550
34173934	34174063
37241289	37241406
151065317	151065467
134639066	134639211
117040000	117040131
95500527	95500656
6641979	6642101
106790995	106791105
50747082	50747197
100302990	100303124
50700733	50700866
102053072	102053221
47219919	47220054
13302684	13302820
23397375	23397498
158488894	158489028
81863890	81864032
2720634	2720767
20212475	20212622
81646781	81646909
121859457	121859578
108025680	108025801
138759891	138760040
31528317	31528434
88464573	88464691
156266304	156266427
33283057	33283186
14731365	14731511
42916172	42916305
30452758	30452897
33463357	33463481
48464504	48464620
5214277	5214402
144134813	144134935
86297165	86297294
142551764	142551877
8476645	8476752
101182206	101182340
33498972	33499116
150451340	150451483
117099165	117099309
134199457	134199573
148702959	148703096
10452170	10452314
39781909	39782038
134043101	134043232
69290119	69290251
101458866	101459006
37274588	37274716
110082491	110082627
44025579	44025741
124496451	124496571
140004447	140004571
107519927	107520043
71959192	71959314
73082084	73082223
131192757	131192872
126894078	126894205
118816200	118816324
5324694	5324838
54907426	54907556
91459480	91459605
157180019	157180124
87135707	87135828
77533060	77533206
138701940	138702057
111392367	111392502
107142168	107142279
76221407	76221520
147959940	147960054
28452014	28452131
127775831	127775949
28118030	28118159
93003795	93003916
85183716	85183835
17048778	17048916
117390788	117390883
35464613	35464739
152033971	152034121
98030568	98030706
116625018	116625122
44471046	44471186
150941508	150941632
43760951	43761061
19161753	19161872
110738837	110738960
11381075	11381187
86689101	86689247
96808877	96809007
6598609	6598730
9131046	9131174
56072659	56072761
87974678	87974792
81130704	81130845
43479534	43479646
23312790	23312923
1209640	1209745
142420297	142420434
134434970	134435072
33935025	33935136
113338787	113338907
73226138	73226240
123275748	123275860
37956800	37956915
23502588	23502698
28966760	28966884
77669613	77669734
129252706	129252837
99679512	99679624
139119434	139119559
87987674	87987785
21293810	21293933
149322731	149322850
93852795	93852911
51434876	51434990
113722124	113722224
134853972	134854070
77650007	77650130
18360725	18360838
96774510	96774618
76067302	76067464
144435922	144436039
123795590	123795710
144210582	144210684
138571343	138571447
26331371	26331485
43994259	43994381
101083805	101083918
6144403	6144534
33147060	33147196
147939489	147939596
152591599	152591711
128038744	128038844
29917833	29917950
1215897	1215982
139305732	139305837
30391940	30392046
5179751	5179858
130125964	130126066
139475706	139475817
142377263	142377393
93180506	93180640
151267558	151267677
111202023	111202123
117836052	117836153
49522867	49522980
130380796	130380890
100609553	100609652
85379839	85379958
147983406	147983525
105650022	105650120
69506094	69506209
131109111	131109233
29229461	29229563
156620436	156620541
8763875	8763990
152038634	152038729
1513781	1513882
83143366	83143471
106842455	106842568
93906255	93906365
98384562	98384693
7221454	7221539
135243339	135243452
41736163	41736272
16117827	16117939
55665719	55665826
80288932	80289042
90718808	90718939
38145632	38145735
149973333	149973441
1452554	1452681
103087745	103087847
14497613	14497684
103913362	103913473
16931112	16931201
113350496	113350580
137311353	137311444
114579859	114580049
142172251	142172353
92350426	92350531
26409289	26409390
87254093	87254195
19787520	19787635
139287005	139287114
23978685	23978786
135800147	135800241
157225743	157225843
140217878	140217940
6897486	6897593
32530576	32530674
128803890	128803982
15344795	15344890
47978505	47978604
22589995	22590102
26726106	26726230
40644565	40644675
137687169	137687258
124956708	124956789
19794292	19794379
134386148	134386248
43850276	43850401
97642911	97643018
31673652	31673751
69264189	69264300
44059919	44060026
101457525	101457632
133701562	133701661
44605229	44605328
117745013	117745111
140375217	140375308
37941011	37941062
19705165	19705262
5436235	5436329
36406857	36406955
1126665	1126764
129572737	129572836
31413153	31413223
100813208	100813268
64085616	64085713
64079579	64079692
120497662	120497763
122794432	122794512
25431024	25431128
130406872	130406977
97128648	97128745
64676950	64677033
45930837	45930926
155172976	155173060
50252380	50252479
32886360	32886482
25019171	25019288
31822176	31822272
124637044	124637176
112929352	112929452
149194802	149194914
4869874	4869951
3340597	3340708
139005862	139005923
98050442	98050529
18032018	18032158
36358778	36358882
66949371	66949469
80083147	80083250
98963275	98963393
149119601	149119697
26118630	26118688
138134486	138134571
28101850	28102040
95348283	95348383
116311932	116312044
18395911	18396013
128434238	128434334
12428824	12429014
142700667	142700760
134238867	134238961
95315566	95315660
7801048	7801119
142115729	142115810
132615803	132615883
82440130	82440219
28961552	28961644
128520245	128520318
146942525	146942623
44388083	44388183
128027894	128027960
36513100	36513202
19091525	19091622
112092691	112092783
103214057	103214135
18733189	18733267
98984691	98984750
147839876	147839966
94285429	94285573
1265285	1265380
27616118	27616203
86227779	86227868
78927639	78927727
50269726	50269793
19748762	19748822
118230328	118230419
123916136	123916326
33784024	33784119
84816174	84816242
89927573	89927763
27784782	27784972
20480484	20480565
69142171	69142265
114857561	114857637
66359938	66360039
42882936	42883026
101768616	101768710
119575645	119575706
23224683	23224873
22768189	22768279
45013488	45013579
103164938	103165035
135099757	135099835
92509936	92510047
128101576	128101653
90562045	90562114
116166277	116166352
79648618	79648682
117993099	117993156
39493483	39493575
99435760	99435818
93072146	93072336
94065490	94065545
140771210	140771305
15760681	15760731
2607352	2607542
44347082	44347165
25429268	25429339
37382383	37382573
55617916	55617969
100081014	100081129
33374155	33374216
13564897	13564956
55322616	55322806
99728723	99728816
118838090	118838280
78554075	78554164
7222407	7222506
32387009	32387105
15055868	15055927
19481890	19482080
136091034	136091224
140043065	140043139
73689745	73689802
50308002	50308192
128853854	128853913
134105361	134105551
116952777	116952868
93429217	93429290
151000636	151000704
22563692	22563784
101151218	101151292
37535293	37535483
95353065	95353115
16958066	16958165
144552067	144552140
142246211	142246401
2140018	2140069
12331668	12331720
29142316	29142371
112509335	112509525
12678574	12678764
20817706	20817896
147244555	147244629
102615563	102615625
2286946	2287019
34636666	34636746
100494872	100494963
141454807	141454997
121634770	121634834
91808271	91808461
103797383	103797437
82110974	82111050
87193701	87193789
127154669	127154859
108093345	108093397
156742324	156742396
87516287	87516477
104793520	104793576
107383959	107384149
72738308	72738359
55661592	55661680
149007458	149007539
28663663	28663735
114067055	114067113
142578759	142578949
113414350	113414540
51209267	51209335
88030503	88030559
70185556	70185746
151048272	151048346
142273857	142273915
112051368	112051418
27729352	27729413
117314080	117314153
36061011	36061201
81112015	81112205
83877086	83877145
84084042	84084120
33756313	33756503
137782177	137782367
73864366	73864556
95317211	95317302
22021251	22021338
38385330	38385401
148553482	148553672
42016856	42016946
135330211	135330276
87799193	87799257
34715484	34715674
90712259	90712449
133539628	133539818
83576654	83576844
99971563	99971753
18630520	18630586
120767020	120767089
131376898	131377088
123220989	123221179
44111987	44112177
78216864	78217054
140683707	140683897
143724357	143724414
18650043	18650233
100048150	100048340
43494762	43494824
130130835	130130901
154624394	154624584
92509661	92509744
152520519	152520709
101054582	101054772
33797284	33797474
75386439	75386629
74070881	74071071
99651045	99651100
17341204	17341394
111403345	111403535
37067239	37067429
22541142	22541225
126540174	126540270
144483714	144483904
72385681	72385777
77763732	77763922
45703051	45703109
134409468	134409658
30588477	30588667
95313531	95313617
99013303	99013353
8405230	8405420
107749918	107749969
41932050	41932240
92090936	92091126
16966005	16966195
129016428	129016618
67642103	67642293
123341664	123341854
92053988	92054178
27814438	27814628
2517334	2517524
104681783	104681835
135347047	135347237
129247651	129247841
55355953	55356143
155560349	155560539
128114410	128114600
117899252	117899442
12529831	12530021
3937151	3937341
148936571	148936761
129010748	129010938
90379219	90379409
65285731	65285781
133029135	133029325
104781662	104781852
92463167	92463357
97475071	97475130
22539789	22539979
150683225	150683415
132892532	132892722
21565729	21565919
129042209	129042399
75988676	75988866
26893513	26893703
28400478	28400668
44254043	44254233
114179704	114179894
22893699	22893777
100186177	100186367
154201229	154201286
76831949	76832139
76243222	76243412
91413871	91414061
98362466	98362656
65670210	65670400
117021514	117021704
27973911	27974101
28336615	28336805
4837822	4838012
150436199	150436389
44678911	44679101
112055081	112055133
148906758	148906948
47475515	47475705
44503123	44503313
98470049	98470239
25935057	25935247
141437839	141438029
133427590	133427780
96505598	96505788
14757428	14757618
18255184	18255374
105128520	105128710
102706212	102706402
676233	676283
33847464	33847654
97921125	97921315
47892362	47892552
71217176	71217366
65878723	65878913
136372562	136372752
100674541	100674620
123793001	123793191
7984308	7984498
102734671	102734861
150715315	150715505
38414111	38414301
42054331	42054521
143589811	143590001
116238496	116238546
143875585	143875775
95174379	95174569
1457139	1457329
129284552	129284742
25019718	25019908
17720625	17720815
149496993	149497183
120977573	120977763
148177705	148177895
19753387	19753577
158678433	158678623
69971625	69971815
74493542	74493647
105819249	105819439
115803143	115803333
34131035	34131225
74039816	74040006
42730731	42730921
34967642	34967832
94675013	94675203
114996305	114996495
96225555	96225745
32101837	32102027
151480135	151480228
41928770	41928960
120581230	120581420
24630901	24631091
94819877	94820067
123741348	123741538
115320061	115320251
142219087	142219277
6614214	6614404
142699283	142699473
21547335	21547525
84660216	84660406
100091046	100091236
34470053	34470243
8130390	8130580
4889211	4889401
157043409	157043599
132735908	132736098
132394818	132395008
35754624	35754814
148639025	148639215
49526992	49527043
73598104	73598294
149321813	149322003
140931404	140931594
7004767	7004957
54732127	54732317
116978199	116978389
127675898	127676088
90042284	90042474
110969799	110969989
119730090	119730280
120803874	120804064
38407839	38408029
38403114	38403304
73808071	73808261
12726983	12727173
5821231	5821421
154536026	154536216
90225519	90225709
76754948	76755038
131734561	131734751
25199692	25199882
42019477	42019667
121038458	121038648
95319768	95319872
51135442	51135632
134563610	134563800
155205441	155205631
100781574	100781764
22700454	22700644
44574257	44574447
142564150	142564340
105297470	105297660
11413265	11413455
26721521	26721711
155326609	155326799
44284008	44284198
150329428	150329618
73393552	73393742
143077312	143077502
93918397	93918587
151329455	151329645
112799898	112800088
23736674	23736864
6629461	6629651
106420470	106420660
45019135	45019325
17686358	17686548
30978455	30978645
101957998	101958188
50313499	50313689
27701827	27702017
7392624	7392814
64912086	64912276
116231913	116232103
115116231	115116421
158286843	158287033
89942176	89942366
27183443	27183633
133675785	133675975
83818238	83818428
123556581	123556771
116628535	116628725
125023476	125023666
86543915	86544105
39991202	39991392
113950545	113950735
18610596	18610786
142193423	142193613
8075637	8075827
116443007	116443197
142135153	142135343
32397224	32397414
158766274	158766464
21730436	21730626
47294099	47294289
1060473	1060663
66290629	66290819
134374853	134375043
32731606	32731796
7561029	7561219
26324760	26324950
74282580	74282687
155008610	155008800
66302086	66302276
143187894	143188084
7693319	7693509
152530627	152530693
17953040	17953230
151323610	151323800
123264720	123264910
86230351	86230541
115981684	115981874
101634320	101634510
47932851	47933041
132339001	132339191
8317121	8317311
20237543	20237733
30101528	30101718
43692051	43692241
6677399	6677589
149983347	149983537
62476107	62476297
45620271	45620461
109730268	109730458
135306119	135306309
143002632	143002822
54841516	54841706
6757871	6758061
100143459	100143649
150382621	150382811
43518723	43518913
102386087	102386162
91481763	91481953
157017433	157017623
21340407	21340597
103982122	103982312
12251216	12251406
127432884	127433074
136854022	136854212
127269391	127269581
88295535	88295725
104624559	104624749
6296395	6296585
134530337	134530527
75944862	75945052
105328458	105328648
65987666	65987856
30114134	30114324
49139273	49139463
29788006	29788196
7702296	7702486
69658602	69658792
3240213	3240403
24935736	24935926
149366348	149366538
27190479	27190669
4923415	4923605
45217877	45218067
100887567	100887757
112754092	112754282
148959122	148959312
21450649	21450839
2606723	2606913
30324514	30324704
75759989	75760179
27250057	27250247
28579281	28579471
71648948	71649138
32805381	32805571
25608581	25608771
151630440	151630630
92408443	92408633
70181594	70181645
115890115	115890305
148892501	148892691
2800297	2800487
79689629	79689819
111495400	111495590
6290038	6290228
73686955	73687145
68676844	68677034
4721818	4722008
108233267	108233457
119977434	119977624
8174106	8174296
72100321	72100511
105405645	105405835
17274266	17274456
122169045	122169235
78236480	78236670
95108146	95108336
101459896	101460086
82900612	82900802
75698557	75698747
121392839	121393029
136559282	136559472
83097868	83098058
104284130	104284320
16471849	16472039
144867107	144867297
28788974	28789164
142334021	142334211
117633565	117633755
81801425	81801615
106377765	106377955
151560550	151560740
158288646	158288836
23053912	23054102
130499627	130499817
73617600	73617790
100074991	100075181
73241184	73241374
100227046	100227236
140426211	140426401
120460020	120460210
82369659	82369849
66505904	66506094
31017597	31017787
74347639	74347689
13319577	13319767
40238895	40239085
109844694	109844884
150725808	150725998
151843152	151843342
28182332	28182522
35077548	35077738
44170763	44170953
12714577	12714767
100202093	100202283
75405969	75406159
43495931	43496121
73385666	73385856
75081861	75082051
96694383	96694573
1216750	1216940
16138329	16138519
149757672	149757862
142997012	142997202
97557676	97557866
73959622	73959812
44121924	44122114
95854078	95854268
78901501	78901691
83421167	83421357
55581688	55581878
138666167	138666357
82584280	82584470
151402775	151402965
141888755	141888945
92239320	92239510
126987777	126987967
134232185	134232375
131229727	131229917
77089633	77089823
80310686	80310876
5867520	5867710
127229005	127229195
115388275	115388465
4723997	4724187
76554202	76554392
139024900	139025090
31853902	31854092
5569288	5569478
107302109	107302299
148823355	148823545
118510403	118510593
29628873	29629063
33570374	33570564
2340856	2341046
141674743	141674933
2758654	2758844
73466109	73466299
90181950	90182140
92033731	92033921
95025438	95025628
28133344	28133534
89778842	89779032
47847477	47847667
75948723	75948913
127144885	127145075
29986549	29986739
63781435	63781625
148182725	148182915
37069078	37069268
115347389	115347579
35767300	35767490
98871850	98872040
132079156	132079346
3083214	3083404
152890218	152890408
154744808	154744998
118288159	118288349
64120	64310
33149143	33149333
149504324	149504514
139358164	139358354
151007704	151007894
30059142	30059332
34799255	34799445
129222679	129222869
143598755	143598945
66206190	66206380
64090887	64091077
29995840	29996030
156613261	156613451
143709049	143709239
44837055	44837245
26237793	26237983
25894256	25894446
158439987	158440177
142447890	142448080
7221880	7222070
101335271	101335461
128503646	128503836
30436103	30436293
15365773	15365963
6310726	6310916
108446342	108446532
112212282	112212472
6146109	6146299
55602018	55602208
20687900	20688090
42925858	42926048
24762655	24762845
116223845	116224035
46192380	46192570
154801370	154801560
117432121	117432311
99214100	99214290
144151672	144151862
44300930	44301120
126522072	126522262
81157068	81157258
127650563	127650753
43431209	43431399
42871345	42871535
32676453	32676643
99869878	99870068
99577440	99577630
50418428	50418618
44415075	44415265
48376729	48376919
153769048	153769238
109770841	109771031
29675381	29675571
101576849	101577039
16735362	16735552
155494984	155495174
109643984	109644174
158575538	158575728
8155355	8155545
103908303	103908493
115089849	115090039
142153226	142153416
54909496	54909686
65086587	65086777
124405960	124406150
66197443	66197633
157030891	157031081
36999870	37000060
372679	372869
99956214	99956404
92484185	92484375
10748192	10748382
35841467	35841657
90917655	90917845
158200720	158200910
17102715	17102905
18103983	18104173
17192431	17192621
28312058	28312248
128587450	128587640
65537269	65537459
100398969	100399159
156573483	156573673
126299250	126299440
138812485	138812675
6566173	6566363
5595004	5595194
141853292	141853482
35470268	35470458
11597378	11597568
143534427	143534617
128560610	128560800
139408463	139408653
7635208	7635398
151451256	151451446
36480600	36480790
100738209	100738399
52985750	52985940
105735329	105735519
142003499	142003689
154861750	154861940
99056803	99056993
126341167	126341357
17226485	17226675
50250183	50250373
120943722	120943912
20257093	20257283
44808054	44808244
27645397	27645587
48914981	48915171
55571876	55572066
104976444	104976634
120038452	120038642
55433505	55433695
47832212	47832402
97448609	97448799
158621794	158621984
108056339	108056529
19531560	19531750
131936822	131937012
130644722	130644912
101514157	101514347
28521086	28521276
142001876	142002066
52086230	52086420
93251401	93251591
85459211	85459401
150115064	150115254
102120463	102120653
73684375	73684565
142148329	142148519
11874992	11875182
128848641	128848831
134871697	134871887
95424330	95424520
92617488	92617678
2648715	2648905
130809141	130809331
142571098	142571288
107220957	107221147
76403714	76403904
127197972	127198162
123607084	123607274
43839314	43839504
114045566	114045756
32204305	32204495
64593535	64593725
16840807	16840997
99229373	99229563
139939460	139939650
16643782	16643972
105039906	105040096
126297807	126297997
93784346	93784536
1588123	1588313
28486405	28486595
8165860	8166050
122172829	122173019
40546868	40547058
21385111	21385301
69156693	69156883
76998423	76998613
150788566	150788756
47523519	47523709
35770171	35770361
69272690	69272880
95319979	95320052
43393558	43393748
144367529	144367719
126496824	126497014
131231467	131231657
40487047	40487237
129677656	129677846
31866253	31866443
21392270	21392460
44672861	44673051
118558708	118558898
21333462	21333652
142507068	142507258
28519331	28519521
26008162	26008352
110723582	110723772
132584712	132584902
44313703	44313893
2861136	2861326
124700011	124700201
158553777	158553967
113044406	113044596
37375906	37376096
105401608	105401798
86849082	86849272
148844346	148844536
65200067	65200257
17680446	17680636
133538650	133538840
1834887	1835077
105949875	105950065
99547316	99547506
84650515	84650705
28455561	28455751
105712162	105712352
37666040	37666230
2404540	2404730
47709230	47709420
69357889	69358079
112389937	112390127
150020604	150020794
23509393	23509583
19627017	19627207
94987038	94987228
155009416	155009606
130692792	130692982
99815706	99815896
142397367	142397557
23316019	23316209
45004202	45004392
21985156	21985346
122443532	122443722
101628431	101628621
37598003	37598193
132532872	132533062
151727276	151727466
50367230	50367420
46400492	46400682
99123400	99123590
119122372	119122562
1544016	1544206
154990713	154990903
127049811	127050001
50321317	50321507
134440257	134440447
108301010	108301200
76266428	76266618
157021644	157021834
2234703	2234893
154799750	154799940
7999962	8000152
156688333	156688523
28589456	28589646
55118104	55118294
105714824	105715014
2288792	2288982
104585500	104585690
75678021	75678211
36167077	36167267
28654824	28655014
100878420	100878610
130907024	130907214
101500320	101500510
69899479	69899669
122848960	122849150
106358758	106358948
76742242	76742332
87563489	87563679
71799144	71799334
75849495	75849685
99943010	99943200
110235855	110236045
36991016	36991206
96407651	96407841
125619375	125619565
75244380	75244570
126248487	126248677
22772444	22772634
134671363	134671553
26900086	26900276
120918904	120919094
64407233	64407423
130753338	130753528
141410170	141410360
81076736	81076926
137670725	137670915
75590662	75590852
75157530	75157720
43217402	43217592
126339778	126339968
105070864	105071054
150705874	150706064
88418853	88419043
151130067	151130257
25760029	25760219
43111362	43111552
25024834	25025024
142240488	142240678
26318489	26318679
88609762	88609952
137022739	137022929
94250109	94250299
134680159	134680349
73809031	73809221
27275045	27275235
46816468	46816658
35715943	35716133
7805165	7805355
107024572	107024762
3129223	3129413
6023675	6023865
139616294	139616484
7860734	7860924
5570312	5570502
140143903	140144093
20075131	20075321
20153113	20153303
28549397	28549587
50764492	50764682
38491536	38491726
156715843	156716033
77068977	77069167
126336792	126336982
92047397	92047587
137671548	137671738
20442357	20442547
101673999	101674189
8169011	8169201
18397432	18397622
75948094	75948284
139616892	139617082
79836217	79836407
130418524	130418714
5719873	5720063
91677787	91677977
117041476	117041666
151329126	151329316
105681661	105681851
55601185	55601375
72993086	72993276
121150471	121150661
138818384	138818574
37805639	37805829
138145622	138145812
14737963	14738153
108613210	108613400
72251380	72251570
128249123	128249313
40802952	40803142
149103791	149103981
121078501	121078691
24934576	24934766
93005041	93005231
77855473	77855663
93512507	93512697
117145405	117145595
21395011	21395201
32082608	32082798
24755508	24755698
871398	871588
139910156	139910346
50682554	50682744
30206041	30206231
142636744	142636934
88387895	88388085
105517110	105517300
137660030	137660220
1595987	1596177
8153831	8154021
63643592	63643782
41751403	41751593
51496015	51496205
155317082	155317272
137172883	137173073
1798300	1798490
6978062	6978252
35095476	35095666
28338610	28338800
95809288	95809478
86579704	86579894
104189424	104189614
130756526	130756716
20259161	20259351
97225203	97225393
36171765	36171955
69507555	69507745
22336646	22336836
34940552	34940742
99331213	99331403
155949593	155949783
102004289	102004479
92219665	92219855
102067137	102067327
117015539	117015729
76822279	76822469
143042592	143042782
6066179	6066369
30325663	30325853
137355682	137355872
2111747	2111937
40174436	40174626
99177799	99177989
112120528	112120718
37058707	37058897
2750063	2750253
55338886	55339076
7758973	7759163
95083831	95084021
135979834	135980024
155149462	155149652
35769050	35769240
111167718	111167908
12726345	12726535
158146763	158146953
142965550	142965740
30783112	30783302
76339109	76339299
33714552	33714742
7984717	7984907
63641446	63641636
12473795	12473985
48657691	48657881
111593823	111594013
37007014	37007204
44121101	44121291
50663292	50663482
70191936	70192126
128116761	128116951
2942746	2942936
31232626	31232816
99998355	99998545
30301673	30301863
123177203	123177393
5743333	5743523
75508260	75508450
28880194	28880384
6595937	6596127
149742796	149742986
24795318	24795508
129234979	129235169
43688398	43688588
85480991	85481181
97880222	97880412
18191165	18191355
46194041	46194231
132824288	132824478
28550625	28550815
112655175	112655365
133706710	133706900
127496892	127497082
102105345	102105535
33231048	33231238
38409543	38409733
86418347	86418537
134670935	134671125
77429752	77429942
35798246	35798436
124480584	124480774
69204314	69204504
5735114	5735304
80291162	80291352
127578706	127578896
8165527	8165717
129917980	129918170
148232528	148232718
99527210	99527400
6220870	6221060
126342408	126342598
106808176	106808366
156561493	156561683
44673352	44673542
65606025	65606215
23052495	23052685
20370257	20370447
37826938	37827128
86541120	86541310
154581227	154581417
90561369	90561559
141374627	141374817
95099876	95100066
134371707	134371897
87849319	87849509
77428174	77428364
126360378	126360568
128763326	128763516
69387071	69387261
51255771	51255961
150365566	150365756
150757028	150757218
70229230	70229420
3202000	3202190
50344084	50344274
38389586	38389776
22335674	22335864
13782460	13782650
43689409	43689599
34205653	34205843
44854675	44854865
48207814	48208004
31818075	31818265
87413828	87414018
8172014	8172204
46024357	46024547
76922491	76922681
40873489	40873679
41771869	41772059
112023687	112023877
29153558	29153748
2181288	2181478
102398753	102398943
40720382	40720572
158235068	158235258
111719851	111720041
23694218	23694408
20874373	20874563
2471214	2471404
116681068	116681258
44812586	44812776
120969600	120969790
10980125	10980315
121009603	121009793
114571911	114572101
65916833	65917023
133939140	133939330
141341783	141341973
105234561	105234751
128809619	128809809
139333776	139333966
100231576	100231766
106161707	106161897
101525985	101526175
126707163	126707353
152161482	152161672
28793680	28793870
112186838	112187028
116468449	116468639
134845916	134846106
128482156	128482346
120044237	120044427
8174506	8174696
43630597	43630787
99797785	99797975
156762935	156763125
36721865	36722055
73027311	73027501
