23301431	23301664
25858591	25858797
20144608	20144816
42565043	42565272
33698093	33698305
29225424	29225644
37712978	37713167
46512393	46512663
30683839	30684053
18558880	18559093
24191783	24191991
31151453	31151668
44389140	44389335
18225276	18225480
23298165	23298364
18312836	18313034
30401310	30401503
43627342	43627535
31030479	31030679
42833550	42833759
45022189	45022370
46710263	46710444
29641599	29641785
23728151	23728347
29436749	29436950
43263816	43264035
19718250	19718446
36866360	36866569
45664977	45665153
43781769	43781970
37853433	37853625
23470691	23470882
39566884	39567088
22001080	22001258
24921494	24921682
37934917	37935119
36520107	36520307
39706982	39707152
27075076	27075288
35746818	35747018
34810889	34811084
46041556	46041741
26727047	26727231
23285012	23285199
19617519	19617703
46390800	46390985
41799888	41800068
32029875	32030074
42337358	42337546
40420849	40421051
33975539	33975741
29251697	29251881
42093187	42093383
50587679	50587865
25758211	25758387
29791069	29791240
46938274	46938467
17980808	17980985
43670011	43670182
20960587	20960780
36023303	36023494
37374168	37374353
22067570	22067743
50780822	50781009
50468780	50468977
45973991	45974171
38448390	38448612
23296994	23297164
22339362	22339549
32343368	32343548
34313870	34314052
30484966	30485205
41079204	41079380
38749242	38749403
23520714	23520919
23624038	23624270
27041320	27041516
19897547	19897740
28405388	28405584
41042309	41042533
38077646	38077843
43784447	43784616
30787176	30787364
47154805	47154988
39369680	39369858
40744157	40744326
31159846	31160017
17555910	17556077
18038228	18038413
26168982	26169182
37252466	37252664
30881459	30881619
35546597	35546783
31627247	31627413
27152687	27152862
39925308	39925472
45131820	45131987
24571235	24571415
47199336	47199512
33915349	33915546
35550970	35551140
37963412	37963569
24585721	24585889
36576428	36576586
45216603	45216770
39930871	39931054
21051909	21052081
25940019	25940195
30783399	30783584
28990819	28990980
39164933	39165084
28996654	28996815
37178167	37178355
50324666	50324822
20255872	20256041
24298835	24299017
44481706	44481868
40432722	40432889
38019676	38019842
35979176	35979372
42486943	42487101
23881888	23882028
22384973	22385155
30682890	30683060
26170578	26170750
39266335	39266505
22292500	22292650
38213753	38213899
37473943	37474105
35536975	35537166
50161049	50161216
41913844	41914016
33599292	33599484
39513991	39514157
51058912	51059087
40018983	40019149
24721107	24721277
41318845	41318994
34319781	34319949
28416126	28416290
50323279	50323465
26794729	26794894
19958114	19958281
33414348	33414504
20772544	20772702
25631898	25632063
24899207	24899358
46959347	46959491
32477009	32477165
37656998	37657159
37663169	37663334
32373265	32373415
24917830	24917983
42218883	42219036
50936735	50936874
48888288	48888451
46402327	46402477
29550532	29550684
35420122	35420314
31545089	31545248
19132297	19132454
26760509	26760664
36697449	36697606
23657893	23658023
28838322	28838488
43429972	43430128
30841290	30841447
31608020	31608166
43176199	43176364
20810622	20810799
22511226	22511382
45492262	45492413
25154244	25154403
37594583	37594760
39702824	39702966
35439373	35439539
23933409	23933551
46518415	46518561
39399192	39399357
46374523	46374662
32061708	32061881
36317883	36318030
43486303	43486441
22307232	22307370
31957367	31957527
23516212	23516352
35627608	35627746
31668934	31669081
33606236	33606378
17539198	17539342
36541237	36541354
45831672	45831819
46763634	46763751
32869436	32869573
41295175	41295326
22293019	22293158
45093397	45093543
50648361	50648482
19167052	19167184
24819764	24819945
45659764	45659924
38510626	38510784
25598423	25598582
42362789	42362969
21239892	21240031
23035364	23035519
28276924	28277055
29552626	29552766
22326779	22326913
50765444	50765625
23278033	23278203
22936617	22936758
25444790	25444932
51130060	51130191
37562670	37562808
50679643	50679770
30651895	30652071
20273398	20273513
21138649	21138788
18507300	18507434
38626256	38626417
39739641	39739767
21997432	21997552
30031882	30032016
31741870	31742025
33670318	33670456
50690685	50690822
36591064	36591184
26098070	26098195
37595610	37595732
23009139	23009265
44222395	44222545
26276614	26276757
33193080	33193217
37988651	37988774
47609466	47609597
41633651	41633799
32366194	32366317
42142687	42142813
31485233	31485369
51001256	51001385
41922825	41922959
32925033	32925183
43058085	43058234
27061566	27061713
18942029	18942151
22415089	22415231
18640020	18640166
20226195	20226328
42062779	42062888
29920556	29920665
24643651	24643772
50431915	50432043
26857284	26857421
46751413	46751541
25164897	25165035
30652176	30652317
40921414	40921546
17398416	17398553
33396789	33396913
22818515	22818646
37941262	37941389
36327135	36327241
32366768	32366889
25453360	25453480
23027574	23027686
24204424	24204540
42869641	42869767
51170669	51170779
25334848	25334980
29986027	29986140
41897349	41897463
36673798	36673935
33056352	33056460
26899028	26899145
38968265	38968382
24108861	24108973
17652433	17652554
36617967	36618091
40883801	40883919
24655599	24655731
41973031	41973147
45497845	45497968
45371636	45371753
31316446	31316572
38003166	38003277
33382143	33382247
37249717	37249801
38361322	38361434
43017656	43017742
36019455	36019558
40336915	40337039
42840526	42840634
37153752	37153871
42253740	42253840
31709374	31709498
22081069	22081184
38057214	38057323
47194618	47194724
21375273	21375372
46375035	46375139
40328965	40329069
35807189	35807285
20850874	20850996
38039433	38039510
39795688	39795766
32840267	32840356
38465425	38465529
46409404	46409515
38330049	38330134
21096215	21096303
18275232	18275282
37269782	37269855
37440215	37440313
19935415	19935499
46959783	46959876
22590135	22590240
22711778	22711881
20116866	20116963
45949760	45949843
22929548	22929630
41929356	41929422
42159215	42159269
28447860	28447942
24881705	24881791
37621647	37621715
44279100	44279203
28282674	28282779
36942416	36942513
40920606	40920709
22562308	22562419
39889477	39889567
31847862	31847950
17686474	17686580
31503828	31503881
44281004	44281083
27232037	27232134
50118599	50118671
36027796	36027888
25963377	25963439
20918711	20918778
22785975	22786041
40833071	40833170
39531291	39531378
42674469	42674549
43364085	43364168
31481293	31481406
41993375	41993565
34507317	34507507
30021713	30021783
42353777	42353862
30504754	30504850
43532342	43532532
39264941	39265131
47077036	47077107
30658945	30659135
44143892	44143989
45080784	45080834
44477216	44477289
37523066	37523256
31952794	31952846
21316314	21316402
32499833	32499912
41156416	41156516
35734120	35734207
42710099	42710173
38496867	38497057
35826926	35827024
22549878	22549977
19205587	19205650
33445248	33445327
43216353	43216408
43742548	43742635
28200835	28200921
39403859	39403949
26568538	26568595
30085912	30086102
26959186	26959261
24110585	24110775
24113215	24113405
23969821	23969871
21457237	21457304
39518179	39518261
39712559	39712609
36682607	36682797
36882806	36882861
24817434	24817624
43008942	43009132
44963929	44963993
42322128	42322318
39833277	39833467
24372374	24372564
43456314	43456504
32662249	32662439
29186244	29186434
48233646	48233724
18393362	18393552
37894446	37894636
37342901	37343091
25246357	25246547
37825122	37825312
42508978	42509032
22465387	22465577
19705554	19705744
39323408	39323598
20001004	20001194
38030723	38030913
39611930	39612120
39129370	39129560
41697403	41697593
21158329	21158519
38259570	38259760
30123270	30123460
34501544	34501734
46259945	46260000
31343954	31344004
39939234	39939424
18483869	18484059
22676441	22676631
38694399	38694589
32268364	32268554
26756449	26756639
38658167	38658357
39910511	39910565
22777066	22777256
46692469	46692659
30822546	30822736
24834095	24834285
25477451	25477641
36462268	36462458
39679011	39679201
18268073	18268263
39410042	39410232
22555585	22555775
50964152	50964342
24529235	24529425
37579684	37579874
23884037	23884227
49701160	49701350
25843864	25844054
32242782	32242972
36234963	36235153
37442090	37442280
35433195	35433385
36635596	36635786
19744131	19744321
37596730	37596920
22895216	22895406
40395577	40395767
42928977	42929167
39891511	39891701
17749450	17749640
18237141	18237331
29808913	29808977
22697277	22697467
32774756	32774946
26122710	26122900
46227466	46227656
43932951	43933141
42956937	42957127
17694974	17695164
42346977	42347167
37710936	37711126
47079985	47080175
23744959	23745149
24503096	24503286
39892463	39892653
29198771	29198961
31688451	31688641
33322725	33322915
19072711	19072901
24903915	24904105
31286689	31286879
22763731	22763921
21984345	21984535
29709215	29709405
44732109	44732299
26530993	26531183
43326791	43326981
38909192	38909382
30998177	30998367
46432718	46432908
22129155	22129345
28649298	28649488
42470506	42470696
23632738	23632928
22918884	22919074
26292158	26292348
38808902	38809092
37382353	37382543
19093845	19094035
40988944	40989134
34152495	34152685
19287609	19287799
23030188	23030378
38302099	38302289
32602946	32603136
26249964	26250154
45285544	45285734
37186755	37186945
36907116	36907306
44341841	44342031
24627290	24627480
50982729	50982919
43555870	43556060
30850241	30850431
50911739	50911929
46127695	46127885
38701748	38701938
18646721	18646911
17652752	17652942
18429231	18429421
37495198	37495388
37170080	37170270
26173937	26174127
21271391	21271581
22560714	22560904
50964796	50964986
35339923	35340113
50838173	50838363
36239104	36239294
19829243	19829433
23718578	23718768
43088559	43088749
22337181	22337371
22454763	22454953
26763707	26763897
18359097	18359287
50895314	50895504
42948063	42948253
39955832	39956022
43409898	43410088
38283897	38284087
35725186	35725376
41465020	41465210
18374622	18374812
40637151	40637341
29508201	29508391
39377356	39377546
25568264	25568454
50675649	50675839
24442550	24442740
22734811	22735001
25730131	25730321
24237614	24237804
37679557	37679747
45681346	45681536
25348146	25348336
21336105	21336295
47365473	47365663
45605152	45605342
29866484	29866674
25794544	25794734
18371743	18371933
18402957	18403147
37957810	37958000
20925859	20926049
41939879	41940069
26288773	26288963
50714722	50714912
37888933	37889123
22901608	22901798
43298290	43298480
39915628	39915818
18447471	18447661
17392293	17392483
40589758	40589948
24236223	24236413
38187934	38188124
35763675	35763865
20162503	20162693
39162240	39162430
25778841	25779031
44192614	44192804
18561207	18561397
39121044	39121234
50645172	50645362
23285944	23286134
37708687	37708877
36851023	36851213
29563523	29563713
36115612	36115802
23271015	23271205
32809836	32810026
17413589	17413779
36080373	36080563
24552981	24553171
27068933	27069123
37868516	37868706
45588611	45588801
37518319	37518509
30279428	30279618
20015571	20015761
43449265	43449455
38550435	38550625
50706263	50706453
26928532	26928722
29598668	29598858
40446373	40446563
23039975	23040165
45793766	45793956
39963416	39963606
23583181	23583371
33479332	33479522
35238735	35238925
42908367	42908557
47193428	47193618
24458587	24458777
35777016	35777206
40573819	40574009
50946490	50946680
19103266	19103456
33721750	33721940
30168350	30168540
19465216	19465406
44439903	44440093
45837134	45837324
21995827	21996017
25456659	25456849
19941266	19941456
39077757	39077947
38122610	38122800
26294789	26294979
51156541	51156731
47170046	47170236
39858430	39858620
39462054	39462244
22302106	22302296
39780883	39781073
19667195	19667385
31886567	31886757
37558520	37558710
17255582	17255772
43624453	43624643
42510795	42510985
30394662	30394852
44463016	44463206
44464789	44464979
43285364	43285554
35806249	35806439
43325358	43325548
37655655	37655845
34451864	34452054
43506433	43506623
50317110	50317300
50712894	50713084
18278946	18279136
19949874	19950064
40888361	40888551
40808518	40808708
21452459	21452649
24092941	24093131
22416188	22416378
43877483	43877673
23274108	23274298
28387078	28387268
25199077	25199267
35709404	35709594
34192583	34192773
40424495	40424685
40306243	40306433
40552066	40552256
34172986	34173176
41122652	41122842
47080729	47080919
20025830	20026020
36764393	36764583
18593270	18593460
22817562	22817752
43386149	43386339
40929725	40929915
19393926	19394116
37544105	37544295
28508816	28509006
22978776	22978966
42854437	42854627
42665680	42665870
45631318	45631508
27038922	27039112
44032052	44032242
35498641	35498831
39696417	39696607
19023217	19023407
41050574	41050764
19462037	19462227
24578581	24578771
41601356	41601546
