170131998	170132216
141280374	141280568
24040517	24040725
73551915	73552117
32551697	32551906
69210844	69211065
97742147	97742363
156799574	156799787
46530242	46530487
15309529	15309744
111830744	111830973
16592331	16592553
58173526	58173745
141170933	141171143
46120383	46120625
194193113	194193307
115411827	115412026
42141341	42141561
148990968	148991204
136732784	136733001
195980553	195980759
137787510	137787710
187465865	187466070
195577795	195578017
196336232	196336437
39329892	39330109
143393267	143393489
150439184	150439374
99973096	99973307
45970621	45970835
185701394	185701599
50653442	50653650
5099537	5099749
56736627	56736823
14822516	14822714
40622109	40622298
195923544	195923767
170028018	170028241
116489752	116489968
130478671	130478869
15244278	15244489
98321013	98321230
17274920	17275124
100181867	100182062
59299170	59299367
186258378	186258571
32989296	32989503
52373639	52373836
30735087	30735291
12933553	12933746
112046306	112046536
126471156	126471359
192162376	192162560
106328610	106328848
98833500	98833689
9012757	9012952
69355585	69355796
169581302	169581503
17882802	17883005
101947978	101948195
25689647	25689838
3242415	3242598
141079778	141079986
135794167	135794365
152192467	152192690
179276653	179276853
64470152	64470357
106783383	106783575
47563676	47563872
108800951	108801142
73135225	73135421
106954792	106954971
14302732	14302927
121977723	121977931
44364955	44365129
44240212	44240416
114102718	114102912
179033857	179034054
14962719	14962929
167765060	167765329
194033525	194033719
183613107	183613304
52035587	52035791
69373619	69373829
59561239	59561440
46599860	46600060
108208646	108208842
183100266	183100461
50651583	50651787
64016432	64016630
179529500	179529707
155868362	155868548
121820508	121820709
113006995	113007194
120513975	120514172
48031524	48031716
58518556	58518749
123371296	123371478
49876722	49876920
111436480	111436669
152760931	152761123
16090292	16090488
127371105	127371299
114009785	114009976
159523027	159523218
188988123	188988302
119610897	119611078
124283878	124284092
149198271	149198468
57022989	57023205
182401431	182401642
125156732	125156921
194054572	194054777
184495639	184495827
167883525	167883714
124620249	124620432
16642864	16643045
9109129	9109316
181976460	181976638
48193086	48193280
40369209	40369396
52157227	52157401
37000287	37000479
16331915	16332091
122398058	122398243
124187106	124187320
127689904	127690087
134027305	134027508
39419681	39419875
52481120	52481312
102392455	102392648
19908313	19908514
172313989	172314182
32509388	32509591
132118240	132118432
194403412	194403608
188672481	188672680
93723258	93723436
111856057	111856259
16219923	16220110
171284703	171284892
46746591	46746788
195800205	195800401
19390535	19390707
10266655	10266871
113631889	113632080
4392607	4392810
136829342	136829509
185378318	185378501
100309474	100309675
53230008	53230204
132071492	132071695
50609635	50609817
42485407	42485599
36742542	36742736
136751358	136751551
197228888	197229076
40626131	40626319
58626445	58626627
13537873	13538058
131748211	131748406
101944317	101944538
50230121	50230309
47830666	47830860
196564837	196565024
158152296	158152486
37896968	37897159
48442385	48442571
66458273	66458472
128689206	128689383
130611825	130612012
45980357	45980554
189679439	189679614
118536614	118536815
136824223	136824407
136471104	136471349
172384696	172384892
67840574	67840756
187432274	187432464
128145267	128145446
192534168	192534366
150945596	150945806
52325560	52325758
124480183	124480371
140911166	140911363
52178374	52178555
396125	396314
112770145	112770353
49577178	49577367
4753157	4753355
122075377	122075570
160131522	160131703
120280171	120280354
191134886	191135064
16288893	16289070
33173209	33173396
50310418	50310611
189685161	189685364
113455424	113455601
17454525	17454706
197325990	197326176
119400230	119400409
149230195	149230363
148838176	148838356
52885496	52885691
4675157	4675338
170529854	170530029
116583298	116583484
42289076	42289273
185977416	185977597
48477482	48477683
8664696	8664871
39231380	39231584
71924642	71924825
15671757	15671925
156855296	156855497
187036706	187036885
125304556	125304732
182840209	182840404
114811075	114811269
178733413	178733597
3057262	3057447
47040131	47040306
194827213	194827415
38521429	38521607
49486605	49486814
113871369	113871565
19584828	19585017
124407765	124407950
48586248	48586443
141998925	141999102
192284578	192284774
122279607	122279789
179646939	179647129
157583235	157583416
67432208	67432378
13689862	13690018
98292364	98292545
68925364	68925544
195641977	195642148
33116034	33116213
51716212	51716376
67164339	67164521
99787699	99787881
47365837	47366041
39072387	39072567
59197961	59198141
193290267	193290438
197632934	197633124
189666336	189666524
113296800	113296980
112238338	112238531
122473800	122473976
178684429	178684615
142547632	142547822
55519215	55519398
158509207	158509385
187459899	187460094
27175783	27175964
137771121	137771316
138313611	138313790
57134238	57134415
103991996	103992173
99472313	99472506
45698345	45698530
45082308	45082487
108633970	108634142
134513818	134514013
119963208	119963385
160659788	160659963
185486363	185486537
164903590	164903774
57993920	57994098
28958228	28958411
52776542	52776724
197180966	197181163
124714365	124714559
9545005	9545182
13938159	13938346
141179058	141179241
107872325	107872510
129653422	129653605
46419937	46420117
136840679	136840843
108381113	108381294
197237074	197237247
12176632	12176818
88252808	88252982
46414084	46414269
53148037	53148225
159750102	159750283
48545135	48545317
128964661	128964890
111686613	111686786
152242434	152242612
112361840	112362040
195586291	195586463
159724414	159724592
139146503	139146673
105088706	105088879
185025993	185026177
36771063	36771236
16870381	16870556
27722757	27722951
150213475	150213645
195621569	195621736
180312842	180313001
127174493	127174661
101532675	101532849
158977960	158978121
139048272	139048426
93968473	93968651
51536152	51536334
112453649	112453884
152161911	152162090
33414438	33414599
170128324	170128508
44574384	44574598
97512378	97512563
5468144	5468321
143494329	143494498
182336012	182336181
129346873	129347048
98048473	98048660
99562206	99562373
187397472	187397665
150886167	150886343
182431949	182432128
156956976	156957164
151000800	151000976
141022331	141022506
70169633	70169803
18799694	18799873
137665301	137665486
66327223	66327408
183484893	183485060
178103242	178103411
50283710	50283874
194980822	194981021
38159579	38159748
47462625	47462801
129369226	129369412
64519393	64519578
132760176	132760369
40233465	40233624
37254578	37254760
183187221	183187416
9394957	9395128
185959680	185959867
177495625	177495804
118347657	118347850
137837832	137837988
134319790	134319965
129543882	129544067
122111857	122112026
4332076	4332237
30240689	30240865
37821133	37821313
73150327	73150502
50264866	50265044
5268569	5268735
71779100	71779268
181427428	181427602
184592939	184593117
115859048	115859221
53409132	53409313
4762446	4762633
13133742	13133921
151636164	151636332
14967255	14967445
99251216	99251390
141681489	141681654
186938068	186938234
8152986	8153157
192185158	192185314
196411840	196412025
116477143	116477312
118601316	118601480
50263600	50263766
67040357	67040537
170767727	170767905
169772097	169772261
196950974	196951148
20553381	20553544
14715379	14715534
48236023	48236192
5022079	5022239
5068632	5068827
143363427	143363618
88268517	88268682
52038320	52038496
31173758	31173928
187456699	187456898
155040962	155041132
189919676	189919849
158563652	158563842
45802736	45802895
152292359	152292533
61367561	61367720
67022355	67022533
118817579	118817732
149945647	149945817
53106764	53106941
149212086	149212251
27753651	27753823
172208026	172208193
151556890	151557057
148027310	148027487
43419729	43419899
137899567	137899738
105237768	105237939
24279616	24279785
123208348	123208516
46129490	46129675
124070646	124070818
33828996	33829166
97438157	97438321
170408257	170408427
196913953	196914124
14503345	14503516
140582645	140582819
183278466	183278624
46249893	46250078
11278388	11278563
10800367	10800532
46410211	46410377
63979396	63979551
139847519	139847683
158970678	158970833
97758546	97758714
9344314	9344540
155869709	155869881
193506014	193506188
12909544	12909702
105085544	105085698
193498661	193498828
59843562	59843744
85625335	85625502
5347167	5347361
5178453	5178625
133931858	133932028
129548497	129548672
12761658	12761817
69170141	69170311
122018813	122018973
39142713	39142875
71760181	71760358
118960407	118960583
141030680	141030880
41922849	41923009
189229931	189230099
121265647	121265832
157250495	157250655
153486770	153486927
71056089	71056263
156227583	156227761
42160375	42160547
4763850	4764032
183103881	183104042
184089433	184089595
186567264	186567425
46118201	46118371
107293594	107293758
184279136	184279322
13494356	13494530
124269388	124269544
51409499	51409659
111387881	111388046
129995134	129995288
45079304	45079487
131513725	131513889
127678830	127678994
108196515	108196673
120136120	120136282
112156547	112156717
108125501	108125695
118993894	118994061
195285465	195285619
141160290	141160466
176656895	176657063
56889997	56890167
72004738	72004922
63804319	63804464
142712933	142713088
78695007	78695164
55754751	55754917
51008987	51009152
114546480	114546644
42270365	42270508
88229640	88229818
129209141	129209296
194294608	194294770
40358660	40358816
30810323	30810482
88052397	88052562
178787062	178787231
17936051	17936204
12521448	12521615
48315204	48315378
137511580	137511761
49709244	49709395
42922560	42922718
46318116	46318275
117245437	117245595
120277829	120278006
114137640	114137798
46951120	46951302
184933771	184933917
58615944	58616118
22605711	22605874
169386990	169387157
123278006	123278176
192758959	192759150
149248560	149248718
113213067	113213218
98531739	98531915
23001972	23002129
25938616	25938778
194992320	194992542
51976153	51976334
53972799	53972954
156100340	156100511
112012282	112012445
72715417	72715577
169755626	169755776
129102226	129102387
169480807	169480967
116738075	116738254
161141824	161141965
105405270	105405431
11376585	11376749
111732492	111732649
15149702	15149853
158981638	158981805
151008594	151008740
149902035	149902217
27399266	27399441
6841081	6841252
40032169	40032325
33957385	33957551
143604784	143604955
44037861	44038035
133930759	133930927
4039965	4040124
26159810	26159982
20381915	20382080
45553084	45553272
114936523	114936686
27353695	27353854
128399633	128399794
43920769	43920933
49840089	49840279
10385931	10386107
146358744	146358895
98742556	98742717
119319695	119319862
138642391	138642547
118131489	118131670
2963650	2963803
32185692	32185870
187037601	187037759
158250007	158250167
52254542	52254701
108742645	108742794
196705645	196705803
101528158	101528309
149286858	149287012
167098104	167098263
182902508	182902673
99405947	99406112
190102103	190102356
133142512	133142665
47206241	47206398
9029722	9029881
127293940	127294083
38008893	38009055
159721435	159721592
126398184	126398332
149111244	149111423
115538739	115538882
100035507	100035661
156391779	156391973
15419835	15420039
150505660	150505815
161277306	161277477
161569858	161570018
76418478	76418639
57213725	57213879
128513991	128514144
141089034	141089198
111258671	111258818
176590621	176590771
169907012	169907173
31810353	31810518
149654638	149654797
33677661	33677836
193855684	193855848
185960430	185960621
120137861	120138014
156848506	156848673
133537791	133537945
137411740	137411916
58810045	58810210
185451796	185451952
170905594	170905773
146295581	146295716
171364250	171364423
158031242	158031381
57204273	57204461
46908337	46908481
14509668	14509793
183968146	183968291
127263192	127263347
58285947	58286098
112691125	112691279
188865905	188866055
73505036	73505195
24815392	24815559
40220549	40220708
113271806	113271972
14832935	14833086
148673369	148673521
58400445	58400603
140617278	140617448
33758372	33758515
135797747	135797890
78708666	78708828
49025368	49025521
62651604	62651769
32975756	32975895
170881098	170881264
14245069	14245223
138634334	138634507
54462429	54462589
135222798	135222960
26754039	26754182
42232748	42232906
53168834	53168975
39041562	39041709
153970943	153971088
127814095	127814239
82182242	82182425
54887970	54888122
168565188	168565333
127572637	127572775
171490356	171490498
192633171	192633340
13699433	13699588
62174619	62174762
178822990	178823132
186334938	186335085
186332780	186332919
131268308	131268453
33925053	33925195
5017897	5018078
129661177	129661344
127852453	127852601
36910467	36910599
66988900	66989052
69459633	69459777
23930226	23930366
52265648	52265790
161278161	161278326
160425338	160425497
46936788	46936938
186882981	186883125
190040222	190040375
128327282	128327446
88162834	88162991
149939127	149939282
69474519	69474671
133103418	133103568
64384983	64385130
66866673	66866821
83572743	83572895
70139614	70139751
139281060	139281214
38692807	38692956
132450053	132450199
149435339	149435497
141632162	141632311
32706385	32706512
141173867	141174030
51703395	51703542
56285495	56285649
106990775	106990919
135614070	135614213
71635821	71635969
184231634	184231777
89148243	89148377
72867357	72867523
50232046	50232203
17074021	17074163
159602711	159602854
44955513	44955647
119901896	119902040
149070369	149070517
87399886	87400032
104315536	104315682
19927005	19927153
124278796	124278931
96582102	96582255
81631264	81631435
190854268	190854410
138198292	138198443
194722766	194722910
56337742	56337902
184007262	184007414
141741282	141741421
81715810	81715940
24306277	24306424
121811457	121811611
186539334	186539480
100789238	100789390
79081962	79082116
674399	674539
178154622	178154762
127266699	127266850
143694529	143694677
73105639	73105767
136110568	136110724
32440635	32440790
143670344	143670475
133916632	133916779
187396786	187396928
63336960	63337125
53744288	53744463
43897279	43897426
186831117	186831255
12748083	12748248
159706419	159706566
19106656	19106800
148661466	148661612
150863906	150864046
132361174	132361332
134192897	134193043
29806250	29806402
184135740	184135897
113557538	113557685
15853810	15853963
128772307	128772458
34302213	34302353
183622319	183622468
101414733	101414886
163208122	163208264
169684390	169684537
99218157	99218308
155524019	155524166
50226832	50226988
62608379	62608523
32416658	32416800
8459184	8459330
98892017	98892148
175659351	175659500
71730404	71730557
185072009	185072157
58554421	58554559
25898549	25898686
49943850	49943978
196172366	196172523
153313096	153313255
53333693	53333833
185695324	185695461
30975767	30975904
196246138	196246287
170679448	170679597
17300464	17300604
57029589	57029732
52462666	52462796
137690161	137690291
65770859	65771002
150583208	150583350
38016253	38016393
56528850	56528991
122661848	122661988
41012661	41012813
4930920	4931060
49378091	49378235
184261853	184262009
158445677	158445797
81539752	81539892
58203016	58203159
98536433	98536576
63335384	63335533
124647589	124647738
119866066	119866197
79411040	79411177
10780688	10780828
39168186	39168318
61356921	61357075
58159640	58159791
162774791	162774936
109450865	109451003
185395127	185395260
16969108	16969243
149489578	149489714
18430705	18430831
96532080	96532236
196696841	196697001
140824752	140824879
149526131	149526261
176768681	176768816
58980583	58980737
127550786	127550931
98376394	98376564
133649302	133649456
150004480	150004618
195906843	195906990
143152732	143152875
169462500	169462639
73046940	73047078
28328209	28328339
112301213	112301354
156258956	156259080
69021656	69021779
50384794	50384911
12217469	12217600
36833964	36834093
172059386	172059514
181044555	181044691
18168788	18168910
150643574	150643702
160638951	160639081
113213996	113214126
187458788	187458919
20267384	20267511
13025793	13025917
10459630	10459775
39333450	39333589
164924639	164924776
122747477	122747622
124921179	124921322
167600008	167600136
79570501	79570639
196729699	196729857
48990070	48990197
31490122	31490261
128336404	128336550
119072239	119072362
70113484	70113597
160992597	160992726
71975483	71975602
156166227	156166355
15440448	15440562
34725465	34725598
76619734	76619851
49741010	49741137
50628409	50628552
66872844	66872969
179468681	179468807
3221400	3221513
10364127	10364254
152679130	152679272
101522143	101522292
136477456	136477580
145907475	145907601
112698197	112698338
30083869	30084007
45948428	45948569
130752441	130752571
48274263	48274389
152226610	152226744
64449339	64449474
113464081	113464197
56833589	56833724
141363795	141363936
140719010	140719140
50690298	50690436
23803045	23803172
42881253	42881391
138418109	138418274
168338769	168338934
172195207	172195326
15568615	15568732
32381709	32381826
131899206	131899330
101943194	101943309
183602668	183602806
151901373	151901504
133096381	133096500
111057038	111057178
190142279	190142424
69720355	69720497
71119140	71119263
11420835	11420953
106837180	106837312
39250075	39250226
15447074	15447201
183735254	183735393
51834028	51834153
32338323	32338426
75241325	75241457
41935595	41935732
186784563	186784704
148579181	148579278
55756242	55756364
123798293	123798438
35701423	35701550
49195652	49195778
72871648	72871785
8811184	8811298
187334227	187334362
119539976	119540110
124869496	124869625
42623858	42623990
196264333	196264462
70600007	70600129
43585818	43585950
115533756	115533880
132254971	132255090
188466918	188467051
185661435	185661543
66124442	66124573
113345759	113345874
34148398	34148535
136471894	136472023
49208556	49208693
38563009	38563121
102255451	102255581
178152383	178152510
39489488	39489627
180520758	180520891
5772908	5773034
169648123	169648241
42872859	42872990
167929219	167929368
157336063	157336175
111762597	111762723
106051778	106051906
9974599	9974724
101292517	101292634
107460266	107460410
51672023	51672138
127510087	127510212
34021934	34022051
127468657	127468783
46256305	46256406
59038657	59038801
56836255	56836367
21525930	21526067
46671571	46671685
190602182	190602255
101100801	101100935
35950021	35950123
159881162	159881299
138136512	138136626
100915068	100915198
58449531	58449662
131972230	131972355
70408256	70408370
18601005	18601134
84686	84819
46965106	46965232
50362119	50362230
178865066	178865185
98710369	98710484
126108186	126108336
172391056	172391166
184894673	184894799
98062878	98063003
119278448	119278568
167068188	167068303
87347422	87347527
33294344	33294470
22159376	22159482
196983830	196983962
108769578	108769683
158848023	158848137
169739045	169739171
195249177	195249290
133382737	133382839
197669962	197670078
123442548	123442655
183198276	183198389
151186221	151186354
1123826	1123956
66304581	66304702
27295463	27295587
58163552	58163650
32060701	32060822
71979897	71980013
168185255	168185384
72988121	72988267
81921068	81921191
143692049	143692153
46538367	46538478
152189889	152190018
42822452	42822562
141193210	141193319
125853125	125853232
152743959	152744062
125917218	125917326
23875681	23875791
11693544	11693654
191906143	191906249
12179630	12179756
42785893	42785999
115503492	115503555
188990593	188990743
97377650	97377753
18336862	18336967
151157517	151157628
101412550	101412656
23801929	23802065
179736543	179736653
167458901	167459001
50587655	50587764
87553183	87553288
44155785	44155900
107379341	107379460
53208594	53208654
139656677	139656780
190768858	190768979
140456047	140456167
189735589	189735696
132061976	132062106
160646264	160646368
144406869	144406967
14589897	14590017
61280541	61280652
13927039	13927158
176148187	176148302
138051419	138051513
48774479	48774608
52968803	52968889
159040255	159040329
124000704	124000827
15857350	15857450
99809323	99809438
33106588	33106693
142648099	142648211
149685044	149685131
48506919	48506997
28709266	28709358
56374657	56374786
85616347	85616461
168867209	168867310
14675454	14675550
137428002	137428108
111708070	111708169
27509191	27509302
45701650	45701777
136936702	136936804
108537361	108537460
194064777	194064886
132445305	132445408
170217487	170217596
76073950	76074057
32775240	32775357
141594461	141594563
143614790	143614917
99508343	99508457
11101348	11101464
177077778	177077921
65718153	65718254
52446235	52446338
197529713	197529802
190057088	190057171
172429006	172429063
32376299	32376406
72314635	72314748
58477628	58477758
148084645	148084762
187457846	187457959
8281558	8281660
122177987	122178093
36007518	36007635
67435357	67435460
74316883	74316977
142706060	142706163
97907531	97907621
158635862	158635912
11696823	11696926
155419826	155419923
57812159	57812259
123047795	123047898
113563632	113563730
141457014	141457106
99527199	99527267
9824593	9824701
167771050	167771149
169531639	169531753
13692053	13692154
29322311	29322406
87019103	87019193
190962182	190962273
145783433	145783510
19030249	19030354
50159142	50159211
50473684	50473752
16925644	16925739
185979572	185979678
159647263	159647453
8705313	8705408
77087684	77087785
148177860	148177975
155100341	155100448
45706764	45706862
73481725	73481819
178161551	178161650
77304583	77304648
53021127	53021225
15160265	15160379
104347143	104347250
46249653	46249788
58319379	58319519
172050407	172050597
194315540	194315625
150021659	150021765
43203729	43203837
52506143	52506217
50557037	50557130
55468931	55469028
47555295	47555393
72924776	72924865
22130834	22130935
123438072	123438174
196756739	196756832
67160273	67160396
71702111	71702210
49878703	49878816
128216795	128216923
32218882	32218971
170527435	170527517
61843882	61843982
140998280	140998366
108271548	108271647
103821306	103821376
184445385	184445486
39540187	39540253
130418765	130418852
161126956	161127063
192530692	192530793
196019559	196019632
58223388	58223491
101355219	101355318
122025302	122025392
112754363	112754450
125635477	125635584
57947862	57947969
8483859	8483964
171332459	171332577
107657021	107657152
12180896	12180965
15404127	15404235
189943046	189943148
73557676	73557775
38537680	38537776
48595714	48595780
160674720	160674814
160559373	160559479
107646484	107646580
50665324	50665423
195590129	195590206
153688676	153688780
418896	418985
179601022	179601132
144489781	144489878
87820547	87820641
98079031	98079096
151097246	151097436
148665195	148665277
48723351	48723423
157290471	157290572
160061072	160061170
99550953	99551050
145494728	145494798
6246722	6246831
184072197	184072275
24227526	24227592
142305797	142305882
103710438	103710526
182906848	182906912
70157355	70157436
119917310	119917405
81351248	81351338
25635710	25635811
163503597	163503683
121714467	121714657
75601430	75601520
94055335	94055436
123965961	123966057
171552121	171552191
114759667	114759762
12236231	12236326
52087670	52087760
85410070	85410146
90140899	90141007
13036596	13036694
126241266	126241327
171994080	171994180
38388143	38388240
47879259	47879449
44571579	44571646
893878	893975
107140173	107140257
75478855	75479045
84597182	84597253
147334977	147335059
166750198	166750301
45634804	45634859
153008988	153009065
180047075	180047137
114246033	114246131
87132095	87132181
98713199	98713281
172179518	172179572
193179611	193179663
49492034	49492224
122017169	122017359
98543270	98543365
140950565	140950615
133206937	133207007
124882712	124882800
57127643	57127693
159546422	159546493
44118832	44119022
126701450	126701542
17686717	17686816
102460157	102460235
17472589	17472779
148097708	148097789
190529752	190529827
3237994	3238055
155470979	155471075
150784979	150785073
4313665	4313754
50297519	50297601
156392003	156392209
11845552	11845742
14473234	14473323
67408410	67408494
140730501	140730575
38697307	38697497
196669237	196669427
128565144	128565227
156919549	156919739
188674774	188674866
186471083	186471168
49333040	49333094
107362026	107362110
98424691	98424752
67754925	67755001
173843153	173843343
152628175	152628249
43811016	43811206
124884195	124884259
23842359	23842440
17728285	17728335
58293530	58293620
141845187	141845283
9757624	9757709
133646553	133646631
133183553	133183625
72099633	72099823
127415208	127415258
72900629	72900698
167758559	167758616
140641666	140641726
111296772	111296859
98517812	98517893
147101571	147101677
108041341	108041391
142839838	142840028
76157282	76157349
118603654	118603764
138634938	138635031
100322401	100322591
125485225	125485314
46144068	46144136
123361347	123361537
179367518	179367587
7186537	7186600
15030531	15030721
107395772	107395822
76094300	76094369
47517506	47517574
127889862	127890052
125301715	125301788
178169750	178169840
196359523	196359589
8343855	8343905
24722143	24722219
4613498	4613688
115705591	115705642
114081746	114081936
184259028	184259108
48199666	48199856
185216202	185216273
123271078	123271142
51426921	51426972
25005420	25005502
138830761	138830951
107148836	107149026
194675057	194675125
180397930	180398120
69997565	69997661
194125456	194125646
14550498	14550688
65658647	65658837
38173256	38173324
52419345	52419412
27700863	27700932
15282951	15283141
126194395	126194489
171547853	171547938
188759379	188759569
155070797	155070987
50580012	50580093
61922139	61922329
19255165	19255355
30054618	30054668
53254096	53254153
159928821	159929011
49377530	49377720
36946324	36946404
184988391	184988581
51348650	51348708
42613965	42614015
174115765	174115955
122977815	122977889
52854872	52855062
171421901	171422091
138921312	138921386
9464985	9465065
8649361	8649413
154052878	154052937
97758292	97758401
2310577	2310767
133162986	133163064
45097136	45097326
117438267	117438457
128880484	128880674
173246957	173247147
151789850	151790040
4626302	4626373
68942959	68943023
107565196	107565386
124487821	124487885
17182742	17182806
98515354	98515423
111579305	111579495
49453138	49453201
181444487	181444537
39748980	39749064
130257966	130258156
185008135	185008205
149376226	149376416
127794509	127794699
160991549	160991639
54864799	54864989
70580294	70580484
194971700	194971780
37596021	37596088
172554299	172554489
63947585	63947775
127576214	127576404
61516108	61516298
145936776	145936966
183269775	183269965
30821275	30821465
135761616	135761688
152236308	152236365
144304376	144304426
46134316	46134506
13503180	13503370
47412749	47412840
155761816	155761906
127542146	127542336
42872001	42872051
31734263	31734453
54408637	54408701
138407972	138408162
168582892	168582951
9291322	9291512
142840271	142840461
30154487	30154677
53384770	53384960
93560651	93560744
17237380	17237570
110033474	110033664
153161822	153162012
30793155	30793345
39447951	39448044
156190052	156190242
125655152	125655240
31287022	31287072
131757193	131757383
186228304	186228494
167402298	167402488
15093147	15093337
189405343	189405533
47292178	47292368
53703011	53703201
21936058	21936248
42271450	42271640
32944648	32944701
142877668	142877858
45874361	45874415
98331563	98331753
9890605	9890676
139879489	139879679
5610226	5610416
183945260	183945450
88054317	88054507
186868577	186868628
25703335	25703525
185293291	185293481
119100015	119100205
119269620	119269673
127945770	127945960
129035499	129035689
111410322	111410372
180996580	180996770
196255705	196255895
49603797	49603987
71561258	71561448
124911019	124911209
130771980	130772170
2198021	2198211
184521214	184521279
69488925	69489115
197476540	197476730
180894564	180894630
31592260	31592450
47323137	47323327
100369696	100369886
129154305	129154495
5163765	5163955
172993670	172993860
121708838	121709028
129824999	129825068
28370154	28370344
25945852	25946042
152413705	152413895
141929948	141930138
195753001	195753191
71908452	71908502
70358029	70358219
15599210	15599314
141295417	141295607
136264586	136264776
119243894	119244084
196213266	196213456
194354102	194354292
10516565	10516755
134211432	134211622
128303344	128303534
892846	893036
20196565	20196622
179803230	179803420
134959365	134959555
23225305	23225495
39194381	39194571
190418898	190419088
180630043	180630233
185276900	185277090
42676698	42676888
136024820	136025010
61158482	61158672
10987454	10987644
153735984	153736174
75772777	75772967
39710001	39710191
81267270	81267460
68927580	68927770
140567626	140567816
28768432	28768622
133176393	133176583
48955773	48955963
135969106	135969296
44277515	44277705
63214361	63214551
183959732	183959922
128503192	128503382
32823048	32823238
49132001	49132191
143067860	143068050
14443765	14443955
79135678	79135868
123735548	123735635
76635039	76635229
75692220	75692410
13068881	13069071
56481212	56481402
75343458	75343533
131377042	131377232
189838675	189838865
167124770	167124960
117074571	117074640
168229280	168229470
177096927	177097117
87309449	87309639
37065672	37065862
42581470	42581660
129721933	129722123
81468455	81468645
58291808	58291998
143482528	143482718
189058546	189058736
156059913	156060103
5847997	5848187
155577751	155577941
16875817	16876007
3212846	3212910
147794061	147794130
128594519	128594709
53955412	53955602
139938989	139939179
101954624	101954814
117716385	117716575
127192137	127192327
185720997	185721187
83977634	83977824
181419976	181420166
132378230	132378420
27063664	27063854
82546417	82546607
59466543	59466733
16570874	16571064
51428418	51428608
182627135	182627325
195749020	195749210
73897413	73897603
93953137	93953327
131929685	131929875
172341170	172341228
52716116	52716306
181418315	181418505
118864310	118864500
106021468	106021520
51307019	51307209
180928193	180928253
171825418	171825608
43003200	43003390
108994625	108994815
179128221	179128411
31011799	31011989
63179416	63179606
55780919	55781109
81810080	81810270
70115010	70115060
164524134	164524195
122024779	122024969
127409803	127409993
67088120	67088310
121602459	121602649
133943485	133943675
193688066	193688256
17844648	17844838
150246430	150246493
193846121	193846311
50923037	50923227
146307818	146308008
179040594	179040784
135969957	135970147
128564806	128564996
152553134	152553324
13089101	13089291
57632541	57632731
42589013	42589203
124860814	124861004
54180758	54180948
99364365	99364434
66551815	66552005
195721326	195721516
45252150	45252340
32461704	32461894
150102777	150102967
950640	950830
152655118	152655308
57021663	57021853
55215080	55215270
179139411	179139601
186649040	186649230
155588309	155588499
105237141	105237331
107262651	107262841
184002662	184002852
11302267	11302457
30361312	30361502
79546739	79546929
32631018	32631208
139935171	139935361
123005212	123005402
14957436	14957626
194854376	194854566
62187206	62187396
141899701	141899891
133297540	133297730
28359038	28359228
42791543	42791733
37493451	37493641
171752975	171753165
197529165	197529355
42578008	42578198
58153172	58153362
49051604	49051794
43544661	43544851
59795615	59795805
87217115	87217305
111837186	111837376
31406302	31406492
9768980	9769170
158377549	158377739
149303290	149303480
52008030	52008220
194756103	194756293
11025109	11025299
182555736	182555926
509944	510134
100515503	100515693
175140647	175140837
192908344	192908534
137768477	137768667
38780236	38780426
4697760	4697950
167581950	167582140
64230123	64230313
150548023	150548124
138048039	138048229
121574500	121574690
14317157	14317347
82756351	82756404
155713449	155713639
89901279	89901469
38044923	38045113
164972661	164972851
156167890	156168080
105555249	105555439
119337824	119338014
158984678	158984868
175658818	175659008
105903790	105903980
31740884	31741074
59411722	59411912
94243985	94244175
22963931	22964121
158257302	158257492
32219475	32219665
161226747	161226937
140218060	140218250
33072289	33072479
142650190	142650380
147079716	147079906
22929268	22929458
185973507	185973697
24681858	24682048
47481679	47481869
60417412	60417602
189676355	189676545
28517779	28517969
178665614	178665804
20971631	20971821
186247203	186247393
158507464	158507654
111434887	111435077
72080768	72080958
134474065	134474255
34318707	34318897
174579974	174580164
149483629	149483819
94581613	94581803
154041728	154041918
180573341	180573531
121694868	121695058
118753729	118753919
53763776	53763966
48673216	48673406
126701800	126701850
81388325	81388515
9292024	9292214
191848426	191848616
106925066	106925256
62544333	62544523
81292125	81292315
117126290	117126480
105970484	105970674
43265250	43265440
156784900	156785090
20081367	20081557
46896310	46896500
149206970	149207160
82693210	82693400
173129540	173129730
38038413	38038603
23486041	23486231
118479888	118480078
106543712	106543902
190415087	190415277
171757180	171757370
152184596	152184786
153758163	153758353
39106786	39106976
1317247	1317437
157211533	157211723
13271211	13271401
149470331	149470521
146837937	146838127
144341678	144341868
112532561	112532751
99776965	99777155
114303932	114304122
156922226	156922416
57040974	57041164
42039509	42039699
36582510	36582700
38045975	38046165
112855020	112855210
196249599	196249789
60168502	60168692
98315839	98316029
2208340	2208530
10825149	10825339
17236593	17236783
173271561	173271751
15313285	15313475
183863107	183863297
148668720	148668910
15734944	15735134
9972794	9972984
72128741	72128931
64516231	64516421
100456342	100456532
23690173	23690363
171872663	171872853
8724726	8724916
25873141	25873331
71446283	71446473
11876613	11876803
31737118	31737308
153715259	153715449
109251198	109251388
943966	944156
51137767	51137957
169380383	169380573
25952596	25952786
197894571	197894679
186647957	186648147
122102963	122103153
165057634	165057824
171281149	171281339
11102497	11102687
195918848	195919038
105903429	105903619
191116479	191116669
123698754	123698832
157324473	157324663
196244402	196244592
192490387	192490577
129042860	129043050
120341971	120342161
42158751	42158941
127309799	127309989
164168885	164169075
50294519	50294709
108024453	108024643
22727177	22727367
2806794	2806984
44956524	44956714
67040898	67041088
185926487	185926677
186327340	186327530
22771558	22771748
81959509	81959699
171813119	171813309
10745675	10745865
150308529	150308719
178231375	178231565
90142270	90142460
31283723	31283913
58318417	58318607
6130188	6130378
129745406	129745596
11685275	11685465
56952418	56952608
125640692	125640882
523477	523667
105895589	105895779
182897158	182897348
53144294	53144484
27763110	27763300
49365014	49365204
119529106	119529296
43112842	43113032
112533211	112533401
192140880	192141070
143023669	143023859
73014783	73014973
152883034	152883224
186737433	186737623
179569957	179570147
75220849	75221039
98332029	98332219
189065387	189065577
4796061	4796251
57842521	57842711
188951119	188951309
180351615	180351805
87949314	87949504
178231925	178232115
10925296	10925486
129961818	129962008
23908989	23909179
12883286	12883476
170086795	170086985
151744087	151744277
39207980	39208170
180320274	180320464
9266295	9266485
66428772	66428962
39458931	39459121
112250275	112250465
6433934	6434124
86612641	86612831
29710322	29710512
110799256	110799446
125691394	125691444
49162800	49162990
121985036	121985226
176232130	176232320
128384293	128384483
12525693	12525883
149956906	149957096
138145125	138145315
47262262	47262452
101357063	101357253
38688171	38688361
35527916	35528106
10024707	10024897
139925591	139925781
23656682	23656872
16309715	16309765
183310104	183310294
45541136	45541326
14155962	14156152
134018508	134018698
129047632	129047822
75050639	75050829
171171087	171171277
134956279	134956469
79567045	79567235
4818721	4818911
65327843	65328033
33818041	33818231
177138034	177138224
152425253	152425443
104179692	104179882
24725360	24725550
107472422	107472612
52408278	52408468
189281697	189281887
99137792	99137982
149009068	149009258
20079205	20079395
196331504	196331694
31251654	31251844
155728731	155728921
138655104	138655294
21794351	21794541
2898234	2898424
50311808	50311998
15546591	15546781
142803975	142804165
45906387	45906577
25075038	25075228
173302051	173302241
62545620	62545810
133105848	133106038
69359073	69359263
138003889	138004079
28957638	28957828
126973609	126973799
118582904	118583094
171256355	171256545
93834424	93834614
98275153	98275343
111614033	111614223
39448359	39448549
55521693	55521883
34057075	34057265
38885486	38885676
123421019	123421209
113235021	113235211
37856135	37856325
153573678	153573868
128040986	128041176
158390453	158390643
47891635	47891825
85870388	85870578
193383284	193383474
186232168	186232358
159705054	159705244
61550331	61550521
107409476	107409666
163669284	163669474
131753830	131754020
5829677	5829867
114166462	114166652
48777449	48777639
8366539	8366729
144984258	144984448
69740322	69740512
72213159	72213349
135790188	135790378
52142820	52143010
183233768	183233958
128506213	128506403
85392162	85392352
47285366	47285556
131450560	131450750
86751621	86751811
34196699	34196889
147795204	147795394
183846940	183847130
129001818	129002008
125461776	125461966
17218372	17218562
189792734	189792924
188986227	188986417
106285256	106285446
127092932	127093122
196189735	196189925
101568650	101568840
111851924	111852114
178990262	178990452
81866184	81866374
192520847	192521037
43801106	43801296
39302567	39302757
73917971	73918161
172700602	172700792
186857563	186857753
150127873	150128063
2755719	2755909
172007489	172007679
176915206	176915396
59360600	59360790
167645893	167646083
182877271	182877461
137128505	137128695
160204277	160204467
114130776	114130966
51753242	51753432
15374017	15374207
70435316	70435506
15995466	15995656
165122509	165122699
160371420	160371610
52273583	52273773
184187237	184187427
45594350	45594540
36878641	36878831
57896823	57897013
31766256	31766446
53233938	53234128
142759208	142759398
125416943	125417133
16850358	16850548
150481780	150481970
52312820	52313010
146909657	146909847
47866349	47866539
59442892	59443082
127787009	127787199
46334906	46335096
171178620	171178810
165730951	165731141
182665758	182665948
133620029	133620219
25574368	25574558
101546728	101546918
107471577	107471767
9542299	9542489
31652309	31652499
67644465	67644655
125105106	125105296
150874507	150874697
191930225	191930415
134571736	134571926
183221634	183221824
13242529	13242719
125117899	125118089
58306791	58306981
31503545	31503735
116236250	116236440
194408415	194408605
103014959	103015149
56953228	56953418
87194749	87194939
182428448	182428638
58408743	58408933
112627205	112627395
75308073	75308263
90231752	90231942
18889160	18889350
56591660	56591850
125648105	125648295
153813708	153813898
13350115	13350305
17852409	17852599
98483339	98483529
45957412	45957602
89163814	89164004
99725817	99726007
102422688	102422878
139995594	139995784
137055099	137055289
105556062	105556252
12828957	12829147
17274011	17274201
105581169	105581359
131434998	131435188
19188154	19188344
122577314	122577504
53080655	53080845
59294524	59294714
148708989	148709179
25884924	25885114
40823693	40823883
46270609	46270799
118355786	118355976
56381327	56381517
150548226	150548416
100353765	100353955
72021345	72021535
75190091	75190281
55539172	55539362
178192986	178193176
139916445	139916635
131245705	131245895
29186375	29186565
129118505	129118695
160295450	160295640
53231225	53231415
129327617	129327807
19526226	19526416
155892108	155892298
196251526	196251716
146359179	146359369
176532170	176532360
81692966	81693156
156534936	156535126
105555512	105555702
142735266	142735456
150090688	150090878
112997154	112997344
96050286	96050476
195851574	195851764
160438252	160438442
121823097	121823287
115618761	115618951
142563318	142563508
183273391	183273581
31170802	31170992
122328954	122329144
63777747	63777937
65900472	65900662
27955786	27955976
16360947	16361137
196730021	196730211
125978387	125978577
46136957	46137147
31261130	31261320
182110107	182110297
148598564	148598754
2240640	2240830
188291163	188291353
455890	456080
156253043	156253233
55931752	55931942
16475204	16475394
136978613	136978803
40630023	40630213
75411636	75411826
10206488	10206678
58012420	58012610
148436873	148437063
75471274	75471464
136265685	136265875
114183612	114183802
69160420	69160610
141021160	141021350
44902870	44903060
18745592	18745782
182208480	182208670
52274623	52274813
134077426	134077616
171860226	171860416
75653840	75654030
137230628	137230818
179164379	179164569
56818000	56818190
172393477	172393667
72236245	72236435
194392246	194392436
119062680	119062870
160404832	160405022
111335503	111335693
197807538	197807728
64009174	64009364
155129768	155129958
120226131	120226321
12642673	12642863
28840737	28840927
158876021	158876211
156393372	156393562
72225726	72225916
38385405	38385595
86229947	86230137
100929907	100930097
108817206	108817396
40350913	40351103
149597798	149597988
152092073	152092263
24130394	24130584
195842704	195842894
62172709	62172899
147102654	147102844
45902518	45902708
14257747	14257937
60740977	60741167
146535616	146535806
186307069	186307259
31569759	31569949
179485897	179486087
16562682	16562872
172938888	172939078
153503808	153503998
156533806	156533996
87056089	87056279
152529827	152530017
144964487	144964677
186228577	186228767
50899752	50899942
154463813	154464003
88411386	88411576
191106719	191106909
58182389	58182579
119139144	119139334
39166804	39166994
167967694	167967884
57850695	57850885
5247219	5247409
159536183	159536373
86294617	86294807
156173690	156173880
105840799	105840989
25634030	25634220
119900649	119900839
137758603	137758793
13922151	13922341
38339755	38339945
157827822	157828012
8979806	8979996
184998650	184998840
35988119	35988309
17193175	17193365
58515334	58515524
187550115	187550305
81402097	81402287
105927938	105928128
72636529	72636719
182285704	182285894
144014099	144014289
123660109	123660299
120076755	120076945
15901558	15901748
19711205	19711395
188382702	188382892
27004024	27004214
140354226	140354416
194947909	194948099
72495933	72496123
178198727	178198917
133095762	133095952
131433752	131433942
137231025	137231215
27637868	27638058
101396130	101396320
98449241	98449431
125965039	125965229
76802858	76803048
127730141	127730331
58203342	58203532
86823324	86823514
5048616	5048806
142624007	142624197
52833171	52833361
161023280	161023470
11888340	11888530
122252774	122252964
42543255	42543445
37349829	37350019
45706129	45706319
97904099	97904289
5025844	5026034
112486059	112486249
38323485	38323675
23695209	23695399
53017567	53017757
9075682	9075872
14905306	14905496
60214617	60214807
3646024	3646214
138116876	138117066
45902838	45903028
134560106	134560296
181666209	181666399
116778017	116778207
135637577	135637767
100480162	100480352
2637266	2637456
133540809	133540999
102248433	102248623
88106899	88107089
45637882	45638072
76701054	76701244
42797289	42797479
68305881	68306071
71353913	71354103
154622235	154622425
45654496	45654686
72034211	72034401
72940374	72940564
112175099	112175289
190953500	190953690
23632497	23632687
145905245	145905435
58681104	58681294
41013240	41013430
4534971	4535161
78906750	78906940
49937340	49937530
115757454	115757644
34661572	34661762
57838729	57838919
161632611	161632801
25063409	25063599
33996548	33996738
166819979	166820169
178867421	178867611
193848995	193849185
46887419	46887609
145416626	145416816
50669843	50670033
113276277	113276467
31198884	31199074
119099670	119099860
32217204	32217394
57050902	57051092
195926346	195926536
186676831	186677021
55709467	55709657
146045044	146045234
79037576	79037766
53565858	53566048
137013794	137013984
197121546	197121736
114800398	114800588
43680122	43680312
33186068	33186258
195264983	195265173
182803521	182803711
30969878	30970068
133551412	133551602
27040344	27040534
154476196	154476386
45926397	45926587
112208853	112209043
60568128	60568318
180349235	180349425
20227962	20228152
136453322	136453512
134697679	134697869
132927138	132927328
57741054	57741244
41244564	41244754
167806240	167806430
49027218	49027408
171856770	171856960
176919552	176919742
43741516	43741706
45588229	45588419
158512861	158513051
104282975	104283165
36885249	36885439
19088019	19088209
139239007	139239197
47269281	47269471
128742901	128743091
152431880	152432070
197439249	197439439
124553839	124554029
36449763	36449953
75629354	75629544
112179534	112179724
14467592	14467782
23803852	23804042
107574645	107574835
174073359	174073549
27984704	27984894
159640892	159641082
72059312	72059502
191220475	191220665
21258187	21258377
65422386	65422576
156796008	156796198
98704317	98704507
9956878	9957068
7117695	7117885
4887654	4887844
155853813	155854003
111833514	111833704
70441451	70441641
172468240	172468430
98259363	98259553
173089749	173089939
133213422	133213612
105891733	105891923
170076034	170076224
139812113	139812303
103129179	103129369
110731588	110731778
66423180	66423370
12851548	12851738
118603860	118604050
99137105	99137295
131725556	131725746
149693788	149693978
152094580	152094770
125803129	125803319
10340946	10341136
46906010	46906200
38704196	38704386
115641620	115641810
186783125	186783315
124642748	124642938
116912329	116912519
56076481	56076671
141129323	141129513
176916597	176916787
189814789	189814979
146312769	146312959
134097314	134097504
47021167	47021357
49059364	49059554
56581630	56581820
48282488	48282678
178381483	178381673
41616499	41616689
143963623	143963813
136968563	136968753
176381730	176381920
45266695	45266885
14194257	14194447
128336651	128336841
64305179	64305369
29193998	29194188
46949719	46949909
148445146	148445336
177159782	177159972
139770282	139770472
101617647	101617837
55658307	55658497
42643478	42643668
101706797	101706987
57240614	57240804
185957254	185957444
195474833	195475023
57146431	57146621
195283301	195283491
23244393	23244583
45987943	45988133
161418983	161419173
119357903	119358093
142883808	142883998
121742284	121742474
170958328	170958518
45894461	45894651
185178628	185178818
169673799	169673989
168936256	168936446
133194537	133194727
34924330	34924520
5028275	5028465
189112320	189112510
158362128	158362318
186182312	186182502
186763066	186763256
134964962	134965152
134198470	134198660
43128859	43129049
13109897	13110087
143691397	143691587
37875400	37875590
112178706	112178896
69904665	69904855
45930815	45931005
52879805	52879995
44073265	44073455
69841361	69841551
122660739	122660929
16414970	16415160
38669544	38669734
178763608	178763798
33419098	33419288
123464094	123464284
181612523	181612713
194991555	194991745
171178002	171178192
119759206	119759396
39583412	39583602
189304919	189305109
56745489	56745679
187491139	187491329
72397011	72397201
10305642	10305832
177200983	177201173
129062834	129063024
130950648	130950838
57419857	57420047
118455049	118455239
134396166	134396356
46776259	46776449
72173329	72173519
17349074	17349264
105974738	105974928
17055207	17055397
46775141	46775331
56741557	56741747
10273978	10274168
178394760	178394950
17096896	17097086
119354733	119354923
157164917	157165107
154672658	154672848
45029648	45029838
103159472	103159662
179754481	179754671
79895814	79896004
43967680	43967870
93820803	93820993
51676546	51676736
71296847	71297037
94709891	94710081
192535003	192535193
125146090	125146280
184186269	184186459
112692634	112692824
113762173	113762363
119409021	119409211
143569386	143569576
18265195	18265385
5095225	5095415
184466414	184466604
138628812	138629002
76728724	76728914
191013849	191014039
171842900	171843090
42599434	42599624
69435377	69435567
6721234	6721424
60522299	60522489
136754600	136754790
128839442	128839632
117158840	117159030
183245168	183245358
45919747	45919937
5063973	5064163
165572481	165572671
169663222	169663412
113270538	113270728
116172858	116173048
78323748	78323938
194234701	194234891
59416148	59416338
39424727	39424917
142841519	142841709
192599293	192599483
131272476	131272666
141098427	141098617
30670762	30670952
72027286	72027476
62318578	62318768
142770776	142770966
165158288	165158478
177873393	177873583
60241344	60241534
119317358	119317548
14899098	14899288
101753567	101753757
4712118	4712308
84017651	84017841
4892052	4892242
93788145	93788335
153008197	153008387
134359855	134360045
133209931	133210121
119078580	119078770
192610965	192611155
197032878	197033068
178237057	178237247
105573039	105573229
58546479	58546669
169796377	169796567
145940630	145940820
68066320	68066510
134172628	134172818
119349085	119349275
122872103	122872293
59437235	59437425
116105138	116105328
118485262	118485452
39440332	39440522
143324205	143324395
2940780	2940970
131221771	131221961
149320313	149320503
5019114	5019304
151844954	151845144
101263410	101263600
111855072	111855262
101655447	101655637
4977157	4977347
167111912	167112102
125832758	125832948
195919143	195919333
48935126	48935316
44175137	44175327
114417305	114417495
16016232	16016422
101717203	101717393
27004953	27005143
44107420	44107610
23986775	23986965
133291321	133291511
126715071	126715261
175332886	175333076
107843337	107843527
54904468	54904658
155074467	155074657
53547702	53547892
133147897	133148087
147663886	147664076
103328408	103328598
98276297	98276487
169755309	169755499
6759166	6759356
129874463	129874653
179039459	179039649
57620906	57621096
31289752	31289942
156583617	156583807
193170212	193170402
48154060	48154250
66623870	66624060
196675360	196675550
7327301	7327491
93790822	93791012
192635931	192636121
100612529	100612719
176837677	176837867
189799294	189799484
138698669	138698859
178195886	178196076
81831787	81831977
159204445	159204635
6721918	6722108
66712505	66712695
49282104	49282294
121732197	121732387
52479047	52479237
185909162	185909352
124864979	124865169
58200788	58200978
108737772	108737962
86438113	86438303
67869969	67870159
9869039	9869229
196569792	196569982
186251958	186252148
72863535	72863725
144013565	144013755
59409512	59409702
100610022	100610212
121774155	121774345
125094119	125094309
4544901	4545091
31382699	31382889
128669565	128669755
45957123	45957313
169649972	169650162
183220659	183220849
113898555	113898745
58188664	58188854
40942960	40943150
150804544	150804734
56336560	56336750
81837929	81838119
127061716	127061906
170889956	170890146
56759395	56759585
49348882	49349072
124295501	124295691
10992582	10992772
165342663	165342853
148921648	148921838
187653619	187653809
63550979	63551169
122734520	122734710
143155169	143155359
52305715	52305905
169773133	169773323
170271683	170271873
170975102	170975292
30481645	30481835
125111287	125111477
121800415	121800605
16553413	16553603
112373913	112374103
113058581	113058771
4863779	4863969
64248358	64248548
72005982	72006172
99224811	99225001
57122230	57122420
176914457	176914647
188862507	188862697
142890125	142890315
43257288	43257478
53194670	53194860
17586231	17586421
195179266	195179456
189540639	189540829
85851205	85851395
62819270	62819460
196421055	196421245
49738920	49739110
44924784	44924974
68255750	68255940
180364039	180364229
139239332	139239522
16351198	16351388
151961147	151961337
146100276	146100466
189042710	189042900
196184494	196184684
195501884	195502074
184023471	184023661
57568649	57568839
52544068	52544258
192616676	192616866
179041105	179041295
171046587	171046777
65736884	65737074
15352238	15352428
150030172	150030362
18020877	18021067
127872173	127872363
126721130	126721320
133225345	133225535
186683021	186683211
