42612738	42612983
7406033	7406256
6516963	6517178
42954695	42954911
35843752	35843960
13088743	13088945
46146435	46146624
10360839	10361047
36422589	36422793
12674972	12675183
10691724	10691965
42069832	42070029
12907413	12907614
36184722	36184998
13990961	13991262
8317945	8318158
49291493	49291692
40645809	40646015
35959673	35959899
2648549	2648765
14459342	14459533
38393327	38393528
40162703	40162913
2156065	2156265
49895230	49895434
43033491	43033688
48201440	48201627
47141892	47142096
19256921	19257129
16358504	16358699
52160269	52160483
47165334	47165540
41104574	41104766
17178340	17178529
44249525	44249724
46991170	46991368
49087619	49087816
734126	734323
6863659	6863861
13973145	13973328
18107716	18107918
8223472	8223685
42455868	42456061
18521495	18521685
56028308	56028489
11698531	11698727
39452835	39453032
45227237	45227419
6048905	6049099
48292105	48292315
44289529	44289738
49149847	49150034
50073527	50073714
36618704	36618893
4809679	4809848
41955366	41955557
664959	665151
39612775	39612968
19643117	19643309
47939981	47940161
39888370	39888568
2019673	2019869
11404542	11404729
10514886	10515078
46898884	46899097
39902515	39902710
18043382	18043585
2474631	2474838
30207529	30207725
44023724	44023910
50486977	50487165
41710276	41710462
41814507	41814685
18049159	18049345
7633357	7633554
18169259	18169467
40283712	40283901
50009922	50010109
13204678	13204872
12252043	12252229
35503939	35504131
36373091	36373281
2637055	2637237
18390305	18390493
19285931	19286123
40811326	40811528
6218586	6218773
17403715	17403883
30221453	30221649
10380192	10380397
19601279	19601463
35464151	35464390
2236322	2236505
50440995	50441195
3163354	3163550
43951274	43951461
35558110	35558290
42325266	42325440
18362692	18362887
45562812	45562998
7149225	7149412
42439103	42439289
15740195	15740380
47359454	47359642
56844983	56845157
3327049	3327246
33061229	33061397
47117470	47117661
47747553	47747735
14517056	14517249
51286932	51287093
51425587	51425768
9247260	9247445
49339054	49339248
42077063	42077248
11146689	11146885
3706130	3706319
1244472	1244661
51942291	51942467
1279799	1279980
2391348	2391524
50964555	50964739
47032917	47033096
18117872	18118067
38826208	38826398
39818833	39819016
45274000	45274192
51976285	51976478
53698640	53698813
2611264	2611444
50050317	50050500
48837193	48837378
47343852	47344031
17496871	17497051
921772	921995
41168757	41168942
11671460	11671638
982772	982962
18561824	18562009
11908332	11908505
18439229	18439397
56143847	56144011
14247700	14247879
38893687	38893867
30101592	30101778
16825633	16825813
34262541	34262732
5048385	5048562
54735599	54735809
14685080	14685284
48823370	48823542
5031688	5031878
19754719	19754915
15667261	15667471
39035125	39035305
47260666	47260844
6125618	6125805
40023515	40023677
42637323	42637506
3076053	3076226
47799480	47799660
10755519	10755720
1929407	1929587
52164333	52164516
47628550	47628728
40727873	40728039
55929632	55929803
9906932	9907106
45982297	45982471
12886437	12886642
38389413	38389599
51925275	51925456
12958479	12958662
16293611	16293796
56015469	56015652
863948	864126
47516330	47516501
33634904	33635080
46768581	46768772
10041659	10041821
4204687	4204852
6738563	6738732
48466539	48466701
18958102	18958279
6862858	6863045
17966468	17966649
40042170	40042338
12170374	12170572
6632142	6632322
35986354	35986527
48770389	48770556
13708554	13708753
12034552	12034710
45406947	45407137
49474279	49474451
56143080	56143270
45520287	45520462
16152429	16152618
42688585	42688744
12888468	12888642
18460456	18460630
38734563	38734732
51762707	51762881
10810535	10810701
45348112	45348270
19250540	19250703
58666518	58666682
47494497	47494679
2749286	2749455
17970363	17970521
1546281	1546482
52741137	52741306
1315759	1315935
19477753	19477927
9736597	9736738
42783996	42784167
46692780	46692967
55187820	55187984
57918011	57918176
34636744	34636928
48610675	48610857
4851713	4851882
1372094	1372245
31141009	31141171
17877548	17877707
38724537	38724701
51842080	51842264
18223888	18224062
17010582	17010751
49729394	49729556
41768254	41768409
41140501	41140671
16494159	16494336
40476712	40476898
42377325	42377492
11052796	11052961
3665936	3666130
18319261	18319439
42048454	42048610
5987452	5987616
50860428	50860576
49973628	49973815
39125344	39125510
7864536	7864736
1767526	1767689
48210645	48210809
31173965	31174130
45930943	45931118
8764092	8764258
49601171	49601335
45157806	45157977
1194599	1194752
34269008	34269200
33897835	33897999
2613896	2614064
47582658	47582843
10652207	10652362
40671553	40671736
36083277	36083441
28465006	28465173
49298467	49298632
49009511	49009654
16177451	16177620
42101747	42101918
10499646	10499811
6166103	6166260
6022384	6022554
45192544	45192714
17981186	17981354
34992534	34992711
54992582	54992758
19164721	19164881
2069790	2069959
7744331	7744488
13388080	13388237
30364487	30364668
42937924	42938092
8645695	8645912
46073260	46073434
3305040	3305195
16889724	16889890
42462023	42462174
57615471	57615620
35203696	35203855
1240362	1240531
5804085	5804252
55652718	55652872
7102431	7102609
42148381	42148540
55672005	55672169
770344	770517
55723918	55724085
3618632	3618802
17457096	17457257
11047450	11047594
45841993	45842163
47714060	47714220
45454936	45455083
45981672	45981855
2962188	2962354
10501470	10501619
4636343	4636493
17814793	17814962
4267753	4267918
9900903	9901074
13306625	13306778
10044880	10045043
50871937	50872077
16528604	16528765
13172284	13172434
11248459	11248638
1672417	1672584
5578302	5578489
17895297	17895442
17564356	17564501
44156549	44156713
6126458	6126617
8804744	8804903
10223773	10223944
9316293	9316428
46386703	46386887
9697495	9697635
1267035	1267200
10683113	10683267
2579529	2579674
46532266	46532411
3986274	3986439
35130515	35130674
44098935	44099063
11314600	11314757
59030915	59031073
10828130	10828279
6504884	6505033
7746685	7746852
46061693	46061849
917731	917899
12099777	12099924
15374978	15375147
39360565	39360716
48763471	48763614
4732733	4732902
14429803	14429944
29370183	29370336
33467231	33467392
47232098	47232253
3700528	3700694
17577167	17577305
45942826	45942983
7445566	7445707
40372256	40372425
17393552	17393728
49946738	49946887
47328768	47328911
13541921	13542063
48655831	48655997
28816356	28816497
44314056	44314200
16882459	16882637
15530059	15530211
36040190	36040341
30181951	30182107
13895853	13896021
1795893	1796036
8643681	8643838
46367396	46367565
45629412	45629540
18279070	18279232
48794605	48794745
18705190	18705329
57977224	57977368
8418957	8419124
49346066	49346219
1624525	1624686
39005839	39005969
8082794	8082966
54902694	54902853
36661718	36661869
46273534	46273668
584485	584633
4791208	4791343
39378221	39378378
1605904	1606049
1897742	1897880
30185598	30185779
33616896	33617035
45690892	45691033
50184059	50184208
7745550	7745718
12782951	12783077
6633330	6633490
42829385	42829538
55164794	55164931
44059438	44059589
18174293	18174447
8009201	8009325
14328302	14328427
9190605	9190749
42044277	42044413
34711488	34711631
53251715	53251840
10594339	10594498
12074805	12074955
4811798	4811944
51662153	51662307
45074238	45074373
11593498	11593658
46784133	46784270
42800351	42800460
47930615	47930752
35760476	35760617
5968056	5968203
40334707	40334837
56683379	56683509
10369808	10369929
47894786	47894938
18786695	18786846
7431992	7432127
14797351	14797527
48269253	48269385
4352696	4352841
58840491	58840632
1813051	1813200
36438431	36438549
18499317	18499448
17190995	17191144
33675243	33675388
49112110	49112262
8067388	8067524
3545218	3545329
42289609	42289734
12201761	12201903
52751713	52751868
45752016	45752155
43139204	43139335
1001774	1001898
10982056	10982208
2273826	2273971
8571131	8571270
3429600	3429758
31157331	31157467
45303848	45303981
47016823	47016952
56577905	56578023
857097	857226
28503382	28503526
54865633	54865763
14185990	14186135
46094298	46094451
2275194	2275323
14897208	14897356
41650444	41650585
19097661	19097804
10975188	10975302
6299895	6300040
35605625	35605751
41325785	41325919
46145498	46145630
51433209	51433323
510737	510849
36001397	36001523
2316060	2316204
54989951	54990118
13305434	13305588
55185597	55185729
16946997	16947141
10209789	10209911
46320474	46320643
48366795	48366919
40164594	40164727
14982575	14982692
4186523	4186659
1864843	1864954
53928403	53928524
54836495	54836642
1113366	1113527
11557677	11557800
49649195	49649333
46027055	46027180
55803441	55803568
33726296	33726413
15288443	15288561
15202781	15202941
35633925	35634044
52111317	52111432
12876942	12877062
15666736	15666885
39220452	39220573
44173434	44173572
56117682	56117829
42104053	42104153
3822021	3822128
13832194	13832318
16497576	16497672
47987124	47987245
13700153	13700307
42970030	42970144
2663934	2664074
34921780	34921909
4804004	4804139
17685023	17685150
59025398	59025511
10111027	10111167
42250650	42250775
46585623	46585730
36869732	36869839
6736655	6736782
10330425	10330542
14143118	14143257
52281216	52281349
49178771	49178892
17371802	17371910
5794246	5794372
4911907	4912036
52642561	52642667
7419390	7419517
13075852	13075968
46110660	46110768
48246960	48247076
8035772	8035888
18977426	18977539
40950771	40950888
45492597	45492685
18631165	18631264
29201331	29201444
51911145	51911270
14183008	14183122
30088310	30088420
17505880	17506013
39127593	39127704
48817774	48817886
47046069	47046178
36681473	36681588
10185062	10185164
30251107	30251211
11770586	11770686
17836700	17836817
13144996	13145104
39601150	39601247
50918140	50918231
15695593	15695694
49702259	49702361
7918296	7918379
267483	267599
50175700	50175793
19586808	19586909
7294946	7295067
14472614	14472802
49728230	49728343
52846925	52847039
33921716	33921810
4400611	4400711
39047548	39047664
42539003	42539101
34827850	34827964
40257444	40257592
1249029	1249149
18572793	18572891
20070132	20070261
2951163	2951246
40970367	40970479
17607182	17607308
51901527	51901592
35953733	35953841
47207872	47207957
48854665	48854761
53030403	53030494
54672356	54672493
34836906	34837004
29751526	29751608
55979289	55979388
51208871	51208957
34612077	34612179
49977369	49977472
39528973	39529043
4267155	4267238
4139832	4139917
35911388	35911503
14259055	14259148
36551486	36551591
13076285	13076385
32715628	32715722
19336037	19336138
4872734	4872837
33732677	33732776
33239565	33239660
54296333	54296419
13373338	13373417
12457868	12457944
2887491	2887584
40333180	40333270
42391935	42392030
17886309	17886391
8477876	8477979
7717016	7717115
10547243	10547345
3586185	3586270
39048050	39048149
45907530	45907608
56592078	56592183
35581483	35581587
51041152	51041216
1672065	1672171
21190997	21191100
3108820	3108902
47535612	47535681
15261325	15261515
42297186	42297278
44270786	44270863
506760	506950
50181259	50181353
17502018	17502078
51341740	51341790
48018782	48018880
39420994	39421080
47652881	47652980
10138546	10138620
49711667	49711764
47787646	47787836
30537483	30537574
42023313	42023468
40404235	40404353
12871551	12871609
38465776	38465846
45989132	45989237
35707882	35708072
35738755	35738945
3440251	3440344
14542795	14542985
46850733	46850804
46581962	46582053
12996425	12996524
54527312	54527374
58693405	58693455
47257172	47257229
18519137	18519234
1826203	1826393
48202754	48202853
13094517	13094603
45287717	45287907
40926674	40926746
1064982	1065172
11491724	11491821
42585879	42585950
52018248	52018438
15027800	15027990
59031514	59031704
15096065	15096147
28457400	28457470
34587350	34587439
8333914	8334003
19296897	19296961
5338906	5338986
56587878	56588068
15272552	15272643
57791330	57791384
43100722	43100912
51897296	51897352
14225736	14225829
3074066	3074116
18434087	18434277
41480556	41480746
56165096	56165152
2253271	2253346
31160496	31160573
8461643	8461833
51297725	51297814
21385815	21385898
45414592	45414642
30277252	30277324
14159458	14159648
12313269	12313322
54770005	54770195
6769419	6769506
33090713	33090783
4576162	4576230
39677964	39678154
14591005	14591074
56861982	56862055
3485077	3485267
11923085	11923166
29754449	29754639
12095837	12096027
41029269	41029459
14153991	14154049
14597330	14597402
50006426	50006616
40388547	40388644
41312855	41313045
51598156	51598208
41859951	41860141
14311157	14311257
3849257	3849348
39931021	39931089
6048106	6048158
10339709	10339798
17552096	17552175
57610702	57610754
43067652	43067715
3472161	3472220
38633237	38633287
56764281	56764471
1445308	1445370
7994261	7994451
5548009	5548072
46184908	46184960
14306932	14307122
51672647	51672837
11607324	11607386
55644273	55644323
38586448	38586638
30019381	30019468
8650890	8651080
19052054	19052124
2819748	2819813
3343876	3343950
46196664	46196854
16222146	16222336
30414682	30414872
43937128	43937318
36207915	36208093
6753445	6753513
39443312	39443502
8386226	8386278
3339828	3339917
48697665	48697855
39542978	39543168
5322091	5322170
35535360	35535550
41858470	41858660
47539128	47539318
30262787	30262874
10616357	10616547
48993094	48993284
6562549	6562739
4140433	4140623
48606481	48606539
36490071	36490125
39703085	39703275
18302822	18303012
56765226	56765416
35626387	35626577
49092233	49092423
30081337	30081387
43110910	43111100
7917814	7918004
17733203	17733393
13477526	13477580
45160588	45160778
45311371	45311421
14667536	14667726
12943550	12943740
38478091	38478281
39260498	39260562
7990123	7990313
56320917	56321107
4369988	4370178
17865691	17865758
30156024	30156214
19496121	19496311
17535855	17536045
50668844	50668894
54249652	54249842
15136148	15136338
50550217	50550407
19517840	19518030
29124723	29124913
16228624	16228814
1837698	1837888
12787252	12787442
12827792	12827982
2171578	2171633
12868458	12868648
18057201	18057391
51941636	51941686
8134332	8134522
6482014	6482204
55813273	55813463
13323765	13323955
41937487	41937677
11236870	11237060
58740825	58740890
35632363	35632413
40169285	40169475
51409596	51409786
15212384	15212574
12751047	12751237
7213524	7213714
7770614	7770804
18313636	18313826
42905534	42905724
18581157	18581347
39964865	39965055
37800843	37801033
29958819	29959009
18654938	18655006
55966167	55966357
41632670	41632860
46905555	46905745
47120356	47120546
40118464	40118557
49804609	49804799
10969025	10969215
18263447	18263637
9958845	9959035
3210788	3210978
23466836	23467026
51373830	51374020
52140704	52140894
43281255	43281445
38535430	38535620
43197995	43198185
12248444	12248634
18580558	18580628
43071190	43071380
2261902	2262092
39842163	39842353
15979942	15980132
55600035	55600225
17163376	17163566
48044096	48044286
10025510	10025560
48216486	48216676
3146676	3146866
8751612	8751802
4246797	4246987
42924268	42924458
13215424	13215614
46580926	46581116
11241722	11241912
16638999	16639189
45996869	45997059
46009715	46009905
49831229	49831419
19665263	19665453
51661770	51661960
1618281	1618471
33181007	33181197
17346454	17346644
55392822	55393012
9422831	9423021
7451204	7451394
43929888	43930078
8680682	8680872
34532929	34533119
54808489	54808679
42942673	42942863
50650759	50650949
6552219	6552285
36310964	36311154
56821027	56821217
36205925	36206115
19026559	19026749
6412497	6412687
36984108	36984298
18392822	18393012
52105842	52106032
11992109	11992299
13140857	13141047
52068114	52068304
28957116	28957306
42340119	42340309
38932386	38932576
3224531	3224601
18272195	18272385
13261155	13261345
5369986	5370176
47750719	47750909
42363547	42363737
45550821	45551011
23065703	23065893
39903391	39903581
39423513	39423703
5773853	5774043
58249831	58250021
46302385	46302575
4525227	4525417
17416281	17416471
22728641	22728831
41250446	41250636
17246262	17246452
18512595	18512785
56616559	56616749
3126065	3126255
3104327	3104377
41313666	41313856
41304040	41304230
31275857	31276047
40030862	40031052
51843345	51843535
18882498	18882688
15284635	15284825
18433173	18433363
40661653	40661843
42704146	42704336
1930259	1930449
24342636	24342826
21439600	21439790
4233435	4233625
36484897	36485087
30897517	30897707
35797694	35797884
14583056	14583246
5687202	5687392
12167232	12167422
11646965	11647155
1590786	1590976
42205707	42205897
45080300	45080490
42748999	42749189
14616339	14616529
383990	384180
30349000	30349190
44284099	44284289
55159678	55159868
7813722	7813912
30306320	30306510
10527240	10527430
50762224	50762414
5001651	5001841
35806783	35806973
49503110	49503300
14662250	14662440
56189504	56189694
41945860	41946050
47019164	47019354
6926136	6926326
36207711	36207872
55111746	55111936
3324488	3324678
34732450	34732640
56182984	56183174
19226883	19227073
49242175	49242365
4558473	4558663
7968433	7968623
18783613	18783803
3473086	3473276
35685033	35685223
1513922	1514112
42633543	42633733
50393368	50393558
32831288	32831478
42257190	42257380
51059930	51060120
5154249	5154439
49287941	49288131
14999711	14999901
28733325	28733515
19106646	19106836
6772234	6772424
49063590	49063780
17650128	17650318
42596633	42596823
19223831	19224021
7239626	7239816
10529597	10529787
17214081	17214271
51799673	51799863
51600739	51600929
17787923	17788113
49578232	49578422
41076661	41076851
47270013	47270203
35892531	35892721
55657536	55657726
11811060	11811250
38969281	38969471
16552575	16552765
41035059	41035249
1223181	1223371
10535057	10535247
41111513	41111703
48317044	48317234
18891601	18891791
45905678	45905868
50853903	50854093
13388864	13389054
48774486	48774676
50831466	50831656
16136563	16136753
13358708	13358898
16699329	16699519
14169870	14170060
42795119	42795309
41415007	41415197
33793408	33793598
47251858	47252048
49769755	49769834
7067236	7067426
52216030	52216220
48948627	48948817
18388338	18388528
49947083	49947273
19453604	19453794
50755670	50755860
44129159	44129349
49810092	49810282
11489040	11489230
5226057	5226247
13944578	13944768
588189	588379
47634012	47634202
17316159	17316349
14014071	14014261
6802573	6802763
20357912	20358102
6280183	6280373
47253460	47253650
41055191	41055381
54950704	54950894
42502747	42502937
36228447	36228637
30718599	30718789
29228018	29228208
12476722	12476912
4167591	4167781
3783705	3783895
2612278	2612468
38716946	38717136
21881131	21881321
28708013	28708203
8634082	8634272
17600046	17600236
5892641	5892831
41884301	41884491
1788915	1789105
7934084	7934274
7562268	7562458
10675986	10676176
18967329	18967519
33610074	33610264
45197594	45197784
39988556	39988746
54276238	54276428
49496518	49496708
41872072	41872262
14134396	14134586
33907227	33907417
16251983	16252173
19663638	19663828
2062179	2062369
38210651	38210841
44599392	44599582
46520165	46520355
5354566	5354756
19516178	19516368
1946052	1946242
46234023	46234213
8218986	8219176
54599916	54600106
19265676	19265866
550131	550321
55895161	55895351
3852771	3852961
11399131	11399321
2315754	2315944
49501362	49501552
45949553	45949743
12884434	12884624
2561861	2562051
39993507	39993697
50193142	50193332
14714920	14715110
37719019	37719209
41914254	41914444
54693087	54693277
50990249	50990439
13720847	13721037
39166387	39166577
11662841	11663031
2199397	2199587
30457863	30458053
11784420	11784610
40697721	40697911
3129197	3129387
16173645	16173835
50220816	50221006
17080063	17080253
54533245	54533435
46417179	46417369
50963660	50963850
32778769	32778959
58533365	58533555
12606201	12606391
6354174	6354364
41803518	41803708
18748620	18748810
36604846	36605036
58414817	58415007
10602859	10603049
43297689	43297879
36402173	36402363
19471958	19472148
13345471	13345661
19521809	19521999
11564756	11564946
1438210	1438400
45348868	45349058
1000170	1000360
7896475	7896665
15363326	15363516
7982796	7982986
11896077	11896267
36046640	36046830
4633301	4633491
46513072	46513262
15264898	15265088
3250789	3250979
3987870	3988060
4207254	4207444
295227	295417
51385551	51385741
55647148	55647338
16723153	16723343
2231695	2231885
42195394	42195584
36282042	36282232
5170513	5170703
1057279	1057469
16734450	16734640
6577416	6577606
11090830	11091020
737871	738061
33707075	33707265
1503549	1503739
38413885	38414075
38524523	38524713
7402396	7402586
18551309	18551499
54410090	54410280
16695159	16695349
4375787	4375977
45086229	45086419
10230567	10230757
35536690	35536880
2956530	2956720
52179265	52179455
42463745	42463935
10582707	10582897
15742702	15742892
43434530	43434720
46001787	46001977
2511708	2511898
5131119	5131309
51524361	51524551
18450556	18450746
38625314	38625504
495723	495913
12355296	12355486
16738941	16739131
49920435	49920625
44645701	44645891
18434599	18434789
35153940	35154130
7402704	7402894
10930962	10931152
52014738	52014928
1406776	1406966
30364037	30364227
7767089	7767279
56582558	56582748
49609971	49610161
2610725	2610915
4589716	4589906
40256222	40256412
947789	947979
50740828	50741018
9542236	9542426
38715310	38715500
39468661	39468851
14693826	14694016
53104304	53104494
14578714	14578904
7198112	7198302
4523368	4523558
12237622	12237812
5271273	5271463
2096884	2097074
24000423	24000613
15870883	15871073
50265121	50265311
49482310	49482500
19328054	19328244
37820674	37820864
2208700	2208890
48372228	48372418
14070828	14071018
1513040	1513230
45640609	45640799
41047191	41047381
29750174	29750364
56048499	56048689
54683869	54684059
13265884	13266074
39050296	39050486
35896211	35896401
5720592	5720782
1364468	1364658
56289027	56289217
49934109	49934299
16162544	16162734
6460539	6460729
17623060	17623250
2446662	2446852
947065	947255
18577898	18578088
10213526	10213716
18714253	18714443
48893923	48894113
9756244	9756434
5377577	5377767
5039013	5039203
58899321	58899511
6674838	6675028
3361038	3361228
16065377	16065567
51698095	51698285
5690144	5690334
35329649	35329839
45055624	45055814
49843697	49843887
16477241	16477431
18340332	18340522
13972633	13972823
13212188	13212378
42944554	42944744
33668535	33668725
59086575	59086765
19753316	19753506
58459162	58459352
36422201	36422391
50427708	50427898
3671882	3672072
58428064	58428254
45922834	45923024
10531747	10531937
30521225	30521415
8160999	8161189
50758471	50758661
58313770	58313960
4730811	4731001
13829619	13829809
38469582	38469772
35546682	35546872
7294319	7294509
10398471	10398661
57989000	57989190
680284	680474
46282525	46282715
18599746	18599936
16737967	16738157
13539269	13539459
3575438	3575628
1650668	1650858
5689318	5689508
36468493	36468683
16082106	16082296
8412713	8412903
22072929	22073119
35823824	35824014
51400931	51401121
10527635	10527825
49521254	49521444
41827745	41827935
16704141	16704331
10496704	10496894
43246253	43246443
49403258	49403448
32827810	32828000
51599841	51600031
42527877	42528067
16694051	16694241
7808521	7808711
13278601	13278791
42299016	42299206
51172692	51172882
44269729	44269919
42257938	42258128
18699461	18699651
14207500	14207690
47733825	47734015
4208828	4209018
14688904	14689094
17220822	17221012
49457832	49458022
17716922	17717112
41027244	41027434
41324587	41324777
4567653	4567843
10880827	10881017
44267576	44267766
36521238	36521428
53868763	53868953
43608481	43608671
12899498	12899688
43045903	43046093
14248197	14248387
19673955	19674145
7179288	7179478
58090331	58090521
56215156	56215346
28565726	28565916
55394288	55394478
2529557	2529747
43389149	43389339
58918469	58918659
30327362	30327552
10620986	10621176
35644707	35644897
1107025	1107215
3178643	3178833
970726	970916
16487578	16487768
44227846	44228036
32955224	32955414
50366138	50366328
49979601	49979791
14097182	14097372
38453774	38453964
5805934	5806124
10215506	10215696
19111141	19111331
36231940	36232130
49979254	49979444
50511883	50512073
51520092	51520282
14184300	14184490
41283159	41283349
1853441	1853631
35818699	35818889
