20143123	20143379
9971414	9971637
55549116	55549358
52346883	52347126
20393692	20393909
43554120	43554333
3246075	3246290
21283100	21283317
864861	865090
3666322	3666568
9073681	9073892
12391734	12391958
61185752	61185978
12934534	12934757
11872550	11872780
12659938	12660141
11937976	11938186
56448877	56449103
52650379	52650594
46002337	46002556
47883681	47883892
9575581	9575791
3281522	3281725
29738074	29738284
11512709	11512931
11154452	11154666
32987922	32988149
56431577	56431804
61409080	61409278
21699036	21699238
32367992	32368186
10520163	10520385
7221491	7221706
3998826	3999019
57069773	57070016
10851837	10852044
45550246	45550464
8480557	8480772
9148025	9148231
39325475	39325695
32586046	32586254
12727155	12727361
8988341	8988548
64884904	64885109
33864744	33864934
60093004	60093212
32811027	32811234
47385170	47385381
44742002	44742217
43271326	43271535
61511542	61511751
60683592	60683795
68101182	68101410
6886315	6886524
45549091	45549295
43245160	43245380
55789209	55789413
55989350	55989551
32724009	32724215
29135948	29136142
70429870	70430069
29851766	29851964
741950	742136
46201703	46201897
616451	616648
34337162	34337354
58216678	58216865
61106562	61106757
60990330	60990541
47037101	47037317
44626699	44626892
3869937	3870145
18775236	18775436
57504853	57505051
59798635	59798821
9673567	9673792
44576864	44577048
67863181	67863375
22067712	22067912
56197070	56197282
60251643	60251855
52901950	52902145
7872614	7872830
57655452	57655638
60253516	60253720
9684119	9684318
60649965	60650186
2932286	2932486
18759663	18759852
48033597	48033811
7177217	7177414
72009773	72009960
23887254	23887443
5073358	5073557
11553408	11553619
57490935	57491129
39694402	39694601
51970779	51970971
34965918	34966102
66290663	66290873
61343869	61344059
54416010	54416181
57126701	57126902
22124128	22124316
6920106	6920307
8982534	8982732
64867575	64867753
61515480	61515648
66403086	66403253
14086665	14086859
42792775	42792970
33675996	33676176
33336566	33336760
43653795	43653971
9516536	9516728
54243379	54243569
61245709	61245888
24229761	24229953
32175692	32175890
60786934	60787118
72219275	72219472
11995467	11995681
64163200	64163392
19494788	19494999
20657456	20657655
13630251	13630441
43861223	43861446
33597747	33597919
12744235	12744408
8389712	8389919
3995568	3995769
2542047	2542206
48311196	48311385
30129309	30129484
10787407	10787596
19024510	19024691
3703757	3703943
54536504	54536677
18714951	18715131
77140932	77141118
56724519	56724713
56916515	56916705
52338613	52338784
21939788	21939957
59169824	59170001
19477807	19477993
74061134	74061306
41201026	41201194
39486722	39486893
20379098	20379261
68122031	68122223
61517321	61517492
43728817	43729007
28550267	28550444
8654608	8654773
51645939	51646113
29004447	29004649
46764917	46765102
11733051	11733244
13813376	13813548
56161108	56161291
42475496	42475694
74110964	74111157
12539970	12540150
20991840	20992026
7022372	7022565
65183258	65183454
59850938	59851094
57663718	57663897
77288855	77289024
21656310	21656508
29557351	29557514
44731393	44731567
20284388	20284557
5868315	5868494
48636794	48636979
68449212	68449393
21202317	21202486
61685208	61685378
71863705	71863896
44238323	44238518
70368676	70368825
29302422	29302598
56737765	56737926
5879506	5879682
55229159	55229339
902320	902501
31702800	31702969
30132495	30132666
63392783	63392956
22306750	22306940
2547596	2547755
3585922	3586099
30812101	30812269
48346361	48346551
38971705	38971874
5057830	5058009
45973068	45973247
2223984	2224157
46941845	46942013
22180147	22180306
7789963	7790142
25185313	25185479
74421825	74422021
55848078	55848260
47085814	47085978
43302976	43303141
831019	831198
37739488	37739656
9683451	9683621
7950860	7951052
51654250	51654423
77404162	77404335
11387971	11388143
12396501	12396677
71510117	71510313
48577600	48577752
6543446	6543600
43490476	43490641
60382145	60382314
35024777	35024981
42159103	42159239
7174794	7174941
59218887	59219027
59916845	59916992
75414733	75414889
74712497	74712680
21096010	21096158
29399714	29399860
68159080	68159227
72160967	72161125
34522346	34522502
61705191	61705341
46190704	46190891
961673	961815
70339723	70339874
4068647	4068816
53082646	53082806
12893887	12894061
49147593	49147738
68157713	68157854
58335942	58336089
55311913	55312061
22068973	22069112
55803126	55803276
61646711	61646849
45282870	45283019
55526624	55526780
20563287	20563419
24393123	24393279
23963776	23963926
58475747	58475890
21392625	21392761
46974312	46974446
23985483	23985640
66514633	66514754
68118006	68118127
20711788	20711935
51919054	51919177
46548299	46548456
65532013	65532159
9612342	9612489
41176201	41176327
286564	286693
72020540	72020676
61630999	61631131
78015812	78015947
57298940	57299062
18772081	18772212
47536278	47536435
3151535	3151658
38958728	38958868
45275594	45275804
45299139	45299264
32966580	32966708
30294628	30294770
45872135	45872272
11310620	11310775
19577703	19577833
58352183	58352329
77915749	77915880
3129377	3129528
9055362	9055501
49194634	49194773
6521913	6522057
19212492	19212611
25179295	25179429
32461561	32461691
67839597	67839725
72364461	72364608
66327749	66327874
67740048	67740180
43201057	43201178
32241596	32241729
7272391	7272551
55113702	55113838
74515830	74515976
34923374	34923495
39878847	39878988
45557493	45557636
29652422	29652559
34389659	34389772
34268126	34268256
12039046	12039218
46705263	46705392
57450434	57450556
1586026	1586143
4106545	4106677
29537020	29537140
38676620	38676730
68599609	68599726
52314561	52314694
44061159	44061284
2121394	2121483
21078883	21079023
63455745	63455882
9951379	9951493
3441448	3441577
10560564	10560707
43793444	43793577
39633293	39633405
71784388	71784463
47294509	47294632
24598022	24598129
73968998	73969101
75477579	75477704
624131	624257
64772006	64772236
19536147	19536254
11655420	11655541
47388169	47388276
11570922	11571029
43460025	43460140
61662100	61662330
45971991	45972106
45459220	45459312
46439677	46439787
41151119	41151349
9753952	9754182
3711057	3711150
73191095	73191212
41710450	41710570
29869623	29869724
4017631	4017722
76745098	76745216
11519214	11519324
2985761	2985855
55451918	55451979
60692532	60692647
19958788	19958891
55719137	55719245
19749430	19749532
42966377	42966436
72366776	72366834
32606524	32606610
42964489	42964580
54370288	54370392
19069175	19069405
35117974	35118042
64227522	64227590
7164748	7164858
64539624	64539708
55710880	55710997
8696868	8696985
32935145	32935252
63234743	63234842
52226387	52226485
45756994	45757109
10006344	10006448
9722718	9722948
28469982	28470063
23501694	23501792
32303259	32303359
21498526	21498626
71977834	71977938
61173415	61173519
6874380	6874610
3063041	3063271
59568733	59568849
30050979	30051056
13159555	13159785
2104936	2105166
37546383	37546496
24584535	24584625
33530503	33530578
41143849	41144079
20510234	20510297
51796845	51796937
21085630	21085726
47730491	47730556
46203245	46203334
27454618	27454704
44203094	44203214
56751481	56751711
6482676	6482796
3454744	3454974
55105219	55105322
23476300	23476364
23412141	23412231
3720301	3720382
34902518	34902599
11040981	11041050
56435797	56435907
46238412	46238495
35056300	35056390
45458267	45458328
46568352	46568582
12686250	12686337
70320310	70320540
839489	839556
52763650	52763761
46303607	46303679
64416471	64416542
48393253	48393483
29086513	29086571
70803435	70803665
43419474	43419704
49814840	49815070
51749697	51749795
54376773	54377003
54719564	54719667
12767185	12767250
54457005	54457067
33497095	33497325
13824044	13824121
7038301	7038531
28786777	28787007
77139110	77139172
55106263	55106341
65258070	65258300
13558215	13558286
55297498	55297728
26541740	26541830
74398820	74398896
52442995	52443225
43753449	43753512
74923968	74924034
37993241	37993471
43021151	43021381
74767033	74767123
3653458	3653688
2083743	2083973
62759054	62759284
45705536	45705595
52617514	52617744
60118483	60118713
61771408	61771474
11860293	11860391
61603457	61603687
20958961	20959020
47255013	47255243
46991164	46991394
40851871	40852101
46777293	46777523
21596711	21596941
37151540	37151770
21082929	21083159
71998726	71998956
8084258	8084488
3594411	3594494
72675931	72675996
48910976	48911038
45991672	45991902
4182267	4182497
41241543	41241773
58989571	58989801
31419494	31419724
21220096	21220326
42855624	42855701
41167600	41167830
28579247	28579477
72608450	72608680
19431367	19431597
32389793	32390023
18822104	18822334
45280982	45281212
21166914	21167144
19252900	19253130
21543472	21543702
2766326	2766556
76746246	76746476
3150399	3150629
19400315	19400545
61007188	61007418
29321184	29321414
12074819	12075049
47955549	47955779
13216149	13216379
48804499	48804729
56067284	56067514
60090401	60090631
74695330	74695560
5023394	5023624
28846544	28846774
67753887	67754117
25330183	25330247
5600467	5600697
32309305	32309535
74514047	74514277
55899239	55899469
71647623	71647853
21993191	21993421
34152282	34152512
60798438	60798668
56735181	56735411
50906504	50906734
61764800	61765030
52443541	52443771
19688711	19688941
45678946	45679176
75833389	75833619
74118052	74118282
9869858	9870088
8052393	8052623
74587380	74587610
45938811	45939041
70301807	70302037
22458333	22458563
1914574	1914804
23917134	23917364
33241805	33242035
32967137	32967367
63459752	63459982
48105089	48105319
19754846	19755076
60625181	60625411
3665824	3666054
53010775	53011005
56975794	56976024
11592033	11592263
3771444	3771674
20046121	20046351
3596724	3596954
61997480	61997710
11728319	11728549
39112448	39112678
10437904	10438134
68087412	68087642
61642379	61642609
45564067	45564297
832248	832478
23597975	23598205
60740782	60741012
44087227	44087457
38440261	38440491
42234723	42234953
30510749	30510979
28551421	28551651
40976328	40976558
48141265	48141495
7735293	7735523
18551906	18552136
74919506	74919736
13530916	13531146
2948070	2948300
20611495	20611725
3635490	3635720
65450830	65451060
19492391	19492621
7452394	7452624
11741598	11741828
68040336	68040566
42258950	42259180
77006579	77006809
3187305	3187535
13832200	13832430
44562736	44562966
3121358	3121588
32420505	32420735
14178804	14179034
9103490	9103720
19943915	19944145
60305711	60305941
7626896	7627126
69452090	69452320
69065885	69066115
71442131	71442361
63605891	63606121
60233505	60233735
25358473	25358703
21207298	21207528
53448956	53449186
35358548	35358778
19089087	19089317
51094394	51094624
63791707	63791937
21632031	21632261
66592605	66592835
44809943	44810173
10016207	10016437
62873865	62874095
24585669	24585899
31902725	31902955
24201504	24201734
65296064	65296294
67304215	67304445
2302619	2302849
3297456	3297686
18895989	18896219
27860919	27861149
29143839	29144069
72753585	72753815
22314135	22314365
55626536	55626766
68004457	68004687
74771556	74771786
2994607	2994837
38447463	38447693
74846141	74846371
38448131	38448361
60822720	60822950
48171271	48171501
33093630	33093860
46194118	46194348
3481894	3482124
65512359	65512589
9782496	9782726
45122573	45122803
31341393	31341623
6219186	6219416
20219067	20219297
12237267	12237497
8478744	8478974
8882590	8882820
43373305	43373535
43861529	43861694
19803763	19803993
32446794	32447024
28821956	28822186
51225365	51225595
11119943	11120173
72335472	72335702
5106792	5107022
3447904	3448134
54025927	54026157
32481386	32481616
9825598	9825828
63651084	63651314
9779665	9779895
9661676	9661906
65192572	65192802
44530097	44530327
32229140	32229370
12886623	12886853
59249170	59249400
46399760	46399990
9899073	9899303
26771294	26771524
46476315	46476545
21359646	21359876
43874323	43874553
73986713	73986943
39348011	39348241
55225187	55225417
69753765	69753995
24067508	24067738
59849561	59849791
21756779	21757009
12607432	12607662
61911879	61912109
68098541	68098771
7000558	7000788
38390487	38390717
47310947	47311177
20012633	20012863
47745224	47745454
10086624	10086854
43429995	43430225
55513553	55513783
27472996	27473226
3037443	3037673
322577	322807
12046984	12047214
48185516	48185746
56328742	56328972
29523262	29523492
9792643	9792873
11309291	11309521
8359169	8359399
7877648	7877878
11398750	11398980
12394501	12394731
30790631	30790861
35113609	35113839
3603042	3603272
65093005	65093235
32559083	32559313
9828291	9828521
11850084	11850314
939281	939511
35158974	35159204
11500529	11500759
75423157	75423387
12327983	12328213
55569088	55569318
60067326	60067556
31331633	31331863
60152955	60153185
48694755	48694985
54808889	54809119
61111911	61112141
37873366	37873596
43873810	43874040
10784662	10784892
31075353	31075583
51884060	51884290
3858705	3858935
34242016	34242246
24943954	24944184
25593026	25593256
46523524	46523754
12422966	12423196
47376161	47376391
57661664	57661894
29093593	29093823
61009518	61009748
67978296	67978526
64283990	64284220
73964944	73965174
56452847	56453077
33196895	33197125
45681223	45681453
31932858	31933088
12271691	12271921
3321551	3321781
61787243	61787473
20960262	20960492
77912238	77912468
24351578	24351808
11976979	11977209
5852108	5852338
55574154	55574384
19686617	19686847
48499831	48500061
20046709	20046939
55317031	55317261
43902338	43902568
47471168	47471398
52379632	52379862
3794656	3794886
18583552	18583782
20675507	20675737
53528569	53528799
56868092	56868322
59992727	59992957
18910056	18910286
55487305	55487535
2467050	2467280
59102371	59102601
38431012	38431242
55379581	55379811
19748343	19748573
10856288	10856518
77551630	77551860
12092795	12093025
54878069	54878299
3643731	3643961
45679928	45680158
65337370	65337600
33876611	33876841
1664039	1664269
19922670	19922900
61178603	61178833
24234382	24234612
8116330	8116560
30019865	30020095
44135774	44136004
60549054	60549284
63420879	63421109
58756001	58756231
11994399	11994629
63106491	63106721
1917209	1917439
21578694	21578924
1513610	1513840
45590416	45590646
46543557	46543787
3380539	3380769
71351960	71352190
39341660	39341890
45523953	45524183
72369675	72369905
54877632	54877862
68089297	68089527
65845446	65845676
46547915	46548145
49687102	49687332
57572056	57572286
48345733	48345963
52220390	52220620
10490742	10490972
75461272	75461502
60384581	60384811
33058521	33058751
52613402	52613632
61549912	61550142
45391386	45391616
47216750	47216980
2471615	2471845
55885349	55885579
55480576	55480806
12946847	12947077
8655169	8655399
67910392	67910622
20000696	20000926
56209042	56209272
53051856	53052086
3245622	3245852
24384479	24384709
21637300	21637530
29952436	29952666
8800557	8800787
47577747	47577977
477633	477863
3817059	3817289
3604731	3604961
34787393	34787623
9743656	9743886
48662180	48662410
57183696	57183926
56248523	56248753
62076829	62077059
9752460	9752690
48554572	48554802
3120071	3120301
68089883	68090113
67152072	67152302
60908641	60908871
43754784	43755014
11826926	11827156
24036090	24036320
55891349	55891579
5425014	5425244
712673	712903
61350484	61350714
21002856	21003086
25688841	25689071
987627	987857
7567138	7567368
72518763	72518993
11114727	11114957
38515479	38515709
3238823	3239053
45403247	45403477
13849933	13850163
20047920	20048150
56164257	56164487
48676569	48676799
11857626	11857856
3970991	3971221
75612118	75612348
68051473	68051703
45529307	45529537
20426148	20426378
71909715	71909945
3602592	3602822
42231478	42231708
51391236	51391466
55456454	55456684
9737023	9737253
8859244	8859474
55637717	55637947
38109541	38109771
77399498	77399728
24878438	24878668
67953661	67953891
8802340	8802570
65180567	65180797
8212984	8213214
3652971	3653201
22094428	22094658
32289122	32289352
74634140	74634370
65377965	65378195
14031725	14031955
60193348	60193578
20695720	20695950
7871674	7871904
61107550	61107780
54312740	54312970
47365500	47365730
47250200	47250430
11118254	11118484
38655130	38655360
3624899	3625129
3015223	3015453
9877316	9877546
11887726	11887956
33091883	33092113
56247838	56248068
11859505	11859735
60125676	60125906
61182216	61182446
54756233	54756463
33169035	33169265
1751305	1751535
55734930	55735160
3623912	3624142
51781022	51781252
29228984	29229214
7945983	7946213
49063980	49064210
46515526	46515756
8891093	8891323
57584029	57584259
12531792	12532022
55187020	55187250
51751110	51751340
35036445	35036675
45660139	45660369
60644848	60645078
24057842	24058072
3935377	3935607
48188618	48188848
33357055	33357285
7273661	7273891
45665829	45666059
45663973	45664203
39632195	39632425
44098465	44098695
43753783	43754013
25265860	25266090
63947781	63948011
51213463	51213693
21693121	21693351
2516313	2516543
10321277	10321507
74813733	74813963
19180927	19181157
8461636	8461866
44097409	44097639
21607201	21607431
74138726	74138956
21582549	21582779
7038654	7038884
66344269	66344499
60904738	60904968
39479572	39479802
21247141	21247371
11235776	11236006
55438466	55438696
24009607	24009837
12643364	12643594
20612355	20612585
20681791	20682021
6662237	6662467
43496351	43496581
44437050	44437280
70986127	70986357
48158663	48158893
43901254	43901484
60153658	60153888
8730463	8730693
54842827	54843057
46474797	46475027
45471985	45472215
46188594	46188824
46156442	46156672
41369248	41369478
52490473	52490703
46622482	46622712
8507443	8507673
22252605	22252835
76635595	76635825
12890577	12890807
9695058	9695288
52625355	52625585
72143447	72143677
20314925	20315155
3852431	3852661
20131412	20131642
20274968	20275198
32156670	32156900
38904959	38905189
70902845	70903075
10230185	10230415
7856775	7857005
19862351	19862581
33060252	33060482
57397093	57397323
66511014	66511244
20817040	20817270
3966628	3966858
70197915	70198145
3104370	3104600
23739413	23739643
48660060	48660290
54717642	54717872
55104694	55104924
29929883	29930113
63713346	63713576
50197330	50197560
68132041	68132271
19830618	19830848
72874516	72874746
77770302	77770532
46445103	46445333
67873268	67873498
9474894	9475124
9851572	9851802
67513258	67513488
24048890	24049120
55853524	55853754
20248039	20248269
52690839	52691069
32224030	32224260
35025364	35025594
11983695	11983925
