26248839	26249094
26003632	26003872
27205573	27205842
27507521	27507752
26298422	26298666
94356378	94356672
11809366	11809600
12303417	12303691
47956061	47956316
32197811	32198041
66462209	66462514
29355809	29356055
88277554	88277836
12352917	12353163
4093981	4094212
47376803	47377074
65042563	65042806
92967852	92968091
8120909	8121149
9528359	9528574
63604769	63605003
8028014	8028236
96197972	96198200
83531063	83531276
74160428	74160655
29350565	29350806
29181174	29181409
65278257	65278525
48131531	48131765
66601775	66602017
73966915	73967143
48329405	48329646
63246360	63246600
74959761	74960002
7914411	7914631
61153099	61153326
62673507	62673756
72193361	72193611
72889153	72889381
75243464	75243699
82406841	82407074
10757264	10757608
6400576	6400789
62328063	62328325
10427765	10428003
47174706	47174932
46028054	46028266
13231974	13232227
65756467	65756745
102158762	102158975
19764296	19764539
68899111	68899338
46911250	46911468
85306424	85306635
33709489	33709737
34607849	34608115
61715169	61715394
14322350	14322566
116976751	116976977
68868933	68869178
86529571	86529803
61875531	61875748
61500946	61501179
27180393	27180615
32982224	32982421
67150075	67150298
19092789	19093015
48194483	48194696
36724263	36724476
46269206	46269421
122376501	122376747
66104172	66104385
7119568	7119764
61822036	61822297
45132252	45132468
34912471	34912677
68400369	68400602
8981189	8981400
10955343	10955569
62162369	62162587
67124412	67124639
100447257	100447457
72436353	72436577
75156441	75156688
74734015	74734234
109817024	109817239
34947732	34947943
6374705	6374958
74281624	74281841
26156593	26156804
94495443	94495698
12065827	12066073
96197076	96197294
95569272	95569480
86167211	86167474
83527704	83527908
78356343	78356562
98886651	98886879
59686564	59686762
83547913	83548116
9994524	9994732
35637809	35638017
76029869	76030108
5226119	5226322
33992650	33992853
2909647	2909881
14270962	14271165
59570128	59570315
59590558	59590763
20669621	20669831
61564744	61564948
74991286	74991489
61849579	61849803
61638688	61638907
77259374	77259583
62264673	62264897
11820457	11820665
72158076	72158272
47874997	47875192
12068999	12069240
36500336	36500543
58281307	58281508
7592984	7593200
82429345	82429552
75607977	75608174
34018632	34018843
56608795	56608992
57568221	57568434
65133808	65134021
72296818	72297042
63403397	63403616
36313946	36314144
70042265	70042487
33851155	33851359
32830869	32831067
58926015	58926211
60598578	60598799
87749683	87749884
35413801	35414056
63713370	63713575
63972095	63972299
18137138	18137348
96160042	96160226
8214198	8214410
26318808	26319021
125793031	125793219
75099843	75100043
72542576	72542804
117817694	117817879
47475832	47476038
43911863	43912070
36287644	36287861
60033196	60033380
26775514	26775715
110072143	110072362
87001420	87001619
19575349	19575582
96076418	96076628
33087192	33087418
93628638	93628827
33187858	33188046
29470160	29470360
12310233	12310419
64614667	64614916
19579312	19579525
26671411	26671599
17620585	17620791
13365763	13365964
34514455	34514658
85753027	85753229
4647527	4647718
72182421	72182644
124831989	124832181
112090551	112090746
44958082	44958280
5829746	5829944
7687022	7687246
118827341	118827546
3113100	3113305
86630704	86630914
73642442	73642648
60955097	60955300
62448353	62448548
8008505	8008713
62803232	62803441
99610298	99610490
27725146	27725349
16807161	16807350
18265412	18265600
71736241	71736456
57294700	57294896
87063874	87064094
46559456	46559651
113176524	113176722
5402050	5402253
65021534	65021727
19973128	19973341
10388282	10388480
73104692	73104887
76445019	76445254
100801008	100801194
66175936	66176156
14930166	14930366
6044316	6044495
71688892	71689080
122982196	122982398
33351361	33351558
74437705	74437893
129234109	129234324
75863275	75863486
111648112	111648290
70313693	70313886
74640874	74641084
10344633	10344822
17752662	17752865
27318059	27318224
80948256	80948439
96127016	96127206
101731589	101731784
68856241	68856438
128826425	128826621
192083	192280
17526189	17526393
79419461	79419655
131278031	131278241
25755413	25755588
126180468	126180653
123278182	123278375
36768727	36768936
83435039	83435232
25756237	25756413
45354016	45354214
85929579	85929793
34195960	34196168
75514384	75514563
95497541	95497709
35019516	35019694
100726295	100726477
95582334	95582523
33737863	33738057
73336838	73337029
32073776	32073973
29454380	29454579
33879482	33879684
86650249	86650424
12258121	12258341
77330732	77330921
17405551	17405753
77939530	77939721
86581107	86581309
128987598	128987783
102366235	102366414
8247204	8247412
62630189	62630389
123578394	123578588
117924196	117924384
72142102	72142283
47638671	47638861
44560100	44560289
128042305	128042491
84269231	84269421
3362637	3362823
16635273	16635459
7678665	7678857
119537184	119537371
120170750	120170956
61405970	61406164
82575330	82575521
5312555	5312754
108525819	108526002
4203411	4203629
10814089	10814299
62500397	62500589
121462215	121462399
76899466	76899661
130731931	130732140
1108724	1108936
57017280	57017471
19925155	19925342
8588241	8588419
3830428	3830609
76630228	76630402
65479302	65479482
113160376	113160583
12910379	12910593
92958882	92959075
66821407	66821600
13977520	13977719
43873676	43873875
86992603	86992793
11953104	11953294
44638493	44638697
65990239	65990428
67085086	67085309
12915706	12915880
9770101	9770301
36171562	36171767
100803331	100803505
73372046	73372243
108568703	108568896
64420646	64420837
9883784	9883968
62192292	62192476
74154233	74154405
86343901	86344114
19585671	19585862
105733596	105733777
78275566	78275730
19281386	19281563
111317367	111317554
66079330	66079560
85904629	85904845
2554069	2554271
73000583	73000787
75095592	75095809
45793564	45793771
16967556	16967738
111712277	111712455
64885303	64885502
62791627	62791816
60542925	60543106
65902096	65902274
118777811	118778019
28719557	28719733
128160010	128160204
94887752	94887927
109724007	109724186
102537176	102537359
75578916	75579092
45315207	45315425
63639571	63639739
6384388	6384571
3238448	3238652
32735163	32735339
103472078	103472265
61395707	61395879
11049744	11049916
3630988	3631162
124539135	124539304
119067678	119067860
32319213	32319401
73675454	73675646
102164842	102165007
16841925	16842094
112151355	112151541
32028450	32028624
48130957	48131158
73046581	73046776
17251751	17251943
27716653	27716812
108519081	108519293
59197496	59197661
73189883	73190074
13794107	13794278
47198989	47199234
94630529	94630705
120043017	120043199
47370500	47370673
70037722	70037911
46148783	46148964
76802267	76802473
128754709	128754898
94237976	94238140
723347	723524
63506312	63506491
47281140	47281318
102483787	102483963
109810015	109810173
59448125	59448299
68024955	68025151
85405537	85405713
102811807	102811983
22897550	22897755
128500357	128500530
17085036	17085214
85301991	85302162
29293691	29293850
123117987	123118186
83232797	83232980
9634782	9634956
30939528	30939692
29040265	29040445
86071937	86072097
32195081	32195243
103798379	103798552
101299728	101299894
31128641	31128824
58903454	58903629
45392862	45393037
126064109	126064281
34380826	34381177
130304939	130305152
46260799	46260990
2177768	2177966
33829871	33830046
127901536	127901710
10229727	10229895
29365396	29365566
116750640	116750823
118016097	118016287
117097242	117097409
125744507	125744676
36514360	36514527
72284496	72284688
77487623	77487790
83004100	83004286
44578301	44578487
47201164	47201331
101307353	101307524
69458172	69458361
2952055	2952254
75258698	75258885
46330169	46330356
129793303	129793475
61213744	61213916
67973693	67973874
110247504	110247684
123978962	123979139
122724773	122724935
72953732	72953919
130002224	130002407
45124757	45124933
31257713	31257888
20149896	20150089
2552694	2552876
111984262	111984441
65238959	65239139
69703405	69703576
93385333	93385488
72896355	72896547
65200523	65200697
8285440	8285608
8936066	8936254
42546278	42546446
95788129	95788297
67273641	67273811
60897314	60897510
76906908	76907073
67118743	67118932
34489878	34490057
85652496	85652672
114131829	114132014
117678313	117678472
68065279	68065483
35433973	35434130
82578634	82578807
65339448	65339596
33764149	33764311
2449532	2449729
29282563	29282733
20154060	20154237
65183910	65184099
87132484	87132640
118359303	118359473
59052133	59052281
113601726	113601895
102139527	102139700
9037259	9037420
10675917	10676076
8054827	8054997
129201801	129201966
60131048	60131193
118069110	118069291
83382425	83382587
64321044	64321221
102604112	102604289
58975523	58975682
114151434	114151603
72125296	72125480
123349191	123349363
100446245	100446396
66849018	66849200
18874984	18875142
119244966	119245137
128701144	128701317
35843760	35843956
45894371	45894551
100553094	100553250
57409074	57409252
34920654	34920853
82393347	82393501
12985704	12985899
67976721	67976883
72635733	72635906
34675628	34675832
66446036	66446225
45986527	45986716
104480052	104480217
111101196	111101387
10203471	10203624
58938985	58939177
66246483	66246656
67113426	67113601
69789283	69789465
57113207	57113363
119978991	119979173
61665216	61665377
62310289	62310481
6319198	6319345
122974046	122974199
61984731	61984903
72394855	72395029
5145403	5145586
120100613	120100770
71131577	71131735
76224284	76224432
86002931	86003108
61938793	61938955
74164544	74164717
69500737	69500909
71894590	71894734
82798195	82798332
68214769	68214945
1051166	1051327
67427005	67427152
12433935	12434123
74982171	74982333
23135259	23135433
97012010	97012161
66743483	66743655
23561706	23561869
124706967	124707126
61103768	61103937
20375505	20375654
76631005	76631169
111435964	111436132
73018415	73018605
36644422	36644577
119345500	119345672
63360694	63360838
60941087	60941238
47182705	47182830
65679332	65679486
114211064	114211225
9159377	9159560
97326118	97326278
16627845	16628011
6724823	6724958
31418908	31419068
18561905	18562037
37679324	37679474
77757327	77757491
39387516	39387668
44155013	44155161
124199782	124199937
44307964	44308142
11044036	11044178
85565999	85566170
18001408	18001570
34388181	34388342
61666687	61666858
65585777	65585937
19926913	19927081
64068557	64068716
55710382	55710538
62148322	62148467
33383999	33384164
76521380	76521527
122652209	122652361
66153747	66153890
37470862	37471013
66156600	66156734
102681805	102681967
82952510	82952640
58292137	58292309
10646119	10646284
6778710	6778867
106908379	106908529
44642809	44642974
120105863	120106019
36586024	36586190
107769123	107769275
116562501	116562666
74450917	74451060
92675253	92675418
107560420	107560598
92903254	92903386
13204673	13204817
18193031	18193206
129620830	129620958
59898107	59898251
103072905	103073052
115195408	115195564
130764407	130764562
107420097	107420248
101733279	101733445
74916080	74916233
43304587	43304749
33857121	33857261
130934415	130934563
7463918	7464092
65236433	65236558
88620068	88620210
65652218	65652380
101878695	101878836
59521544	59521688
94884777	94884940
27518932	27519059
2440975	2441138
69485095	69485244
131543939	131544105
123942172	123942332
20132537	20132688
30367761	30367918
6337170	6337311
77711283	77711420
62078720	62078880
105732060	105732213
31663145	31663285
130304465	130304615
55474631	55474779
66095896	66096028
111472793	111472959
30982063	30982196
61515249	61515415
62676718	62676852
32345189	32345319
107988637	107988766
83539123	83539279
66650763	66650904
133705182	133705344
64084482	64084628
35507361	35507519
111457145	111457303
117688568	117688706
44932976	44933135
94296808	94296950
124065936	124066087
56551052	56551170
76002983	76003128
10329404	10329574
14440505	14440639
76549842	76550002
12124172	12124309
4658246	4658374
65097515	65097643
86319410	86319640
109568094	109568227
82617345	82617484
4208877	4209026
93654987	93655124
122504037	122504185
75119083	75119198
57224912	57225082
61245232	61245404
34009655	34009790
58556009	58556151
75918747	75918880
102212607	102212746
129655422	129655551
12181263	12181431
12431553	12431676
65512063	65512221
118798814	118798957
64085524	64085694
14558714	14558858
11870900	11871016
122499811	122499959
9187495	9187654
46941538	46941658
75039841	75040017
122451310	122451462
128027651	128027805
76391998	76392132
44948755	44948895
68811796	68811938
6727259	6727385
121065552	121065679
64972350	64972487
71083882	71084024
118161749	118161897
34911768	34911887
82486896	82487024
82638427	82638563
23042972	23043092
5391221	5391361
84275760	84275894
119352182	119352312
47279560	47279711
18753611	18753771
86689956	86690059
22355754	22355878
3058635	3058770
103196799	103196944
102926007	102926145
92619601	92619749
27720606	27720772
2442041	2442192
120053652	120053788
130301247	130301432
22809232	22809371
67433095	67433214
11811416	11811539
19333004	19333159
60386310	60386442
118560949	118561150
38813010	38813130
122781612	122781772
76432920	76433043
117297044	117297187
72560037	72560158
68151521	68151658
74345794	74345912
8240935	8241075
66206561	66206676
26306534	26306639
63916220	63916368
126310850	126310985
58421576	58421720
70601729	70601877
64122609	64122790
87965185	87965320
65835823	65835944
18672851	18672984
44059041	44059178
67030290	67030405
45255109	45255230
118790640	118790712
15027803	15027919
120555741	120555856
58443139	58443255
66346600	66346728
62001352	62001468
76518566	76518682
45127159	45127288
18000357	18000483
101327675	101327801
113865207	113865335
101751071	101751208
61022029	61022152
124961198	124961331
10012370	10012500
6552660	6552775
27550386	27550525
66197572	66197683
62980294	62980395
134738604	134738737
14170341	14170455
65149869	65149976
43441032	43441149
64257418	64257534
33564622	33564746
16957501	16957621
64099400	64099538
59937108	59937338
13356933	13357045
87589278	87589409
66659771	66659848
5025793	5025933
13260571	13260691
70317462	70317579
19830191	19830317
32176050	32176173
29549314	29549423
64764383	64764512
130793303	130793436
67340305	67340419
46336777	46336932
112985302	112985420
78357783	78357905
67777222	67777293
17752199	17752305
90021498	90021616
65308462	65308579
122449031	122449136
13205247	13205371
110318797	110318911
15122773	15122899
15671663	15671772
87174702	87174808
31509545	31509673
62537314	62537425
43846931	43847032
1674026	1674163
61284541	61284645
130697803	130697935
35259816	35259885
76758108	76758221
40328631	40328735
3870636	3870733
65337610	65337674
63275638	63275756
59304798	59304897
1715314	1715448
124285369	124285450
103128202	103128334
72504656	72504757
94252740	94252970
18013506	18013617
73062298	73062528
44115956	44116069
102785627	102785741
119155408	119155526
124514344	124514463
2913377	2913529
13406488	13406563
62462301	62462406
75434347	75434469
112459033	112459148
60019115	60019216
107434492	107434587
2996960	2997065
61299744	61299821
71855182	71855272
76824618	76824848
88285734	88285823
47395590	47395651
67020399	67020475
13174418	13174533
61544079	61544179
113767146	113767261
105958702	105958804
118511602	118511717
92969971	92970201
36078025	36078144
11058519	11058623
124663706	124663807
3071247	3071327
73115233	73115324
132948606	132948723
111802624	111802748
32334576	32334692
89938163	89938255
122925118	122925233
12506959	12507189
103553165	103553287
82961164	82961275
8114337	8114437
20359231	20359331
10792263	10792493
14476693	14476819
85175491	85175601
66079867	66080004
16810043	16810142
13487599	13487707
92865027	92865139
64555130	64555360
85941330	85941433
58344663	58344731
120173906	120173964
118801111	118801210
11988521	11988608
46511667	46511760
93355366	93355474
8350487	8350589
121526850	121526935
71010417	71010647
100851058	100851157
80718210	80718306
63409370	63409428
69498803	69498896
60666952	60667012
17782057	17782141
74413571	74413675
126860412	126860518
57045442	57045542
35485994	35486104
1314973	1315073
27861114	27861344
305070	305161
113403509	113403739
3131518	3131595
64661856	64661972
118436765	118436823
60655149	60655262
57430449	57430558
30336333	30336414
120205579	120205809
65577613	65577843
62361085	62361315
123511794	123511903
31892678	31892908
120983399	120983482
32771165	32771395
6759181	6759411
6464776	6464872
66789263	66789493
8710382	8710456
122734600	122734670
31261943	31262173
47879763	47879993
13271705	13271804
5621665	5621745
15230333	15230393
32814542	32814634
34534476	34534706
6833791	6833857
35509193	35509423
102261556	102261642
71802456	71802534
6526951	6527181
26155733	26155800
18432065	18432156
74855622	74855728
46550978	46551082
124456258	124456364
84095848	84095919
20631789	20631851
15873906	15873995
73071648	73071711
448425	448485
57412368	57412469
3876255	3876338
9779744	9779880
65247083	65247182
67411650	67411756
93276533	93276654
76131096	76131174
44131887	44131968
64845815	64845875
101719074	101719304
2218583	2218686
88831198	88831311
56884217	56884312
46830429	46830659
117714842	117714940
14811502	14811732
84235645	84235749
66849563	66849632
131381766	131381996
74099774	74100004
74322453	74322683
85917030	85917114
45274115	45274199
92822765	92822995
70831705	70831935
63597511	63597590
120381906	120382014
45676861	45677091
29655967	29656028
10900332	10900427
18797308	18797538
2800497	2800600
63438216	63438446
19098614	19098844
122086191	122086421
114609818	114609887
67788900	67788983
10434955	10435047
67396770	67397000
45361658	45361888
5733796	5734026
32637137	32637204
65017865	65018095
64216349	64216579
61721776	61721856
118560606	118560736
13797861	13797929
2024217	2024281
74851658	74851888
47255560	47255790
46639469	46639540
65319595	65319825
111852811	111853041
71054742	71054816
93905018	93905101
35030984	35031214
451063	451151
95438758	95438988
13992577	13992807
28551276	28551361
118465903	118465964
78811211	78811441
19959870	19960100
111845916	111845987
3829130	3829360
17493221	17493291
111154133	111154191
115205785	115205857
65083104	65083334
34587141	34587212
2326687	2326787
112665971	112666201
94336321	94336551
36328507	36328737
11808404	11808634
9635715	9635945
64877918	64877988
27520735	27520965
89982904	89982966
128354161	128354391
43526251	43526329
30164729	30164959
32395833	32396063
81355353	81355583
116512388	116512457
41222792	41223022
61975604	61975667
35949384	35949614
37025185	37025286
83422248	83422478
86130035	86130265
69059888	69060118
10928080	10928310
46918608	46918838
8835198	8835428
118901633	118901863
84511879	84512109
30355092	30355154
65405273	65405503
66738318	66738548
9281883	9281945
22325956	22326186
64781129	64781188
29041933	29042163
66935783	66936013
12309187	12309417
74581665	74581766
125931670	125931754
65537334	65537564
134009749	134009979
119194399	119194484
35327401	35327631
34393138	34393368
27738487	27738717
40315699	40315929
22942571	22942801
49191272	49191381
36056578	36056808
8092047	8092277
87836872	87837102
8790175	8790405
68870260	68870490
125741382	125741612
43300264	43300494
122451831	122452061
118530234	118530464
12077758	12077988
77531750	77531980
17408245	17408475
112150665	112150895
94331244	94331305
728045	728275
43832580	43832810
134230327	134230388
9298226	9298456
4514605	4514698
34330912	34331142
79866620	79866680
66025752	66025982
2421531	2421761
61447664	61447894
18866403	18866633
67458755	67458818
107447348	107447444
69008236	69008466
131374238	131374301
116603496	116603726
4560908	4561138
5627084	5627314
47429641	47429871
14330229	14330459
5705879	5706109
72948023	72948253
82412967	82413197
74743092	74743322
67188992	67189222
43589021	43589251
20376862	20377092
82930227	82930457
9556723	9556953
88218046	88218276
122893979	122894037
93917008	93917238
100500468	100500698
45792910	45792970
32407597	32407827
76758880	76758939
62395244	62395474
17549720	17549950
72395652	72395882
104817744	104817974
122891749	122891979
62146027	62146257
133797649	133797712
26308096	26308326
95770760	95770990
47789920	47790150
68912472	68912702
94150629	94150859
123382030	123382260
8355493	8355723
76262564	76262794
20465245	20465475
7715990	7716220
1409240	1409470
12782702	12782932
6460293	6460523
35412679	35412909
57016573	57016803
32906408	32906638
66185646	66185876
15060585	15060815
1224287	1224517
119241259	119241489
99558122	99558352
71892793	71893023
36063705	36063763
126350700	126350930
64456286	64456395
63920578	63920808
3430028	3430258
75417377	75417607
104022277	104022341
102906751	102906981
84491828	84492058
15841314	15841544
17289269	17289499
58053803	58054033
2906325	2906396
120823564	120823794
61203015	61203245
18824265	18824495
69455812	69456042
111722433	111722663
94701601	94701831
64416953	64417183
7709551	7709781
123132256	123132486
118042414	118042644
69251742	69251972
122666920	122667150
66717619	66717849
124272306	124272536
129994013	129994243
65356236	65356466
62107757	62107987
22266610	22266840
45864752	45864982
97814572	97814802
93381396	93381626
86513694	86513924
65789972	65790202
35385697	35385927
29315484	29315714
85555510	85555740
189993	190223
62160875	62161105
64456004	64456126
107641801	107642031
2021901	2022131
123346312	123346542
107870555	107870785
662773	663003
118166627	118166857
5497526	5497756
43966373	43966603
36453436	36453666
68593160	68593390
61668907	61669137
47572785	47573015
57260969	57261199
109736600	109736830
46411005	46411235
130083032	130083262
111749730	111749960
64111364	64111594
64019672	64019902
67033699	67033929
119192474	119192532
765354	765584
121190037	121190267
44141803	44142033
6776657	6776887
30877031	30877261
26572808	26573038
47292518	47292748
101630876	101631106
62895642	62895872
27226207	27226437
30218221	30218451
64217076	64217306
81940455	81940685
86808609	86808839
35297086	35297316
67141672	67141902
64948377	64948607
78297571	78297801
26050169	26050399
35732813	35733043
14062671	14062901
62555154	62555384
3042499	3042729
6704645	6704875
34285063	34285293
44348282	44348512
64774343	64774573
1859023	1859253
11287621	11287851
35426113	35426343
119209065	119209295
94501187	94501417
118223924	118224154
62699086	62699316
32253512	32253742
58335463	58335693
76510334	76510564
36153362	36153592
64071831	64072061
47870132	47870362
34586555	34586785
95824785	95825015
130016247	130016477
59961134	59961364
18785863	18786093
110304559	110304789
17494992	17495222
106027012	106027242
41482710	41482940
34862409	34862639
68378278	68378508
85657357	85657587
125274828	125275058
85871589	85871819
87433723	87433953
44915770	44916000
64109969	64110199
123582070	123582300
100316264	100316494
1254573	1254803
68038640	68038870
66050019	66050249
61152456	61152686
123425676	123425906
77860821	77861051
60737832	60738062
27255830	27256060
119512816	119513046
27146499	27146729
32093411	32093641
12143726	12143956
65468011	65468241
36562654	36562884
25992730	25992960
84425398	84425628
89350255	89350485
13038006	13038236
1567918	1568148
49547821	49548051
61425126	61425356
80438479	80438709
118758443	118758673
34171414	34171644
118971016	118971246
67788125	67788355
126477256	126477486
116147367	116147597
13136506	13136736
27444756	27444986
27745329	27745559
71165861	71166091
69064124	69064354
8405793	8406023
60683007	60683237
65361315	65361545
67236751	67236981
10586323	10586553
71524850	71525080
85537209	85537439
21954712	21954942
44545145	44545375
58668311	58668541
126586425	126586655
34961837	34962067
30149950	30150180
129637106	129637336
101991540	101991770
72853352	72853582
47877831	47878061
7165225	7165455
36374617	36374847
19975532	19975762
129099952	129100182
130894990	130895220
10535806	10536036
118135087	118135317
61793080	61793310
64418461	64418691
29303826	29304056
71949240	71949470
11917295	11917525
46389208	46389438
125299056	125299286
8183550	8183780
75050775	75051005
80031902	80032132
6303293	6303523
86282647	86282877
86278568	86278798
1903743	1903973
2019607	2019837
126177673	126177903
88025690	88025920
50017199	50017429
3438381	3438491
13894829	13895059
71781043	71781273
22010092	22010322
47242151	47242381
65655850	65656080
94479903	94480133
35052270	35052500
71274593	71274823
62037211	62037441
47237815	47238045
60468760	60468990
37967798	37968028
113667452	113667682
75479717	75479947
47738278	47738508
69536619	69536849
35358862	35359092
58397407	58397637
56392115	56392345
35282837	35283067
18761307	18761537
78131437	78131667
117689873	117690103
118796612	118796842
34676519	34676749
33345059	33345289
107670052	107670282
85887652	85887882
11688686	11688916
65033749	65033979
12936147	12936377
122073695	122073925
73849680	73849910
63406757	63406987
81208315	81208545
34877345	34877575
92788166	92788396
106592193	106592423
72524016	72524246
47574706	47574936
121526260	121526490
64102626	64102856
80716727	80716957
73882056	73882286
17994666	17994896
5912518	5912748
66822503	66822733
9587678	9587908
118661126	118661356
39396756	39396986
16653815	16654045
78127993	78128223
44749468	44749698
118974558	118974788
58825948	58826178
898589	898819
6319905	6320135
102188046	102188276
70661052	70661282
119015656	119015886
47968764	47968994
105023346	105023576
47280853	47280946
19690164	19690394
85780858	85781088
73006560	73006790
2058180	2058410
10772732	10772962
36442456	36442686
35105417	35105647
102238169	102238399
58974183	58974413
75286029	75286259
27223577	27223807
128502089	128502319
71511479	71511709
96058226	96058456
95701840	95702070
6013941	6014171
68934109	68934339
8268936	8269166
69616374	69616604
71291190	71291420
101845118	101845348
31362600	31362830
125985857	125986087
63702021	63702251
118973276	118973506
66862454	66862684
76309634	76309864
46257702	46257932
86235164	86235394
34272697	34272927
111475202	111475432
62742672	62742902
96963898	96964128
40150909	40151139
93275067	93275297
9781221	9781451
86667053	86667283
119404599	119404829
102463781	102464011
48000944	48001174
101982811	101983041
114133492	114133722
27727498	27727728
12578401	12578631
102678789	102679019
82782738	82782968
49250792	49251022
5574632	5574862
67156980	67157210
63535730	63535960
10098470	10098700
68768325	68768555
82781495	82781725
57045694	57045924
89066944	89067174
1536769	1536999
100558582	100558812
3476163	3476393
7873021	7873251
80409832	80410062
57519214	57519444
76474034	76474264
78426835	78427065
12517742	12517972
63913614	63913844
9775470	9775700
59007029	59007259
113906837	113907067
78672279	78672509
11863174	11863404
90981442	90981672
72906467	72906697
124633127	124633357
26353533	26353763
67407522	67407752
114051257	114051487
101261354	101261584
64053943	64054173
104125189	104125419
60101586	60101816
32892332	32892562
130259941	130260171
35384255	35384485
8888667	8888897
72354104	72354334
66827669	66827899
8891995	8892225
63435556	63435786
75949057	75949287
133920440	133920670
58864680	58864910
69066015	69066245
58939388	58939618
128318512	128318742
86706432	86706662
30129522	30129752
105480029	105480259
124707465	124707695
12101703	12101933
47561758	47561988
2858322	2858552
68611407	68611637
118478540	118478770
11099981	11100211
65194506	65194736
103490294	103490524
65220615	65220845
2173246	2173476
129751575	129751805
65393516	65393746
66812823	66813053
75308761	75308991
121119958	121120188
21533462	21533692
90209666	90209896
9685383	9685613
66749594	66749824
7374327	7374557
13228886	13229116
89408610	89408840
3862874	3863104
8331490	8331720
97428503	97428733
119231807	119232037
102651232	102651462
7299595	7299825
114188531	114188761
75207403	75207633
69656931	69657161
22191473	22191703
18749235	18749465
94802903	94803133
100712460	100712690
11898095	11898325
88135675	88135905
268805	269035
2713637	2713867
7534400	7534630
86317910	86318140
64622474	64622704
62554614	62554844
65261367	65261597
103408721	103408951
124737659	124737889
64510388	64510618
10428621	10428851
110238358	110238588
24256752	24256982
24408189	24408419
69412995	69413225
118182314	118182544
73472201	73472431
114030802	114031032
34706926	34707156
86510126	86510356
42653147	42653377
116703041	116703271
116662039	116662269
36280357	36280587
108093633	108093863
48138456	48138686
78787656	78787886
111893896	111894126
62310708	62310938
66360221	66360451
41520370	41520600
83426729	83426959
66742565	66742795
14929355	14929585
12591025	12591255
6689127	6689357
12051609	12051839
64472050	64472280
73999214	73999444
94254940	94255170
62554053	62554283
12074823	12075053
114349620	114349850
66824835	66825065
64427347	64427577
122904615	122904845
78125349	78125579
518643	518873
57524428	57524658
68890365	68890595
104127325	104127555
19529709	19529939
80584739	80584969
86454909	86455139
110333948	110334178
71040083	71040313
15298231	15298461
46385245	46385475
45269125	45269355
70073151	70073381
1714503	1714733
83278104	83278334
66510822	66511052
116324832	116325062
34214675	34214905
67398122	67398352
33082997	33083227
48234326	48234556
125423941	125424171
86495428	86495658
4208220	4208450
33341608	33341838
46391059	46391289
122164448	122164678
84109153	84109383
87637575	87637805
45427904	45428134
2172728	2172958
10915401	10915631
9406640	9406870
68565777	68566007
64124068	64124298
83447805	83448035
102665253	102665483
11178814	11179044
64490985	64491215
1595974	1596204
33744914	33745144
66685425	66685655
82800172	82800402
96698318	96698548
94465330	94465560
9160539	9160769
46368795	46369025
65307676	65307906
94871635	94871865
114218982	114219212
63669189	63669419
70952446	70952676
112045841	112046071
47183179	47183409
29141600	29141830
6272438	6272668
78143314	78143544
19182483	19182713
12257148	12257378
103480267	103480497
64655420	64655650
65904979	65905209
61328030	61328260
12009353	12009583
61740302	61740532
123305054	123305284
129566009	129566239
89138779	89139009
67206836	67207066
1974860	1975090
28093991	28094221
65670661	65670891
27723098	27723328
8359673	8359903
86487289	86487519
88131606	88131836
36091482	36091712
46360946	46361176
61160777	61161007
119870040	119870270
68983301	68983531
96040103	96040333
88271412	88271642
15349319	15349549
15096568	15096798
12835222	12835452
12197572	12197802
102124207	102124437
61828911	61829141
10562738	10562968
72145153	72145383
69795589	69795819
70295177	70295407
121891718	121891948
93303992	93304222
34702765	34702995
17376105	17376335
125439067	125439297
119884029	119884259
111299849	111300079
85894233	85894463
56898625	56898855
102049125	102049355
88014568	88014798
112066761	112066991
86884799	86885029
72310041	72310271
68717838	68718068
36967001	36967231
120673005	120673235
12983252	12983482
122067857	122068087
67777560	67777790
12714226	12714456
86807026	86807256
18166652	18166882
73470669	73470899
2320585	2320815
23855949	23856179
27417160	27417390
66651142	66651372
78509715	78509945
28695980	28696210
12715267	12715497
64617088	64617318
63808240	63808470
110228143	110228373
108459077	108459307
28167765	28167995
86119960	86120190
258210	258440
96125141	96125371
17519663	17519893
72300890	72301120
15792445	15792675
82997485	82997715
20057446	20057676
2914163	2914393
74032596	74032826
19681781	19682011
47945859	47946089
66701070	66701300
17230894	17231124
6625609	6625839
12188629	12188859
101785889	101786119
16023545	16023775
36694447	36694677
65812697	65812927
47545196	47545426
101881875	101882105
60392828	60393058
78076483	78076713
101723101	101723331
67781836	67782066
898070	898300
20016703	20016933
35601298	35601528
34006302	34006532
124147806	124148036
70788815	70789045
9114774	9115004
119350500	119350730
105762754	105762984
61641953	61642183
83368174	83368404
63513111	63513341
8740857	8741087
66703928	66704158
12037899	12038129
86430921	86431151
9928106	9928336
77122891	77123121
102015800	102016030
86235794	86236024
10255238	10255468
36031204	36031434
27956423	27956653
61792532	61792762
65120337	65120567
26300002	26300232
125594135	125594365
66839263	66839493
27545830	27546060
94609840	94610070
69069294	69069524
63042340	63042570
24757577	24757807
76572285	76572515
58968983	58969213
9336406	9336636
13557441	13557671
60253431	60253661
27486091	27486321
90192645	90192875
102485288	102485518
19701778	19702008
70079570	70079800
25983173	25983403
68637136	68637366
64646003	64646233
47959555	47959785
83021859	83022089
20694245	20694475
103748047	103748277
125812021	125812251
13236749	13236979
10144471	10144701
16212991	16213221
83432426	83432656
28723667	28723897
128756360	128756590
46691464	46691694
35373911	35374141
2194448	2194678
119995732	119995962
67780770	67781000
112160797	112161027
10512198	10512428
86694255	86694485
12087823	12088053
9927583	9927813
12452503	12452733
86451694	86451924
81155428	81155658
27664597	27664827
134944371	134944601
762489	762719
129836222	129836452
41634027	41634257
47290520	47290750
108659381	108659611
88148257	88148487
92733754	92733984
69275370	69275600
112325015	112325245
47679834	47680064
44797026	44797256
24412759	24412989
61739149	61739379
35843399	35843629
61813308	61813538
76903204	76903434
108777086	108777316
62009661	62009891
95992701	95992931
119178103	119178333
67007165	67007395
10476495	10476725
10331130	10331360
124053614	124053844
75162581	75162811
62217021	62217251
106004362	106004592
108487401	108487631
125215720	125215950
71823824	71824054
102177028	102177258
94234775	94235005
64353491	64353721
62651806	62652036
102015185	102015415
18405321	18405551
26209300	26209530
12204287	12204517
94519766	94519996
13283244	13283474
124840930	124841160
46373732	46373962
46258807	46259037
34296292	34296522
70050002	70050232
75959375	75959605
111749168	111749398
134131996	134132226
65078816	65079046
67382942	67383172
65239654	65239884
116095170	116095400
57244467	57244697
12241316	12241546
33366249	33366479
59885900	59886130
12890325	12890555
34654047	34654277
76406237	76406467
65264761	65264991
119252285	119252515
77124985	77125215
108741979	108742209
62389016	62389246
47934514	47934744
32283463	32283693
46558788	46559018
8248952	8249182
110227588	110227818
33693549	33693779
33934369	33934599
102138374	102138604
12088528	12088758
104694435	104694665
29026999	29027229
10921341	10921571
119026828	119027058
6634082	6634312
73979569	73979799
34127016	34127246
121192411	121192641
86195290	86195520
123036769	123036999
61463563	61463793
93517977	93518207
67917679	67917909
74952708	74952938
119242530	119242760
75236890	75237120
106102437	106102667
69048582	69048812
105448449	105448679
28131671	28131901
7921009	7921239
116706783	116707013
17434341	17434571
71300298	71300528
34265266	34265496
121979003	121979233
120783304	120783534
10509798	10510028
78001343	78001573
12836418	12836648
105003449	105003679
65259316	65259546
46360561	46360791
34523166	34523396
35051542	35051772
67168945	67169175
71814501	71814731
47299245	47299475
34302992	34303222
82245082	82245312
125983581	125983811
12599909	12600139
97140612	97140842
65188712	65188942
83972824	83973054
2790353	2790583
118129194	118129424
27738964	27739194
122293549	122293779
107611747	107611977
15238326	15238556
24801422	24801652
79204662	79204892
1846272	1846502
23924750	23924980
24719231	24719461
46181848	46182078
34066524	34066754
68905838	68906068
8625596	8625826
62648754	62648984
35188204	35188434
108844205	108844435
46863739	46863969
8112389	8112619
35529300	35529530
60115667	60115897
12745947	12746177
77184973	77185203
89846765	89846995
28509220	28509450
86387610	86387840
34379936	34380166
12184301	12184531
63456809	63457039
66886419	66886649
131618138	131618368
71350304	71350534
12705473	12705703
112668738	112668968
6271066	6271296
110338365	110338595
9309730	9309960
7998876	7999106
130036381	130036611
98222159	98222389
84101541	84101771
11422483	11422713
45869664	45869894
76812270	76812500
98706181	98706411
83424800	83425030
67782250	67782480
98438799	98439029
4847788	4848018
47955454	47955684
86522771	86523001
72039543	72039773
66845872	66846102
98705509	98705739
67890589	67890819
63862103	63862333
11640610	11640840
68776296	68776526
130501006	130501236
46543984	46544214
117186980	117187210
28990924	28991154
33703979	33704209
69339371	69339601
86507075	86507305
47600457	47600687
94826206	94826436
69612041	69612271
29517316	29517546
37546969	37547199
35053503	35053733
73676167	73676397
15280051	15280281
57226226	57226456
60113075	60113305
1581898	1582128
43730412	43730642
59030809	59031039
113145539	113145769
12148247	12148477
127713768	127713998
57247853	57248083
110067021	110067251
83255242	83255472
12693008	12693238
86437494	86437724
68351544	68351774
11722639	11722869
80584392	80584622
73495443	73495673
47210946	47211176
64624231	64624461
3147861	3148091
78543353	78543583
116943281	116943511
58949938	58950168
27406866	27407096
77081383	77081613
68170257	68170487
99196613	99196843
12254398	12254628
43594875	43595105
126002213	126002443
100699127	100699357
19345137	19345367
1042003	1042233
108007071	108007301
76838234	76838464
86171049	86171279
33065860	33066090
27489771	27490001
122310586	122310816
65547457	65547687
59624911	59625141
123447754	123447984
119165973	119166203
10315014	10315244
8832120	8832350
101982015	101982245
80567184	80567414
29503303	29503533
35104113	35104343
122292492	122292722
76757088	76757318
86449723	86449953
27414353	27414583
29232813	29233043
98811726	98811956
67761321	67761551
47939382	47939612
15180731	15180961
12015462	12015692
64073481	64073711
64037095	64037325
31255052	31255282
101737468	101737698
118134422	118134652
102554090	102554320
109963410	109963640
116765213	116765443
73490653	73490883
8256167	8256397
72130305	72130535
119039275	119039505
61730624	61730854
113077460	113077690
67914607	67914837
45204649	45204879
26544537	26544767
88228097	88228327
113075098	113075328
12399588	12399818
83592586	83592816
69933625	69933855
64611829	64612059
108829596	108829826
85520918	85521148
69974492	69974722
8625938	8626168
114645435	114645665
12109034	12109264
112455447	112455677
33711977	33712207
77706031	77706261
86289231	86289461
12267217	12267447
64535240	64535470
27384805	27385035
19679964	19680194
17792535	17792765
67980192	67980422
71726790	71727020
69259373	69259603
22152293	22152523
82745510	82745740
57566585	57566815
18350738	18350968
46563628	46563858
116789760	116789990
71014066	71014296
74397867	74398097
2187401	2187631
61781095	61781325
68458580	68458810
101783508	101783738
12691538	12691768
112163895	112164125
132811012	132811242
90372929	90373159
6327989	6328219
28039175	28039405
47883436	47883666
63328254	63328484
37733875	37734105
76481708	76481938
92751519	92751749
125218723	125218953
107879456	107879686
35915727	35915957
27437190	27437420
95976476	95976706
88269188	88269418
22561594	22561824
75083347	75083577
34621270	34621500
63609091	63609321
123029422	123029652
119005157	119005387
34677022	34677252
4006250	4006480
61345238	61345468
62306728	62306958
73113906	73114136
64781710	64781940
35236389	35236619
110019624	110019854
74108520	74108750
57117358	57117588
64918206	64918436
92798533	92798763
110119894	110120124
103530145	103530375
105004084	105004314
7926551	7926781
57408486	57408716
86248716	86248946
125011683	125011913
34859071	34859301
40146761	40146991
12120784	12121014
28641470	28641700
112192600	112192830
17927990	17928220
46264660	46264890
64768960	64769190
22800162	22800392
80713529	80713759
118966343	118966573
34230097	34230327
81369819	81370049
46270254	46270484
12914236	12914466
129742623	129742853
65146062	65146292
102194698	102194928
925603	925833
44655277	44655507
69476838	69477068
12516261	12516491
116087807	116088037
104918015	104918245
34460828	34461058
86198793	86199023
102979907	102980137
61729109	61729339
74427136	74427366
85810947	85811177
13376012	13376242
101194812	101195042
43577430	43577660
69403212	69403442
71503724	71503954
65473806	65474036
17743651	17743881
74383850	74384080
36376567	36376797
57126230	57126460
48231635	48231865
24530751	24530981
69067555	69067785
94892001	94892231
5301877	5302107
116613580	116613810
29146009	29146239
19348075	19348305
72064965	72065195
19821782	19822012
86653282	86653512
95996466	95996696
126210054	126210284
19617512	19617742
35160107	35160337
79878903	79879133
58291705	58291935
86506607	86506837
118926644	118926874
24657580	24657810
95724313	95724543
61809892	61810122
95901926	95902156
69064944	69065174
10472730	10472960
99564910	99565140
95878351	95878581
85885397	85885627
47929837	47930067
120177376	120177606
66036815	66037045
73087164	73087394
9481291	9481521
80610580	80610810
3157470	3157700
67913651	67913881
14786781	14787011
124994159	124994389
83285624	83285854
3145792	3146022
31302413	31302643
15848468	15848698
86454439	86454669
43333316	43333546
33758510	33758740
71903085	71903315
12706508	12706738
24580195	24580425
77271197	77271427
101741320	101741550
35161110	35161340
47270612	47270842
130645294	130645524
64795166	64795396
66648428	66648658
124958873	124959103
64570744	64570974
130033456	130033686
111704369	111704599
122625283	122625513
12743835	12744065
125805055	125805285
65770334	65770564
28016717	28016947
20418863	20419093
61467788	61468018
34812172	34812402
1804182	1804412
12536519	12536749
27206448	27206678
47026238	47026468
134903508	134903738
110436082	110436312
75919854	75920084
66189105	66189335
69794304	69794534
83435708	83435938
19298524	19298754
82803873	82804103
102365046	102365276
72320132	72320362
70607327	70607557
29141174	29141404
250801	251031
67723233	67723463
10921913	10922143
77118732	77118962
93475115	93475345
65138682	65138912
34305743	34305973
120800384	120800614
57202220	57202450
112028224	112028454
64653545	64653775
124023541	124023771
1285713	1285943
127891618	127891848
80572764	80572994
47235700	47235930
46139455	46139685
64784328	64784558
47433751	47433981
90774890	90775120
61497897	61498127
70005918	70006148
22851419	22851649
460676	460906
122685189	122685419
9780334	9780564
9142573	9142803
34448890	34449120
27792243	27792473
33713848	33714078
26042656	26042886
97232886	97233116
67559796	67560026
65249079	65249309
57259245	57259475
59544070	59544300
6659750	6659980
108211816	108212046
29343322	29343552
17868389	17868619
35857041	35857271
85866180	85866410
121523757	121523987
2847180	2847410
72191596	72191826
65886870	65887100
67792635	67792865
65245032	65245262
67887878	67888108
11998081	11998311
29359626	29359856
83284211	83284441
64167642	64167872
