51169156	51169423
60619092	60619322
47488269	47488521
101798406	101798632
99619978	99620236
51942213	51942435
58520005	58520233
72093548	72093780
99826707	99826932
71303932	71304168
43577829	43578034
67239114	67239375
55940641	55940883
74927573	74927811
69351495	69351786
63385833	63386078
48280164	48280403
85874425	85874681
49527861	49528102
49154111	49154343
73992645	73992883
41758083	41758300
71732878	71733106
90863318	90863562
39464307	39464583
67596177	67596390
43218946	43219183
64044375	64044591
73928818	73929087
94663189	94663427
43733103	43733332
63581063	63581302
72448433	72448652
41196273	41196499
64973690	64973921
59793785	59794003
101168100	101168311
59785109	59785357
59821152	59821394
53027749	53027966
99753472	99753695
52548576	52548809
99447764	99447995
98985703	98985916
102181426	102181661
52274514	52274753
57819771	57819980
52074654	52074867
68545350	68545555
41314763	41314974
68447373	68447581
69217281	69217499
100244652	100244880
91814878	91815087
83917240	83917457
51673465	51673710
35370781	35371008
64359773	64360013
69768197	69768414
91846150	91846370
55509891	55510094
85471485	85471715
63902435	63902658
57632939	57633158
86397667	86397882
70780406	70780653
80860091	80860364
56721141	56721341
91025679	91025892
75242786	75243012
60800090	60800292
39000124	39000344
50344095	50344315
50440653	50440885
59825055	59825303
85957796	85958009
40509467	40509683
50295958	50296213
92625567	92625779
75321710	75321936
72492127	72492328
59983514	59983712
35581325	35581531
45455324	45455546
99813262	99813470
63074293	63074511
80748220	80748462
81262442	81262657
71167449	71167659
86408415	86408647
65611248	65611472
42281794	42282023
56783419	56783634
57904242	57904470
74731127	74731339
78259225	78259438
78405649	78405847
56788837	56789057
65023559	65023799
91599159	91599389
22511146	22511374
45997939	45998141
63758981	63759185
87167884	87168141
69168234	69168456
92620652	92620875
45030657	45030853
96870542	96870761
101547229	101547456
60878076	60878297
45749807	45750028
71104474	71104680
74265366	74265566
41074894	41075110
45906501	45906700
68599072	68599305
57852111	57852324
85839886	85840097
95213767	95213976
65481577	65481788
42942733	42942942
67066730	67067026
71117554	71117776
78600838	78601064
48542846	48543063
71741029	71741229
48644741	48644934
79673450	79673659
101413352	101413545
56345034	56345243
90283373	90283582
101555485	101555690
100296099	100296295
78533335	78533547
79476794	79477010
89721058	89721251
81567475	81567669
42103666	42103879
57853267	57853483
52623714	52623912
77411225	77411423
91191377	91191608
48933699	48933885
69702696	69702906
90701145	90701386
99322920	99323143
51455151	51455347
86273580	86273771
42358774	42358980
72022966	72023170
58562241	58562453
50608341	50608533
75497176	75497392
57506085	57506286
65325475	65325768
42196796	42197006
59914583	59914797
63695084	63695283
38287999	38288214
42996686	42996901
65020475	65020674
84228195	84228405
34354219	34354431
71825358	71825576
93461240	93461444
42065037	42065227
50437651	50437861
84049443	84049661
77159153	77159343
55582699	55582910
64978437	64978618
39978334	39978527
60813047	60813246
90905349	90905544
44358517	44358698
75061247	75061464
80285803	80286016
73533326	73533514
46604440	46604634
65931021	65931245
93573969	93574172
33425001	33425210
74614980	74615199
90304072	90304267
56092023	56092222
34880274	34880458
76431904	76432095
41477127	41477320
89600834	89601040
90764582	90764786
69770660	69770874
53072794	53072994
48650427	48650628
78910842	78911035
89157826	89158017
38646618	38646806
48578032	48578220
55727528	55727709
73598355	73598557
75600474	75600675
93340462	93340661
59272659	59272837
35811846	35812031
35000630	35000834
99062406	99062620
73373790	73373969
32954923	32955117
36793384	36793585
91429302	91429512
45691905	45692090
52068461	52068652
35212515	35212701
81773003	81773198
20561719	20561962
58474824	58475025
56138391	56138591
80465732	80465937
34402361	34402562
68155846	68156037
83669262	83669442
68128799	68128992
44955904	44956126
90630108	90630291
58363121	58363299
75063493	75063663
85498649	85498845
51178126	51178336
67145784	67145982
74600223	74600426
84107532	84107718
41184098	41184324
95802751	95802961
48377317	48377501
40971348	40971544
85587586	85587769
75280464	75280665
33992981	33993166
41230335	41230516
52519685	52519864
67196103	67196296
69815824	69816023
90099981	90100176
60017196	60017383
84811669	84811853
94867528	94867712
49148137	49148314
74674804	74675017
60843942	60844123
89448082	89448269
85833043	85833239
35736878	35737070
38184045	38184224
52432121	52432316
90016077	90016296
73014523	73014701
46087774	46087968
60044116	60044300
63140200	63140387
44794079	44794249
38766448	38766625
31727589	31727776
40337391	40337609
49258281	49258465
91236990	91237176
78774779	78774965
67793639	67793815
44870760	44870941
65678014	65678209
70972056	70972221
69518185	69518360
90830011	90830174
90441952	90442154
41149930	41150161
76102417	76102599
78400740	78400929
31780878	31781066
42677772	42677942
71867924	71868104
62126372	62126575
74419950	74420164
56210138	56210303
91141465	91141661
81693086	81693262
81702729	81702925
41186353	41186561
39109979	39110213
97789091	97789275
57959569	57959748
50967851	50968019
69868403	69868602
81398925	81399090
71944113	71944303
33378796	33378984
64502033	64502209
55460650	55460837
67749384	67749559
56390567	56390749
60472099	60472264
79320795	79320990
51200700	51200883
62164213	62164386
65346711	65346896
99202530	99202717
66896024	66896204
77400123	77400301
42429995	42430187
76483183	76483397
82490463	82490616
73565793	73565960
47487036	47487208
78251818	78251979
68966424	68966608
99394224	99394420
27134570	27134745
57114021	57114200
38732569	38732765
62599181	62599383
81558858	81559031
60651976	60652157
79632453	79632625
66116560	66116743
45569185	45569334
72605048	72605211
61224900	61225081
50194618	50194782
49438322	49438480
91593163	91593314
40049175	40049353
77835756	77835955
77133314	77133472
90614566	90614755
44196082	44196288
98721297	98721468
36043923	36044087
70021608	70021798
29960313	29960500
68842929	68843111
86343774	86343970
88993518	88993690
101840596	101840766
70861569	70861765
60033618	60033766
98838477	98838661
75437890	75438155
42222784	42222973
79888485	79888679
45751074	45751225
62127801	62127964
72892332	72892485
42352002	42352179
75976183	75976337
69557814	69557963
86402117	86402300
64183281	64183458
52209800	52209968
98298457	98298626
41151438	41151621
52069268	52069462
74073725	74073890
68675861	68676040
73852987	73853150
67081484	67081663
93064869	93065038
30322659	30322839
57430570	57430741
78488080	78488256
74243567	74243749
74666063	74666223
59249659	59249819
41310905	41311060
78469805	78469991
70726014	70726193
44423093	44423241
40078801	40078965
75933306	75933465
55731985	55732145
85131303	85131499
69758385	69758542
45329376	45329526
73076624	73076814
45497452	45497622
88998321	88998488
62435026	62435181
74595349	74595509
38975939	38976107
70805164	70805373
34914018	34914158
74667668	74667836
58043513	58043677
77789233	77789411
69687039	69687217
67341928	67342096
51791688	51791842
60736480	60736624
93258145	93258313
78715278	78715441
33287144	33287308
40566983	40567183
58505240	58505406
40602319	40602492
65326128	65326289
33526233	33526392
71015068	71015220
48003988	48004153
79001816	79001981
55933908	55934058
40636863	40637019
40180100	40180256
85142365	85142527
56189990	56190160
45599439	45599601
71185417	71185583
95569495	95569645
44511969	44512142
76094488	76094671
88817883	88818034
89019910	89020060
99424937	99425102
73576534	73576682
67155272	67155436
21927350	21927508
47763769	47763939
76527683	76527834
41038779	41038942
51484974	51485118
42376671	42376860
68846476	68846622
70759361	70759527
66990810	66990967
66209042	66209202
42426217	42426376
60209837	60210000
44164751	44164900
75660228	75660368
89200714	89200868
34027956	34028134
62364013	62364158
85554043	85554184
90776512	90776675
37175972	37176144
33314122	33314270
89750185	89750345
94707568	94707720
74913538	74913680
43517767	43517916
74346500	74346658
72036364	72036523
90836679	90836899
76013532	76013662
79043484	79043619
30335539	30335696
23887663	23887846
57438723	57438872
81068884	81069034
65102195	65102364
74200718	74200888
42763899	42764049
33136475	33136605
89714812	89714971
71266481	71266622
45418881	45419024
78707868	78708005
52500645	52500811
97778663	97778817
98854927	98855074
99911832	99911969
64445851	64445980
89901918	89902085
38172854	38173039
77316762	77316910
49663129	49663239
66911602	66911732
61209215	61209352
41624274	41624439
70929230	70929374
67532714	67532844
32943548	32943714
73969556	73969700
65590151	65590288
87459159	87459286
33585030	33585192
99640884	99641035
33248323	33248457
60419851	60420009
59539706	59539839
78113896	78114073
98972071	98972205
48799783	48799918
101829234	101829374
70042244	70042395
56538333	56538493
75127691	75127833
45145660	45145798
64648746	64648892
76440395	76440517
76443392	76443541
30367598	30367754
66273327	66273489
90686493	90686655
54255266	54255411
31863998	31864143
34256415	34256557
45410403	45410528
85181515	85181656
74782239	74782376
44231421	44231540
99949349	99949509
76622761	76622892
76349891	76350011
66121640	66121763
52199843	52200019
75335280	75335487
75801423	75801527
63458586	63458696
39872431	39872591
63340300	63340430
58153391	58153496
38983046	38983174
93352432	93352554
89843241	89843360
99602264	99602397
70730233	70730395
75092613	75092729
101212320	101212452
45903669	45903770
62546691	62546811
64719222	64719350
47793185	47793257
59050472	59050604
76478123	76478247
38295229	38295348
85388912	85389058
37425952	37426067
69348781	69348901
38682253	38682369
40167280	40167417
100924099	100924237
69022910	69023010
31731649	31731769
40994415	40994509
31186825	31186936
84105425	84105538
79202241	79202377
92249803	92249924
64237586	64237729
41198668	41198779
73997277	73997369
82432261	82432381
88790141	88790292
57834536	57834650
70963149	70963259
77195830	77195942
59131830	59131952
90236997	90237101
34411701	34411827
39283466	39283575
71678916	71679030
63034759	63034860
70390305	70390426
65693790	65693879
34502363	34502478
34635389	34635474
57161894	57162011
74924429	74924557
100468680	100468808
31782370	31782475
90925818	90925899
80145977	80146066
89974050	89974191
63779626	63779741
59158621	59158733
74166388	74166472
64455554	64455651
89207775	89207906
79272199	79272310
70536092	70536175
66125127	66125185
64303127	64303199
91477630	91477740
68831512	68831611
74257192	74257332
49714168	49714398
100270260	100270378
50408805	50408900
45750211	45750441
92065952	92066035
68124444	68124550
40812040	40812135
76020766	76020876
35989828	35989925
90418342	90418446
59704942	59705051
99526739	99526823
61459754	61459828
77478996	77479100
38992001	38992059
43479841	43480071
50169082	50169176
40882044	40882274
64946117	64946212
64384413	64384502
86048467	86048557
22512419	22512520
71487711	71487822
31421598	31421708
52371145	52371375
46384135	46384365
44558097	44558215
39605325	39605432
49255787	49255873
66149309	66149401
85369698	85369798
40581740	40581851
41896146	41896274
85198070	85198140
85956789	85956853
43030213	43030323
22436170	22436282
94870731	94870835
98628380	98628493
72765999	72766114
101629121	101629235
93631230	93631288
44876506	44876595
98288780	98289010
56286437	56286667
76025277	76025385
46006852	46006941
34902819	34902905
66254640	66254870
84234479	84234584
66483975	66484081
36570486	36570592
38940038	38940146
92769365	92769463
40630310	40630540
75930779	75930867
71401512	71401742
72045197	72045255
33967523	33967753
58513999	58514067
44067762	44067841
78195351	78195425
67725918	67726148
55401188	55401304
65128062	65128134
56541451	56541536
78609696	78609810
49093415	49093502
66790306	66790536
92634496	92634604
98964970	98965033
78162841	78163071
40094244	40094333
71395600	71395671
73832165	73832395
40399255	40399324
74604257	74604317
40859436	40859666
92393058	92393118
78931195	78931301
89422082	89422144
34908965	34909034
60683568	60683628
76626246	76626476
59669064	59669171
38706625	38706855
67397786	67397847
65903529	65903759
66579975	66580034
52180865	52181095
64338651	64338881
56117208	56117270
94956265	94956495
45077039	45077116
98452596	98452826
68598576	68598806
91768178	91768254
59467100	59467330
89577611	89577672
86029297	86029418
62841655	62841885
70752594	70752824
41849844	41850074
85421823	85422053
82231995	82232225
70490413	70490643
70538455	70538518
82395970	82396031
43775580	43775810
41077430	41077660
61913399	61913484
99645032	99645262
30040215	30040295
48065513	48065743
62637304	62637382
65888385	65888615
23712233	23712463
62895992	62896222
81558296	81558361
43806766	43806996
81288651	81288881
43496587	43496817
39731153	39731214
40571726	40571824
67143564	67143794
58731226	58731456
32267086	32267316
64753572	64753802
76214157	76214387
31498697	31498927
63196790	63197020
65563459	65563531
50542932	50543162
63891908	63892006
69425979	69426073
89182212	89182299
89672876	89672945
90431505	90431735
76577655	76577885
84240929	84241159
69121431	69121661
59908832	59908901
33117096	33117326
30228019	30228109
44061873	44062103
86383855	86384085
95125682	95125912
63341347	63341577
58158524	58158586
73536750	73536980
93595805	93596035
47666497	47666727
71407712	71407778
75493762	75493992
59453486	59453716
51425168	51425398
58024810	58025040
81448048	81448278
62939748	62939978
63580600	63580830
89985986	89986216
60621107	60621337
60667033	60667263
86374846	86375076
60685347	60685577
53058169	53058236
89899997	89900227
91576398	91576628
58969712	58969942
59924980	59925210
90044006	90044064
70053342	70053572
42663384	42663614
70722433	70722663
95120242	95120472
75917396	75917472
62418038	62418268
57281869	57282099
44719139	44719204
33228573	33228803
89560842	89561072
32160123	32160353
45005896	45006126
45748868	45749098
43089690	43089920
92525730	92525960
80952530	80952760
52755864	52756094
83679650	83679880
71147067	71147297
77925891	77926121
70563810	70564040
28331336	28331566
92485189	92485419
46007809	46008039
74588229	74588459
54009170	54009400
68852009	68852239
73557948	73558178
61487403	61487633
94540366	94540596
90190402	90190632
49517973	49518035
101409814	101410044
65378716	65378946
72143245	72143475
48404508	48404738
59548819	59549049
74613061	74613291
39697140	39697370
89377627	89377857
55489229	55489459
52198124	52198354
65693162	65693392
57899763	57899993
97436610	97436840
55818727	55818957
56283305	56283535
40397058	40397288
101458266	101458496
69896411	69896641
88215699	88215757
50148118	50148348
71735857	71736087
69871675	69871745
75193992	75194222
90035313	90035543
59576192	59576422
67341187	67341417
81148806	81149036
34029966	34030196
54100368	54100598
100450215	100450445
72072797	72073027
48104775	48105005
59398156	59398386
102080835	102081065
58515016	58515246
85901298	85901528
58369734	58369964
42508700	42508930
51695538	51695768
66978063	66978293
95835195	95835425
59929778	59930008
91790878	91791108
34533636	34533866
44885239	44885469
51573632	51573862
99125037	99125267
35585639	35585869
75978677	75978737
99396375	99396605
52970316	52970546
99416632	99416862
92429181	92429411
70271665	70271895
32270099	32270329
68343650	68343880
40613179	40613409
76221641	76221871
57309286	57309516
91474930	91475160
80602191	80602421
80988781	80989011
39160605	39160835
49715174	49715404
42264903	42265133
85890042	85890272
59587716	59587946
58407903	58408133
66129120	66129350
75824812	75825042
37426905	37427135
50124878	50125108
100243940	100244170
92934936	92935166
71047269	71047499
62765151	62765381
58624497	58624727
65393941	65394171
58580875	58581105
91147199	91147429
51829242	51829472
70280538	70280768
101300019	101300249
66859451	66859681
92821067	92821297
59548311	59548541
58335497	58335727
100879239	100879469
22509246	22509476
92399292	92399522
74329278	74329508
75248549	75248779
69076104	69076334
34021928	34022158
74532373	74532603
49218093	49218323
88787764	88787994
51121108	51121338
58509755	58509985
48623051	48623281
50550153	50550383
67356332	67356562
67258662	67258892
74436793	74437023
67442412	67442642
76221048	76221278
50651114	50651344
67316792	67317022
72578329	72578559
73345375	73345605
90883601	90883831
80142179	80142409
35261964	35262194
68608912	68609142
54103812	54104042
66680159	66680389
63637187	63637417
70503061	70503291
64296912	64297142
59749352	59749582
80711328	80711558
47319836	47320066
68664919	68665149
63317752	63317982
46082589	46082819
89786971	89787201
65596619	65596849
85478273	85478503
44511288	44511518
55328024	55328254
90762855	90763085
52385708	52385938
50479062	50479292
62352682	62352912
33367229	33367459
34286286	34286516
75335955	75336185
48858210	48858440
52390598	52390828
84415809	84416039
70414335	70414565
98971630	98971860
67676303	67676533
72767740	72767970
71586953	71587183
59592605	59592835
52546619	52546849
40339133	40339363
27109954	27110184
90293957	90294187
86135409	86135639
62417155	62417385
96900134	96900364
48629202	48629432
50606643	50606873
62998627	62998857
70100151	70100381
66339168	66339398
78423724	78423954
39418194	39418424
84692472	84692702
42841372	42841602
70785128	70785358
73856669	73856899
75120022	75120252
59642368	59642598
93579248	93579478
31528766	31528996
85987133	85987363
31151568	31151798
69871177	69871407
64679743	64679973
47906916	47907146
71587730	71587960
67107644	67107874
66886837	66887067
57754645	57754875
60579055	60579285
64292846	64293076
40660276	40660506
92516810	92517040
58261639	58261869
57598883	57599113
82400894	82401124
58839535	58839765
90514825	90515055
48975244	48975474
41234101	41234331
28368660	28368890
71119000	71119230
69945301	69945531
47583537	47583767
101190996	101191226
59464771	59465001
45471417	45471647
48106839	48107069
67442829	67443059
33299541	33299771
85407396	85407626
49967374	49967604
42883847	42884077
69338115	69338345
45018838	45019068
29267940	29268170
62941215	62941445
68487393	68487623
49785178	49785408
78608094	78608324
57948095	57948325
84704221	84704451
90641336	90641566
72634799	72635029
40376947	40377177
71544399	71544629
66791222	66791452
99398575	99398805
50458548	50458778
64814058	64814288
40714190	40714420
80805135	80805365
56332831	56333061
62368154	62368384
91445494	91445724
30032975	30033205
46794955	46795185
96888811	96889041
51522098	51522328
67417988	67418218
61343727	61343957
101262116	101262346
79007232	79007462
48651121	48651351
91114429	91114659
68503201	68503431
92132646	92132876
50474266	50474496
70655335	70655565
99442882	99443112
28371269	28371499
79152553	79152783
80527236	80527466
30953354	30953584
85458270	85458500
42066704	42066934
39180992	39181222
64361780	64362010
50426954	50427184
74428440	74428670
38274080	38274310
51675075	51675305
31489715	31489945
58477758	58477988
74492748	74492978
83254017	83254247
40390988	40391218
69335924	69336154
74189798	74190028
29906169	29906399
99995164	99995394
75437457	75437687
92410998	92411228
52821292	52821522
89959562	89959792
44069647	44069877
67058227	67058457
79100910	79101140
59862639	59862869
48937146	48937376
41165848	41166078
25747025	25747255
74470336	74470566
59855074	59855304
41873326	41873556
70719619	70719849
45686060	45686290
90945506	90945736
30113651	30113881
48280835	48281065
31689539	31689769
27262423	27262653
88874512	88874742
59430476	59430706
30230974	30231204
48049178	48049408
35014744	35014974
39683435	39683665
48751790	48752020
80061558	80061788
52093678	52093908
70767420	70767650
99975579	99975809
34659814	34660044
85405545	85405775
57179717	57179947
78689312	78689542
45747100	45747330
59847954	59848184
52475832	52476062
85886814	85887044
82339489	82339719
66544763	66544993
44591175	44591405
93412624	93412854
62983271	62983501
97126980	97127210
48662700	48662930
75977045	75977275
39481204	39481434
49267966	49268196
102314038	102314268
99450095	99450325
64441649	64441879
31897716	31897946
70290404	70290634
75495724	75495954
71149193	71149423
101790572	101790802
67122808	67123038
29987783	29988013
40564955	40565185
40401247	40401477
87576364	87576594
70145955	70146185
67374553	67374783
48699208	48699438
67215789	67216019
77952155	77952385
58035755	58035985
41896436	41896666
80351627	80351857
67440701	67440931
74471834	74472064
62382009	62382239
77327507	77327737
59063355	59063585
30218132	30218362
74485736	74485966
57933201	57933431
23874473	23874703
100582796	100583026
78292463	78292693
22836782	22837012
102192546	102192776
72765342	72765572
58762285	58762515
46596637	46596867
101276948	101277178
67336752	67336982
51296295	51296525
70244239	70244469
60383447	60383677
101253659	101253889
72674585	72674815
85473197	85473427
78534516	78534746
33494159	33494389
41036474	41036704
92396000	92396230
41187105	41187335
29394495	29394725
85861237	85861467
91685456	91685686
60700683	60700913
60655009	60655239
86658465	86658695
60663532	60663762
80862901	80863131
78167539	78167769
69337360	69337590
49912414	49912644
71571425	71571655
41158120	41158350
56067609	56067839
33518884	33519114
52018635	52018865
60699679	60699909
45607232	45607462
79166296	79166526
58732422	58732652
72878077	72878307
70801135	70801365
59436886	59437116
38746630	38746860
70316340	70316570
68291176	68291406
64203474	64203704
89625199	89625429
92080088	92080318
52377521	52377751
70557985	70558215
52545006	52545236
31507669	31507899
50429623	50429853
67131088	67131318
33508538	33508768
83501292	83501522
90944163	90944393
59596287	59596517
92486314	92486544
59568752	59568982
52120852	52121082
45003302	45003532
77233687	77233917
71530038	71530268
65913285	65913515
101173212	101173442
45866277	45866507
39145876	39146106
88153216	88153446
51413410	51413640
70488909	70489139
70265506	70265736
67399379	67399609
50140334	50140564
90906113	90906343
42226074	42226304
64752383	64752613
70647692	70647922
99111643	99111873
93442853	93443083
62545548	62545778
73419728	73419958
52436148	52436378
45459644	45459874
36720539	36720769
39484022	39484252
80150884	80151114
52138684	52138914
59144614	59144844
41782643	41782873
58534258	58534488
66678920	66679150
48009504	48009734
69680574	69680804
89462134	89462364
75091893	75092123
49169969	49170199
59566432	59566662
74753310	74753540
41120938	41121168
37496977	37497207
44536106	44536336
76489028	76489258
70015803	70016033
59062784	59063014
39623557	39623787
73532218	73532448
78505033	78505263
37974608	37974838
60028468	60028698
58688476	58688706
89244895	89245125
102148580	102148810
66423044	66423274
48940224	48940454
63539405	63539635
45560385	45560615
56312131	56312361
48666149	48666379
73926608	73926838
33148216	33148446
48298448	48298678
72524573	72524803
79422958	79423188
72335300	72335530
51108412	51108642
88148186	88148416
53489583	53489813
74496344	74496574
39178814	39179044
69849775	69850005
74838138	74838368
75328691	75328921
89954800	89955030
69654473	69654703
40361427	40361657
75959189	75959419
72963253	72963483
50430671	50430901
59934630	59934860
63667535	63667765
64207823	64208053
80912163	80912393
80659520	80659750
56066632	56066862
52554075	52554305
74632589	74632819
52323800	52324030
36344936	36345166
63438948	63439178
98835743	98835973
64309336	64309566
79165938	79166168
50455701	50455931
78577197	78577427
84506793	84507023
67318195	67318425
67373545	67373775
42349320	42349550
64316949	64317179
35129546	35129776
102204594	102204824
22792168	22792398
63189202	63189432
95335441	95335671
46573007	46573237
64189060	64189290
39505737	39505967
101810140	101810370
88162599	88162829
41769551	41769781
41988315	41988545
36937401	36937631
76605225	76605455
56921167	56921397
68522418	68522648
23061129	23061359
63034258	63034488
71588698	71588928
48858983	48859213
43015326	43015556
85590499	85590729
100045031	100045261
67714712	67714942
95456096	95456326
36204490	36204720
71587346	71587576
34531662	34531892
81269956	81270186
72000524	72000754
67059212	67059442
52892733	52892963
90708908	90709138
59730010	59730240
35774268	35774498
66161737	66161967
94518379	94518609
39873937	39874167
49822340	49822570
70284777	70285007
68229582	68229812
75397218	75397448
31282295	31282525
45141142	45141372
49009743	49009973
29984812	29985042
77377682	77377912
70552155	70552385
71972284	71972514
68234066	68234296
94679074	94679304
85951192	85951422
42098830	42099060
50456687	50456917
20398229	20398459
34556366	34556596
63328186	63328416
35988987	35989217
96898331	96898561
39446406	39446636
67028770	67029000
102195112	102195342
93460772	93461002
92490230	92490460
71087721	71087951
99440095	99440325
47079176	47079406
92509256	92509486
45002842	45003072
49919846	49920076
52542747	52542977
50914645	50914875
40322523	40322753
75074222	75074452
55856597	55856827
79032859	79033089
69846586	69846816
72529825	72530055
70489130	70489360
91832618	91832848
74436041	74436271
91137710	91137940
60686920	60687150
101203350	101203580
99645913	99646143
83954961	83955191
99846367	99846597
56310278	56310508
101112695	101112925
77876646	77876876
85887845	85888075
70488194	70488424
99579163	99579393
59349250	59349480
51575342	51575572
79885517	79885747
65728133	65728363
39875704	39875934
57098049	57098279
95790388	95790618
70667553	70667783
67320247	67320477
29432064	29432294
50443765	50443995
92396389	92396619
100501340	100501570
58653643	58653873
48112358	48112588
70616656	70616886
63191387	63191617
55919950	55920180
39371767	39371997
70364991	70365221
58838915	58839145
68198810	68199040
49428140	49428370
40347098	40347328
66480951	66481181
44828816	44829046
49508065	49508295
39233563	39233793
69597859	69598089
39684757	39684987
41799192	41799422
99394974	99395204
80534545	80534775
54161338	54161568
63787222	63787452
57859137	57859367
52089039	52089269
81071323	81071553
56291890	56292120
37581388	37581618
43803837	43804067
40355936	40356166
91022495	91022725
55806117	55806347
85278390	85278620
48178161	48178391
38543733	38543963
71155767	71155997
100583304	100583534
70055091	70055321
96808265	96808495
64319910	64320140
52167543	52167773
70392074	70392304
52121283	52121513
96103116	96103346
71422080	71422310
31508561	31508791
93351421	93351651
43638603	43638833
91193297	91193527
89167642	89167872
65301383	65301613
52395727	52395957
49015519	49015749
60167370	60167600
40223887	40224117
64540314	64540544
48503493	48503723
81549392	81549622
84864394	84864624
48739927	48740157
75468007	75468237
72519050	72519280
71567560	71567790
56290758	56290988
39789260	39789490
77265738	77265968
62894050	62894280
48028419	48028649
63729046	63729276
59577119	59577349
40384672	40384902
78192745	78192975
25684295	25684525
63879733	63879963
51177451	51177681
72565121	72565351
44825026	44825256
62375420	62375650
70452728	70452958
67043979	67044209
79048634	79048864
25753641	25753871
74775053	74775283
22387542	22387772
67198396	67198626
85641028	85641258
72054107	72054337
100076959	100077189
62391503	62391733
87286604	87286834
63795581	63795811
56331528	56331758
63050247	63050477
57317896	57318126
75324273	75324503
99488213	99488443
99966215	99966445
100584044	100584274
50554321	50554551
76050690	76050920
62402578	62402808
55095777	55096007
41171088	41171318
39187608	39187838
78077333	78077563
69596533	69596763
90727261	90727491
44205632	44205862
62411455	62411685
74834205	74834435
93425941	93426171
57669731	57669961
99416054	99416284
99417101	99417331
41253205	41253435
83518453	83518683
75890155	75890385
60211578	60211808
63470309	63470539
27136570	27136800
52303167	52303397
35147745	35147975
99562863	99563093
84642632	84642862
52387809	52388039
67176007	67176237
67055492	67055722
80353165	80353395
57308245	57308475
63798668	63798898
59064256	59064486
92491583	92491813
96817077	96817307
54375129	54375359
68209500	68209730
90041562	90041792
35103037	35103267
99559925	99560155
91416203	91416433
42803189	42803419
42236530	42236760
68290502	68290732
69384563	69384793
99982759	99982989
63775747	63775977
72825438	72825668
64118811	64119041
63797835	63798065
69071306	69071536
63531143	63531373
91350363	91350593
79588968	79589198
75400260	75400490
98025864	98026094
65677260	65677490
100699745	100699975
25683505	25683735
47184921	47185151
67236061	67236291
67224515	67224745
69672799	69673029
80877894	80878124
74676156	74676386
69592291	69592521
71081698	71081928
102042146	102042376
99342627	99342857
39490315	39490545
92409890	92410120
34058608	34058838
70394218	70394448
58005643	58005873
66220724	66220954
48812768	48812998
79471449	79471679
56088819	56089049
41408771	41409001
48086559	48086789
36741581	36741811
90844494	90844724
83781436	83781666
46212042	46212272
83876992	83877222
40631804	40632034
93155688	93155918
82101972	82102202
62898678	62898908
77646445	77646675
63666848	63667078
93450011	93450241
67175641	67175871
35922867	35923097
65504488	65504718
35498564	35498794
52436955	52437185
41800218	41800448
71084506	71084736
90698412	90698642
86159323	86159553
69366430	69366660
69433807	69434037
90963284	90963514
23894153	23894383
70328934	70329164
35292790	35293020
78509131	78509361
43894578	43894808
50140981	50141211
31780092	31780322
86037704	86037934
89440622	89440852
34652590	34652820
84048362	84048592
92497459	92497689
63145708	63145938
63307921	63308151
92612862	92613092
59907195	59907425
91388449	91388679
93877225	93877455
75100501	75100731
41952739	41952969
101389778	101390008
67342495	67342725
40395602	40395832
51146843	51147073
