12857569	12857885
109058640	109058913
49012283	49012525
53374670	53374976
54833466	54833706
105814514	105814755
44276435	44276663
109197339	109197585
10653698	10653911
12529658	12529891
47327815	47328063
51735218	51735477
48848530	48848751
15421942	15422161
77015357	77015601
47071602	47071857
56132659	56132871
71408036	71408271
56013463	56013756
53273762	53274008
48558961	48559182
32909222	32909462
31835133	31835393
130820140	130820352
125391365	125391590
55351928	55352136
71127258	71127481
96455721	96455958
47415076	47415297
52721350	52721586
96209476	96209688
89444952	89445165
53746457	53746696
49189662	49189909
76849585	76849803
58299156	58299409
7372334	7372557
12186322	12186561
50569296	50569523
40158855	40159081
79738713	79738927
105446909	105447115
88242096	88242318
1692714	1692928
70970860	70971102
79801808	79802026
85268427	85268654
16009381	16009581
68616996	68617213
123122445	123122671
31556122	31556354
53370085	53370324
48173140	48173362
31806202	31806424
89413419	89413644
53815418	53815635
6574707	6574931
52766410	52766641
46465996	46466209
49682183	49682416
53902391	53902621
103942470	103942685
49752513	49752735
54095654	54095877
45524662	45524876
91372040	91372252
57463305	57463518
13365085	13365298
54793154	54793395
6394226	6394467
54754682	54754930
42523510	42523710
32518482	32518712
47701630	47701856
76017643	76017928
123436926	123437136
89387510	89387709
91749246	91749463
115100485	115100700
13069238	13069460
112825213	112825422
76210735	76210956
96972407	96972607
55582855	55583044
51815147	51815357
12808930	12809138
89936810	89937031
96910561	96910770
12965193	12965427
39497434	39497660
10484353	10484560
45937681	45937907
48231430	48231670
88347117	88347317
64219868	64220075
93178965	93179192
11639584	11639838
65284747	65284966
52533385	52533607
70273242	70273474
63187799	63188031
10292692	10292898
48109175	48109389
59543891	59544098
85969576	85969792
53278676	53278916
50232869	50233075
89855607	89855830
64650028	64650229
89923599	89923814
55466915	55467121
85862512	85862720
48136088	48136312
120763334	120763548
58225247	58225452
76740902	76741108
30960437	30960654
123237058	123237309
44409256	44409456
52217797	52217993
124521226	124521439
111038162	111038369
58739933	58740138
20068726	20068940
85236269	85236476
52607293	52607551
25589343	25589546
79814037	79814254
10388451	10388652
10923821	10924023
86261016	86261237
53459807	53460040
6532790	6533000
104595060	104595256
13177192	13177391
91775899	91776102
55143086	55143273
47426448	47426660
93043802	93044023
50170212	50170415
13136468	13136665
9950689	9950906
104775702	104775918
72140845	72141048
42766055	42766268
10902771	10903027
64943448	64943655
85549685	85549871
32824911	32825121
111040086	111040296
7791341	7791549
49907950	49908144
11352618	11352825
105270969	105271174
52557776	52558014
15743362	15743575
41670936	41671128
54718464	54718679
38532594	38532790
49514968	49515181
6149251	6149457
45564340	45564554
105777200	105777408
88389456	88389671
14320052	14320252
14783125	14783323
96609045	96609252
50469046	50469259
56586839	56587037
99392553	99392747
109823386	109823580
27886089	27886291
78575437	78575623
102333647	102333846
120666227	120666432
50708562	50708768
49247092	49247315
95510986	95511192
25144521	25144723
19892244	19892442
119982905	119983111
114418416	114418615
69684858	69685070
8261503	8261699
12941829	12942015
25540465	25540670
117146802	117147006
12480815	12481011
50038413	50038629
47055236	47055448
100948408	100948653
99047751	99047955
48080502	48080710
50464352	50464548
13251037	13251265
2049245	2049455
1227246	1227457
54613927	54614118
70983844	70984045
60888121	60888314
55096107	55096279
51380824	51381018
52374170	52374378
110538091	110538287
102167447	102167645
50898574	50898778
113750414	113750620
56907598	56907806
69464170	69464395
103273025	103273238
19910357	19910567
132335869	132336071
55387124	55387310
6726958	6727156
26804584	26804800
99437214	99437404
52386986	52387178
20951608	20951791
94496078	94496293
132991576	132991775
117804918	117805120
117650486	117650680
21322900	21323115
39314979	39315165
15675605	15675798
1762071	1762272
76430960	76431173
58377007	58377213
44351656	44351833
31789636	31789850
9901357	9901545
6172398	6172605
121409630	121409820
104271804	104271994
95928235	95928432
93790629	93790815
111325879	111326085
93381158	93381371
106530040	106530242
57846769	57846966
86266377	86266563
94940056	94940253
10714999	10715194
54161566	54161774
130396083	130396281
57576809	57577011
62586544	62586729
121990625	121990812
71610857	71611048
10343458	10343670
75920804	75921005
106620659	106620863
63497431	63497614
13387071	13387276
125165951	125166165
122492311	122492536
9192089	9192269
71809518	71809717
120794413	120794609
54788109	54788292
63193004	63193198
89411041	89411230
101808406	101808608
58934356	58934579
92964202	92964426
95976328	95976533
52537377	52537604
56513238	56513433
7613297	7613486
71243215	71243402
56334110	56334303
80580522	80580708
51031762	51031960
80806253	80806430
96312366	96312549
50260980	50261200
121548202	121548399
26250064	26250283
16318473	16318669
52976880	52977081
70294493	70294718
8834751	8834949
64233268	64233459
77184836	77185034
69548493	69548685
54426440	54426629
6888148	6888358
46547150	46547329
119553201	119553409
80131998	80132181
87308594	87308778
72410950	72411137
113338192	113338383
119851062	119851264
29672629	29672813
69751360	69751538
52550650	52550866
3913117	3913306
1714461	1714666
59507637	59507814
68752697	68752900
116191008	116191200
91334769	91334934
116674054	116674250
43732795	43732998
53607173	53607377
124468491	124468677
27788379	27788566
82921057	82921257
108957415	108957602
48583381	48583571
47336469	47336656
54140457	54140716
79400252	79400436
81651818	81652009
4386190	4386380
98791378	98791567
69293028	69293212
45324888	45325059
56987973	56988150
110243189	110243371
47377842	47378035
96017474	96017677
48137898	48138077
66481266	66481430
123722720	123722911
131589304	131589498
88504955	88505142
29470816	29471001
94926648	94926852
52419523	52419747
110291008	110291186
108312076	108312268
71113664	71113878
122135110	122135309
113486564	113486741
54399818	54400018
117141112	117141291
113430730	113430914
69257757	69257927
124066749	124066928
83079571	83079773
7033512	7033710
32455253	32455439
53681588	53681765
22596420	22596610
53645355	53645555
123278313	123278497
115105974	115106191
104503043	104503208
56440989	56441168
77404807	77404995
98766841	98767022
41340536	41340713
54762518	54762708
14876719	14876913
8085878	8086084
1900367	1900568
27856682	27856872
6304934	6305139
100628592	100628769
65950593	65950796
3244734	3244916
6097839	6098029
32608567	32608752
50526399	50526582
54585405	54585613
108905806	108905983
122232922	122233118
32213604	32213805
55247825	55247994
51745784	51745969
54645566	54645748
122675515	122675691
120339917	120340104
107525666	107525840
27037961	27038148
15304545	15304717
85470519	85470694
59797173	59797340
7167846	7168021
107235587	107235762
64195880	64196051
65090241	65090402
125667792	125667986
6862852	6863043
6807097	6807277
69782276	69782442
5193506	5193682
66501277	66501450
111332270	111332452
54601657	54601833
85842430	85842599
118842832	118843002
133191567	133191740
118275118	118275316
110213163	110213345
51925785	51925954
122884122	122884299
50482494	50482657
39667064	39667264
78118267	78118434
48045526	48045702
32810597	32810774
79568562	79568750
1202422	1202595
49457806	49457986
49389276	49389466
18081985	18082159
54378715	54378889
78393937	78394114
7959549	7959732
29025683	29025888
123528089	123528284
13515303	13515474
12234796	12234965
48343330	48343505
53259200	53259389
93896905	93897085
49947384	49947544
26854644	26854817
26272486	26272641
56858168	56858349
107313787	107313951
3994776	3994949
57381390	57381570
102311619	102311784
94528105	94528280
27805194	27805355
18403358	18403528
57977184	57977367
6978678	6978848
77443673	77443835
551549	551723
122211211	122211392
111264536	111264736
86345731	86345882
106676255	106676432
11734234	11734404
9903441	9903610
85423311	85423481
31424916	31425080
23009149	23009318
66272411	66272576
14998317	14998486
56390007	56390179
15148866	15149026
14964140	14964331
19660887	19661038
53553269	53553442
50576365	50576533
104571455	104571651
82038428	82038593
75082973	75083126
46384454	46384649
15429127	15429287
42963165	42963335
25610966	25611163
85835648	85835816
53493291	53493475
5112282	5112463
126554187	126554366
22236235	22236403
104165331	104165501
53298907	53299092
62975671	62975837
15685441	15685594
112251017	112251199
20046530	20046705
131232778	131232956
23358232	23358403
7053858	7054029
28093833	28093991
68337185	68337354
40405053	40405216
57402005	57402156
102153327	102153482
56114851	56115017
65700424	65700584
123344873	123345057
85451266	85451403
50449843	50450029
131246334	131246507
76980680	76980849
10305926	10306090
27295143	27295302
96242912	96243088
111769091	111769248
45577155	45577313
19339767	19339922
51421992	51422165
34276133	34276292
86314229	86314398
130531955	130532132
19725888	19726067
68434336	68434514
30439363	30439535
46518994	46519163
9483865	9484022
20530024	20530179
3384694	3384863
106617974	106618152
57518147	57518326
57506159	57506346
131939331	131939527
125423760	125423928
125256464	125256636
41315476	41315634
114350601	114350777
66377529	66377686
109011965	109012146
8696928	8697102
52397927	52398117
100742574	100742727
117463452	117463618
115063109	115063293
83021753	83021913
27006814	27006988
122607844	122608011
50605611	50605746
26182235	26182425
14094796	14094950
64237720	64237908
52269126	52269301
72030517	72030675
31000254	31000390
67255042	67255200
54595190	54595355
27537021	27537191
40501435	40501582
53937341	53937509
114946447	114946595
71123868	71124039
113634848	113635026
50711121	50711281
52477285	52477458
111889555	111889725
26587367	26587516
79949427	79949591
51159145	51159331
42726203	42726360
122232141	122232353
21833411	21833568
65091921	65092068
65996376	65996529
128554059	128554224
57030525	57030694
24989418	24989581
57233799	57233962
56967251	56967427
44170431	44170585
65707619	65707767
121084843	121085000
88061284	88061448
62832024	62832173
108001392	108001547
45663010	45663151
91755663	91755823
98810751	98810897
122956291	122956443
126536208	126536376
66067659	66067827
6934844	6935008
51219253	51219395
48161016	48161174
107312646	107312823
63670619	63670798
116453441	116453598
56349923	56350082
91247925	91248071
33072162	33072334
33100252	33100425
48232460	48232632
116355094	116355257
54137498	54137648
82021457	82021622
71786442	71786590
106542983	106543165
81157677	81157858
54375438	54375613
45782434	45782610
54688093	54688273
121021300	121021474
121151808	121151950
69964688	69964855
72174107	72174257
53264364	53264517
1743870	1744048
39981164	39981319
32458199	32458353
53775749	53775897
103134544	103134708
7150264	7150427
63462756	63462913
122615663	122615825
10826835	10826997
49725499	49725660
57607173	57607335
95730334	95730496
4867384	4867527
54973606	54973746
10519622	10519795
47791551	47791720
88446575	88446716
109531285	109531446
120375939	120376117
3409151	3409340
96795029	96795236
16229606	16229760
9786905	9787037
80663841	80664001
54069952	54070091
54344254	54344398
104264450	104264601
95158116	95158249
62517593	62517738
38710248	38710383
34371466	34371609
62387639	62387781
55153631	55153759
57701642	57701808
75040777	75040928
5131730	5131894
9216781	9216983
54610915	54611084
82777800	82777966
98960724	98960876
78319391	78319596
106780094	106780272
923454	923624
125383093	125383247
102233647	102233799
110888179	110888337
75683692	75683845
50339429	50339598
12717073	12717214
38447560	38447704
110950356	110950496
14391240	14391390
96392520	96392680
46156427	46156555
18293041	18293181
125251620	125251793
120703672	120703827
6844973	6845113
28325492	28325631
26427503	26427698
106599310	106599469
103163463	103163600
121447657	121447798
6432508	6432659
132638509	132638681
104451560	104451692
84897061	84897214
95968734	95968877
67749744	67749917
10162600	10162736
104752263	104752419
97380830	97380988
40706901	40707040
93419395	93419532
102489584	102489729
111834823	111834984
74931127	74931255
106426020	106426186
56053674	56053845
50360851	50361041
53321320	53321492
69809627	69809765
124286275	124286391
27276662	27276824
121499766	121499918
109344997	109345161
14817489	14817638
86317632	86317774
49147329	49147514
98910299	98910421
98818681	98818865
43895609	43895743
93002381	93002514
54773506	54773654
51663403	51663575
20754732	20754875
110035622	110035775
64575604	64575720
56520044	56520197
34175067	34175202
67082755	67082905
9043261	9043410
76552600	76552747
69265847	69265982
71945438	71945574
49482136	49482272
108278966	108279116
112383159	112383312
120524803	120524953
10186517	10186649
86349013	86349158
42418098	42418228
52515725	52515875
56324616	56324751
78079039	78079189
52672847	52672999
19441699	19441830
104609439	104609585
130498630	130498767
47473290	47473451
22862373	22862507
93221737	93221866
65196103	65196256
19796685	19796806
3182688	3182824
90496944	90497081
121087111	121087236
118312773	118312898
113468878	113469004
29705431	29705559
1905330	1905452
78540200	78540334
7245129	7245258
125887862	125888017
54185625	54185743
118813987	118814145
91571936	91572073
90456772	90456952
55329220	55329349
27192488	27192648
66539076	66539182
109247908	109248025
79767788	79767941
21218907	21219051
60500129	60500255
92537927	92538056
9202257	9202403
124516932	124517078
43676050	43676187
46525665	46525820
65517361	65517501
94161089	94161237
57856543	57856686
65190144	65190275
91302958	91303089
51128562	51128689
25283760	25283875
3053901	3054041
104278141	104278279
56118519	56118645
12990066	12990196
109956679	109956825
101135026	101135152
72740236	72740363
38722263	38722379
53718581	53718741
8198720	8198851
95611258	95611422
77214795	77214924
55537181	55537292
41016234	41016306
4964722	4964868
91352881	91353002
98884889	98884998
18377812	18377930
8147949	8148069
108964650	108964798
12487428	12487568
18145086	18145228
71086604	71086728
109831659	109831794
30997564	30997737
57151395	57151543
52285807	52285904
10078504	10078619
6176866	6176993
19014332	19014467
925711	925862
20799294	20799429
49359354	49359488
83398514	83398693
45342647	45342766
117557641	117557755
25363960	25364089
121668199	121668327
110283206	110283361
47941004	47941120
122326332	122326476
66803190	66803317
19931845	19931966
91353459	91353573
53273377	53273511
120087143	120087270
26170665	26170784
46119603	46119737
109865971	109866085
16512931	16513069
32465081	32465311
52836655	52836770
656193	656353
118602979	118603100
125721748	125721879
48212992	48213128
118620189	118620301
53568880	53568999
113612308	113612436
91720337	91720471
13408792	13408912
112608280	112608399
117393601	117393730
13892682	13892801
45516678	45516794
27974235	27974351
108851133	108851277
49974414	49974502
122820709	122820808
127593288	127593409
110869243	110869395
59480990	59481127
48294414	48294514
85550469	85550575
79941769	79941885
120672644	120672755
29462387	29462501
29151901	29152028
15925485	15925602
117354760	117354875
81845074	81845206
96894584	96894711
107498619	107498714
110990205	110990372
26112731	26112847
66079443	66079570
5551684	5551830
117320700	117320818
75899693	75899751
80280785	80281015
131400865	131400979
123953473	123953584
88547877	88547980
39897400	39897510
101963916	101964023
40546739	40546853
89864659	89864775
6444936	6445066
122120099	122120228
4689018	4689127
99092771	99092909
109825318	109825431
76425334	76425482
50135043	50135168
9966902	9967040
13043443	13043606
116360886	116361002
12890186	12890262
13361486	13361635
54997114	54997229
52784895	52785014
86036738	86036852
118472755	118472830
4146986	4147094
2849122	2849237
14409601	14409723
94997392	94997503
54990352	54990474
49629054	49629172
78514778	78514890
29226713	29226822
7266025	7266112
121772723	121772809
69224072	69224302
57852979	57853095
84220024	84220152
69647842	69647934
62400043	62400159
105494939	105495052
93813326	93813430
13128759	13128817
39712090	39712320
17092884	17093002
130526908	130527048
19932482	19932594
80589040	80589123
11707022	11707139
97383818	97383932
81522853	81522929
56709953	56710044
75879192	75879275
60650994	60651132
25394254	25394379
8761654	8761884
53661846	53661931
111967373	111967469
111751699	111751820
41658162	41658392
68710989	68711076
29670418	29670542
124103136	124103285
132318462	132318531
1654276	1654388
82720846	82720905
125235479	125235588
130511289	130511405
8810079	8810186
7341214	7341292
21850933	21851012
110907077	110907156
20373407	20373526
39058627	39058717
117028475	117028561
43730833	43731063
5280999	5281229
20275391	20275453
85871119	85871212
8756601	8756679
113900312	113900421
110538481	110538608
40384458	40384574
50172031	50172098
17795132	17795195
54397945	54398053
115836280	115836390
52288863	52288950
59227790	59227886
121881144	121881253
96526754	96526863
94495282	94495368
68978729	68978959
108070188	108070295
93963465	93963552
51441590	51441820
49330296	49330362
46736427	46736533
8231100	8231186
43743837	43743918
92205623	92205688
6435576	6435706
21760775	21760866
52713067	52713172
71518784	71518853
51755556	51755656
96353034	96353145
56074983	56075091
105073904	105074134
58087464	58087694
84217611	84217716
69550926	69551031
80866775	80867005
31391851	31391949
57657680	57657779
59825196	59825284
91502961	91503072
110365512	110365610
112636090	112636173
125249040	125249131
678981	679211
103342774	103342859
70033274	70033504
92802025	92802093
31138895	31139003
118294502	118294732
105772716	105772857
66003408	66003506
51640437	51640667
97798487	97798562
24934121	24934221
78956468	78956698
24749799	24750029
111462161	111462237
31004157	31004274
103277126	103277187
116579108	116579175
46696917	46697147
9903972	9904202
56423560	56423790
27167353	27167435
116436000	116436115
103204967	103205197
52072039	52072128
46956789	46956848
50101374	50101604
81231271	81231381
3150885	3150978
120868375	120868481
56696283	56696366
47802223	47802284
62604177	62604407
132990656	132990793
99000516	99000619
67087828	67087917
27459288	27459379
122326994	122327053
18583488	18583595
132345538	132345768
69058858	69059088
56435359	56435453
120097226	120097305
52414600	52414830
6647163	6647273
16052294	16052524
7869134	7869195
39305556	39305649
48478002	48478087
80991949	80992023
91761160	91761263
54383055	54383119
124860137	124860202
113536198	113536428
78864457	78864687
51158862	51158941
95269539	95269603
50628301	50628387
118287950	118288023
102878393	102878474
109702057	109702213
24931988	24932054
51765970	51766044
131601014	131601126
103969193	103969256
123850311	123850541
106751326	106751556
40719333	40719393
98833900	98833958
102694938	102695168
685395	685463
4417138	4417218
48357212	48357306
69864677	69864907
107485914	107486144
9895761	9895991
125212010	125212069
7261880	7261947
50114143	50114213
57487207	57487276
91338989	91339057
52901051	52901135
121533797	121534027
111374942	111375172
7527306	7527372
108888890	108888957
15737461	15737691
53721333	53721563
22784846	22785076
130687827	130687885
124953819	124954049
108384265	108384340
48936166	48936396
64630453	64630565
94469156	94469386
6793942	6794021
8059839	8059913
63813986	63814216
26767318	26767376
66663730	66663806
8113448	8113506
32908098	32908328
104026410	104026640
95119648	95119878
63545916	63546146
60202157	60202387
48191420	48191487
74809518	74809748
125212541	125212771
88719212	88719442
7741396	7741626
56984079	56984309
52653718	52653776
124805586	124805816
130610531	130610761
112191059	112191289
128162203	128162262
53739052	53739282
14338907	14339137
22171972	22172038
8012665	8012746
117135256	117135348
88787227	88787457
103096391	103096621
56131020	56131250
21103251	21103481
125425222	125425452
57395373	57395431
101062784	101063014
29116572	29116802
78623354	78623584
19807868	19808098
4967028	4967086
65002116	65002185
40086114	40086344
2994498	2994728
4713871	4714101
93774503	93774733
109870642	109870872
24262495	24262553
7830015	7830245
19987172	19987402
113877396	113877626
14607196	14607271
97702436	97702666
25845498	25845728
26306797	26307027
13814288	13814518
34191382	34191612
1058988	1059218
3886441	3886671
91971749	91971979
4463001	4463231
24881387	24881617
122644573	122644803
22142826	22143056
94232939	94233169
90343711	90343941
130677578	130677808
11381254	11381484
7984753	7984983
110662162	110662392
40013767	40013828
68728032	68728262
125831162	125831227
15745959	15746189
125179547	125179777
56617798	56618028
100161745	100161830
48298390	48298620
7297177	7297249
113863187	113863417
71765001	71765231
80586865	80586939
118025558	118025788
46888282	46888512
860450	860680
118558853	118558922
12761685	12761915
25736557	25736644
99119718	99119948
26462760	26462818
15680515	15680745
27071598	27071828
49328203	49328433
110217392	110217622
30287268	30287498
56627418	56627648
112111384	112111614
112226053	112226283
52417527	52417757
6147371	6147601
47337991	47338221
83290833	83291063
95728291	95728521
27030961	27031191
111136121	111136351
90150483	90150713
110989949	110990083
25113260	25113490
27397343	27397573
69460819	69461049
104851200	104851430
116070246	116070476
1909865	1910095
123431334	123431564
25710840	25711070
85012901	85013131
89573848	89574078
112849391	112849621
19840385	19840615
46824191	46824421
50433074	50433304
75728177	75728407
96883143	96883373
93111040	93111270
18473038	18473268
50030754	50030984
46862030	46862260
46886392	46886622
49750951	49751181
115604942	115605014
130886278	130886508
54920959	54921189
122214144	122214374
48768030	48768260
16135503	16135733
29029426	29029656
6944914	6945144
49491848	49492078
56050208	56050438
25308064	25308294
130516177	130516407
132486233	132486325
129266924	129267154
127865691	127865921
33758782	33759012
46867557	46867787
58197158	58197388
14017179	14017244
101221763	101221993
50720578	50720808
123365435	123365512
77546458	77546688
46825627	46825857
30042730	30042960
87668418	87668648
57521060	57521290
5538005	5538235
44394326	44394394
39982245	39982475
115212049	115212279
30610662	30610892
78786778	78787008
101884134	101884364
122840838	122840905
54608550	54608780
124389961	124390191
76371754	76371984
5981986	5982216
116504517	116504747
77024772	77024839
74759454	74759684
70379505	70379581
27577635	27577865
42497975	42498205
2692225	2692455
90345080	90345310
127359036	127359266
86119856	86120086
50144173	50144403
111736688	111736918
121661525	121661755
30907943	30908173
49381935	49382165
47076019	47076249
121937760	121937990
72240201	72240431
6387935	6388165
122791026	122791256
132860874	132861104
94196559	94196789
47067948	47068178
56600382	56600612
39300484	39300714
2922825	2923055
125053123	125053353
20347183	20347413
81662407	81662637
58837426	58837656
121294864	121295094
47671956	47672186
52626699	52626929
65195249	65195479
66273768	66273998
71217270	71217500
90485105	90485335
108587693	108587923
61371827	61372057
107290874	107291104
57028817	57029047
96213956	96214186
120242219	120242449
15334744	15334974
54239298	54239528
121382426	121382656
116421090	116421320
10563837	10564067
118815774	118816004
131937201	131937431
122224374	122224604
105128608	105128838
43838832	43839062
75784842	75785072
116844440	116844670
58129700	58129930
262399	262629
59991371	59991601
7069943	7070173
13023486	13023716
21401733	21401963
57637514	57637744
124832566	124832796
6181708	6181938
114451827	114452057
49318407	49318637
133131514	133131744
86208002	86208232
91807289	91807519
8933091	8933321
48111372	48111602
74710824	74711054
122249926	122250156
40730448	40730678
20124410	20124640
38778601	38778831
9102587	9102817
8976202	8976432
90407270	90407500
113591134	113591364
59558977	59559207
84902392	84902622
49370302	49370532
120218698	120218928
124884262	124884492
12189018	12189248
103210669	103210899
20702141	20702371
39928869	39929099
106099528	106099758
57505418	57505648
47465137	47465367
54764091	54764321
46399037	46399267
5854534	5854764
45809226	45809456
122062574	122062804
97542801	97543031
7770940	7771170
56664970	56665200
55465953	55466183
65002754	65002984
53938736	53938966
95374408	95374638
3143391	3143621
52320617	52320847
89556607	89556837
39759240	39759470
115207497	115207727
64238405	64238635
49691959	49692189
7798065	7798295
19897906	19898136
61932809	61933039
79902489	79902719
3409732	3409962
14518261	14518491
49284510	49284740
74415710	74415940
53442308	53442538
82004699	82004929
57030852	57031082
88825123	88825353
2893238	2893468
46943638	46943868
30668368	30668598
45609184	45609414
58153249	58153479
45267742	45267972
57569695	57569925
16342861	16343091
2792174	2792404
69180811	69181041
84791159	84791389
93491870	93492100
130751363	130751593
93320873	93321103
15380089	15380319
123318874	123319104
70937341	70937571
92385265	92385495
64786102	64786332
16539046	16539276
76595159	76595389
8390121	8390351
46599148	46599378
12966089	12966319
133215387	133215617
110540059	110540289
96488065	96488295
92968250	92968480
38786457	38786687
119882341	119882571
53343677	53343907
49486006	49486236
98396745	98396975
123755650	123755880
56655795	56656025
54798251	54798481
26244863	26245093
87106196	87106426
117674354	117674584
14519167	14519397
93623225	93623455
69523904	69524134
110776677	110776907
6667270	6667500
13687781	13688011
430842	431072
120773311	120773541
47068720	47068950
92900299	92900529
66093095	66093325
93919215	93919445
110202037	110202267
56190922	56191152
7294725	7294955
26499700	26499930
124538497	124538727
48394864	48395094
13054488	13054718
57341499	57341729
54224513	54224743
70070128	70070358
107473021	107473251
104613878	104614108
75954050	75954280
122106625	122106855
45667644	45667874
121498464	121498694
109572030	109572260
75141180	75141410
44152576	44152806
106739664	106739894
131812332	131812562
66429161	66429391
72676565	72676795
32497049	32497279
104997940	104998170
64160364	64160594
46777729	46777959
110481066	110481296
69462371	69462601
94136171	94136401
7126182	7126412
96409542	96409772
132918889	132919119
19335056	19335286
20616942	20617172
74806468	74806698
42057381	42057611
90163253	90163483
46949933	46950163
52545939	52546169
100532178	100532408
28912351	28912581
2166437	2166667
68041605	68041835
50595791	50596021
120755139	120755369
101127681	101127911
22612884	22613114
120904441	120904671
125083619	125083849
115208224	115208454
55119090	55119320
125313976	125314206
77005447	77005677
48836274	48836504
77321027	77321257
108154874	108155104
57940246	57940476
864143	864373
107076710	107076940
50966149	50966379
108386724	108386954
6679502	6679732
85818735	85818965
110337880	110338110
46662739	46662969
20147971	20148201
11659530	11659760
53061358	53061588
4105033	4105263
90219450	90219680
92464955	92465185
53993471	53993701
81016130	81016360
54261542	54261772
13139022	13139252
13251585	13251815
42433032	42433262
104688019	104688249
93591952	93592182
93337666	93337896
132320866	132321096
125687765	125687995
13044404	13044634
114604251	114604481
129454008	129454238
58119884	58120114
92502523	92502753
70446814	70447044
25982214	25982444
14667254	14667484
127101940	127102170
87551613	87551843
131644268	131644498
62866284	62866514
66746056	66746286
98926570	98926800
111612399	111612629
26677869	26678099
46049045	46049275
47476639	47476869
19376055	19376285
21449804	21450034
20037045	20037275
70024095	70024325
132464899	132465129
99780796	99781026
25847084	25847314
94337702	94337932
64240126	64240356
133345032	133345262
13043749	13043979
12044990	12045220
72033355	72033585
5757986	5758216
22837554	22837784
112262179	112262409
54854409	54854639
31624072	31624302
56771094	56771324
47058826	47059056
132093653	132093883
102186420	102186650
115122191	115122421
64471786	64472016
102563773	102564003
56599373	56599603
125122218	125122448
27168694	27168924
45981998	45982228
58461487	58461717
46139746	46139976
88205846	88206076
99040148	99040378
44711395	44711625
47069530	47069760
62996964	62997194
6776739	6776969
53425484	53425714
91637039	91637269
124646800	124647030
59198626	59198856
67419356	67419586
9531225	9531455
69590530	69590760
118873920	118874150
68395359	68395589
57608129	57608359
83828472	83828702
27719177	27719407
50616292	50616522
9860867	9861097
31330533	31330763
46748000	46748230
65626364	65626594
25801466	25801696
50267467	50267697
63207064	63207294
20884270	20884500
511312	511542
46950693	46950923
91726152	91726382
54178604	54178834
114914028	114914258
109125326	109125556
53605637	53605867
56472747	56472977
132349747	132349977
96821137	96821367
48264343	48264573
96357003	96357233
94539495	94539725
45626772	45627002
126218824	126219054
60895203	60895433
52565880	52566110
94179078	94179308
64667584	64667814
125815515	125815745
53432538	53432768
94723232	94723462
100052816	100053046
55052519	55052749
132386642	132386872
55462281	55462511
46834025	46834255
52591680	52591910
53715358	53715588
52580013	52580243
132314930	132315160
117574013	117574243
13355966	13356196
127147947	127148177
31671813	31672043
120700033	120700263
31118673	31118903
13278043	13278273
94373057	94373287
27702744	27702974
48152837	48153067
94494115	94494345
31855013	31855243
52615920	52616150
121451618	121451848
63196834	63197064
90288078	90288308
108004133	108004363
122636599	122636829
116385014	116385244
10328500	10328730
100471220	100471450
130643353	130643583
54342768	54342998
109005977	109006207
110318242	110318472
56583411	56583641
121443192	121443422
51927685	51927915
52674188	52674418
71138012	71138242
72658435	72658665
80707021	80707251
92172753	92172983
46886940	46887170
133100497	133100727
112549802	112550032
89319820	89320050
26555640	26555870
4530742	4530972
15409777	15410007
103980005	103980235
64311840	64312070
121932033	121932263
53870710	53870940
50353586	50353816
90729088	90729318
41761894	41762124
67809336	67809566
125398526	125398756
723575	723805
329116	329346
88972966	88973196
38728225	38728455
87054656	87054886
7315286	7315516
46877540	46877770
56551618	56551848
91955998	91956228
33580098	33580328
46780364	46780594
54338465	54338695
50495464	50495694
133137810	133138040
6663320	6663550
78396707	78396937
106499966	106500196
96157812	96158042
40425860	40426090
96602951	96603181
89027160	89027390
29934184	29934414
2400437	2400667
94018836	94019066
50926455	50926685
96027119	96027349
111742432	111742662
7000337	7000567
43355302	43355532
65676723	65676953
60174574	60174804
20131172	20131402
56137243	56137473
128174774	128175004
111587179	111587409
10364869	10365099
20639227	20639457
56075297	56075527
51180710	51180940
92462298	92462528
87738551	87738781
53365890	53366120
54214334	54214564
92171454	92171684
65468787	65469017
50504523	50504753
53365443	53365673
77113075	77113305
60366824	60367054
50618185	50618415
49962667	49962897
93521592	93521822
107520732	107520962
6454601	6454831
56214541	56214771
29949856	29950086
105352524	105352754
25768050	25768280
80083233	80083463
25845061	25845291
50655535	50655765
76722996	76723226
58176335	58176565
109085477	109085707
109278265	109278495
122906669	122906899
46947239	46947469
133757842	133758072
14771954	14772184
8526393	8526623
6485241	6485471
107407929	107408159
69418224	69418454
52510454	52510684
129677891	129678121
76119324	76119554
131310894	131311124
9013132	9013362
81541157	81541387
7819828	7820058
65018969	65019199
59838803	59839033
47178619	47178849
86159375	86159605
53086120	53086350
12956261	12956491
105065696	105065926
13288690	13288920
10093028	10093258
108696230	108696460
105047586	105047816
13431185	13431415
109232164	109232394
26985009	26985239
102063884	102064114
124938000	124938230
48744998	48745228
107183861	107184091
52609485	52609715
65997308	65997538
46767327	46767557
48644842	48645072
47411765	47411995
10344436	10344666
52762380	52762610
123144756	123144986
53345899	53346129
49524034	49524264
9284881	9285111
119288128	119288358
51013093	51013323
47665083	47665313
130144553	130144783
29241587	29241817
12992936	12993166
57566846	57567076
39836969	39837199
68959322	68959552
97295901	97296131
27677768	27677998
96839564	96839794
111706665	111706895
122884481	122884711
79035686	79035916
57849990	57850220
8652303	8652533
24165538	24165768
105839401	105839631
116963317	116963547
72661787	72662017
105253055	105253285
95104771	95105001
109549757	109549987
79817904	79818134
121497864	121498094
88974107	88974337
47479688	47479918
70796472	70796702
65930706	65930936
124816685	124816915
107796267	107796497
75882408	75882638
26050066	26050296
120891808	120892038
1808101	1808331
117539026	117539256
46887664	46887894
81026708	81026938
77346855	77347085
48455809	48456039
6691424	6691654
6389360	6389590
106394212	106394442
54219221	54219451
65500824	65501054
7074304	7074534
52586074	52586304
98548698	98548928
10545041	10545271
53369174	53369404
45941692	45941922
25633126	25633356
79768457	79768687
120877517	120877747
53875885	53876115
92379938	92380168
15305482	15305712
75197123	75197353
51911684	51911914
131808517	131808747
31902373	31902603
125110959	125111189
104680334	104680564
3145491	3145721
89918517	89918747
130689242	130689472
72080131	72080361
14929594	14929824
69459660	69459890
131616960	131617190
56293065	56293295
49408479	49408709
29534205	29534435
15045725	15045955
45654071	45654301
127410804	127411034
88072252	88072482
100785724	100785954
14869842	14870072
53845525	53845755
47479012	47479242
118109527	118109757
122354735	122354965
81340460	81340690
98816746	98816976
51422664	51422894
26782932	26783162
96613670	96613900
12972949	12973179
51418623	51418853
7795547	7795777
120739930	120740160
51230990	51231220
118292265	118292495
64482293	64482523
105063249	105063479
54730291	54730521
122469603	122469833
123352230	123352460
90253343	90253573
112451138	112451368
66514327	66514557
8690489	8690719
58696236	58696466
38988414	38988644
46956087	46956317
122905944	122906174
121063477	121063707
122393735	122393965
96456942	96457172
51398310	51398540
119151899	119152129
110210194	110210424
32552522	32552752
125140738	125140968
95467352	95467582
13349433	13349663
132434284	132434514
58386892	58387122
4216625	4216855
127268942	127269172
26110932	26111162
6754149	6754379
120132970	120133200
63118793	63119023
74329595	74329825
120105424	120105654
27677222	27677452
15361184	15361414
109041066	109041296
68759098	68759328
31885929	31886159
29690334	29690564
57156948	57157178
99333218	99333448
49212766	49212996
12988387	12988617
92833258	92833488
54965021	54965251
69453305	69453535
120667467	120667697
120426268	120426498
123163737	123163967
70636474	70636704
20365632	20365862
122154941	122155171
93637970	93638200
20777724	20777954
56728010	56728240
54856886	54857116
108631156	108631386
88221479	88221709
63377515	63377745
30593816	30594046
4636208	4636438
123591638	123591868
50263086	50263316
115374611	115374841
105127559	105127789
46284136	46284366
53626269	53626499
19035700	19035930
66025452	66025682
100623082	100623312
102288657	102288887
61940139	61940369
44870557	44870787
13025224	13025454
117037522	117037752
85674165	85674395
127778137	127778367
7047259	7047489
20272803	20273033
52444584	52444814
29896911	29897141
52604427	52604657
108731172	108731402
90150941	90151171
126018064	126018294
54332550	54332780
68800127	68800357
93481139	93481369
120639083	120639313
94302662	94302892
50288229	50288459
30156683	30156913
90100476	90100706
100204569	100204799
76175476	76175706
63328955	63329185
31966338	31966568
20151953	20152183
125118326	125118556
76347899	76348129
54164151	54164381
19897620	19897850
50641062	50641292
46836573	46836803
112550300	112550530
59449325	59449555
50003650	50003880
119417654	119417884
125124735	125124965
115371244	115371474
31404666	31404896
108457031	108457261
89619551	89619781
118492939	118493169
130819653	130819883
52376408	52376638
76577362	76577592
124086224	124086454
56660514	56660744
111142619	111142849
50506326	50506556
54656216	54656446
52611009	52611239
47358371	47358601
50784248	50784478
109227134	109227364
116208956	116209186
98987056	98987286
47057181	47057411
21099756	21099986
110661621	110661851
94947005	94947235
12602647	12602877
60367406	60367636
34186914	34187144
75243680	75243910
121562264	121562494
52624223	52624453
6485850	6486080
110683378	110683608
132338436	132338666
125401643	125401873
58282269	58282499
104997358	104997588
79515357	79515587
132933363	132933593
112125107	112125337
77718493	77718723
130627444	130627674
77082501	77082731
58026873	58027103
92538494	92538724
100452324	100452554
53455584	53455814
50614198	50614428
52444090	52444320
131910019	131910249
130399251	130399481
48834856	48835086
119766012	119766242
6396099	6396329
58810079	58810309
46287123	46287353
18705858	18706088
90557817	90558047
59990689	59990919
48031034	48031264
94071628	94071858
46613680	46613910
104982497	104982727
67835627	67835857
133177119	133177349
112450783	112451013
48680543	48680773
14115752	14115982
26424095	26424325
54151012	54151242
1280865	1281095
25538956	25539186
48591285	48591515
54698086	54698316
45586183	45586413
117111728	117111958
95496960	95497190
20099543	20099773
52928318	52928548
13328509	13328739
6075110	6075340
51586187	51586417
53357762	53357992
102330116	102330346
20521057	20521287
58238459	58238689
44122032	44122262
125003100	125003330
27993218	27993448
63492723	63492953
84993472	84993702
25978552	25978782
109128167	109128397
16132101	16132331
32607111	32607341
8384314	8384544
69977057	69977287
48817043	48817273
112888615	112888845
53109283	53109513
6187628	6187858
86228252	86228482
115352222	115352452
46692892	46693122
48803734	48803964
91492734	91492964
15910868	15911098
108089634	108089864
123869647	123869877
60322986	60323216
90365826	90366056
6445405	6445635
120517167	120517397
23208025	23208255
19336437	19336667
14922873	14923103
109361650	109361880
76050504	76050734
104198766	104198996
124907664	124907894
8543153	8543383
12911844	12912074
115356697	115356927
81724351	81724581
57632892	57633122
117211387	117211617
86175536	86175766
115791886	115792116
107130254	107130484
96452011	96452241
28119816	28120046
51765425	51765655
124292838	124293068
122948942	122949172
123570337	123570567
6723419	6723649
132903922	132904152
72293959	72294189
86624436	86624666
110371922	110372152
58031270	58031500
125477434	125477664
46795584	46795814
80662780	80663010
120498092	120498322
54263419	54263649
28933129	28933359
100522407	100522637
60228818	60229048
86597740	86597970
29580970	29581200
25922108	25922338
85410284	85410514
92955406	92955636
51014488	51014718
79452147	79452377
69080424	69080654
20120494	20120724
90102422	90102652
132703596	132703826
130699337	130699567
62916807	62917037
46837726	46837956
124883193	124883423
58819338	58819568
9524912	9525142
32687101	32687331
41364204	41364434
110792969	110793199
1099049	1099279
43045958	43046188
48730397	48730627
96115145	96115375
130146835	130147065
109161992	109162222
96048111	96048341
120669307	120669537
76327028	76327258
17742014	17742244
101717530	101717760
94828051	94828281
109740275	109740505
100548606	100548836
42690390	42690620
113354252	113354482
96134492	96134722
114194983	114195213
96199686	96199916
31644774	31645004
20273369	20273599
3422851	3423081
131324080	131324310
70381599	70381829
115373541	115373771
27588052	27588282
2394018	2394248
124823055	124823285
92474339	92474569
2504628	2504858
103795305	103795535
70173737	70173967
57022559	57022789
38949521	38949751
117318771	117319001
12976223	12976453
104613198	104613428
125205294	125205524
77064567	77064797
108323275	108323505
11803907	11804137
121124658	121124888
50336785	50337015
50156846	50157076
29793474	29793704
31142841	31143071
47427663	47427893
53135248	53135478
46054199	46054429
125003634	125003864
25648600	25648830
11112477	11112707
19426948	19427178
24652821	24653051
78080632	78080862
22823802	22824032
76160625	76160855
69372075	69372305
76693792	76694022
109028267	109028497
82386332	82386562
85704316	85704546
79280932	79281162
89554533	89554763
132221840	132222070
113443681	113443911
9066692	9066922
29581718	29581948
118490338	118490568
66563386	66563616
52583675	52583905
71531855	71532085
90341840	90342070
105673339	105673569
106527101	106527331
113797687	113797917
62653122	62653352
54262473	54262703
71118312	71118542
13340364	13340594
29715157	29715387
9471866	9472096
96464494	96464724
53302007	53302237
87127295	87127525
105772932	105773040
121571094	121571324
90362944	90363174
110707428	110707658
31899777	31900007
6404464	6404694
126473094	126473324
90668301	90668531
124877653	124877883
78978565	78978795
106992724	106992954
93958108	93958338
9297412	9297642
87833952	87834182
12551387	12551617
90356611	90356841
110887555	110887785
71950779	71951009
51656533	51656763
20145274	20145504
38536834	38537064
45567188	45567418
15139485	15139715
46866729	46866959
52423539	52423769
110796297	110796527
50615053	50615283
46654276	46654506
83410061	83410291
22253987	22254217
5183116	5183346
112123810	112124040
80084356	80084586
88214581	88214811
71054733	71054963
76741810	76742040
13129418	13129648
89853157	89853387
95148528	95148758
50899498	50899728
93792980	93793210
79098047	79098277
123547373	123547603
51432131	51432361
68633999	68634229
92168345	92168575
57636804	57637034
48415723	48415953
80947194	80947424
46845941	46846171
45168666	45168896
4492543	4492773
58275383	58275613
104802402	104802632
51566496	51566726
13324849	13325079
76328281	76328511
81104278	81104508
65493995	65494225
127610552	127610782
46941845	46942075
6310408	6310638
114404210	114404440
127510197	127510427
26266821	26267051
92896318	92896548
54238792	54239022
70999785	71000015
110050849	110051079
130655403	130655633
96529732	96529962
65732982	65733212
83044541	83044771
9217742	9217972
76423709	76423939
64954874	64955104
1326346	1326576
133138477	133138707
40218457	40218687
19727564	19727794
58704239	58704469
3946348	3946578
88172908	88173138
47670665	47670895
117047615	117047845
105608454	105608684
9621678	9621908
27484291	27484521
88755354	88755584
18312204	18312434
3312218	3312448
124993423	124993653
108851839	108852069
58704677	58704907
126540063	126540293
48263923	48264153
120315269	120315499
123315532	123315762
52641208	52641438
30054593	30054823
88260552	88260782
96485693	96485923
131255075	131255305
91089271	91089501
51379073	51379303
52637945	52638175
69186782	69187012
130817994	130818224
43119743	43119973
98985081	98985311
47755233	47755463
64066406	64066636
52955922	52956152
71835964	71836194
8815298	8815528
71233404	71233634
92600381	92600611
53339788	53340018
98337215	98337445
15980724	15980954
44153248	44153478
86020292	86020522
67102499	67102729
48214489	48214719
56890572	56890802
89575367	89575597
49208442	49208672
82752543	82752773
93531875	93532105
47162652	47162882
125063101	125063331
71554447	71554677
91565458	91565688
68773121	68773351
109023654	109023884
104671276	104671506
72866233	72866463
123401299	123401529
70026899	70027129
47268481	47268711
46630587	46630817
58499645	58499875
87028617	87028847
49628285	49628515
65127760	65127990
31206973	31207203
54700890	54701120
125167765	125167995
67297844	67298074
57915797	57916027
119663319	119663549
120130928	120131158
39285922	39286152
133540605	133540835
19999549	19999779
6386142	6386372
32443404	32443634
4958262	4958492
87117245	87117475
49741447	49741677
53651616	53651846
52917718	52917948
119687701	119687931
18107747	18107977
89511546	89511776
72527359	72527589
32268742	32268972
76497254	76497484
116715552	116715782
75284068	75284298
93484058	93484288
96891679	96891909
72332580	72332810
52579464	52579694
94534409	94534639
113748405	113748635
52597034	52597264
125322860	125323090
79363916	79364146
118295534	118295764
110249491	110249721
54673419	54673649
52601736	52601966
100205077	100205307
125117811	125118041
106682272	106682502
6202370	6202600
47606255	47606485
130624578	130624808
125120913	125121143
39884831	39885061
115775493	115775723
53301002	53301232
52645962	52646192
2955139	2955369
122501919	122502149
42631316	42631546
54528777	54529007
