54856339	54856613
26707142	26707481
138423530	138423766
39620087	39620327
21806982	21807255
134966288	134966544
20638212	20638442
28060010	28060244
45175795	45176021
87872663	87872990
135485908	135486146
55708976	55709199
8335768	8335989
142912238	142912462
7464122	7464339
128858482	128858698
86941664	86941899
129712063	129712298
54841920	54842162
23095291	23095508
87046081	87046287
6362669	6362892
140353270	140353494
22149974	22150192
117355905	117356142
80328448	80328674
111375796	111376017
105794359	105794580
116449814	116450035
48149804	48150033
46392019	46392256
95106360	95106584
23902919	23903140
26404811	26405014
95315497	95315721
22041094	22041295
137588465	137588666
103164862	103165078
93906206	93906424
139702132	139702380
80057850	80058067
116229119	116229340
81345393	81345624
113722056	113722281
112135979	112136190
75391831	75392047
134198006	134198222
127849887	127850118
47858987	47859215
107103665	107103880
23586642	23586911
99730333	99730544
75943621	75943898
29448463	29448666
4650559	4650774
131373971	131374184
47305919	47306146
121187641	121187850
115898814	115899032
22599572	22599798
23610306	23610531
36527447	36527646
92250406	92250609
137846334	137846563
103393531	103393741
93918387	93918599
32519284	32519489
40369248	40369465
129304338	129304553
134117514	134117732
115813190	115813382
84671021	84671224
16931060	16931269
87987615	87987839
100926327	100926546
95156819	95157046
25932538	25932744
26900067	26900281
23752104	23752315
107786740	107786947
31783996	31784193
73831799	73832025
83565471	83565687
92685017	92685218
140217799	140218027
51498271	51498476
90057162	90057366
45194293	45194499
7581108	7581317
30452730	30452936
72866196	72866402
81129050	81129242
100066939	100067156
111381879	111382101
129650741	129650963
4671307	4671528
17809560	17809763
105229998	105230197
158820200	158820421
94078554	94078761
27235908	27236113
30603968	30604186
115820357	115820565
51230509	51230729
76961256	76961452
100787381	100787602
5744171	5744368
73815660	73815865
105697482	105697677
81099412	81099622
97797998	97798202
13302654	13302846
83605666	83605845
137277092	137277305
112190609	112190811
138571314	138571519
129112262	129112462
75698565	75698770
87427215	87427412
151456699	151456897
137693644	137693846
36331146	36331368
41980448	41980650
94829196	94829386
55347735	55347941
5705068	5705287
148659851	148660073
2387703	2387908
139330759	139330959
107821599	107821800
16965997	16966205
50535813	50536011
11467401	11467597
81646752	81646940
54841521	54841739
75495869	75496072
28136325	28136532
17746456	17746660
73280559	73280767
33283023	33283222
22528546	22528767
105400767	105400975
23317106	23317301
40272232	40272427
49892335	49892527
24329956	24330168
81076770	81076960
38262178	38262360
8458383	8458584
90258702	90258915
98910602	98910798
75921030	75921239
134105371	134105563
111126718	111126906
134959342	134959537
87135667	87135855
30840418	30840626
112538837	112539030
47219886	47220102
48339281	48339480
75807522	75807743
104563411	104563616
47984904	47985108
100702687	100702888
144088948	144089139
43739646	43739838
93717135	93717364
131339504	131339707
106377042	106377236
158678421	158678609
82201617	82201829
23584581	23584786
120721463	120721655
73140135	73140341
8257180	8257367
115876157	115876351
42730722	42730921
51434838	51435034
127987711	127987905
12564539	12564721
99588588	99588774
54907357	54907576
51228805	51229002
35749166	35749359
77388712	77388890
123512395	123512588
36024865	36025088
18392041	18392235
25109684	25109861
116570580	116570795
96657045	96657239
25138102	25138313
99510836	99511028
86099085	86099266
92076549	92076750
44896635	44896838
45962901	45963123
17022342	17022549
107365677	107365865
101186180	101186380
95545989	95546190
64411728	64411900
123275711	123275903
115491429	115491630
86777770	86777961
12678598	12678784
133701515	133701702
45930786	45930992
33225412	33225598
5598572	5598773
100157474	100157672
91413859	91414038
95313455	95313659
107515164	107515347
101915565	101915760
7721216	7721400
123438003	123438204
120627753	120627958
120748072	120748252
22766069	22766272
84652478	84652663
131109077	131109267
94876240	94876456
115778353	115778543
99123418	99123617
43300944	43301124
44627789	44627990
77287172	77287367
25133922	25134099
105817207	105817413
37871896	37872112
114505717	114505928
95348227	95348416
75649511	75649714
82234656	82234848
142937770	142937967
30315821	30316024
138701915	138702094
134628643	134628823
143434221	143434403
121859419	121859602
99591894	99592075
5534324	5534543
38836614	38836802
95353005	95353198
104621762	104621948
34131040	34131224
98062714	98062912
106433568	106433757
99650962	99651153
47128470	47128683
73482237	73482450
124425334	124425529
66836884	66837076
126443227	126443424
103871973	103872155
151267540	151267707
101768562	101768772
98638096	98638298
128731641	128731837
35559923	35560115
128067460	128067629
81673921	81674102
64079552	64079734
7143107	7143291
102702446	102702631
17686335	17686530
127154662	127154843
127848561	127848759
140711975	140712162
6036931	6037120
152038588	152038763
138759877	138760064
105292902	105293107
106183013	106183233
73269932	73270124
18385376	18385547
29961135	29961316
105819256	105819458
103047409	103047594
24859922	24860123
34173904	34174108
12362007	12362199
100005298	100005460
158200731	158200905
43994220	43994407
27784815	27784991
105683316	105683520
82358822	82359006
117039985	117040175
115388285	115388482
130725273	130725461
40092177	40092355
48194473	48194656
120195103	120195296
121635122	121635295
25299381	25299551
130516718	130516905
87740803	87740972
39559588	39559768
121733104	121733289
65495940	65496132
137583943	137584121
82356294	82356467
94024848	94025031
92807651	92807810
1233578	1233768
135694324	135694492
115763132	115763319
12107228	12107408
42980948	42981145
39504649	39504834
86866284	86866455
44517033	44517213
12663606	12663798
32244119	32244294
151323618	151323803
102031260	102031446
135020477	135020666
30780151	30780326
154719348	154719539
23312773	23312960
19787481	19787655
121006990	121007160
109484526	109484703
134371710	134371881
88176163	88176312
115550693	115550868
11383552	11383713
97650916	97651116
28962345	28962530
116853158	116853340
85519685	85519844
101245779	101245955
108137649	108137831
35664274	35664460
26409271	26409430
85379808	85379982
83285378	83285554
24421623	24421813
90663871	90664060
18630497	18630669
50747065	50747227
27200636	27200840
16110971	16111144
110729993	110730171
134291160	134291350
107519896	107520088
913039	913229
20212471	20212636
123220998	123221171
90084857	90085031
132003593	132003772
101151166	101151357
150475914	150476088
97924228	97924419
2904762	2904936
50132190	50132361
142491205	142491388
130581812	130581998
80288900	80289053
24705374	24705543
150118208	150118411
116311888	116312084
16604597	16604767
108253709	108253871
8230079	8230263
36358731	36358911
128520191	128520371
66949322	66949509
117793697	117793890
84650527	84650695
50485822	50485999
111403344	111403523
143724279	143724456
73981178	73981352
33756316	33756497
79689663	79689815
127348893	127349064
37221684	37221866
64772782	64772934
73149138	73149304
100322986	100323153
100720938	100721131
113061879	113062051
23978650	23978847
130443316	130443484
133939159	133939322
158146758	158146916
1032864	1033057
39936050	39936219
141233212	141233379
25605575	25605762
113666671	113666835
103087706	103087876
25891305	25891481
151012248	151012431
7635203	7635384
12498272	12498438
31776090	31776261
101880051	101880228
157132904	157133065
37248185	37248350
134231703	134231870
129882484	129882692
80083111	80083279
81130694	81130848
137341123	137341295
5405776	5405930
133119114	133119278
144134811	144134968
100835867	100836032
139875051	139875207
17720624	17720778
31673628	31673801
51496019	51496189
17274267	17274426
143824900	143825072
105807260	105807431
6388681	6388836
128038710	128038881
27960923	27961105
147959913	147960080
43622337	43622511
104559151	104559306
35577115	35577291
93532220	93532392
86568647	86568805
37238553	37238730
148201103	148201260
1619220	1619404
98439471	98439640
112055036	112055209
33972562	33972743
55501007	55501167
95141118	95141280
76876618	76876789
111370688	111370848
94065422	94065594
117099149	117099319
27183427	27183602
134639071	134639228
134374859	134375025
39785874	39786044
37274562	37274730
30204219	30204375
104488941	104489118
100423708	100423869
84660248	84660425
96734070	96734243
77649990	77650152
103214044	103214191
95704833	95705014
122794410	122794571
24441729	24441886
10929041	10929203
86556087	86556247
35946167	35946303
56142079	56142252
147939465	147939625
16840827	16840974
28966734	28966921
154705523	154705696
114179729	114179882
143113758	143113908
130560168	130560330
106102935	106103116
92874952	92875100
5717735	5717906
129007523	129007714
6556101	6556239
36015583	36015722
45957280	45957447
117993022	117993191
12529843	12530009
33374104	33374264
150821121	150821283
78806294	78806461
22772452	22772609
150808228	150808397
128065926	128066085
85459237	85459407
24615896	24616035
120977586	120977747
133826140	133826298
85183716	85183850
151065300	151065484
34360645	34360822
123795582	123795738
95174408	95174552
128983044	128983186
31023307	31023469
92320942	92321100
131198385	131198554
2926734	2926901
29153573	29153746
5436199	5436354
142508928	142509096
144733821	144733968
43878600	43878792
28961503	28961648
130380787	130380941
83040431	83040587
45893966	45894109
100449723	100449877
135196987	135197134
121634716	121634866
114045594	114045753
81863891	81864026
85481011	85481160
73226131	73226293
5279914	5280087
108100518	108100664
23470048	23470191
120365584	120365749
113338760	113338917
11251826	11251983
81112031	81112187
42016822	42016977
41982740	41982928
116767739	116767889
50245040	50245198
101083784	101083943
114303688	114303837
3194624	3194781
75892351	75892511
2491134	2491311
140175674	140175826
130987966	130988124
155561112	155561285
66843303	66843460
26893514	26893675
123322827	123322952
28118012	28118146
16117812	16117949
34127850	34127985
129284576	129284713
97464960	97465113
51425627	51425777
155608062	155608211
26130702	26130845
79648595	79648762
34863391	34863518
37241291	37241439
6475378	6475520
93180485	93180646
23125765	23125898
117744981	117745139
79435746	79435946
51135472	51135613
44961809	44961958
143709063	143709210
117836026	117836177
132265596	132265739
73621005	73621166
92722180	92722321
142705119	142705287
41744777	41744963
106842441	106842587
27729289	27729450
134317821	134317983
140192985	140193140
74124326	74124485
92617502	92617655
29917816	29917960
42916167	42916300
129275496	129275652
142340159	142340297
4793592	4793744
141349796	141349963
150145894	150146025
117314040	117314168
23736691	23736860
23301588	23301736
41771892	41772040
5125148	5125322
37940977	37941109
81087308	81087448
37007041	37007196
28338620	28338786
123505680	123505824
40873524	40873656
73466121	73466260
78927608	78927754
73393577	73393708
128938208	128938352
86534640	86534791
124496454	124496585
113857199	113857340
113414364	113414506
80021684	80021821
106788033	106788174
28429162	28429302
123007689	123007834
13156881	13157028
2720602	2720775
70163324	70163479
29146118	29146253
152404120	152404277
148272805	148272952
89891873	89892004
31174181	31174353
144552045	144552200
151451307	151451437
54945480	54945655
107886926	107887075
148663954	148664119
6146154	6146287
110082496	110082637
44347037	44347183
120446065	120446206
19705166	19705299
51209213	51209374
102045163	102045307
96694390	96694550
14731363	14731517
93090795	93090924
117899288	117899418
123134367	123134508
114067000	114067149
11875022	11875145
99435714	99435868
44280699	44280853
77570080	77570217
12726987	12727176
37873271	37873404
156609787	156609907
139184844	139184983
156266277	156266404
135357677	135357800
14757502	14757612
33090489	33090597
158575570	158575713
19794267	19794429
80310698	80310841
131544053	131544187
19161737	19161872
22822341	22822476
14497573	14497697
142115723	142115858
149007429	149007563
147781256	147781393
151843202	151843345
149439372	149439488
16958064	16958167
98871892	98872035
87986729	87986873
115316256	115316392
113350457	113350596
20687918	20688053
137139048	137139177
145787253	145787394
1513774	1513913
120766973	120767106
96044372	96044510
5603317	5603469
47798779	47798904
47140530	47140658
38147152	38147297
22143457	22143588
72850637	72850762
93429207	93429330
130667050	130667169
22768192	22768320
27616090	27616211
92857692	92857805
112051358	112051498
147839863	147839987
71201048	71201190
826158	826295
75272314	75272452
78901536	78901648
24852074	24852228
7801049	7801157
115347440	115347542
106587814	106587942
90718809	90718908
20351194	20351310
47484421	47484558
16735381	16735487
37771928	37772060
130754093	130754228
87254075	87254197
135243358	135243459
55483003	55483118
31162334	31162468
36710550	36710684
92090978	92091091
67090289	67090419
107657273	107657421
147962174	147962320
141485878	141485997
25133049	25133173
12428857	12428961
89252472	89252599
33797328	33797447
55323312	55323466
103797349	103797469
25429244	25429392
140511008	140511148
140026177	140026303
30588508	30588603
144435949	144436073
97128677	97128787
93072169	93072299
105070307	105070422
120581256	120581392
81585966	81586094
33935036	33935158
27762781	27762903
83818280	83818400
95500518	95500636
75760073	75760180
46970099	46970329
92462377	92462521
73027338	73027469
5526606	5526728
38972281	38972417
101331727	101331844
18360743	18360832
18011170	18011286
134199445	134199565
1215874	1215994
31413105	31413227
11381069	11381194
151442534	151442677
154624411	154624533
17048782	17048904
45299793	45299862
95317212	95317322
133029151	133029269
73021453	73021585
26408313	26408418
64085642	64085721
137501659	137501769
30102369	30102476
111593823	111593949
41085254	41085366
35075375	35075520
150595690	150595827
128544820	128544952
102937787	102937884
73043711	73043832
99527266	99527348
28101891	28102005
21730477	21730600
79677248	79677478
2710674	2710775
28133389	28133505
77281017	77281104
42925916	42926019
131229787	131229906
91459490	91459604
74039847	74039962
19481923	19482045
111495433	111495549
42054363	42054497
78140077	78140175
103913372	103913472
42871380	42871460
89927554	89927784
2508668	2508784
48008579	48008667
43760944	43761054
55661589	55661708
8075692	8075767
108233296	108233416
116231949	116232075
26540517	26540627
27814470	27814578
82440108	82440178
134232211	134232326
100161628	100161730
19753433	19753535
116624961	116625191
122443568	122443661
62476144	62476244
129469972	129470054
35956707	35956823
82073608	82073731
91265593	91265705
96774515	96774624
51293133	51293252
24762718	24762802
2749456	2749571
11413302	11413407
93852785	93852890
44605207	44605351
4519169	4519251
142135196	142135312
108446378	108446495
5896215	5896322
21296042	21296153
151157280	151157417
24627607	24627713
65479089	65479199
34799279	34799376
96808927	96809011
78216841	78217071
44170799	44170890
2760654	2760783
90712324	90712430
128523762	128523840
13322164	13322267
50182080	50182174
130406863	130406968
137311356	137311436
21547308	21547538
143187971	143188055
139703772	139704002
76145369	76145491
101922862	101922995
40238951	40239024
26726062	26726292
12723430	12723488
134409532	134409599
34636627	34636729
100397196	100397305
30114180	30114282
116426906	116426996
106791012	106791096
23694286	23694350
139305701	139305829
97475056	97475168
134043148	134043243
10452171	10452277
134012782	134012867
139303751	139303870
33147445	33147540
108301088	108301171
24807566	24807796
123341739	123341798
15055831	15055904
38438490	38438571
42019487	42019602
155391514	155391744
131192730	131192837
102734656	102734886
157225694	157225924
25431050	25431129
29385365	29385472
33463313	33463543
90181926	90182156
55322637	55322730
93003835	93003900
80549599	80549672
27680622	27680719
105575154	105575258
79725018	79725102
122169012	122169242
97795579	97795679
18610588	18610818
123741411	123741500
106377814	106377918
70294222	70294452
118816229	118816327
139287009	139287096
128027822	128028052
112509376	112509479
71959224	71959290
144210599	144210682
151630449	151630553
106420467	106420697
156620417	156620516
34205699	34205787
73864339	73864569
87516315	87516392
157180038	157180124
143202189	143202247
19748774	19748853
16471830	16472060
128101577	128101652
123811316	123811401
73959667	73959744
84305153	84305383
152034002	152034085
84820775	84821005
155589770	155589876
47709248	47709332
18705812	18706042
150725771	150726001
4889245	4889344
101500232	101500462
117025940	117026170
29649439	29649669
8405269	8405338
112120514	112120744
97642935	97642994
17570716	17570946
98050449	98050524
71198431	71198489
82110891	82111121
112655231	112655295
108613255	108613351
50894619	50894849
16154394	16154495
155172982	155173074
29675393	29675623
138550711	138550941
140043076	140043173
15760592	15760822
128099514	128099588
5214258	5214343
35464585	35464815
23502619	23502690
95809348	95809415
38358489	38358719
142172252	142172353
149973349	149973420
23224660	23224890
31017566	31017796
50764542	50764602
47475492	47475722
132915517	132915583
45961857	45962087
103305169	103305265
158611238	158611301
47514722	47514952
87799104	87799334
81794185	81794415
94674959	94675189
141676112	141676342
150869742	150869836
6598544	6598774
5527592	5527685
44236114	44236172
128803913	128803971
93694339	93694460
55338909	55339002
143002628	143002858
70322018	70322248
31483054	31483284
133675755	133675985
66022710	66022788
122710828	122711058
150660228	150660315
73808967	73809197
43494693	43494923
30549812	30550042
17680446	17680676
12714560	12714790
137782164	137782394
95319772	95319880
33499002	33499087
5566045	5566143
20369300	20369530
32530508	32530738
362210	362303
86444498	86444563
1105433	1105663
118558774	118558841
151047427	151047657
109119532	109119762
98434511	98434741
45004175	45004405
34022063	34022293
124480663	124480725
82900612	82900842
72756643	72756873
80352173	80352403
40720367	40720597
56072593	56072823
17445519	17445749
40938885	40939115
99214093	99214323
128911656	128911886
116135829	116136059
814215	814445
116442958	116443188
38700249	38700327
99787709	99787939
47832191	47832421
8763813	8764043
79371196	79371261
157066307	157066537
115899970	115900200
125311100	125311330
73808057	73808287
135306076	135306306
25199665	25199895
36513045	36513275
149450805	149451035
13564799	13565029
15365747	15365977
150053606	150053836
32840220	32840329
44887281	44887511
1798262	1798492
26324752	26324982
29628861	29629091
127962165	127962395
50437191	50437421
98963217	98963447
372673	372903
37893274	37893332
134204983	134205213
6641943	6642173
94209956	94210186
13319556	13319786
98375180	98375238
72385690	72385784
110738771	110739001
26318474	26318704
7702274	7702504
155531512	155531572
5490380	5490610
101585374	101585451
117390734	117390964
2249157	2249387
111392334	111392564
13934643	13934873
18159712	18159942
77068940	77069170
48031377	48031607
73441190	73441420
100781543	100781773
135330137	135330367
15344706	15344936
141354346	141354576
22589959	22590189
37733946	37734176
23397412	23397470
23140536	23140594
103254840	103255070
134855525	134855755
116164713	116164943
93251400	93251630
127228974	127229204
1472173	1472403
12473738	12473968
136596212	136596442
32886295	32886525
3735334	3735564
32397223	32397453
151007677	151007907
136091016	136091246
75849481	75849711
158808184	158808243
44059934	44060018
158488832	158489062
118910074	118910304
149504396	149504460
107749829	107750059
149983342	149983434
140375231	140375289
142700604	142700834
120803870	120804100
36060999	36061229
19998024	19998254
65187314	65187544
131225598	131225828
130923125	130923355
135099678	135099908
29348979	29349209
26101357	26101587
34470032	34470262
40802920	40803150
128850366	128850596
26721503	26721733
74070862	74071092
116652795	116653025
130538276	130538506
41736173	41736263
1452474	1452704
101345811	101346041
37956777	37957007
26883400	26883630
50863496	50863726
73598069	73598299
8863205	8863435
151402761	151402991
41043247	41043477
36406780	36407010
112929293	112929523
2517322	2517552
47272694	47272924
122172811	122173041
142153208	142153438
42614360	42614590
149296061	149296291
124699990	124700220
116759558	116759788
41026227	41026457
148762961	148763191
154982366	154982596
157021642	157021872
31528270	31528500
75386435	75386665
307071	307301
51320950	51321180
50700673	50700903
130499608	130499838
143598775	143599005
101007298	101007528
99229359	99229589
104681702	104681932
93251776	93252006
118838053	118838283
99679443	99679673
29788005	29788235
150685639	150685869
65670170	65670400
20874359	20874589
47978457	47978687
103746642	103746872
106300597	106300827
136853997	136854227
134530314	134530544
86543877	86544107
115957392	115957622
1223171	1223401
32386927	32387157
106808157	106808387
116092081	116092311
140683674	140683904
17279371	17279601
116952722	116952952
48464457	48464687
44254003	44254233
30266516	30266746
138437416	138437646
121654824	121655054
114857518	114857748
107738244	107738474
75988654	75988884
117222475	117222705
22618116	22618346
110969776	110970006
104524178	104524408
77763685	77763915
37026799	37027029
3937153	3937383
116078400	116078630
132079142	132079372
1595938	1596168
45964006	45964236
100965463	100965693
129016397	129016627
6897506	6897566
89782051	89782281
103737219	103737449
51392192	51392422
151560549	151560779
113950495	113950725
12770989	12771219
27645395	27645625
137687106	137687336
34715442	34715672
150941449	150941679
26438962	26439192
28663562	28663792
77533010	77533240
50663290	50663520
44111993	44112223
134204538	134204768
33963131	33963361
151122934	151123164
128503621	128503851
45151583	45151813
139005797	139006027
87193651	87193881
22617394	22617624
100302934	100303164
139475652	139475882
97896230	97896460
100317639	100317869
45013426	45013656
133716630	133716860
65606008	65606238
156929140	156929370
155137673	155137903
151000592	151000822
98030531	98030761
27176081	27176311
92053947	92054177
137924054	137924284
116628550	116628780
28893869	28894099
104781638	104781868
76067274	76067504
22563614	22563844
82369657	82369887
134563612	134563842
142551693	142551923
45702964	45703194
129464749	129464979
104976466	104976696
138812490	138812720
7221395	7221625
92408394	92408624
24861101	24861331
75574745	75574975
47210193	47210423
133539575	133539805
98984599	98984829
93344641	93344871
33461088	33461318
112092603	112092833
101514143	101514373
23053869	23054099
31014496	31014726
148787809	148788039
20691670	20691900
131310773	131311003
142273787	142274017
38145572	38145802
34100908	34101138
45911800	45912030
133793626	133793856
23904687	23904917
7953223	7953453
93812780	93813010
129042192	129042422
129572660	129572890
91506115	91506345
40961929	40962159
119912303	119912533
110235824	110236054
95238201	95238431
150075336	150075566
95354527	95354757
11597352	11597582
97735926	97736156
107383931	107384161
16707685	16707915
41750932	41751162
17564012	17564242
94285391	94285621
111569431	111569661
2559935	2560165
39664109	39664339
106810269	106810499
131936815	131937045
99728661	99728891
142699280	142699510
100186154	100186384
32250377	32250607
114727549	114727779
93930381	93930611
97870747	97870977
75948055	75948285
12251210	12251440
100813117	100813347
40487057	40487287
154201155	154201385
18733122	18733352
105042106	105042336
100231570	100231800
8009436	8009666
94250019	94250249
120432132	120432362
54909490	54909720
8010649	8010879
115320044	115320274
105416588	105416818
3961968	3962198
80928644	80928874
134163522	134163752
103800922	103801152
128114405	128114635
144367496	144367726
115890070	115890300
133538642	133538872
46472272	46472502
6144349	6144579
106007549	106007779
7951113	7951343
73265842	73266072
149580571	149580801
80506278	80506508
114996303	114996533
93925167	93925397
37324385	37324615
121392821	121393051
101457458	101457688
33783948	33784178
46816447	46816677
129598591	129598821
91510023	91510253
25894244	25894474
133427571	133427801
72738198	72738428
132615716	132615946
151727261	151727491
17029581	17029811
102632215	102632445
80873588	80873818
116450452	116450682
36480573	36480803
8317105	8317335
24860548	24860778
130858406	130858636
26704679	26704909
13782451	13782681
124956619	124956849
43148059	43148289
93759148	93759378
41068621	41068851
151142768	151142998
32805345	32805575
41042714	41042944
21293756	21293986
136372547	136372777
153078702	153078932
105039883	105040113
27973882	27974112
142996995	142997225
131630212	131630442
2800279	2800509
6066165	6066395
158934315	158934545
46574281	46574511
131231463	131231693
116083204	116083434
97473427	97473657
23145912	23146142
117021501	117021731
100492474	100492704
105128469	105128699
158021754	158021984
17411944	17412174
140004391	140004621
141888744	141888974
56160656	56160886
20784563	20784793
12331560	12331790
5179675	5179905
117121155	117121385
134238795	134239025
45118070	45118300
77565399	77565629
115494784	115495014
123556568	123556798
41050134	41050364
81801430	81801660
98470032	98470262
12536494	12536724
151689540	151689770
158235045	158235275
30978452	30978682
54899574	54899804
129247663	129247893
139526936	139527166
13155028	13155258
46192377	46192607
6346132	6346362
38255414	38255644
75573258	75573488
32731586	32731816
30391882	30392112
27412052	27412282
106792424	106792654
124405937	124406167
101182163	101182393
65987645	65987875
102053022	102053252
7221871	7222101
129592086	129592316
127675845	127676075
22626494	22626724
26589231	26589461
109770817	109771047
97990017	97990247
129736358	129736588
19531548	19531778
41046358	41046588
22900411	22900641
1222692	1222922
150451314	150451544
24934563	24934793
131289615	131289845
88464497	88464727
80512937	80513167
129465622	129465852
27135660	27135890
82584233	82584463
54898699	54898929
73617586	73617816
157668208	157668438
158769819	158770049
115803117	115803347
76139474	76139704
44804526	44804756
140426201	140426431
102516429	102516659
126496822	126497052
27250033	27250263
130753332	130753562
17341190	17341420
50682535	50682765
142420254	142420484
29142252	29142482
134119959	134120189
135347015	135347245
46409630	46409860
10748160	10748390
16643770	16644000
142148289	142148519
24761348	24761578
99311633	99311863
131376870	131377100
6614188	6614418
45217864	45218094
5458334	5458564
43479461	43479691
129677631	129677861
7835464	7835694
6199878	6200108
20382893	20383123
79763832	79764062
17197964	17198194
95323717	95323947
115882308	115882538
130624197	130624427
55053166	55053396
112799889	112800119
152591567	152591797
109730250	109730480
151215311	151215541
116366223	116366453
93252518	93252748
148224798	148225028
131271084	131271314
102706181	102706411
149742773	149743003
100738161	100738391
1560295	1560525
51068740	51068970
105405633	105405863
55134294	55134524
41025865	41026095
38491516	38491746
17572771	17573001
142246212	142246442
2607697	2607927
108093247	108093477
37392535	37392765
14964106	14964336
84083943	84084173
29229403	29229633
2607334	2607564
93180908	93181138
130857929	130858159
127197933	127198163
105681645	105681875
17139182	17139412
104284125	104284355
27111267	27111497
46724731	46724961
43839297	43839527
101435736	101435966
27824140	27824370
100143324	100143554
88418844	88419074
25256466	25256696
52327829	52328059
151480010	151480240
84331289	84331519
1183863	1184093
78911443	78911673
17015725	17015955
19661455	19661685
4837808	4838038
21301436	21301666
3522129	3522359
98909416	98909646
119730082	119730312
148704696	148704926
90917631	90917861
102090790	102091020
41188182	41188412
40958511	40958741
157190657	157190887
49041195	49041425
73843802	73844032
96407647	96407877
42168412	42168642
51417873	51418103
92239287	92239517
6977988	6978218
13071139	13071369
154536006	154536236
93578897	93579127
137290904	137291134
85093643	85093873
37665986	37666216
55665673	55665903
95495356	95495586
17639982	17640212
102120493	102120723
152787943	152788173
117513830	117514060
44678898	44679128
73265173	73265403
91763045	91763275
130849459	130849689
39629367	39629597
10168459	10168689
46972525	46972755
116066569	116066799
54614550	54614780
100063497	100063727
116356724	116356954
39493424	39493654
35470234	35470464
55132847	55133077
48028485	48028715
55035177	55035407
152408372	152408602
100494809	100495039
76243188	76243418
129252660	129252890
42882871	42883101
103908296	103908526
1573548	1573778
1834889	1835119
148553442	148553672
81314370	81314600
1704375	1704605
54746604	54746834
21608453	21608683
80244176	80244406
123916133	123916363
46972803	46973033
73897088	73897318
102558155	102558385
85325056	85325286
156762924	156763154
80886394	80886624
100769947	100770177
123607062	123607292
98868411	98868641
130756495	130756725
140361003	140361233
17672778	17673008
107754633	107754863
99013219	99013449
86948085	86948315
46024325	46024555
22541037	22541267
99755384	99755614
7330441	7330671
100048137	100048367
155653598	155653828
100289341	100289571
31822105	31822335
129702892	129703122
6433039	6433269
32982735	32982965
47523517	47523747
109844666	109844896
150020607	150020837
19091481	19091711
151773372	151773602
28336600	28336830
150453994	150454224
94891455	94891685
115274742	115274972
24741339	24741569
17410917	17411147
55063740	55063970
73062135	73062365
36320473	36320703
80702888	80703118
22971877	22972107
130125903	130126133
149194767	149194997
2286861	2287091
131291069	131291299
101707151	101707381
155949611	155949841
43850221	43850451
46185120	46185350
89778831	89779061
151424748	151424978
152530542	152530772
17411303	17411533
80571569	80571799
17448200	17448430
120739689	120739919
139254830	139255060
130920464	130920694
115116200	115116430
73989815	73990045
144867093	144867323
117891023	117891253
147952499	147952729
116166242	116166472
149366340	149366570
80546144	80546374
42616769	42616999
94326742	94326972
77855446	77855676
28142433	28142663
45995868	45996098
128434177	128434407
130796049	130796279
158621770	158622000
32204323	32204553
130933810	130934040
24641341	24641571
52086220	52086450
134386093	134386323
117633566	117633796
47826171	47826401
143018907	143019137
157847852	157848082
94536840	94537070
115858172	115858402
23946738	23946968
142110748	142110978
151305486	151305716
142564117	142564347
148182697	148182927
138470564	138470794
114529731	114529961
28666305	28666535
122190661	122190891
80642414	80642644
119575564	119575794
150683210	150683440
116035560	116035790
92439094	92439324
90042251	90042481
43393571	43393801
37549733	37549963
73241180	73241410
4723966	4724196
28312048	28312278
40801638	40801868
129932767	129932997
5013516	5013746
16138286	16138516
29279349	29279579
102556931	102557161
105410885	105411115
17446440	17446670
91557324	91557554
79762761	79762991
88030405	88030635
107142101	107142331
139024868	139025098
134576056	134576286
75575104	75575334
51437561	51437791
93870733	93870963
4672673	4672903
44388053	44388283
110953114	110953344
99160575	99160805
65516115	65516345
112140754	112140984
16742126	16742356
79918095	79918325
142146001	142146231
22862450	22862680
98362474	98362704
130849023	130849253
45921657	45921887
27682634	27682864
23945848	23946078
65580404	65580634
46792431	46792661
143077306	143077536
80548537	80548767
47644580	47644810
35113085	35113315
23799806	23800036
46803732	46803962
7478543	7478773
20367309	20367539
103375934	103376164
50906701	50906931
2404510	2404740
140931374	140931604
76998396	76998626
24418895	24419125
91238920	91239150
46266533	46266763
101335862	101336092
154432264	154432494
102633500	102633730
142606753	142606983
127087500	127087730
65613564	65613794
117323206	117323436
109508355	109508585
55317986	55318216
112063074	112063304
97951719	97951949
116764831	116765061
72751153	72751383
140143877	140144107
77089629	77089859
113883137	113883367
141437782	141438012
17344633	17344863
31166665	31166895
29879024	29879254
45019405	45019635
84158714	84158944
134143076	134143306
156556834	156557064
51669219	51669449
90236557	90236787
22622908	22623138
17169963	17170193
136776244	136776474
27701774	27702004
12283814	12284044
28575943	28576173
143716735	143716965
48124616	48124846
8130353	8130583
47620584	47620814
142001860	142002090
155082841	155083071
151123545	151123775
109643954	109644184
151317098	151317328
99474224	99474454
133859566	133859796
140771110	140771340
54732604	54732834
44224192	44224422
55133388	55133618
49830760	49830990
114740105	114740335
126893995	126894225
41751373	41751603
46178703	46178933
91677777	91678007
148892497	148892727
139415647	139415877
158286824	158287054
73082033	73082263
105470961	105471191
51191367	51191597
105987077	105987307
18103959	18104189
141674724	141674954
7901021	7901251
128702899	128703129
5821212	5821442
37535286	37535516
80110618	80110848
65715763	65715993
114619534	114619764
101526139	101526369
24092639	24092869
93512471	93512701
48914999	48915229
34892069	34892299
124702153	124702383
142578723	142578953
44775161	44775391
129649864	129650094
44677741	44677971
22707406	22707636
23111735	23111965
131734551	131734781
12668923	12669153
151126919	151127149
48376694	48376924
46259714	46259944
3105419	3105649
29803933	29804163
21565715	21565945
41228454	41228684
77168017	77168247
42312926	42313156
5867486	5867716
81059532	81059762
158364969	158365199
86577314	86577544
107655627	107655857
65449339	65449569
157074920	157075150
24865772	24866002
154581219	154581449
91499069	91499299
46785390	46785620
13218726	13218956
99331202	99331432
24192039	24192269
94213518	94213748
4699214	4699444
151348179	151348409
129917967	129918197
130581220	130581450
74282568	74282798
44718392	44718622
46017781	46018011
158622628	158622858
27650764	27650994
50880624	50880854
114194869	114195099
119977423	119977653
142658131	142658361
87081653	87081883
24358026	24358256
84544010	84544240
139025899	139026129
114430169	114430399
17342458	17342688
98429344	98429574
852558	852788
7222336	7222566
41442954	41443184
93811420	93811650
155149423	155149653
66417664	66417894
156742218	156742448
72251390	72251620
43913066	43913296
155848232	155848462
34078953	34079183
46973293	46973523
11006903	11007133
138620239	138620469
130792725	130792955
50514335	50514565
101045471	101045701
126248490	126248720
8858116	8858346
55063263	55063493
47390889	47391119
78073198	78073428
43982636	43982866
132242497	132242727
95812537	95812767
44907011	44907241
36331570	36331800
112102437	112102667
73819654	73819884
142003489	142003719
94893730	94893960
148639005	148639235
153769051	153769281
100958602	100958832
47803333	47803563
99056808	99057038
105649967	105650197
123793011	123793241
99998372	99998602
137022748	137022978
100887557	100887787
47823628	47823858
33885851	33886081
154824765	154824995
871339	871569
80171803	80172033
28195590	28195820
46552461	46552691
151384766	151384996
123411425	123411655
97761057	97761287
55200599	55200829
114459795	114460025
79780755	79780985
92379827	92380057
15047186	15047416
65712409	65712639
22601033	22601263
157017406	157017636
149078415	149078645
126890794	126891024
36342977	36343207
75244362	75244592
128853743	128853973
155025890	155026120
75683396	75683626
4869794	4870024
76050540	76050770
92463181	92463411
7838890	7839120
141341766	141341996
20391579	20391809
117228525	117228755
103301053	103301283
92382021	92382251
124303071	124303301
77428102	77428332
20392612	20392842
157043383	157043613
83654830	83655060
99547296	99547526
134464046	134464276
26331320	26331550
96430320	96430550
17134562	17134792
151008644	151008874
99815697	99815927
33925827	33926057
22757850	22758080
132202933	132203163
40523314	40523544
95130075	95130305
98822116	98822346
130873426	130873656
107220925	107221155
90675736	90675966
40954703	40954933
44854626	44854856
5631581	5631811
114170153	114170383
150436154	150436384
110230636	110230866
75194565	75194795
80128670	80128900
39991175	39991405
51370515	51370745
155711766	155711996
79976039	79976269
17812957	17813187
154997284	154997514
73386226	73386456
45186421	45186651
77166024	77166254
46269163	46269393
91481758	91481988
131223163	131223393
20198409	20198639
121184844	121185074
143189182	143189412
33762057	33762287
139616388	139616618
20022530	20022760
151569056	151569286
152011274	152011504
112121916	112122146
48207788	48208018
123264735	123264965
107939664	107939894
138330136	138330366
87413810	87414040
123389575	123389805
4784513	4784743
132341689	132341919
95258132	95258362
134671382	134671612
577831	578061
115981618	115981848
50564756	50564986
37960116	37960346
676144	676374
111139175	111139405
89400385	89400615
130692301	130692531
155044408	155044638
116043451	116043681
152520530	152520760
138610741	138610971
118510401	118510631
138575950	138576180
45132107	45132337
18335722	18335952
24755523	24755753
16887019	16887249
92381581	92381811
18397403	18397633
81247783	81248013
67642093	67642323
75620386	75620616
81554923	81555153
1552999	1553229
113726679	113726909
28725554	28725784
138549506	138549736
158898531	158898761
43983035	43983265
79776984	79777214
50709148	50709378
150715302	150715532
98805614	98805844
80263879	80264109
144151637	144151867
20578905	20579135
116441214	116441444
148702932	148703162
5569289	5569519
126540108	126540338
6023655	6023885
953868	954098
80370514	80370744
41147274	41147504
151386752	151386982
97643744	97643974
20442318	20442548
1479362	1479592
54544886	54545116
44679678	44679908
138619653	138619883
17226477	17226707
64082114	64082344
87918806	87919036
91574926	91575156
1747787	1748017
42785031	42785261
55973135	55973365
6493385	6493615
134633591	134633821
143106031	143106261
30101543	30101773
24115081	24115311
116332829	116333059
36076813	36077043
25760059	25760289
73305546	73305776
98798739	98798969
93686247	93686477
51316953	51317183
29648876	29649106
56032043	56032273
115151444	115151674
15594979	15595209
139778847	139779077
106410734	106410964
147983342	147983572
21657648	21657878
77428884	77429114
131238766	131238996
138575438	138575668
135562677	135562907
12758820	12759050
106771008	106771238
105690525	105690755
94284496	94284726
74024683	74024913
130572144	130572374
76977846	76978076
111201949	111202179
95179145	95179375
116128010	116128240
148959129	148959359
46598834	46599064
73356302	73356532
38414100	38414330
43801571	43801801
115838633	115838863
44121893	44122123
47294085	47294315
157092484	157092714
103982077	103982307
115912130	115912360
123177198	123177428
158553740	158553970
7802207	7802437
106358755	106358985
92509579	92509809
17586305	17586535
112145577	112145807
101361028	101361258
17639369	17639599
106057829	106058059
90089302	90089532
73236773	73237003
117306273	117306503
21814237	21814467
134218279	134218509
149496967	149497197
123410539	123410769
92396807	92397037
66459819	66460049
73115821	73116051
106065327	106065557
907417	907647
29894158	29894388
102107574	102107804
134236892	134237122
155009392	155009622
100101091	100101321
134165575	134165805
14737952	14738182
83143280	83143510
47981178	47981408
104793424	104793654
2595440	2595670
40087305	40087535
130852873	130853103
102692054	102692284
86689063	86689293
150382602	150382832
18650026	18650256
112089433	112089663
27219387	27219617
142211115	142211345
46330640	46330870
23505262	23505492
100765296	100765526
132959834	132960064
149508383	149508613
46194017	46194247
35841508	35841738
130588386	130588616
105856964	105857194
2599843	2600073
22601558	22601788
41266042	41266272
138916981	138917211
105401584	105401814
80362030	80362260
51857269	51857499
75509290	75509520
129588792	129589022
73193967	73194197
137638648	137638878
4722275	4722505
36155176	36155406
130596978	130597208
42137394	42137624
55141712	55141942
78553980	78554210
43288582	43288812
42700964	42701194
566094	566324
50869685	50869915
100933788	100934018
1068567	1068797
12755423	12755653
105080133	105080363
95424313	95424543
25878795	25879025
37071639	37071869
18395814	18396044
17691522	17691752
107235776	107236006
13450847	13451077
7693288	7693518
12476869	12477099
53418037	53418267
45038998	45039228
138073445	138073675
151123994	151124224
104503249	104503479
137774488	137774718
28166130	28166360
120373310	120373540
43687548	43687778
75719478	75719708
100743541	100743771
110027023	110027253
16697607	16697837
152801146	152801376
24708589	24708819
126341215	126341445
12687379	12687609
7736544	7736774
116978179	116978409
33961293	33961523
138146003	138146233
50602534	50602764
154744772	154745002
157553232	157553462
34182311	34182541
64091	64321
130003467	130003697
93366405	93366635
135538350	135538580
35517320	35517550
45016894	45017124
100674435	100674665
34299956	34300186
30059104	30059334
151138638	151138868
73129946	73130176
23387300	23387530
78947079	78947309
29596104	29596334
111641323	111641553
872363	872593
158766254	158766484
87849661	87849891
155022044	155022274
20448281	20448511
20370187	20370417
136325814	136326044
100463214	100463444
93507129	93507359
100995713	100995943
131318228	131318458
42576735	42576965
141454806	141455036
102386009	102386239
