186181787	186182049
94801438	94801738
94279588	94279850
172795227	172795497
66719083	66719317
172714180	172714404
186955087	186955323
159861387	159861670
111002930	111003171
200479327	200479555
116681723	116681995
115681602	115681864
201762191	201762455
200457867	200458116
151707566	151707826
203671246	203671520
173171568	173171795
244436365	244436623
172398547	172398796
152114527	152114774
202088118	202088384
111038674	111038908
205888176	205888415
166879705	166879932
32429747	32429987
145421717	145421941
78580115	78580364
23871269	23871512
153545044	153545310
205225351	205225578
159130853	159131088
48702596	48702811
113258972	113259196
211828587	211828831
151974256	151974491
207085897	207086134
165042698	165042929
165883484	165883705
29208633	29208895
211854131	211854353
212650565	212650806
204332841	204333087
173389499	173389777
90452825	90453049
225960040	225960292
205294590	205294848
100173166	100173393
240061495	240061725
156553908	156554123
156100133	156100401
26718040	26718264
8374393	8374639
109055194	109055408
110316342	110316588
93324502	93324738
214502236	214502456
199653886	199654104
26928937	26929163
94095119	94095353
153324994	153325229
182753784	182754002
211308755	211308976
162583550	162583780
109440820	109441015
52468037	52468254
202688768	202689010
44229192	44229425
113683206	113683440
162025832	162026090
207355262	207355502
186451892	186452124
203840249	203840468
151940532	151940767
108668205	108668446
156859966	156860193
151808972	151809190
117827282	117827511
29203749	29203979
151906569	151906803
93770282	93770501
154642227	154642457
145457277	145457508
145059045	145059250
66708374	66708657
169317745	169317969
221651461	221651714
158094829	158095055
156695644	156695862
183592405	183592634
109186230	109186451
59118318	59118550
154452364	154452600
112312231	112312446
214758575	214758781
66912150	66912386
110319534	110319772
150022641	150022857
117117310	117117533
213168907	213169117
46993732	46993977
233576686	233576906
66424637	66424862
151416411	151416632
201528851	201529091
180485045	180485272
10488175	10488392
66153429	66153661
233926901	233927135
152158118	152158342
209866298	209866535
212541405	212541621
168572812	168573048
11702542	11702762
112933520	112933784
23425288	23425538
156577937	156578151
183885178	183885396
204096824	204097060
110088967	110089195
184774791	184775027
101754042	101754262
23963971	23964192
117610480	117610717
100925140	100925358
165562252	165562471
207672912	207673137
78610827	78611048
31895631	31895861
153959264	153959480
8035401	8035633
70975842	70976052
41314285	41314503
180148038	180148253
68585938	68586163
12184914	12185146
226163730	226163963
95267593	95267832
39568286	39568495
174739198	174739405
68808493	68808710
152430945	152431162
43994878	43995089
212629271	212629501
210757794	210758015
240354183	240354429
156060584	156060805
155034046	155034254
235247058	235247293
27627373	27627581
158091494	158091726
173400406	173400632
204472348	204472576
201482137	201482364
205493497	205493706
181135780	181136007
202433401	202433601
85219297	85219506
85070330	85070544
201978745	201978976
169898149	169898347
98516691	98516917
48575166	48575371
198434739	198434984
39300977	39301196
221608833	221609043
180832399	180832602
162847888	162848107
205242664	205242919
117041737	117041977
20848898	20849113
43693018	43693225
42039845	42040073
109654733	109654941
36886467	36886687
24528434	24528654
171971982	171972191
155908032	155908239
116314552	116314760
246166521	246166728
153721934	153722166
245206036	245206244
116138511	116138732
26431519	26431740
110745698	110745899
46035807	46036014
231493647	231493865
207155525	207155751
29360441	29360649
91995515	91995725
23866361	23866592
179220943	179221152
207251203	207251428
153541041	153541306
178279859	178280079
95271457	95271663
182415261	182415466
229393859	229394067
17386240	17386454
43379132	43379348
202470505	202470728
147364899	147365118
230446391	230446603
11097741	11097957
172711837	172712035
201865117	201865335
118438213	118438414
39724392	39724601
174998951	174999166
156659376	156659598
160346373	160346590
187234236	187234437
21521708	21521939
242059748	242059963
46502803	46503010
27989730	27989944
182931711	182931990
153483471	153483686
227669331	227669547
62873131	62873371
40804453	40804652
43539353	43539582
207578345	207578559
203238272	203238472
210580656	210580867
205760798	205761005
203309281	203309489
112199111	112199312
157961819	157962062
186574963	186575197
227625452	227625682
85401986	85402184
202284795	202285019
64157683	64157914
192446836	192447047
45480224	45480441
8042447	8042658
156195284	156195489
228318766	228318979
202968458	202968661
21695024	21695271
165570952	165571144
179090315	179090517
12719058	12719277
110527089	110527324
201941836	201942040
241694696	241694898
165687225	165687439
50814450	50814651
32014529	32014754
109104438	109104647
182570547	182570778
233530701	233530915
244462816	244463027
62641352	62641550
179675567	179675769
59205620	59205829
234622790	234622996
244960209	244960407
160576981	160577170
203830482	203830704
100274302	100274515
174186938	174187133
155959247	155959451
45765992	45766216
8621202	8621415
164756584	164756837
208418639	208418862
9927600	9927823
168051561	168051769
28184631	28184848
94309883	94310098
154532062	154532280
206663502	206663712
150227835	150228060
150895025	150895232
240855458	240855685
67966192	67966399
20244585	20244804
201330815	201331046
181448380	181448585
155220594	155220799
218503492	218503679
151273443	151273651
22290527	22290751
99645923	99646133
180385231	180385422
146966867	146967087
92392911	92393115
65289957	65290152
20820346	20820563
228703049	228703255
21581785	21581992
155140380	155140631
200772093	200772304
202569336	202569541
42612610	42612806
117598044	117598235
113346871	113347088
159041860	159042054
91748353	91748551
241998154	241998354
16570953	16571162
199082484	199082673
25157259	25157456
145542871	145543158
204131637	204131918
203008543	203008730
24525855	24526074
114889233	114889476
41418206	41418439
99947036	99947231
169515698	169515915
197662208	197662404
192775024	192775225
182365934	182366140
179048382	179048578
163379858	163380059
9551183	9551410
36240349	36240546
225662700	225662951
94527065	94527269
168312016	168312223
234250435	234250634
209527727	209527937
205626742	205626962
236267009	236267228
60225195	60225414
110855273	110855491
246852886	246853093
12679907	12680127
108324916	108325136
154506825	154507018
115522019	115522211
235580489	235580696
27204534	27204727
95509013	95509242
55276218	55276434
153650236	153650468
243488696	243488890
85238105	85238307
242183240	242183439
92463275	92463457
209422090	209422291
246917273	246917498
246614150	246614338
211687391	211687589
161711331	161711523
197326157	197326358
207970748	207970958
223885988	223886190
119910219	119910415
224521114	224521320
158057180	158057403
95507217	95507404
60164991	60165192
162246371	162246580
41078041	41078231
163144681	163144881
222628516	222628743
57050677	57050865
201451280	201451487
209750153	209750356
67614916	67615128
16405455	16405665
207038375	207038583
157060025	157060230
160162955	160163168
241774414	241774603
167237170	167237364
75669465	75669669
10567585	10567792
24717829	24718054
223871978	223872185
8786613	8786838
17820805	17821030
85773907	85774169
206234470	206234678
37920538	37920761
156415680	156415885
31181028	31181230
43703853	43704050
203185397	203185604
150785662	150785864
8978244	8978446
151507250	151507471
86846048	86846237
146987292	146987488
90270302	90270509
54326652	54326857
41898459	41898675
113585317	113585522
156036190	156036395
156426297	156426507
219986014	219986250
40071934	40072124
120491332	120491543
151313404	151313611
51655183	51655383
158968563	158968753
17452319	17452547
201012089	201012320
175288830	175289046
183624714	183624902
8075141	8075345
180157412	180157635
15599113	15599314
89551582	89551780
85575164	85575368
22747038	22747244
233440343	233440536
84899556	84899756
112050922	112051131
197893730	197893927
199432739	199432945
68001187	68001382
46645267	46645482
200528092	200528280
162361963	162362179
212244151	212244345
179338975	179339169
71515782	71515972
156066477	156066694
167657239	167657434
175124107	175124312
94491518	94491722
9844696	9844890
93459762	93459943
185782623	185782810
63212286	63212484
241017783	241017978
27371113	27371310
206757069	206757280
205366234	205366435
174231922	174232103
41733922	41734124
149934050	149934251
160221816	160221998
95207138	95207344
171614159	171614351
199521177	199521374
57297658	57297860
230933709	230933905
115101258	115101466
110648811	110649023
111326016	111326193
40439255	40439454
58981582	58981778
31384283	31384484
180851158	180851341
110955226	110955427
12268990	12269182
175121250	175121461
52362632	52362820
154916328	154916525
204367743	204367943
114220590	114220777
24718872	24719067
89948927	89949110
110075522	110075744
162824128	162824308
28535468	28535655
120413621	120413840
236695137	236695332
209609109	209609316
16335608	16335801
17563584	17563816
162817742	162817934
197584388	197584585
108293077	108293281
36653820	36654037
201083327	201083524
203473874	203474106
98933789	98933962
21558563	21558755
212185387	212185581
28929434	28929635
25427978	25428179
116012366	116012593
228800229	228800428
211496885	211497079
68027428	68027617
167503109	167503304
40870595	40870786
33936168	33936349
113423681	113423866
154158656	154158860
203236479	203236676
214296589	214296795
161352012	161352198
95320042	95320236
163331014	163331214
46347335	46347544
186124851	186125042
176344213	176344409
152025114	152025320
27115710	27115913
145427500	145427692
43243627	43243833
222966196	222966404
156355498	156355687
38148131	38148323
176042771	176042958
16689927	16690135
64734843	64735059
155017471	155017662
201154100	201154317
27293489	27293671
46943189	46943389
20966693	20966893
118296788	118296976
109942084	109942258
115655473	115655703
228827798	228827989
78366465	78366658
197149535	197149723
68582445	68582623
43388700	43388900
16514326	16514525
85720527	85720703
79962955	79963143
240895708	240895899
39564408	39564618
109806324	109806636
29529437	29529632
94929364	94929536
198655324	198655524
205680337	205680514
33577678	33577866
55416424	55416635
201223770	201223979
9935007	9935194
32129536	32129725
52593204	52593387
118055443	118055606
27932923	27933144
79725532	79725704
212208328	212208526
167772629	167772837
75155587	75155770
175345403	175345596
36615210	36615396
150457448	150457639
183287720	183287906
90580210	90580381
203242291	203242482
117279998	117280196
234634908	234635129
93903635	93903812
196630133	196630320
177915182	177915362
62317885	62318074
225110331	225110522
157459242	157459433
32059666	32059861
15650122	15650319
32529094	32529268
68319425	68319606
26648111	26648313
17036374	17036576
6403575	6403775
6854328	6854506
24397415	24397630
218512707	218512886
240139743	240139926
23961531	23961721
237841283	237841464
117027933	117028147
87299378	87299564
14286961	14287154
60413081	60413264
156647890	156648106
36565288	36565485
181111687	181111889
64081602	64081788
16408923	16409098
17372674	17372855
182751512	182751720
89920807	89920997
209775515	209775694
206652950	206653129
184951348	184951544
210484534	210484725
55606312	55606491
178501536	178501740
7727690	7727902
29839888	29840101
24961805	24961987
185650249	185650448
17933415	17933608
61803951	61804150
179261564	179261762
156414284	156414493
181053503	181053696
45958864	45959072
112912366	112912552
187020848	187021029
165083639	165083817
67191818	67192004
114521477	114521666
176866576	176866762
153165269	153165464
55743286	55743486
28575086	28575281
67230778	67230974
29111704	29111877
168409096	168409285
184044662	184044834
208002019	208002198
29572399	29572600
33552019	33552226
240190371	240190555
202104412	202104578
174713196	174713380
70203343	70203545
161762560	161762741
11898814	11899023
32029750	32029964
178722607	178722785
84588583	84588768
192988675	192988848
6168979	6169173
179163057	179163245
48667923	48668109
201192095	201192296
152413434	152413624
89464493	89464664
201968858	201969025
240114932	240115096
222912134	222912308
181394110	181394337
67461839	67462016
210033743	210033935
40004942	40005143
237963268	237963458
84397464	84397641
25015117	25015323
212631202	212631394
55137786	55137977
7278383	7278581
208195235	208195450
167411470	167411663
111765593	111765773
201673393	201673583
80683150	80683343
220011178	220011360
116006072	116006263
171954106	171954292
3369784	3369971
180221869	180222049
110750468	110750668
44513442	44513612
93487230	93487413
54535845	54536025
243507372	243507539
167028477	167028650
24354667	24354829
18923998	18924205
200591536	200591713
205561038	205561259
21697129	21697339
87431032	87431220
116049898	116050073
207084524	207084723
110523345	110523564
91631779	91631957
178971893	178972084
44683495	44683672
169681248	169681434
161162393	161162561
23000736	23000912
110074979	110075175
153769793	153769983
208058520	208058692
90418858	90419021
87791758	87791929
172059463	172059650
157933526	157933721
35252163	35252337
219740785	219740963
100202667	100202860
156696486	156696647
192549641	192549834
235677175	235677364
147362399	147362596
212955876	212956042
33833446	33833649
200108880	200109080
192443316	192443504
215699991	215700160
26221987	26222172
203307644	203307824
111158462	111158648
154244722	154244912
186373681	186373862
31192169	31192360
7599858	7600042
159102186	159102374
169519586	169519754
106810801	106810992
27179684	27179881
154851042	154851218
178252114	178252282
231726423	231726610
159977479	159977658
33921507	33921698
207028129	207028310
226521194	226521392
118694065	118694243
116150880	116151080
229292681	229292852
167035941	167036125
246656034	246656205
183654331	183654525
97432205	97432384
210316923	210317092
40609771	40609957
235416597	235416774
182054146	182054334
36751138	36751320
30853331	30853490
218344780	218344946
51240556	51240725
26324696	26324894
31656910	31657113
155176738	155176904
64712113	64712290
155149185	155149366
236135107	236135305
171770665	171770835
79305483	79305666
236772537	236772733
230768131	230768311
198057570	198057769
64602862	64603038
110596549	110596716
210574023	210574209
24716650	24716824
237549988	237550159
244766822	244766986
16382647	16382848
44502326	44502504
146714111	146714318
19980273	19980455
28417824	28417992
151224276	151224448
12027268	12027457
13992262	13992443
43196807	43197002
96701823	96701990
27324227	27324416
79073109	79073283
172688872	172689045
79083311	79083500
110554333	110554500
38484674	38484853
214506382	214506558
27423965	27424155
151128560	151128762
43043687	43043849
198740815	198740988
75237722	75237885
120156479	120156679
176529062	176529238
26471686	26471871
45301622	45301794
53859070	53859247
32879660	32879820
178269159	178269322
1837746	1837943
234201668	234201854
160645465	160645651
226312961	226313133
32866514	32866704
238027658	238027876
146745491	146745654
226735491	226735670
192415084	192415256
94979774	94979938
119818142	119818313
150141246	150141434
101334020	101334202
36192532	36192718
193152275	193152451
98286100	98286276
9161690	9161877
219559244	219559444
79142150	79142321
104057636	104057822
162006831	162007015
47641113	47641280
116088861	116089044
78596553	78596729
6306865	6307054
63307365	63307536
171196011	171196180
155066973	155067141
48204370	48204558
224303959	224304127
185689894	185690058
181007665	181007857
205628147	205628334
151371814	151371996
9349164	9349346
236272776	236272957
22743153	22743354
205454710	205454899
173224462	173224627
224701520	224701723
7707365	7707542
174044013	174044181
242618177	242618346
209742889	209743068
150436926	150437087
247650504	247650668
113351942	113352108
15757721	15757902
219240500	219240661
40185790	40185956
152843952	152844130
154518986	154519154
183250697	183250885
231347140	231347326
221047642	221047810
116350469	116350651
10574599	10574764
101985904	101986074
214434954	214435130
39876661	39876862
23031045	23031231
201678712	201678891
64140171	64140362
2126716	2126873
114825525	114825696
46813864	46814027
27611255	27611443
151665638	151665810
16142125	16142292
15455117	15455289
47854536	47854716
31274693	31274856
89823937	89824121
44471430	44471592
27429285	27429455
57286793	57286963
91977072	91977250
45118620	45118807
223254783	223255000
111067194	111067366
228187168	228187358
41882848	41883026
108072276	108072435
200504859	200505025
153467452	153467634
165894023	165894200
61435826	61435991
222807856	222808037
197369293	197369452
23823653	23823819
35318328	35318589
206807721	206807900
186775713	186775889
159768706	159768900
94987976	94988142
33238694	33238857
35063607	35063780
163285688	163285843
47190998	47191178
15426967	15427136
66969636	66969816
109370842	109371012
45259430	45259611
68577599	68577763
231719994	231720168
165373228	165373389
175094526	175094675
159906288	159906454
68231896	68232069
152199908	152200070
52000770	52000944
167370604	167370775
161708623	161708797
85410462	85410661
147172158	147172330
168291249	168291402
227015835	227016033
193376057	193376232
21900643	21900819
160070881	160071069
45825570	45825742
27935225	27935412
162327581	162327769
79154491	79154659
68226039	68226211
85007468	85007663
224645318	224645476
201055142	201055316
155057234	155057431
182112401	182112576
201499976	201500167
111308775	111308938
90246312	90246476
27004005	27004296
87758729	87758898
183578477	183578664
201278685	201278922
56167854	56168024
65701681	65701849
40618787	40618959
39657361	39657528
9170909	9171092
161109694	161109864
36982043	36982213
170898996	170899168
93214686	93214846
54425424	54425588
176812962	176813133
242181017	242181191
42642693	42642869
155561711	155561880
61444746	61444913
156578977	156579143
231739848	231740016
204944870	204945036
55750561	55750729
3341343	3341525
225668715	225668901
243912109	243912247
241663306	241663462
67813476	67813641
222344494	222344666
220454507	220454669
169979703	169979863
48526944	48527110
46912616	46912776
62973953	62974110
222638766	222638938
45195037	45195210
178001074	178001235
53744009	53744184
164209452	164209616
39732029	39732204
161067510	161067695
158173711	158173866
220469677	220469866
45180752	45180912
156115850	156116042
221376917	221377071
212464959	212465105
205323518	205323672
31807973	31808145
3827457	3827633
116524117	116524280
110186053	110186244
151941364	151941525
222182573	222182731
36034634	36034828
7812987	7813134
62675956	62676143
153328059	153328217
11779928	11780117
206899740	206899896
30265975	30266127
155474114	155474270
23302994	23303230
225506780	225506947
156767198	156767363
40119287	40119458
179836972	179837142
151566708	151566898
53166661	53166811
38455792	38455953
163041690	163041861
47644922	47645082
24243390	24243548
182564902	182565062
161041723	161041887
32986126	32986303
2479538	2479718
241051452	241051610
207152828	207152999
206907999	206908155
16118622	16118793
23215807	23215977
207223357	207223501
15373106	15373285
203141441	203141602
157125888	157126065
238014639	238014806
112024369	112024512
204958533	204958717
157939651	157939804
9256587	9256769
230303211	230303386
27714989	27715166
23511250	23511429
210621757	210621896
67998190	67998357
167525460	167525604
213418049	213418197
62054420	62054607
172368677	172368925
144918098	144918277
113008834	113009002
152842401	152842573
157918460	157918613
10437565	10437732
198125326	198125519
52762033	52762178
178024344	178024517
164571949	164572121
77592024	77592189
92757053	92757195
55410869	55411034
213547760	213547910
41414666	41414836
52234771	52234927
3535664	3535823
207845981	207846143
160967210	160967377
24098703	24098890
49381879	49382051
202243866	202244042
180137232	180137401
245316381	245316560
28306239	28306385
150592400	150592542
40385276	40385448
7102888	7103039
203643317	203643470
105323238	105323400
151969378	151969532
185664557	185664711
77614008	77614159
45696335	45696490
120218286	120218447
70598728	70598894
64708770	64708923
160055511	160055664
184660963	184661121
53951235	53951426
227950225	227950388
35208380	35208544
229390752	229390926
159791396	159791550
112937228	112937408
108291283	108291442
147727263	147727402
11705834	11705987
205030801	205030952
236109926	236110091
231892645	231892815
215319709	215319865
6950047	6950198
246660732	246660895
61919146	61919322
112879682	112879832
197588301	197588444
55462144	55462327
246862564	246862738
211871931	211872108
209739510	209739679
43849249	43849403
178159067	178159211
201315827	201315997
167569395	167569558
173794265	173794417
177749342	177749515
86316115	86316271
34078576	34078749
2345925	2346109
160912785	160912948
156931594	156931754
24913796	24913959
201118671	201118800
235257243	235257420
29706106	29706254
152162429	152162566
201417322	201417488
146861754	146861916
15921723	15921873
94339720	94339876
196287170	196287327
208412484	208412657
120205905	120206050
232002531	232002682
233376917	233377086
106336277	106336435
19210732	19210901
204227619	204227784
220950131	220950306
241110341	241110485
33684389	33684536
26137429	26137594
204400561	204400713
248785900	248786048
177917596	177917760
223999458	223999613
197304989	197305132
41057974	41058131
176850221	176850375
40282568	40282760
206982951	206983131
237970197	237970339
84908020	84908170
36808419	36808590
245242453	245242617
101823037	101823183
171283050	171283196
115817953	115818123
51657966	51658120
86885085	86885255
236916966	236917109
110739647	110739780
94511184	94511335
169435627	169435764
157847976	157848126
27721973	27722131
101386787	101386934
241790904	241791051
161179717	161179879
168062352	168062526
42261157	42261304
183197195	183197353
100929381	100929538
57175072	57175217
62759981	62760150
204535048	204535201
55841448	55841594
212489308	212489443
23730544	23730693
183512822	183512972
209686777	209686921
145014594	145014728
200941194	200941363
93546076	93546229
202313009	202313163
225742068	225742214
227422744	227422891
155618383	155618548
48192033	48192196
151168876	151169017
44843999	44844125
113157173	113157343
68850260	68850406
237032280	237032425
211798523	211798675
212769263	212769423
206837628	206837790
197490404	197490543
89061173	89061321
169103530	169103685
152898681	152898841
198725697	198725843
113995656	113995804
150952078	150952208
115300723	115300849
26123422	26123582
154879221	154879376
145713666	145713844
109820172	109820327
65152540	65152674
168204585	168204744
39649460	39649628
208136964	208137142
44557973	44558141
194264932	194265084
17828927	17829065
201377460	201377600
67699805	67699954
33472916	33473076
39853286	39853422
94997738	94997903
61515644	61515790
166448373	166448529
40498055	40498204
206781595	206781726
220363194	220363345
7130560	7130711
186651988	186652150
204776146	204776336
196117642	196117769
16359423	16359568
226612312	226612463
25566479	25566618
46689242	46689392
162770161	162770289
110182972	110183116
219477691	219477827
234445803	234445941
15631312	15631480
6408095	6408237
185139685	185139814
54147876	54148026
208305672	208305806
35667819	35667969
39558140	39558283
112289997	112290125
87597523	87597698
187383047	187383171
91906542	91906688
89202443	89202573
82015330	82015490
77999478	77999635
154307639	154307794
214387375	214387533
32681342	32681466
115595237	115595370
6780162	6780308
67955453	67955597
181159114	181159254
204777320	204777472
9048195	9048358
93527883	93528011
12374510	12374647
27524532	27524689
91187098	91187250
110630824	110630967
190405862	190406003
170851155	170851324
229650520	229650675
156658889	156659030
184955549	184955681
49382352	49382471
151072371	151072502
93088858	93089002
31402347	31402482
33520860	33520994
114378464	114378583
153590190	153590342
37900012	37900143
150159623	150159762
117671334	117671456
120351708	120351859
25531464	25531606
25847082	25847219
33761194	33761344
152155025	152155160
11954093	11954249
116307311	116307448
55487831	55487998
59235016	59235179
152626601	152626772
31255300	31255447
91430141	91430252
161456919	161457038
104003933	104004057
87246717	87246880
59250931	59251051
6498172	6498329
56358943	56359092
48570980	48571114
165362219	165362387
54738711	54738856
202153925	202154075
120154351	120154493
101072128	101072265
43880407	43880545
115214149	115214279
93425997	93426140
205457341	205457477
15478899	15479064
111323621	111323749
88646324	88646469
205498177	205498333
89439342	89439474
242630970	242631098
94947138	94947282
120125547	120125708
186274232	186274347
202821544	202821674
8731476	8731614
65541185	65541315
186241807	186241943
153793908	153794042
54344301	54344431
235578772	235578887
9327258	9327418
26362549	26362702
74464165	74464300
8409128	8409260
99259956	99260100
225843575	225843718
240150573	240150701
207258157	207258278
196278647	196278778
202162054	202162216
169570445	169570572
41748479	41748611
101332076	101332212
218534814	218534948
62596895	62597028
163505728	163505849
47658686	47658810
85706156	85706297
45484459	45484582
156597334	156597467
167026577	167026727
101774909	101775051
32211307	32211486
228452992	228453120
109112873	109113015
185286585	185286729
44400523	44400696
196324479	196324594
17662686	17662830
111942541	111942681
220853541	220853695
174227324	174227457
76374416	76374541
151253657	151253786
234290558	234290685
203456978	203457120
150533499	150533651
23256931	23257059
185207717	185207847
206912417	206912586
168605550	168605683
45978382	45978502
164883597	164883728
200249058	200249199
183250366	183250521
113250012	113250180
247553540	247553655
151854085	151854216
20478915	20479086
32254919	32255062
8299083	8299206
158005885	158006025
11809334	11809474
235946581	235946713
150997163	150997275
60437168	60437311
8909041	8909202
203338371	203338511
226821930	226822078
16947622	16947741
207752775	207752870
232763508	232763651
88419549	88419682
229589077	229589216
205304846	205304997
208825789	208825917
154721644	154721796
85810041	85810161
54220498	54220614
20427520	20427679
95065104	95065256
7868445	7868563
85864500	85864636
76619922	76620064
87491030	87491144
153326196	153326317
234247350	234247495
237725664	237725788
184191826	184191945
38492405	38492529
17732753	17732911
213737684	213737812
60747152	60747297
104331110	104331238
80683918	80684038
165045115	165045239
112901524	112901638
51762593	51762723
202720041	202720168
232771644	232771760
201764318	201764432
17988182	17988328
185565327	185565452
186691977	186692104
185967659	185967769
84606974	84607134
68936164	68936310
175343064	175343208
20901857	20901983
51215789	51215911
9687136	9687281
220050136	220050259
111876897	111877050
160963471	160963590
100500195	100500304
12178772	12178892
45060895	45061034
103436150	103436300
156352875	156353002
228688766	228688892
41788665	41788811
65525739	65525857
89449660	89449792
19147369	19147502
1057588	1057738
206310493	206310597
7962922	7963037
176660906	176661027
20301403	20301524
16067918	16068095
91630932	91631074
150045183	150045297
159184070	159184191
236006829	236006950
144989515	144989745
41315787	41315915
160696723	160696860
210534268	210534407
55944523	55944646
32914053	32914169
115584416	115584541
212803477	212803611
48559472	48559593
171374334	171374474
109743879	109743985
206679437	206679545
10554805	10554950
164587197	164587317
3407884	3408037
218472887	218473009
40544328	40544457
155248307	155248419
150979282	150979399
147196169	147196306
209376306	209376418
31867600	31867737
185639573	185639735
200276746	200276862
21059662	21059765
96812408	96812539
159976269	159976374
6464837	6464957
157339828	157339944
70953694	70953833
33177909	33178087
55537295	55537418
19008006	19008122
178781902	178782017
35147222	35147330
226175343	226175451
62319369	62319500
101704389	101704511
28686315	28686429
3641073	3641208
220977097	220977236
20088815	20088911
28798088	28798202
220906519	220906601
120018587	120018698
90511661	90511780
197297049	197297175
118077739	118077851
206635334	206635419
214982351	214982476
19567858	19567976
47213524	47213637
6113109	6113231
52093471	52093540
116694767	116694879
118301559	118301700
150533961	150534086
107973416	107973529
37019577	37019684
22349459	22349601
157465971	157466085
150228467	150228528
30584435	30584567
90598713	90598832
57269356	57269496
156595720	156595830
151861571	151861680
217920648	217920767
49038448	49038597
244964635	244964749
236029458	236029613
203594883	203594999
202938255	202938351
249219056	249219165
247536138	247536267
213295971	213296062
27438684	27438782
160261250	160261350
202558605	202558708
105190913	105191039
161197217	161197447
159181434	159181515
212838697	212838844
156829985	156830119
112841315	112841435
18427107	18427222
94795635	94795755
157550114	157550231
6305224	6305333
25935214	25935334
154990087	154990223
17697227	17697349
160189490	160189610
211649697	211649759
110261244	110261352
43396822	43396939
150968487	150968593
155931894	155932019
202060287	202060391
94146380	94146485
53647803	53647912
22968638	22968777
212311852	212311989
160398511	160398628
233613278	233613391
204415637	204415745
61314377	61314510
203311745	203311866
16321171	16321291
155056677	155056788
203410115	203410236
205110891	205110977
70994558	70994668
91744471	91744559
5805976	5806094
53151993	53152129
25174527	25174669
204098275	204098397
200227695	200227790
248782377	248782470
14292417	14292547
35764281	35764378
221717208	221717291
226252622	226252748
150505153	150505283
168704303	168704428
220392117	220392251
178511720	178511891
109235399	109235512
93434136	93434214
231861027	231861140
27883345	27883454
23290808	23290934
179779083	179779198
26743643	26743762
21629271	21629400
37169439	37169580
24136331	24136445
229797145	229797274
10002512	10002611
111535079	111535211
247844728	247844847
63907439	63907560
15828019	15828143
36181141	36181371
233500599	233500683
24592963	24593104
90064735	90064835
74934828	74934947
48176287	48176410
110420164	110420241
53638516	53638642
24439164	24439260
221437278	221437354
22029947	22030040
192579366	192579452
19201818	19201944
21023058	21023160
25161537	25161667
227993366	227993506
153162995	153163106
224832381	224832512
31658584	31658814
181906225	181906343
179783996	179784122
207872391	207872474
118620071	118620185
179568918	179569019
10398216	10398335
154928221	154928327
21596861	21596985
152319759	152319863
92310545	92310660
89073964	89074058
31635662	31635766
153505745	153505870
237836165	237836282
71559762	71559855
201847126	201847206
155971491	155971597
8963691	8963807
36010762	36010870
109736415	109736475
243871674	243871751
172697310	172697397
22432264	22432360
86096306	86096423
180600927	180601024
205198725	205198832
24077926	24078033
37041836	37041924
91044910	91045004
51510651	51510736
30705287	30705401
92775791	92775872
21985712	21985812
234205651	234205771
17980391	17980502
87207710	87207940
97603987	97604073
120286810	120286953
48413917	48414009
6706688	6706787
175857176	175857331
11967868	11967974
38440800	38440921
151986247	151986337
27970516	27970652
27743139	27743226
33560755	33560851
42977389	42977515
201866093	201866202
206780366	206780442
212236283	212236513
8091383	8091480
236922687	236922777
60442649	60442751
171454438	171454668
102657418	102657543
173458512	173458607
86939855	86939977
172104300	172104530
25176346	25176444
76098201	76098283
207178386	207178616
208209688	208209796
186294519	186294600
9065287	9065384
19977785	19977856
210059667	210059734
43403062	43403151
43823835	43823919
209801111	209801191
68475920	68476031
226033611	226033708
86158543	86158659
37953104	37953219
72652584	72652654
156808790	156808905
218759406	218759489
178743563	178743662
111173446	111173676
36030365	36030462
18907994	18908224
204167839	204167941
199515032	199515132
206804492	206804722
188675931	188676019
221604793	221604875
32421681	32421911
62610045	62610140
202540940	202541170
9974583	9974707
187897560	187897682
41469518	41469613
178471022	178471116
41328257	41328360
34098765	34098865
152505936	152505997
201975288	201975396
25830411	25830520
248859713	248859808
111573268	111573362
33338364	33338483
222923404	222923480
147113861	147114091
222628921	222629047
209663497	209663575
154321034	154321159
35916819	35916909
89401756	89401847
8434992	8435104
147099431	147099536
160804893	160805000
168115167	168115268
76457348	76457423
92349065	92349170
223263544	223263655
220983590	220983671
178313653	178313883
21308563	21308647
33521371	33521442
205876992	205877222
200807259	200807319
63793381	63793461
102285799	102285870
63470697	63470789
164409587	164409645
48463411	48463541
94702425	94702655
161261442	161261550
218433275	218433345
24181202	24181265
214505349	214505412
93284027	93284144
167312198	167312294
46872124	46872245
97709638	97709752
5570078	5570177
201317402	201317474
183204172	183204402
245486080	245486310
180502718	180502948
154326148	154326378
234747140	234747204
182053652	182053745
85968619	85968721
54457881	54457990
7268077	7268190
240352822	240352907
26602173	26602290
111575033	111575125
240451198	240451283
8919635	8919708
41134632	41134862
203087086	203087182
50834291	50834361
113261414	113261508
70500261	70500356
27136655	27136741
200150133	200150197
167690365	167690429
45121305	45121535
144535390	144535487
199391492	199391559
54955184	54955287
155699057	155699115
38506323	38506432
160386346	160386450
120428934	120429047
112257668	112257742
100147267	100147357
204336023	204336139
165897412	165897642
10555240	10555358
202895966	202896064
174063042	174063153
212923257	212923487
169778887	169778985
48225657	48225767
5976128	5976358
43539999	43540229
225040792	225040870
229617903	229617966
15354152	15354216
153250418	153250648
2144637	2144700
107695834	107695916
230909015	230909095
170043884	170044114
186344547	186344777
167509678	167509908
198412563	198412793
205601134	205601364
188907365	188907595
159745646	159745755
23991850	23991913
55501610	55501840
85410722	85410915
65896868	65897098
151918494	151918571
47000893	47000986
246175715	246175797
119551422	119551485
161536115	161536211
209921285	209921440
229363291	229363369
26070733	26070836
61676434	61676505
39658239	39658469
230404773	230404896
198041451	198041538
46309312	46309542
201354549	201354647
919694	919760
19908812	19909042
23536903	23536974
31933006	31933102
150868223	150868453
248867115	248867212
207884802	207884877
26690365	26690595
76796759	76796989
41588919	41588999
156629845	156630075
33399172	33399279
3236634	3236741
234733741	234733971
62536224	62536322
9785193	9785269
31252513	31252743
149204331	149204561
242011033	242011263
36323533	36323763
23303293	23303464
207793733	207793963
46646059	46646160
21922166	21922250
95774676	95774779
235267591	235267821
75731531	75731608
249101485	249101574
172828544	172828626
145524743	145524973
19814377	19814442
175450333	175450563
28969592	28969822
68315901	68315967
210049017	210049100
42277797	42277911
6035288	6035518
162200026	162200256
222340527	222340600
219378112	219378175
239977685	239977765
16285480	16285554
161195395	161195625
53731811	53732041
99214862	99214952
217834243	217834337
46799325	46799406
48963831	48964061
20208725	20208793
216923454	216923684
150193932	150194162
49018223	49018331
79819095	79819175
161150509	161150739
167766334	167766564
166403026	166403138
79663276	79663338
22108957	22109187
216394576	216394806
94528946	94529176
55909483	55909569
149272986	149273090
54414847	54414919
7177590	7177820
154451284	154451390
160921224	160921454
59542339	59542435
40167702	40167788
12600026	12600136
173475686	173475916
211643476	211643706
173226918	173227148
110572346	110572434
171214684	171214914
203527593	203527823
65681409	65681517
55803856	55804086
224294495	224294725
19233578	19233637
199519826	199519905
104675141	104675214
18249518	18249581
168592535	168592765
226814236	226814466
201404872	201405102
46908111	46908197
178737540	178737770
47088219	47088449
180447391	180447621
41706083	41706154
110659135	110659365
150532451	150532681
64003684	64003914
219834458	219834688
9515968	9516027
3481859	3482089
46663793	46663854
165227241	165227471
163140945	163141175
54105029	54105104
17236374	17236604
145402085	145402315
242161988	242162063
104491287	104491349
62601507	62601737
153744446	153744676
236653275	236653505
81771679	81771909
48669065	48669295
153482384	153482442
152890415	152890504
203478325	203478555
219590034	219590264
59012506	59012579
62548476	62548706
32405486	32405716
11771256	11771333
234462526	234462614
6231744	6231816
247242154	247242384
28736303	28736533
6583740	6583970
235114545	235114775
10010548	10010606
38027463	38027693
197838203	197838261
232766553	232766634
164479856	164479918
200948787	200949017
163498674	163498746
65435332	65435562
117360267	117360497
147112619	147112849
95752825	95752889
157661190	157661420
203608132	203608228
171952800	171953030
109655351	109655581
224828879	224828960
199212653	199212883
228659583	228659813
68908836	68909066
117267440	117267670
51395152	51395382
165114112	165114342
86981349	86981579
47456795	47457025
72750155	72750239
205091402	205091632
89343100	89343330
19422778	19423008
33764322	33764552
29562918	29562992
203745942	203746028
180451644	180451874
172419120	172419350
215855721	215855802
203413579	203413644
18857509	18857739
207264983	207265213
101349649	101349879
82226255	82226485
51554244	51554474
45173705	45173771
247739896	247740126
98134592	98134822
110033294	110033524
42639147	42639235
1891556	1891786
249120896	249120955
149860034	149860264
152007088	152007318
213088699	213088929
53132166	53132246
155163282	155163512
197148216	197148446
178512296	178512361
47013744	47013974
210162989	210163219
24194790	24195020
20539426	20539656
182050183	182050413
17600770	17601000
240772106	240772336
204042161	204042391
9202363	9202593
153005455	153005685
169455066	169455296
198175477	198175707
186266647	186266877
100151344	100151574
159806007	159806237
113216293	113216523
94097272	94097502
216166043	216166273
202158176	202158273
10752513	10752743
36600394	36600624
57042867	57043097
50737706	50737936
172578755	172578985
16339088	16339318
22458582	22458644
193090918	193091148
224358447	224358677
190290169	190290399
9633855	9634085
223705156	223705386
153195681	153195791
170734929	170735159
93064803	93065033
47993423	47993653
37074928	37075158
41410046	41410276
195686862	195687092
95582388	95582447
26560336	26560566
212891912	212892142
12091378	12091608
172903105	172903335
41981839	41982069
91867610	91867840
75518981	75519211
74140781	74140846
156289459	156289689
197488922	197489152
225531381	225531611
71987420	71987650
60345315	60345545
203456557	203456787
65528799	65529029
197193415	197193645
42810026	42810256
239115186	239115416
74969881	74970111
75199427	75199657
3773803	3774033
247134733	247134963
118471459	118471689
20042162	20042392
12841818	12841909
193112498	193112728
114447737	114447967
21861346	21861576
225923624	225923854
8157528	8157758
32281617	32281847
17803925	17804155
27045790	27046020
12332199	12332429
177324781	177325011
41363307	41363537
47201484	47201714
150138332	150138390
45265414	45265644
197495988	197496218
226384736	226384966
170936268	170936498
160651358	160651588
157133503	157133733
219978634	219978864
215779994	215780224
45142879	45143109
153211077	153211307
182993083	182993313
28694772	28694873
231053567	231053797
155682497	155682727
229850844	229851074
231114798	231115028
19988303	19988533
159760178	159760408
172010925	172011155
182755894	182756124
89985436	89985666
155085239	155085333
45769675	45769905
98467437	98467667
2071461	2071691
223307072	223307302
58628723	58628953
246443927	246444157
183439262	183439492
180137886	180138116
228134361	228134591
100422514	100422744
225965251	225965481
59755916	59756146
12844015	12844245
24285446	24285676
27995710	27995940
168606714	168606944
213305271	213305501
44460538	44460768
198767995	198768225
41884496	41884726
63614782	63615012
40123773	40124003
7729601	7729831
228996992	228997222
17278238	17278468
234820018	234820248
193000596	193000826
235256670	235256900
86484049	86484279
214811146	214811376
174952434	174952664
71662458	71662688
65486526	65486756
19670992	19671050
47728566	47728796
87745911	87746141
204329157	204329387
233088729	233088959
237288247	237288477
53291586	53291816
235110918	235111148
26924127	26924357
94245313	94245378
162062090	162062320
234700495	234700725
198244802	198245032
119829313	119829543
227319013	227319243
41239916	41240146
87550008	87550238
161344233	161344463
36683304	36683534
182023915	182024145
19440187	19440417
218694996	218695226
204716038	204716268
6787624	6787854
26722830	26723060
155063980	155064210
16333603	16333833
116249501	116249731
182995023	182995253
28844686	28844745
209996509	209996739
6549995	6550225
201198925	201199155
92077088	92077318
3531776	3532006
16951468	16951698
94706464	94706694
112298184	112298414
177150881	177151111
10092604	10092834
162597566	162597796
240995296	240995526
43690869	43691099
186649381	186649611
174967691	174967921
55257653	55257883
153940221	153940451
187445871	187446101
168679435	168679665
26826734	26826964
84322894	84323124
222278768	222278998
39844108	39844166
18543976	18544206
172413179	172413409
37116121	37116351
61545685	61545915
17746431	17746661
21310097	21310327
234859860	234860090
109631909	109632139
11002086	11002316
26163838	26164068
65019052	65019282
7058428	7058658
204910935	204911165
26685252	26685482
220685195	220685425
86046933	86047163
65675041	65675271
73089037	73089100
164922419	164922649
64629751	64629981
221082143	221082373
203506160	203506390
204176283	204176513
62899981	62900211
153438276	153438506
38356119	38356349
177928936	177929166
111372659	111372889
64023139	64023369
230928821	230929051
242149199	242149429
180748017	180748247
25894827	25895057
24635226	24635456
88527321	88527379
3326771	3327001
51169795	51170025
89121466	89121696
202091813	202092043
1240675	1240905
84371047	84371277
24477036	24477266
152023786	152024016
11301843	11302073
19299064	19299294
156326783	156327013
911489	911719
20543206	20543436
20959751	20959981
188751452	188751682
229636461	229636691
244763263	244763493
43222712	43222942
234748438	234748668
224238593	224238823
222269584	222269814
66727948	66728178
95699577	95699807
56184629	56184859
220513010	220513240
169078198	169078428
188458553	188458783
2718232	2718462
159862825	159863055
35362303	35362533
223858259	223858489
78769429	78769659
159167834	159168064
165601131	165601361
17786775	17787005
239568867	239569097
247070861	247071091
26857669	26857899
218765382	218765612
195773765	195773995
203876133	203876363
33235132	33235362
233654176	233654406
115499280	115499510
27834844	27835074
199654603	199654833
162106588	162106818
240765603	240765833
53213863	53214093
144932354	144932584
172887184	172887414
11021127	11021357
107819666	107819896
77366923	77367153
230878397	230878627
110381483	110381713
20688362	20688592
44399925	44400155
10927236	10927466
51071238	51071468
211123357	211123587
71151064	71151294
211526303	211526533
240932352	240932582
22602397	22602627
167378496	167378726
120510698	120510928
25937453	25937683
207494378	207494608
116260231	116260461
206718184	206718414
116563358	116563588
108757415	108757645
70608830	70609060
54379380	54379610
56314646	56314876
7020685	7020758
207378482	207378712
37789423	37789653
225082719	225082949
47890135	47890365
155293103	155293333
46109798	46110028
242292508	242292738
160960115	160960345
153462748	153462978
150594067	150594297
44376066	44376296
211751152	211751382
32469234	32469464
66737034	66737264
209250122	209250352
232665493	232665723
11346342	11346572
171954857	171955087
220164419	220164649
66414659	66414889
152717760	152717990
241649086	241649316
169078531	169078761
10970000	10970230
113615565	113615680
193159559	193159789
47639564	47639794
115677782	115678012
165098850	165099080
115060117	115060347
77609272	77609502
96382240	96382470
36834699	36834929
189398737	189398967
150522075	150522305
221915214	221915444
153892801	153893031
174695720	174695950
1227258	1227488
14893648	14893878
48035553	48035783
209364043	209364273
54587296	54587526
110976496	110976726
208171211	208171441
172238869	172239099
214801666	214801730
16562683	16562913
42065663	42065893
85544666	85544896
950835	951065
143500095	143500325
92366206	92366436
193577013	193577243
101602444	101602674
214562042	214562272
65925126	65925356
171685103	171685333
157347123	157347353
222152839	222153069
162726373	162726603
183063234	183063464
61605189	61605419
49283260	49283490
207194496	207194726
75699090	75699320
200603660	200603890
182879402	182879632
58512998	58513228
92295836	92296066
151826122	151826352
118696924	118697154
164717760	164717990
66748093	66748323
182038132	182038362
87153341	87153571
55972777	55973007
108743450	108743680
40998582	40998812
69285175	69285405
234261114	234261344
164135800	164136030
229160478	229160708
9675733	9675963
61508671	61508901
220658568	220658798
181104570	181104800
238415701	238415931
100110880	100111110
157475485	157475715
22992332	22992562
234625142	234625372
192280498	192280728
44870823	44871053
113270430	113270660
53910315	53910545
167098170	167098400
85960622	85960852
19239632	19239862
239955486	239955716
37642946	37643176
202205569	202205799
98016771	98017001
201235934	201236164
60368907	60369137
27623278	27623508
54547376	54547606
111162022	111162252
16212245	16212475
26019153	26019383
37944030	37944260
150208870	150209100
245319820	245320050
18023008	18023238
155145740	155145970
34925912	34926142
188098039	188098269
95113836	95114066
59398595	59398825
156572571	156572801
198328252	198328482
174852586	174852816
92083131	92083361
118847674	118847904
8272027	8272257
200452632	200452862
157163490	157163720
212662063	212662293
225039252	225039482
145589333	145589563
201683821	201684051
7514207	7514437
99992723	99992953
85779747	85779977
35909719	35909949
91972955	91973185
176866985	176867215
241966319	241966549
238101915	238102145
17560347	17560577
116167584	116167814
153372862	153373092
226837551	226837781
201432191	201432421
171710446	171710676
89015283	89015513
45965490	45965720
145588597	145588827
170658757	170658987
44047945	44048175
840062	840292
68152383	68152613
53651461	53651691
246772236	246772466
159750367	159750597
161994044	161994274
95550207	95550437
164704995	164705225
42044701	42044931
244178251	244178481
186731472	186731702
230220413	230220643
28980462	28980692
109642552	109642782
110326027	110326257
173883480	173883710
151509626	151509856
155277247	155277477
198650999	198651229
150402354	150402584
156329809	156330039
53370596	53370826
168515268	168515498
21817352	21817582
51339111	51339341
61230963	61231193
231053062	231053292
161617441	161617671
184532534	184532764
152432818	152433048
85990230	85990460
18561334	18561564
59892979	59893209
235134214	235134444
15852916	15853146
202625268	202625498
49143067	49143297
223348452	223348682
49336354	49336584
222967960	222968190
43672501	43672731
234743832	234744062
89266164	89266394
46216392	46216622
39595234	39595464
94505120	94505350
181392780	181393010
213243766	213243996
95045502	95045732
63782675	63782905
175115764	175115994
222461525	222461755
152467641	152467871
45037810	45038040
43991759	43991989
6694740	6694970
117215225	117215455
20198708	20198938
168421659	168421889
183549631	183549861
88768880	88769110
149192751	149192981
207106733	207106963
40367975	40368205
29658808	29659038
196797064	196797294
43212886	43213116
156521810	156522040
158497061	158497291
176088788	176089018
181645503	181645733
2105795	2106025
227531788	227532018
17454906	17455136
94993001	94993231
233308031	233308261
149658616	149658675
16129928	16130158
229367538	229367768
72503504	72503734
160747355	160747585
151967535	151967765
28907772	28908002
119855215	119855445
62416155	62416385
36765543	36765773
42306630	42306860
27372463	27372693
21028994	21029224
97991180	97991410
238853813	238854043
101904007	101904237
32706035	32706265
37503908	37504138
59605131	59605361
30385361	30385591
178986246	178986476
116676875	116677105
118369098	118369328
57223900	57224130
28414388	28414618
44678900	44679130
56333679	56333909
25071337	25071567
45196997	45197227
229979590	229979820
95119605	95119835
115711381	115711611
185791184	185791414
44374626	44374856
5812450	5812680
5697314	5697544
19668039	19668269
24741991	24742221
117664747	117664977
208166901	208167131
44412108	44412338
184923329	184923559
64400915	64401145
86350400	86350630
9762392	9762622
160854509	160854739
202583599	202583829
11736845	11737075
1225592	1225822
110040989	110041219
1977966	1978196
200525190	200525420
6245928	6246158
98513874	98514104
78445092	78445322
100113715	100113945
21656002	21656232
62787204	62787434
30321976	30322206
44287809	44288039
219365315	219365545
95005123	95005353
23912120	23912350
235093171	235093401
161147539	161147769
14421598	14421828
212466996	212467226
27695421	27695651
182631720	182631950
55438873	55439103
207267413	207267643
202179554	202179784
98244365	98244595
40904144	40904374
249123128	249123358
68236983	68237213
235761473	235761703
54591429	54591659
17401959	17402189
235012173	235012403
31869558	31869788
52391936	52392166
179074608	179074838
153600006	153600236
156679617	156679847
248406500	248406730
98576306	98576536
205253872	205254102
215691007	215691237
94486778	94487008
208416582	208416812
53387336	53387566
152020383	152020613
171157878	171158108
203597477	203597707
30170900	30171130
53435785	53436015
17816025	17816255
156939908	156940138
59247488	59247718
154968214	154968444
234715787	234716017
201281485	201281715
101972195	101972425
90355809	90356039
17603196	17603426
110414977	110415207
9633041	9633271
198641304	198641534
41090829	41091059
55844252	55844482
56874821	56875051
151803298	151803528
164652631	164652861
154738542	154738772
150253717	150253947
208267178	208267408
114762181	114762411
168206103	168206333
35811002	35811232
240549732	240549962
109045714	109045944
25656562	25656620
204463697	204463927
151020996	151021226
9023037	9023267
232929684	232929914
6948430	6948660
186063371	186063601
229984892	229985122
163671562	163671792
204271956	204272186
91978802	91979032
39429895	39430125
147817830	147818060
240618604	240618834
23188641	23188871
247240605	247240835
12664448	12664678
164763649	164763879
23984249	23984479
62696488	62696718
209508518	209508748
45390829	45391059
113498414	113498644
85493458	85493688
208827645	208827875
154171583	154171813
32782131	32782361
167904741	167904971
51524500	51524730
201244524	201244754
201088427	201088657
202594592	202594822
5574689	5574919
240312868	240313098
153510856	153511086
225625834	225626064
2738637	2738867
48456855	48457085
218719708	218719938
198638263	198638493
147364317	147364547
186587121	186587351
24018065	24018295
234659366	234659596
3537741	3537971
154317762	154317992
95063378	95063608
65327362	65327592
52034996	52035226
192848655	192848885
110246891	110247121
64040982	64041212
154414915	154415145
202026150	202026380
49342075	49342305
229038869	229039099
83241161	83241391
44309422	44309652
222060142	222060372
241970289	241970519
193724246	193724476
110466119	110466349
156840623	156840853
215696907	215697137
33342315	33342545
226898967	226899197
164599927	164600157
230256667	230256897
223936916	223937146
179038314	179038544
66902123	66902353
207509200	207509430
146976851	146977081
17029704	17029934
171050464	171050694
17899218	17899448
116903497	116903727
198245871	198246101
1166152	1166382
204733008	204733238
193624564	193624794
113999648	113999878
113896305	113896535
241130435	241130665
154377633	154377863
6243640	6243870
8631274	8631504
153072813	153073043
167093368	167093598
40550455	40550685
63377764	63377994
201682621	201682851
198124488	198124718
11713343	11713573
30176447	30176677
56278059	56278289
55751544	55751774
48397165	48397395
230210082	230210312
210547752	210547982
225755578	225755808
8076667	8076897
86360411	86360641
152371626	152371856
44760449	44760679
17811857	17812087
241571569	241571799
25899332	25899562
119819250	119819480
117396992	117397222
155880618	155880848
163531433	163531663
244437175	244437405
72053727	72053957
26336682	26336912
24401889	24402119
157460453	157460683
235133130	235133360
19986387	19986617
25224641	25224871
8264626	8264856
165336700	165336930
228643470	228643700
219491175	219491405
26611639	26611869
222012755	222012985
19292286	19292516
28363036	28363266
12259615	12259845
212101726	212101956
160133507	160133737
185621579	185621809
67177198	67177428
202630354	202630584
162366811	162367041
162908919	162909149
56050255	56050485
92079263	92079493
218553907	218554137
36565679	36565909
86967838	86968068
170897165	170897395
49162858	49163088
173472622	173472852
40771209	40771439
114970788	114971018
161089491	161089721
165338555	165338785
155701638	155701868
208357864	208358094
192579769	192579999
150586104	150586334
216484167	216484397
172840437	172840667
52088148	52088378
226065444	226065674
52870480	52870710
206831877	206832107
84831354	84831584
161454486	161454716
147806449	147806679
98788991	98789221
27481972	27482202
39324616	39324846
178207915	178208145
220699732	220699962
8156732	8156962
47902195	47902425
29172793	29173023
146644203	146644433
212118126	212118356
209862082	209862312
25768658	25768888
82274619	82274849
85725324	85725554
155960903	155961133
154908970	154909200
204386775	204387005
93202054	93202284
69065827	69066057
223002363	223002593
3692566	3692796
235002234	235002464
222019264	222019494
120092339	120092569
173421119	173421349
20989951	20990181
218670044	218670274
197035923	197036153
203662388	203662618
12336396	12336626
181081646	181081876
163329016	163329246
8021405	8021635
33294038	33294268
9852346	9852576
216916050	216916280
162010491	162010721
109289008	109289238
116039858	116040088
234908183	234908413
236147817	236148047
173362325	173362555
87219455	87219685
118358692	118358922
226373746	226373976
203595743	203595973
115954375	115954605
41488992	41489222
16466154	16466384
62695748	62695978
156897654	156897884
115611908	115612138
154249334	154249564
6457135	6457365
68811962	68812192
41341464	41341694
162810163	162810393
7461906	7462136
225924963	225925193
110042613	110042843
23428095	23428325
161733368	161733598
152321016	152321246
158299663	158299893
206890838	206891068
154971642	154971872
111091084	111091314
167189855	167190085
162426171	162426401
156862147	156862377
24649920	24650150
94200624	94200854
114575975	114576205
78697677	78697907
65363814	65364044
101300661	101300891
109096659	109096889
117112999	117113229
225845379	225845609
32575017	32575247
202206303	202206533
57045316	57045546
38068800	38069030
155022947	155023177
193307286	193307516
202070426	202070656
1376337	1376567
207193493	207193723
202004009	202004239
222060596	222060826
173598100	173598330
8137343	8137573
110334754	110334984
20521727	20521957
6265280	6265510
161875153	161875383
28086997	28087227
162111513	162111743
154946008	154946238
33458108	33458338
6614558	6614788
10490328	10490558
94993891	94994121
238116634	238116864
207414108	207414338
233843429	233843659
116775578	116775808
201269079	201269309
189589159	189589389
65889653	65889883
48417595	48417825
155139845	155140075
203296968	203297198
185895780	185896010
186071692	186071922
25258815	25259045
152458963	152459193
208070553	208070783
168290288	168290518
186121789	186122019
32443391	32443621
38325810	38326040
245028911	245029141
27849680	27849910
177178486	177178716
28481338	28481568
223297130	223297360
25363726	25363956
96828224	96828454
211809862	211810092
184807890	184808120
66707622	66707852
63920021	63920251
19717893	19718123
168271024	168271254
24610440	24610670
9885574	9885804
8525122	8525352
203562823	203563053
183129158	183129388
234742852	234743082
43402294	43402524
8242452	8242682
38276808	38277038
20756982	20757212
228379535	228379765
203481968	203482198
235895034	235895264
112936837	112937067
103571979	103572209
222013275	222013505
110366537	110366767
224192311	224192541
151960958	151961188
187969188	187969418
8100712	8100942
204263533	204263763
73311114	73311344
151580883	151581113
15241919	15242149
33085757	33085987
92075220	92075450
221508822	221509052
157333400	157333630
118253438	118253668
11424313	11424543
80621136	80621366
164677279	164677509
168770671	168770901
230240333	230240563
54154436	54154666
63655507	63655737
164581153	164581383
207406144	207406374
207180820	207181050
221567668	221567898
226309235	226309465
25475227	25475457
90331594	90331824
44997802	44998032
24691814	24692044
204386297	204386527
182991539	182991769
102900140	102900370
29566871	29567101
16767002	16767232
212740498	212740728
156093004	156093234
180334255	180334485
21023412	21023642
151284107	151284337
204395129	204395359
24920055	24920285
74100775	74101005
105179304	105179534
32952935	32953165
38503428	38503658
236080866	236081096
216466978	216467208
99127935	99128165
172320963	172321193
55609417	55609647
21982323	21982553
244615208	244615438
206982027	206982257
109054477	109054707
152795854	152796084
95102277	95102507
8799491	8799721
99643127	99643357
190723984	190724214
52402289	52402519
198850398	198850628
151484186	151484416
40265392	40265622
4886211	4886441
33215408	33215638
203584371	203584601
164674288	164674518
183275777	183276007
207064182	207064412
66987481	66987711
18311068	18311298
94791228	94791458
225653142	225653372
25850087	25850317
92927369	92927599
59281890	59282120
12304229	12304459
153919122	153919352
114417257	114417487
92202672	92202902
241997374	241997604
2486397	2486627
21543429	21543659
12166939	12167169
227636852	227637082
118217221	118217451
33613622	33613852
164741952	164742182
85763540	85763770
94278635	94278865
169508310	169508540
156880095	156880325
203095510	203095740
177225684	177225914
97516093	97516323
21965269	21965499
172807604	172807834
192475867	192476097
211694060	211694290
207069224	207069454
100816744	100816974
94167279	94167509
18911306	18911536
34100512	34100742
43609122	43609352
24373746	24373976
150540651	150540881
198090280	198090510
93804023	93804253
12467555	12467785
112534090	112534320
85961290	85961520
27866880	27867110
161127724	161127954
78799183	78799413
198626729	198626959
174084042	174084272
873527	873757
186884773	186885003
26496193	26496423
233679467	233679697
27187727	27187957
38955540	38955770
221163822	221164052
203275762	203275992
159568001	159568231
15614715	15614945
11397646	11397876
194014097	194014327
65141503	65141733
149911035	149911265
41779380	41779610
181057813	181058043
16481197	16481427
113118080	113118310
20703472	20703702
204407825	204408055
27213679	27213909
160016554	160016784
144859848	144860078
223903124	223903354
39864391	39864621
173375007	173375237
229206033	229206263
214627986	214628216
198904693	198904923
151818740	151818970
107684772	107685002
210373528	210373758
203559817	203560047
101939692	101939922
241804621	241804851
43834033	43834263
144012771	144013001
8234519	8234749
231558311	231558541
103256644	103256874
200245666	200245896
92196373	92196603
55938510	55938740
167684731	167684961
174158875	174159105
113044499	113044729
172325807	172326037
94168435	94168665
52035513	52035743
18246448	18246678
36111746	36111976
92351486	92351716
183249105	183249335
65210119	65210349
60183795	60184025
209381074	209381304
154090219	154090449
56614235	56614465
2313249	2313479
203576378	203576608
24045058	24045288
43432872	43433102
217507359	217507589
46908407	46908637
164606977	164607207
161284579	161284809
249135980	249136210
156045060	156045290
26356434	26356664
16279307	16279537
26611294	26611524
110997880	110998110
94375108	94375338
46953539	46953769
27518548	27518778
162035300	162035530
44020185	44020415
117636673	117636903
146628299	146628529
230249557	230249787
167906752	167906982
155973156	155973386
220219879	220220109
238064661	238064891
230241706	230241936
169555622	169555852
241773437	241773667
201139625	201139855
207262047	207262277
183029569	183029799
186719464	186719694
17563936	17564166
8262331	8262561
55337633	55337863
23158646	23158876
201049349	201049579
39283885	39284115
60033882	60034112
110691658	110691888
227510970	227511200
221467681	221467911
173238635	173238865
153540320	153540550
242956733	242956963
27998821	27999051
244903412	244903642
244110429	244110659
49344259	49344489
18629357	18629587
107590222	107590452
41826838	41827068
151964949	151965179
196859892	196860122
108870405	108870635
5681176	5681406
172864932	172865162
159252003	159252233
33195654	33195884
225943062	225943292
211688871	211689101
93297379	93297609
32837881	32838111
154836152	154836382
244437622	244437852
225888064	225888294
211909166	211909396
16485689	16485919
23058408	23058638
228870986	228871216
51086320	51086550
3408360	3408590
15058478	15058708
111013841	111014071
16251285	16251515
153539000	153539230
52834022	52834252
24603351	24603581
42321419	42321649
120529762	120529992
171820105	171820335
182586953	182587183
200100729	200100959
117855179	117855409
230443909	230444139
59193126	59193356
229142211	229142441
248850223	248850453
221613576	221613806
155863550	155863780
185529059	185529289
25444003	25444233
52137547	52137777
168335045	168335275
180605319	180605549
109103647	109103877
6546601	6546831
155231457	155231687
204776500	204776573
78720289	78720519
211765561	211765791
50546652	50546882
157989377	157989607
39569413	39569643
161834463	161834693
6101569	6101799
208280862	208281092
42334305	42334535
162723189	162723419
207581297	207581527
16511471	16511701
21682561	21682791
173119088	173119318
159886129	159886359
153506160	153506390
9350254	9350484
222298053	222298283
98569257	98569487
86973778	86974008
39593348	39593578
26021674	26021904
111005659	111005889
234827429	234827659
155953576	155953806
192796320	192796550
116618759	116618989
150949896	150950126
244466242	244466472
226166086	226166316
229389081	229389311
224033750	224033980
38260563	38260793
192967736	192967966
207477954	207478184
151144689	151144919
45373722	45373952
95088313	95088543
181224774	181225004
99872630	99872860
218847889	218848119
219833166	219833396
12609937	12610167
211821722	211821952
24868554	24868784
168254092	168254322
51605245	51605475
46268442	46268672
15691316	15691546
42328669	42328899
109373206	109373436
201430365	201430595
29524102	29524332
15664217	15664447
64869823	64870053
198127033	198127263
207478882	207479112
6201746	6201976
46279548	46279778
222065482	222065712
172328894	172329124
202077478	202077708
55755433	55755663
16509673	16509903
8156323	8156553
40142673	40142903
88271670	88271900
11845284	11845514
47022545	47022775
207063595	207063825
198529376	198529606
146714663	146714893
6423241	6423471
162660730	162660960
154965679	154965909
160514533	160514763
169082904	169083134
21913500	21913730
156541144	156541374
196712445	196712675
156435595	156435825
216735797	216736027
233790446	233790676
21661257	21661487
207490036	207490266
230717548	230717778
48535222	48535452
207738959	207739189
22266188	22266418
153337823	153338053
70166531	70166761
57698235	57698465
234793962	234794192
32228303	32228533
244517160	244517390
186960745	186960975
60622632	60622862
6474460	6474690
156834665	156834895
24621345	24621575
173399055	173399285
100921108	100921338
176435730	176435960
94316333	94316563
36840365	36840595
169029367	169029597
168312896	168313126
64505270	64505500
168721406	168721636
12540837	12541067
151945512	151945742
224371361	224371591
19337606	19337836
181059432	181059662
242153413	242153643
223205169	223205399
69843269	69843499
117236466	117236696
158216506	158216736
172938809	172939039
37974845	37975075
234668915	234669145
203661731	203661961
186980181	186980411
156471115	156471345
95179316	95179546
102119012	102119242
6165306	6165536
160800406	160800636
103016447	103016677
9363236	9363466
53128315	53128545
174716847	174717077
173660351	173660581
77497013	77497243
17613981	17614211
114636243	114636473
29667514	29667744
21476419	21476649
168688609	168688839
154792162	154792392
200119854	200120084
23407964	23408194
208374679	208374909
52814369	52814599
186587656	186587886
73565992	73566222
201720205	201720435
164631795	164632025
85804898	85805128
2530048	2530278
156427397	156427627
173837811	173838041
87901268	87901498
197125906	197126136
7439544	7439774
246280587	246280817
118364444	118364674
59437412	59437642
230222887	230223117
81640510	81640740
164740937	164741167
198940181	198940411
66731591	66731821
117424486	117424716
229335280	229335510
221898356	221898586
24711710	24711940
59897641	59897871
8793548	8793778
64386545	64386775
999263	999493
155025077	155025307
17290017	17290247
101659378	101659608
210023841	210024071
228261620	228261850
8107789	8108019
164676422	164676652
10658454	10658684
117689709	117689939
172291587	172291817
98872340	98872570
10213051	10213281
65992888	65993118
199878426	199878656
202928441	202928671
202045260	202045490
90088524	90088754
156771151	156771381
22345865	22346095
2361567	2361797
106151427	106151657
198223718	198223948
62191135	62191365
63455252	63455482
32155551	32155781
202854198	202854428
173159835	173160065
8503646	8503876
158476228	158476458
218633320	218633550
94765902	94766132
148532006	148532236
218454670	218454900
27757898	27758128
214832255	214832485
230703790	230704020
18175798	18176028
181082260	181082490
155936018	155936248
195909066	195909296
209826012	209826242
201885925	201886155
166845638	166845868
115973530	115973760
236073995	236074225
38086439	38086669
161730304	161730534
54184150	54184380
45075189	45075419
24620850	24621080
179901894	179902124
91968507	91968737
197283823	197284053
48224703	48224933
199660799	199661029
164526657	164526887
162666179	162666409
206643741	206643971
48360389	48360619
207086473	207086703
207432789	207433019
59347274	59347504
39311944	39312174
156675805	156676035
207567028	207567258
31655353	31655583
162343765	162343995
32098801	32099031
165377827	165378057
229200228	229200458
224461401	224461631
235156745	235156975
1509261	1509491
151492833	151493063
212767210	212767440
176413498	176413728
207395359	207395589
69036590	69036820
145507767	145507997
95028494	95028724
235153973	235154203
185924733	185924963
98789464	98789694
85794753	85794983
117306797	117307027
31894355	31894585
2131051	2131281
23543321	23543551
109102418	109102648
233792030	233792260
234679426	234679656
6094589	6094819
216061586	216061816
192776715	192776945
116185314	116185544
234321819	234322049
187011771	187012001
246303085	246303315
51201119	51201349
1720545	1720775
97061874	97062104
231964006	231964236
32300201	32300431
176176748	176176978
207913538	207913768
85133937	85134167
38537595	38537825
202662142	202662372
173031338	173031568
161011335	161011565
39052777	39053007
8411788	8412018
244327409	244327639
225637050	225637280
238402068	238402298
199486193	199486423
66183578	66183808
109570518	109570748
24307292	24307522
204462104	204462334
154456904	154457134
78149147	78149377
156111060	156111290
110473270	110473500
19969624	19969854
112794431	112794661
26516950	26517180
87229167	87229397
155294981	155295211
233749107	233749337
152434099	152434329
235123264	235123494
41961295	41961525
116088389	116088619
119259445	119259675
80147150	80147380
210001129	210001359
68355687	68355917
228966908	228967138
208352845	208353075
222999178	222999408
248861287	248861517
158466230	158466460
43663116	43663346
233249293	233249523
223418258	223418488
144972910	144973140
25343974	25344204
42970122	42970352
34201293	34201523
169903619	169903849
66046875	66047105
85069662	85069892
110141324	110141554
164614252	164614482
8933737	8933967
228528591	228528821
56495094	56495324
189642433	189642663
201886528	201886758
95258065	95258295
207483047	207483277
207071969	207072199
59050236	59050466
9046302	9046532
111557929	111558159
153463234	153463464
223899969	223900199
66696918	66697148
211210484	211210714
27326025	27326255
92256792	92257022
6524648	6524878
179106860	179107090
201562621	201562851
178969361	178969591
203839420	203839650
200385124	200385354
20063925	20064155
46654091	46654321
246149669	246149899
233771813	233772043
229211008	229211238
48169987	48170217
56192784	56193014
179416701	179416931
6159853	6160083
214612887	214613117
8197924	8198154
41096262	41096492
246052203	246052433
114506184	114506414
198082447	198082677
168148037	168148267
145728509	145728739
173447305	173447535
160924089	160924319
199711784	199712014
220718465	220718695
207985282	207985512
207263526	207263756
113939279	113939509
82168641	82168871
212731497	212731727
150489213	150489443
39651504	39651734
69089980	69090210
44119144	44119374
212658369	212658599
150480370	150480600
201798040	201798270
210058107	210058337
85426121	85426351
178025114	178025344
69056241	69056471
201567052	201567282
227544334	227544564
20559929	20560159
95087078	95087308
221811147	221811377
110283566	110283796
78703346	78703576
201277003	201277233
110153277	110153507
163137899	163138129
111010393	111010623
154934394	154934624
223963771	223964001
37937314	37937544
233248784	233249014
27999391	27999621
235147583	235147813
59509498	59509728
216367467	216367697
234987242	234987472
197143334	197143564
90868754	90868984
113652868	113653098
67677336	67677566
222942573	222942803
183178666	183178896
66909467	66909697
157044075	157044305
207200556	207200786
199747517	199747747
66648561	66648791
36653351	36653581
183602733	183602963
217604815	217605045
6483591	6483821
186011537	186011767
180239444	180239674
208364217	208364447
240167492	240167722
24885550	24885780
8193775	8194005
244486330	244486560
45503229	45503459
205392450	205392680
23426739	23426969
213141227	213141457
200348691	200348921
218885706	218885936
208401434	208401664
173477044	173477274
113280286	113280516
46710659	46710889
110502642	110502872
84719692	84719922
154118560	154118790
237068449	237068679
41329799	41330029
27024759	27024989
182862548	182862778
173239047	173239277
159851694	159851924
29192570	29192800
114519594	114519824
94130277	94130507
62308647	62308877
179060833	179061063
116832994	116833224
12139717	12139947
32135756	32135986
227505296	227505526
81644959	81645189
59495474	59495704
204092583	204092813
92198135	92198365
19975228	19975458
179851919	179852149
8964050	8964280
57142371	57142601
43408929	43409159
100128210	100128440
104663196	104663426
228974275	228974505
109782105	109782335
225843158	225843388
45806651	45806881
32599112	32599342
171786883	171787113
21651227	21651457
15747555	15747785
16046290	16046520
212102433	212102663
41745974	41746204
16278727	16278957
78291056	78291286
78695109	78695339
159721897	159722127
201472640	201472870
204288668	204288898
153348073	153348303
211721945	211722175
211741243	211741473
246022368	246022598
87170105	87170335
204265576	204265806
8257872	8258102
8065280	8065510
48642799	48643029
108859246	108859476
164056531	164056761
167177714	167177944
116004274	116004504
207484616	207484846
240031546	240031776
198650440	198650670
167507958	167508188
234749245	234749475
43988800	43989030
150669693	150669923
221612790	221613020
110329210	110329440
54007505	54007735
44783985	44784215
36616532	36616762
59758349	59758579
54572901	54573131
18626290	18626520
16515531	16515761
180200827	180201057
101730312	101730542
207064692	207064922
204286324	204286554
147721152	147721382
185965479	185965709
44056144	44056374
95100773	95101003
206785753	206785983
12661315	12661545
241805162	241805392
153321048	153321278
149900079	149900309
154945161	154945391
28764548	28764778
25865069	25865299
249152293	249152523
151953095	151953325
212034847	212035077
41950042	41950272
53017822	53018052
57154242	57154472
205908940	205909170
86039158	86039388
94270011	94270241
12655943	12656173
168543542	168543772
193039206	193039436
223993728	223993958
223088584	223088814
61802778	61803008
54870900	54871130
85248224	85248454
164617963	164618193
43112338	43112568
234636814	234637044
16616548	16616778
78005499	78005729
112332645	112332875
44515616	44515846
146964113	146964343
38120982	38121212
167239771	167240001
200059789	200060019
10094533	10094763
185408891	185409121
42780184	42780414
156736135	156736365
235061673	235061903
110365056	110365286
25859581	25859811
160749924	160750154
205641720	205641950
234891228	234891458
156654092	156654322
196515481	196515711
234545185	234545415
8077696	8077926
169071855	169072085
54776726	54776956
210771595	210771825
79659159	79659389
206971515	206971745
211556472	211556702
151521347	151521577
70902333	70902563
19506119	19506349
43231628	43231858
156472640	156472870
28640592	28640822
205920352	205920582
173022104	173022334
48996452	48996682
73671376	73671606
6855712	6855942
24281716	24281946
228401235	228401465
7325858	7326088
32689440	32689670
218879249	218879479
110305690	110305920
236162851	236163081
169240512	169240742
13870496	13870726
226071657	226071887
78558381	78558611
6535626	6535856
224401365	224401595
188433114	188433344
56882282	56882512
20940456	20940686
45795232	45795462
104570203	104570433
7609405	7609635
20190389	20190619
79299212	79299442
36365631	36365861
42799817	42800047
186051463	186051693
173559804	173560034
56160058	56160288
51779292	51779522
78414825	78415055
222720407	222720637
115732855	115733085
198189712	198189942
110036493	110036723
208263771	208264001
207827755	207827985
78104880	78105110
201183656	201183886
7440876	7441106
194435930	194436160
212125280	212125510
36852223	36852453
113867680	113867910
149764070	149764300
113762092	113762322
33399607	33399837
193699234	193699464
209847288	209847518
249085261	249085491
156589219	156589449
24275715	24275945
173299548	173299778
205317393	205317623
12042135	12042365
152140355	152140585
178987034	178987264
233374887	233375117
219104316	219104546
27462513	27462743
114522096	114522326
201449354	201449584
247206828	247207058
151918925	151919155
184797307	184797537
35218720	35218950
173378089	173378319
183441210	183441440
102033215	102033445
160094601	160094831
2314110	2314340
46595914	46596144
227918125	227918355
57935799	57936029
54874056	54874286
79789015	79789245
109740059	109740289
25895478	25895708
44338061	44338291
16531561	16531791
151962025	151962255
9070194	9070424
220544787	220545017
95010354	95010584
156890230	156890460
94036152	94036382
153656483	153656713
201431118	201431348
198227790	198228020
204930979	204931209
234040296	234040526
8107267	8107497
21958754	21958984
208351666	208351896
44170572	44170802
43407496	43407726
92215408	92215638
32914804	32915034
113086656	113086886
65383189	65383419
56922573	56922803
154297097	154297327
17227316	17227546
81640926	81641156
161085138	161085368
21348816	21349046
116220273	116220503
15480610	15480840
153261181	153261411
115722207	115722437
70448792	70449022
153285153	153285383
115097251	115097481
157140590	157140820
54647458	54647688
14052411	14052641
48472822	48473052
203503690	203503920
14440426	14440656
151653316	151653546
193584045	193584275
227002942	227003172
32053434	32053664
21349172	21349402
193676413	193676643
216895340	216895570
150898611	150898841
176210531	176210761
67610489	67610719
99022187	99022417
233804580	233804810
173496358	173496588
230817464	230817694
156896143	156896373
220603561	220603791
173092175	173092405
228370940	228371170
48916144	48916374
164594317	164594547
186612832	186613062
97658441	97658671
29742024	29742254
41503841	41504071
242001328	242001558
8779022	8779252
98791661	98791891
221916182	221916412
31846459	31846689
32532083	32532313
17534667	17534897
94132368	94132598
225632710	225632940
25586296	25586526
229506436	229506666
115213012	115213242
48251304	48251534
244950168	244950398
32166707	32166937
231451632	231451862
200411603	200411833
94219989	94220219
94224233	94224463
22854489	22854719
191800778	191801008
6142433	6142663
94791992	94792222
38000068	38000298
164620857	164621087
188857466	188857696
151032042	151032272
154960643	154960873
9034180	9034410
12633952	12634182
168758842	168759072
182894229	182894459
70607922	70608152
115863045	115863275
183925826	183926056
48492014	48492244
230501735	230501965
66760487	66760717
212408059	212408289
151515183	151515413
47919661	47919891
59581583	59581813
149981671	149981901
201998389	201998619
24853745	24853975
97307844	97308074
215354945	215355175
59616789	59617019
11797130	11797360
9533172	9533402
95085959	95086189
107163381	107163611
10093666	10093896
7395323	7395553
119822074	119822304
221565883	221566113
48224116	48224346
212842530	212842760
80889783	80890013
33190821	33191051
2982820	2983050
151043596	151043826
201445892	201446122
2462519	2462749
228368049	228368279
211753002	211753232
237924372	237924602
168054053	168054283
161510053	161510283
20031106	20031336
153569677	153569907
118565904	118566134
153095700	153095930
244577900	244578130
12679069	12679299
91966949	91967179
21664681	21664911
225898606	225898836
32181277	32181507
49383567	49383797
200045417	200045647
41575740	41575970
151481420	151481650
202046070	202046300
68080161	68080391
32707183	32707413
8499601	8499831
226951625	226951855
42220202	42220432
231686180	231686410
8469117	8469347
1976353	1976583
15526872	15527102
223815945	223816175
27869005	27869235
198095178	198095408
7576423	7576653
198228524	198228754
240332561	240332791
230209109	230209339
165742638	165742868
12538303	12538533
240476204	240476434
154974447	154974677
39596112	39596342
28928304	28928534
235362830	235363060
52123233	52123463
208042483	208042713
227009042	227009272
228936911	228937141
46664920	46665150
211725104	211725334
30186802	30187032
93907935	93908165
180092630	180092860
185702982	185703212
100148081	100148311
213459671	213459901
12192236	12192466
106565001	106565231
172327969	172328199
72832215	72832445
211431659	211431889
1014866	1015096
25358914	25359144
111984274	111984504
27883912	27884142
225934587	225934817
234458818	234459048
15177153	15177383
205244303	205244533
221785915	221786145
27032245	27032475
214620429	214620659
44793614	44793844
185534504	185534734
41334010	41334240
48090217	48090447
154327194	154327424
150039562	150039792
110331778	110332008
182989015	182989245
150459614	150459844
156627304	156627534
161199776	161200006
52114111	52114341
9310169	9310399
21501200	21501430
200153398	200153628
155058590	155058820
152933218	152933448
53939215	53939445
85796092	85796322
86078837	86079067
54482122	54482352
203632404	203632634
41329318	41329548
117911469	117911699
6177729	6177959
116761581	116761811
118400164	118400394
85987254	85987484
56530468	56530698
192778188	192778418
201229413	201229643
64809134	64809364
201474646	201474876
153895637	153895867
90308899	90309129
231505123	231505353
178662595	178662825
121189230	121189460
198440714	198440944
68179152	68179382
22091633	22091863
223532204	223532434
85755251	85755481
211786784	211787014
144989841	144990071
169680790	169681020
67680121	67680351
172552104	172552334
27684065	27684295
8254645	8254875
153485660	153485890
234594251	234594481
200707721	200707951
211812226	211812456
10270292	10270522
108329976	108330206
34308017	34308247
226796516	226796746
24372940	24373170
22246090	22246320
205267650	205267880
94215658	94215888
91872461	91872691
26865265	26865495
244997141	244997371
57877073	57877303
90376515	90376745
172747961	172748191
96775392	96775622
240021478	240021708
151547519	151547749
32756166	32756396
79545528	79545758
15651969	15652199
235246441	235246671
183559551	183559781
29780096	29780326
222070685	222070915
234275752	234275982
46358135	46358365
7023377	7023607
78744809	78745039
229356921	229357151
153488380	153488610
198492371	198492601
243376409	243376639
6497149	6497379
117690630	117690860
193224013	193224243
27728921	27729151
183337406	183337636
182155523	182155753
100600510	100600740
90228593	90228823
160588636	160588866
226875295	226875525
179907960	179908190
26231486	26231716
199728300	199728530
95320514	95320744
110192348	110192578
212004055	212004285
16121669	16121899
27189278	27189508
45821931	45822161
8882869	8883099
179998085	179998315
59349084	59349314
94159683	94159913
35332007	35332237
92311615	92311845
154909992	154910222
92355700	92355930
165798339	165798569
27817034	27817264
153377296	153377526
156450595	156450825
207194077	207194307
1980931	1981161
41332149	41332379
219262368	219262598
48483536	48483766
164695483	164695713
204404675	204404905
179197845	179198075
33454372	33454602
229546904	229547134
152452600	152452830
73544834	73545064
78843088	78843318
94188739	94188969
22545251	22545481
201405681	201405911
41235535	41235765
198095622	198095852
159852347	159852577
41958774	41959004
25188775	25189005
156449722	156449952
27098186	27098416
182775460	182775690
223174967	223175197
32219579	32219809
21384662	21384892
110160220	110160450
44692937	44693167
152708201	152708431
57545515	57545745
26704925	26705155
39196745	39196975
214444913	214445143
61607335	61607565
20187643	20187873
28046135	28046365
21399233	21399463
85086457	85086687
59362316	59362546
222166985	222167215
192671399	192671629
45637762	45637992
61543697	61543927
55787690	55787920
55448434	55448664
16563709	16563939
28471169	28471399
100125364	100125594
228646987	228647217
156711130	156711360
84970348	84970578
79019623	79019853
222990937	222991167
57044988	57045218
221489953	221490183
8088024	8088254
78721148	78721378
68215534	68215764
225954798	225955028
25106258	25106488
173182915	173183145
235530814	235531044
41728750	41728980
155214195	155214425
100145934	100146164
221661217	221661447
155080262	155080492
186152380	186152610
35578317	35578547
117051526	117051756
46982934	46983164
79350834	79351064
153507714	153507944
200259570	200259800
216293023	216293253
52869368	52869598
41933778	41934008
186206144	186206374
59248093	59248323
218952829	218953059
53642492	53642722
203858067	203858297
197936274	197936504
94201307	94201537
84456493	84456723
106797332	106797562
