30117436	30117664
45066574	45066819
30536753	30536975
42655238	42655474
40510143	40510356
36772783	36773017
19051423	19051637
34572152	34572397
45065455	45065708
43870073	43870337
36002926	36003134
35296396	35296610
29073389	29073618
36117868	36118111
37400845	37401044
16855541	16855786
37212588	37212774
33973388	33973591
30744753	30744955
37312686	37312891
40105891	40106138
39727998	39728229
34978165	34978368
37513817	37514061
46859359	46859571
18759452	18759663
43565710	43565925
44559179	44559379
40497940	40498152
33630727	33630937
34747037	34747229
16964696	16964887
43584600	43584814
34817648	34817851
35724120	35724329
17198547	17198732
38299992	38300200
43801577	43801799
30462405	30462607
36065635	36065824
18642645	18642839
35802100	35802291
39084563	39084757
47240561	47240760
44596801	44597031
15632118	15632304
32458859	32459044
17702735	17702930
37703312	37703489
39724606	39724826
26980670	26980871
26758310	26758491
35734226	35734418
28142038	28142222
44344023	44344248
37485154	37485337
29708678	29708854
43537627	43537809
44923358	44923560
40890334	40890541
36880696	36880988
37792325	37792501
28937097	28937269
45567105	45567316
32977009	32977191
34198997	34199173
30720892	30721105
39877703	39877873
46712473	46712669
30118115	30118291
35815918	35816121
38954961	38955153
43198469	43198657
37876642	37876815
45717628	45717804
18926991	18927189
31222112	31222293
15776146	15776328
46548608	46548807
16110365	16110538
29709758	29709903
19667606	19667778
37582004	37582202
46557071	46557264
17375316	17375481
38349408	38349585
46369778	46369969
41160324	41160508
30312621	30312780
39073053	39073229
42505956	42506121
38034276	38034462
35274116	35274293
42832618	42832786
38289955	38290132
19872221	19872384
43237684	43237853
39591088	39591265
34025780	34025929
36173911	36174105
43032898	43033067
33787000	33787187
34569260	34569437
32953176	32953352
22604752	22604908
43957591	43957761
43032458	43032610
33775546	33775723
28221885	28222038
36988565	36988705
35739757	35739886
28253940	28254099
17980864	17981009
45557957	45558111
40760589	40760737
17826829	17826975
44530994	44531133
47563532	47563675
38539112	38539250
36423663	36423835
24164441	24164571
18315130	18315284
42493842	42493983
35267177	35267340
27254217	27254369
20173902	20174054
16582692	16582808
22372015	22372171
43030644	43030799
19894621	19894761
41492995	41493120
32570959	32571080
39498881	39499024
45230743	45230896
40813552	40813693
44013464	44013625
28849136	28849274
38623390	38623508
38382341	38382416
40745685	40745813
35975448	35975585
35720332	35720447
23294082	23294211
44631379	44631546
30465049	30465178
22254908	22255031
41515889	41516020
15678971	15679087
35916397	35916524
16435012	16435132
45395463	45395599
18958336	18958434
43729886	43730002
25341046	25341138
46295413	46295559
25226259	25226372
44816728	44816855
28222460	28222638
30872150	30872255
46312821	46312930
28088377	28088465
44922415	44922545
40084141	40084243
33942181	33942327
16146214	16146331
24773727	24773853
46560425	46560508
37497967	37498076
37525443	37525542
39542939	39543061
31416870	31417100
36262440	36262528
45929641	45929764
45359058	45359172
41239207	41239314
18417645	18417875
16925594	16925673
35763262	35763328
43378327	43378422
45687827	45687938
27162526	27162617
19297400	19297630
17566800	17566872
26412259	26412318
39531493	39531592
29889390	29889620
28089617	28089704
36628924	36629154
38936746	38936854
17266983	17267065
34499696	34499926
34366726	34366956
32552993	32553068
40041271	40041368
46213293	46213523
37961747	37961977
43678831	43678900
25886508	25886738
33153299	33153357
22536327	22536557
29424074	29424160
30165440	30165670
17378390	17378620
47016701	47016931
38311810	38312040
39542470	39542535
17457409	17457467
47390626	47390856
45031799	45032029
43887497	43887727
19413419	19413649
46221024	46221254
43527965	43528195
36060548	36060778
37794604	37794834
34733704	34733762
28213215	28213445
44537457	44537528
39131445	39131504
47567444	47567526
17895073	17895303
30114961	30115191
41087802	41088032
31567084	31567314
26686277	26686507
46898075	46898305
46162498	46162568
39014909	39015139
19298296	19298526
30848841	30849071
28282409	28282639
44775751	44775981
34312824	34313054
40177000	40177230
35615955	35616185
43696963	43697193
17454841	17455071
43188799	43189029
24389003	24389233
15492487	15492717
16594335	16594565
30590222	30590452
38003097	38003327
31713378	31713608
44763094	44763324
47645142	47645372
29391784	29392014
27541425	27541655
44914489	44914719
19760401	19760631
17936089	17936319
45875816	45876046
45930439	45930669
40508139	40508369
38869339	38869569
43653759	43653989
33158271	33158501
46302534	46302764
46265962	46266192
23061286	23061516
33765656	33765886
44866567	44866676
22248147	22248377
16237011	16237241
26268539	26268769
19757185	19757415
39883654	39883884
30568681	30568911
20212551	20212781
34155098	34155328
28585753	28585983
19275404	19275634
30660638	30660868
43758018	43758248
31836146	31836376
45039784	45040014
17349217	17349447
44462290	44462520
44726966	44727196
20694780	20695010
23947460	23947690
43648142	43648372
40168452	40168682
45724896	45725126
22343720	22343950
40191887	40192117
36629785	36630015
33238437	33238667
32470929	32471159
36604919	36605149
43098607	43098837
30487127	30487357
46739535	46739765
43534309	43534539
44238407	44238637
32719833	32720063
37802405	37802635
44212334	44212564
22474315	22474545
46292337	46292567
44469995	44470225
39047587	39047817
22746368	22746598
10001016	10001246
30671037	30671267
46522391	46522621
46331608	46331838
40159496	40159726
9485089	9485319
35133731	35133961
37020868	37021098
45006064	45006294
38835447	38835677
27173925	27174155
45664060	45664290
35027988	35028218
42542461	42542691
30631382	30631612
30463457	30463687
36280753	36280983
16976819	16977049
38593486	38593716
37632847	37633077
19742695	19742925
28217498	28217728
25308622	25308852
35171701	35171931
44906064	44906294
39705868	39706098
35889882	35890112
44936808	44937038
36167496	36167726
11109057	11109287
29607496	29607726
44897891	44898121
36509222	36509452
27268138	27268368
38432687	38432917
28206555	28206785
38226838	38227068
33756235	33756465
29131482	29131712
36500222	36500452
48059747	48059977
44630148	44630378
36570247	36570477
16564678	16564908
32203570	32203800
43615413	43615643
17959439	17959669
45758171	45758401
44270957	44271187
33950445	33950675
18518841	18519071
35882908	35883138
46774935	46775165
45138697	45138927
39649440	39649670
9909550	9909780
36590022	36590252
28104900	28105130
30605593	30605823
44752061	44752291
39752421	39752651
46181367	46181597
43619572	43619802
15625994	15626224
27080869	27081099
40279090	40279320
39721277	39721507
17103626	17103856
21354350	21354580
40394815	40395045
36598635	36598865
17041643	17041873
28222653	28222830
39723957	39724187
45899577	45899807
44360344	44360574
40169523	40169753
38610185	38610415
22376139	22376369
30547801	30548031
30560326	30560556
25448578	25448808
46289801	46290031
30477627	30477857
17452262	17452492
47608365	47608595
46863788	46864018
30154015	30154245
37957388	37957618
45011596	45011826
20144259	20144489
36626433	36626663
20324039	20324269
43786784	43787014
46974876	46975106
16596681	16596911
43084008	43084238
31316285	31316515
21413169	21413399
36143894	36144124
36218080	36218310
40183234	40183464
47300390	47300620
35955175	35955405
29175260	29175490
29587622	29587852
16665655	16665885
40282717	40282947
30604964	30605194
44860776	44861006
36091887	36092117
37607484	37607714
20880090	20880320
40203682	40203912
36260290	36260520
19537317	19537547
45059747	45059977
26056874	26057104
47238234	47238464
45132099	45132329
29894352	29894582
18909701	18909931
31806422	31806652
44859429	44859659
40145283	40145513
40458510	40458740
17446160	17446390
30554539	30554769
33997126	33997356
43854116	43854346
39543866	39544096
16253060	16253290
18167333	18167563
38302061	38302291
17496808	17497038
40285057	40285287
36419571	36419801
44760661	44760891
35856220	35856450
35174038	35174268
17960781	17961011
9584932	9585162
40525391	40525621
46738813	46739043
38372720	38372950
27543037	27543267
19098446	19098676
37560692	37560922
30748964	30749194
30662573	30662803
33829830	33830060
40225324	40225554
34060363	34060593
24503561	24503791
38156397	38156627
16570812	16571042
26656107	26656337
38738084	38738314
17923781	17924011
28188386	28188616
43493869	43494099
28432605	28432835
24272938	24273168
36260823	36261053
35055680	35055910
24766867	24767097
44494547	44494777
43236995	43237225
44792970	44793200
28647627	28647857
43938411	43938641
46367817	46368047
35899117	35899347
47573247	47573477
46127592	46127822
37574568	37574798
45132531	45132761
20205249	20205479
39675290	39675520
30733762	30733992
16235221	16235451
43052207	43052437
36457240	36457470
35839028	35839258
30243822	30244052
39511835	39512065
38219556	38219786
16614478	16614708
45399662	45399892
30708014	30708244
16946816	16947046
36284491	36284721
16236655	16236885
26946325	26946555
46290435	46290665
45249427	45249657
43960096	43960326
19901666	19901896
28292523	28292753
38128229	38128459
40393186	40393416
15906316	15906546
43050574	43050804
19741435	19741665
46518875	46519105
36180300	36180530
36425671	36425901
36218940	36219170
44597312	44597542
46347911	46348141
43518056	43518286
33893315	33893545
37843838	37844068
28339978	28340208
40170507	40170737
32105433	32105663
43591533	43591763
44527687	44527917
26722456	26722686
46729032	46729262
38233385	38233615
34852542	34852772
35016788	35017018
33888693	33888923
20938008	20938238
28734644	28734874
34720007	34720237
33732098	33732328
21815933	21816163
44930607	44930837
35135198	35135428
47705622	47705852
17301940	17302170
43729078	43729308
30397744	30397974
46806862	46807092
36848162	36848392
44866142	44866372
15352566	15352796
44921782	44922012
37305942	37306172
34752929	34753159
43783552	43783782
35756559	35756789
24825148	24825378
33836414	33836644
36179848	36180078
39512661	39512891
28477581	28477811
