10452883	10453160
40688263	40688545
24633913	24634145
21803042	21803283
13957237	13957476
13988039	13988280
14648721	14648973
95680538	95680791
38441889	38442188
18305484	18305727
5419514	5419769
37413126	37413369
32076877	32077108
35926602	35926857
10628045	10628303
14727527	14727766
148110559	148110820
133625265	133625522
30040690	30040949
24110201	24110424
15014034	15014276
55566428	55566701
17216273	17216571
90680733	90681002
39547709	39547949
31825684	31825929
95182756	95182986
81461806	81462022
5492556	5492787
52244403	52244640
16489426	16489650
55496923	55497238
125874909	125875142
145429037	145429284
90397665	90397920
13479014	13479279
16791234	16791453
41856838	41857065
43389820	43390139
95949805	95950074
32613239	32613474
94186037	94186252
24233110	24233329
42889500	42889719
32916823	32917061
39570595	39570809
15003617	15003846
138758076	138758294
40736474	40736678
34523315	34523550
95672144	95672382
42912374	42912603
173046015	173046250
33436071	33436274
7927970	7928191
32093370	32093614
176540959	176541192
39648935	39649157
44774456	44774681
142078735	142078965
111482699	111482915
149208048	149208270
175156874	175157134
154029833	154030041
147558898	147559110
10695238	10695478
1167846	1168063
59095967	59096196
147314696	147314899
159935870	159936094
39714279	39714489
4862731	4862949
56196752	56196968
39376436	39376666
73088634	73088849
41843670	41843894
52466666	52466885
28779375	28779581
142097190	142097406
149370397	149370627
167646863	167647062
38809955	38810212
143204720	143204973
112331821	112332038
17190672	17190879
147329375	147329583
136105841	136106074
150544423	150544628
135280752	135280965
34898439	34898679
72887026	72887228
36414979	36415211
148414914	148415135
127549044	127549276
64779638	64779859
34474695	34474903
57183780	57184013
126011883	126012096
38208970	38209182
142260144	142260349
39217966	39218191
66505076	66505299
138598389	138598611
27021194	27021398
38193274	38193501
136965336	136965532
26700959	26701167
65603583	65603791
6577092	6577305
125675006	125675198
125689692	125689920
24642218	24642432
18113908	18114128
179720538	179720771
36507517	36507726
153989944	153990164
38922285	38922499
71053841	71054059
122946879	122947088
38383023	38383229
57075302	57075528
146345691	146345903
159772400	159772638
18282135	18282350
33423221	33423431
148608660	148608879
51256756	51256968
107978086	107978318
173846614	173846856
172124567	172124791
32329541	32329758
143521928	143522145
148494317	148494538
147754374	147754587
31581697	31581906
28345005	28345242
50258787	50259049
4879906	4880111
80802873	80803083
149016456	149016647
135585456	135585674
103144270	103144477
140971686	140971885
13977055	13977272
163123381	163123596
173744353	173744546
137469216	137469413
76164014	76164227
87077047	87077259
36696248	36696459
54467962	54468167
133519942	133520146
132446986	132447208
38667193	38667410
56516854	56517050
51303152	51303368
96023643	96023846
5141863	5142071
148944388	148944592
162991418	162991627
153451948	153452167
83014118	83014339
40904910	40905116
57185573	57185782
96497738	96497936
141928370	141928630
33934898	33935090
129103631	129103860
141258809	141259012
143583404	143583626
68338743	68338948
54442474	54442678
56134349	56134560
31232466	31232676
135398308	135398542
137515985	137516184
33181094	33181304
78260804	78261011
158871583	158871790
102376860	102377070
108017093	108017302
35089877	35090082
28766755	28766938
137412872	137413067
26482960	26483182
173400252	173400458
149597775	149597987
31809239	31809440
102475068	102475257
1763824	1764026
71819887	71820090
26329767	26329971
126899965	126900166
23352638	23352871
34486377	34486576
166992683	166992880
167474413	167474637
96204680	96204889
28012721	28012935
44536863	44537059
149509590	149509818
23821091	23821286
145912913	145913116
110493911	110494112
76440445	76440673
57758546	57758755
53513783	53513988
158583865	158584062
53539405	53539610
103514866	103515087
102811408	102811623
65038459	65038667
56594121	56594330
118747801	118748030
75552184	75552375
42767705	42767890
73198481	73198699
18772670	18772877
139012956	139013165
39949087	39949292
145205329	145205516
125992195	125992392
14685885	14686076
17203545	17203730
32707601	32707801
6765892	6766107
149213892	149214102
32852784	32853002
176817583	176817778
173754377	173754617
141990731	141990926
1641746	1641991
162835538	162835734
137157931	137158127
94073673	94073861
25006927	25007122
149730138	149730370
14270412	14270606
89561157	89561367
94304312	94304509
153354045	153354236
107596370	107596563
98368262	98368468
145806798	145806990
163440181	163440377
73944675	73944892
130718137	130718349
102922956	102923150
76856597	76856799
36305894	36306107
90079605	90079815
148382666	148382859
38420846	38421041
102017205	102017419
112947792	112947978
75897397	75897597
81521462	81521670
32232640	32232859
140248392	140248585
121285602	121285801
163902422	163902630
123006753	123006959
67582233	67582437
142485829	142486050
153344673	153344882
174362954	174363173
148377823	148378015
149940582	149940778
44863000	44863184
111887223	111887425
68320088	68320289
114970474	114970670
121851922	121852132
150494942	150495147
9208032	9208206
142268144	142268338
36693305	36693514
135223141	135223366
162774678	162774868
90162213	90162405
81647719	81647921
55232035	55232235
17189593	17189806
18394405	18394607
33258306	33258502
91605327	91605497
148998336	148998562
172721033	172721254
88025505	88025706
6745819	6746015
158713535	158713737
163931256	163931452
147007732	147007927
36398359	36398555
54990094	54990286
93860649	93860850
171906026	171906268
127211267	127211499
18466302	18466485
95937506	95937719
131343598	131343813
58969346	58969550
43400289	43400479
177707049	177707250
95194493	95194719
150226730	150226948
130925320	130925510
130445763	130445951
133375313	133375521
28473731	28473920
148696849	148697037
179898053	179898251
52391864	52392041
148113247	148113450
118127811	118127985
41270613	41270805
68389550	68389770
133280031	133280229
147237200	147237415
146958063	146958259
61229919	61230128
45038590	45038779
141071727	141071923
64106977	64107141
131721174	131721362
172143886	172144100
180609032	180609231
96566850	96567028
94120915	94121091
56594840	56595034
168106548	168106737
173472501	173472731
171339240	171339427
177591251	177591450
43730070	43730256
143571691	143571879
95116823	95117042
90228031	90228221
172134286	172134500
151031669	151031858
74561562	74561761
16160939	16161125
102918167	102918360
99814889	99815085
1645085	1645278
138893215	138893407
147487255	147487460
140792424	140792607
35003555	35003745
54455615	54455810
29218328	29218519
151912298	151912481
1174590	1174785
158560247	158560424
178921136	178921324
10146084	10146271
36734652	36734839
107009404	107009629
57756644	57756846
71662288	71662498
141531536	141531719
93137066	93137254
56795327	56795516
107857651	107857840
317342	317553
174378270	174378468
78320903	78321097
132825391	132825592
21919648	21919828
43227808	43227994
58182546	58182765
21810936	21811096
159865461	159865657
60463370	60463552
28897177	28897348
143347694	143347890
59109593	59109791
77304278	77304467
142246667	142246846
137839531	137839718
86176702	86176911
148120928	148121103
156755511	156755706
147823582	147823760
172759099	172759274
156559106	156559293
30401701	30401872
94980108	94980306
6292208	6292400
134668323	134668503
171720562	171720771
121531586	121531789
60954428	60954619
52726549	52726762
77833737	77833919
114582178	114582357
114645556	114645744
43105858	43106060
172405842	172406022
78852092	78852276
119079765	119079948
123272997	123273159
136022022	136022231
159448933	159449122
150431314	150431501
138623990	138624177
53785304	53785480
56946208	56946399
10284196	10284399
71074592	71074775
56378357	56378542
180211613	180211802
162996398	162996566
99959532	99959715
176087892	176088076
23209105	23209307
76070456	76070664
63908294	63908456
118357739	118357923
72216638	72216812
78760636	78760799
136116345	136116523
140420851	140421050
58146222	58146396
38994534	38994713
44495495	44495667
64080328	64080514
170769456	170769639
14947047	14947214
11267493	11267656
130753059	130753227
89825947	89826137
54201891	54202073
55560343	55560527
32489906	32490068
115367922	115368117
112093384	112093568
146568477	146568661
86264410	86264564
141340385	141340557
112027479	112027653
115403840	115404001
153847326	153847527
63931024	63931192
114433890	114434092
102560397	102560565
168414673	168414850
149217340	149217530
128241329	128241489
121836567	121836747
36739862	36740023
72815605	72815799
115473596	115473777
147202372	147202543
142301807	142301980
44332566	44332754
90715504	90715681
137371766	137371958
154519268	154519467
50254801	50254985
131401166	131401348
98162965	98163147
169611151	169611338
133913559	133913738
135509836	135510008
5497371	5497554
72379044	72379201
139348423	139348631
145921918	145922105
86308989	86309150
51989238	51989411
67548585	67548763
24445557	24445739
77616403	77616579
173411339	173411532
15106009	15106198
58956679	58956853
80461416	80461597
153784820	153785029
140602785	140602960
56434018	56434196
16550555	16550713
121437484	121437659
60351351	60351516
153801525	153801697
135709725	135709907
167696452	167696650
59591332	59591514
923630	923813
10233687	10233888
59678694	59678882
14108737	14108905
135418221	135418394
7746335	7746506
20972552	20972748
10424337	10424513
66103661	66103836
90795867	90796040
36265627	36265801
133204931	133205129
140904415	140904610
62074880	62075054
169128926	169129090
13831463	13831623
131574052	131574222
111546213	111546397
142128251	142128449
94597142	94597310
122232797	122232979
176744973	176745148
74215416	74215575
51137261	51137427
167009399	167009564
112942316	112942502
67756085	67756258
59105877	59106072
1168356	1168537
134539345	134539504
40879604	40879762
149652198	149652370
36079377	36079538
41708311	41708471
39149130	39149296
158122633	158122818
81937304	81937465
176085114	176085306
83007934	83008087
59219403	59219583
143562945	143563117
111510810	111510982
137915063	137915236
79154055	79154221
142035342	142035538
150880362	150880549
118670761	118670933
55274090	55274263
54191666	54191852
107817155	107817320
68258819	68258972
35651381	35651562
108804584	108804758
149540774	149540988
79387628	79387808
100726131	100726300
180586387	180586571
141044658	141044836
94244695	94244855
149815721	149815893
14352304	14352472
139536780	139536980
43040519	43040664
50764223	50764399
39283519	39283687
78316945	78317120
73968875	73969052
179190259	179190412
169643374	169643533
114922325	114922478
96478460	96478619
102307505	102307667
171334836	171334994
54703023	54703174
128010644	128010806
32590389	32590536
39579115	39579268
89735613	89735779
21391700	21391858
139731403	139731571
94229593	94229760
156904051	156904208
33300140	33300309
12023861	12024018
169008725	169008869
141523580	141523747
81608273	81608423
149942562	149942706
33997591	33997765
121751288	121751460
110886345	110886539
158743885	158744050
56679123	56679285
49621186	49621339
188799	188966
54620756	54620914
96632873	96633043
36729170	36729314
139069715	139069885
50676564	50676728
170845784	170845979
151205036	151205198
145061294	145061459
38551645	38551791
131722341	131722514
39716685	39716858
40755200	40755366
112846637	112846805
176538933	176539125
111756054	111756247
10864032	10864184
425992	426151
168975424	168975583
101014406	101014573
101313554	101313720
63525123	63525274
156575977	156576149
137558573	137558755
98396137	98396315
132155914	132156086
158533894	158534075
53525105	53525286
66053174	66053319
140220650	140220794
66160451	66160633
76814283	76814433
53813348	53813517
82726323	82726476
139015349	139015508
79968071	79968242
43631547	43631700
89730037	89730208
118806657	118806821
74345749	74345909
23139818	23139974
151122477	151122638
131515960	131516102
7857099	7857257
29812139	29812279
131836971	131837121
134527151	134527309
7887308	7887470
141372027	141372189
63443789	63443938
57794301	57794457
154022122	154022296
137114791	137114933
135547948	135548122
5340531	5340677
66542008	66542160
146603879	146604033
129107148	129107311
23994773	23994915
75937446	75937612
176386206	176386351
78429562	78429735
42583500	42583640
59457292	59457429
50046978	50047130
53715574	53715736
51953132	51953285
133922549	133922689
131399200	131399375
31186889	31187037
144726679	144726838
86720770	86720919
44952491	44952630
94999958	95000106
114405179	114405321
156680592	156680772
671802	671967
98440368	98440520
98241689	98241828
17132752	17132903
107681394	107681523
172593403	172593546
42057444	42057603
431143	431325
13358157	13358292
139752589	139752742
172140128	172140291
149903415	149903560
57484268	57484405
59973675	59973822
142886928	142887123
1209129	1209300
134887640	134887790
136656254	136656390
52558309	52558472
110092966	110093088
10364548	10364673
7261215	7261361
136996144	136996300
132219042	132219192
148822209	148822371
39080807	39080940
149341726	149341883
148761554	148761717
148648633	148648791
141081808	141081968
11182943	11183086
58303412	58303545
169527461	169527631
174961151	174961339
154352173	154352335
23742929	23743068
167150398	167150566
135700112	135700268
134896601	134896770
25544861	25545025
98103920	98104072
87986881	87987042
4868379	4868508
131400516	131400667
148747163	148747311
106907805	106907972
79379451	79379601
39600055	39600198
140797080	140797252
135165895	135166047
157189094	157189246
150089837	150089974
62697410	62697555
137785780	137785934
14399305	14399424
32628154	32628300
179911542	179911730
134801917	134802066
33380047	33380187
137618953	137619109
159818214	159818351
176831483	176831651
113014743	113014906
139737316	139737479
16456466	16456588
18314408	18314544
32753914	32754057
169222348	169222504
150180741	150180886
102116299	102116465
28015015	28015161
59583111	59583272
54987751	54987883
29161849	29161979
148751033	148751190
81660431	81660579
168133688	168133848
72138791	72138943
43306179	43306318
98132152	98132288
172337960	172338118
82860061	82860192
150903033	150903178
140943892	140944014
44566073	44566217
147266730	147266874
101559647	101559789
33470798	33470937
95228604	95228730
6526177	6526311
150618916	150619062
66452912	66453059
80490990	80491126
10701739	10701855
99766113	99766264
61650000	61650158
134522670	134522813
86365916	86366074
37006187	37006304
16667034	16667183
59882257	59882399
38498172	38498306
71433743	71433903
126116049	126116196
132583671	132583824
51652277	51652402
66445865	66446010
180097672	180097809
119991676	119991803
76312114	76312246
6837753	6837893
142396470	142396615
111021794	111021919
91225198	91225321
54141109	54141228
153559778	153559926
50980727	50980857
65535008	65535137
154191543	154191693
16552952	16553075
140114068	140114201
126649665	126649806
39005813	39005950
25766859	25766990
93250930	93251043
61756436	61756557
24535921	24536043
52211337	52211486
176928087	176928224
94574780	94574924
122455062	122455197
119391701	119391832
108774605	108774741
170634433	170634563
59945246	59945350
125931043	125931166
52720583	52720730
79777252	79777382
150826995	150827123
56573047	56573187
121528722	121528867
146749427	146749558
94028869	94029002
42413	42539
31929448	31929589
127537146	127537294
170700433	170700560
122680628	122680768
173000175	173000339
150381899	150382035
139624158	139624329
137977656	137977782
148337276	148337396
31270626	31270753
140571813	140571956
97685514	97685659
36870670	36870806
127834684	127834821
72832769	72832889
149339182	149339330
436563	436683
42909096	42909206
66110368	66110509
92221787	92221923
140254809	140254920
140937522	140937665
54038540	54038697
171486752	171486900
140227824	140227966
51960653	51960791
169652972	169653102
162930285	162930356
147670299	147670410
131608567	131608683
127082588	127082711
180296108	180296234
131526030	131526157
169005127	169005251
71604348	71604486
15383709	15383824
101872165	101872291
57773706	57773840
85975397	85975529
27124843	27124959
43627238	43627358
51856330	51856452
150695688	150695805
151038610	151038737
153900628	153900776
71907082	71907190
179755766	179755903
176498956	176499077
153896178	153896301
141268977	141269102
58187664	58187767
141193746	141193887
30103321	30103413
96088303	96088422
75471017	75471127
127213991	127214118
52774273	52774426
149838506	149838634
36178213	36178333
44808727	44808957
140579055	140579180
180033065	180033188
140018784	140018921
45774810	45774930
18698752	18698869
32709961	32710094
148292370	148292503
13814551	13814688
114125571	114125697
61113689	61113801
136556265	136556376
53530500	53530624
134798049	134798168
60179174	60179275
153955545	153955611
28903917	28904015
172411437	172411552
29698032	29698149
139619570	139619725
102568239	102568354
92174094	92174226
92428113	92428232
149541316	149541424
140998743	140998853
179628382	179628518
92932885	92932972
93230586	93230674
43065092	43065178
173019199	173019317
77458233	77458349
77763734	77763827
122040072	122040188
143065121	143065242
149666511	149666628
58676388	58676499
151885135	151885261
16845215	16845333
127093329	127093451
112666378	112666508
90937720	90937808
170171612	170171732
142975234	142975394
75879402	75879511
58663732	58663859
64254747	64254874
54163301	54163426
121206328	121206455
145671171	145671285
143847464	143847580
140474027	140474257
141521172	141521297
140235359	140235493
17249540	17249608
93125015	93125130
14364321	14364427
175843613	175843690
91854150	91854270
169862115	169862268
122494071	122494192
173052819	173052947
59020463	59020552
137078868	137078972
24005627	24005729
146771537	146771656
121828511	121828615
912907	913137
171615804	171615891
137989313	137989409
157145619	157145735
112714794	112714914
139455096	139455219
163475699	163475778
1140583	1140641
98107356	98107467
42995141	42995212
166671799	166671872
159866253	159866374
134241446	134241539
148931397	148931499
176005466	176005581
145267664	145267779
134889633	134889749
22889974	22890086
177489144	177489253
148200515	148200626
75031141	75031263
79603487	79603630
147500748	147500859
80721443	80721545
118324222	118324323
109024404	109024511
135313261	135313327
140186537	140186638
172359511	172359641
128180180	128180282
38515853	38515973
45639296	45639411
138728360	138728478
32942647	32942755
161278859	161278945
6821096	6821162
173043028	173043154
141394828	141394907
29263048	29263144
78769	78889
177501749	177501862
118651466	118651582
447064	447147
133638643	133638764
56633999	56634229
67629905	67629993
79784266	79784359
167448039	167448169
158942977	158943095
118292588	118292687
177503236	177503395
17910536	17910617
154011543	154011634
45521321	45521421
139167155	139167270
115893528	115893644
109026853	109026973
134761859	134762089
65467282	65467376
140464138	140464239
136138203	136138309
145510094	145510324
103682952	103683057
58330370	58330459
17413509	17413567
167513422	167513652
2151586	2151655
40518597	40518827
174337360	174337462
172631381	172631485
80007910	80008016
65505423	65505542
130056205	130056313
112299715	112299945
121302983	121303213
141525031	141525126
107787095	107787206
140753361	140753474
55566070	55566184
149047232	149047335
106583893	106584006
83384876	83385106
52419695	52419781
131146767	131146866
21817937	21818028
80404365	80404423
86696278	86696355
137087632	137087862
15824466	15824696
145076940	145077024
157375909	157376011
177662181	177662287
138954795	138954855
76535107	76535179
111828166	111828239
37495422	37495509
96333131	96333203
142975917	142976147
113785689	113785808
25119916	25120020
68344135	68344257
170065874	170065937
38781197	38781306
55565515	55565617
176001208	176001273
54522379	54522486
15995702	15995803
36214682	36214789
130758905	130758995
81403161	81403391
90607575	90607805
16934308	16934375
117947185	117947275
54483201	54483431
151522486	151522716
142295526	142295626
120139143	120139204
56480417	56480475
159417694	159417779
10576659	10576734
112672659	112672889
53607715	53607945
94304932	94305162
68630687	68630793
95178963	95179080
21714	21944
133848044	133848123
61439590	61439667
33970082	33970171
132201994	132202224
58484377	58484492
121794094	121794205
173447521	173447606
149232704	149232803
157602094	157602159
133775079	133775309
132759650	132759743
130247923	130248041
39106462	39106692
27682819	27682893
55278824	55278921
36073818	36073921
58470199	58470306
79641945	79642175
81555070	81555300
35777798	35778028
140709879	140710109
154407745	154407803
157422056	157422172
139523931	139524025
149501852	149501939
129188517	129188747
96065029	96065090
108815030	108815260
89682009	89682239
43074073	43074173
122552142	122552251
144617520	144617750
149281895	149281985
178157794	178157902
166388188	166388276
90521998	90522228
131755493	131755564
180145849	180145921
5394585	5394815
162126446	162126676
151120325	151120403
169847897	169848127
90098612	90098842
137404521	137404751
120020068	120020140
174220767	174220997
41641899	41641961
149036233	149036463
179518261	179518491
72750363	72750593
150505775	150506005
137883817	137883886
43484393	43484623
159392701	159392795
139243822	139243904
122455973	122456203
88020173	88020252
43661398	43661462
32768295	32768525
174163160	174163220
142303852	142303951
166476240	166476307
147733275	147733505
78277219	78277449
16690498	16690575
141967115	141967177
140739482	140739571
68710778	68710860
23332894	23332976
76733162	76733265
35922683	35922913
38635284	38635514
148810685	148810915
72114843	72115073
92917134	92917364
138704380	138704610
79982673	79982903
131841890	131842120
176881452	176881682
52082858	52082927
81134516	81134591
176736702	176736932
145191882	145192112
173193441	173193671
114369710	114369804
75840313	75840381
161636066	161636296
74632636	74632699
92943588	92943818
132623348	132623444
146041866	146041924
121492542	121492644
6574879	6574963
171277721	171277793
118771237	118771467
141198507	141198576
52285804	52285871
78216565	78216653
162696824	162696882
90005236	90005466
131862563	131862721
171467235	171467465
338034	338120
140561793	140562023
142382705	142382935
32794386	32794460
62421699	62421929
64396989	64397219
115174781	115175011
151894450	151894680
89900444	89900511
140552048	140552278
107484419	107484649
74575216	74575446
175145962	175146038
157170545	157170775
101489086	101489316
96869876	96870106
53739188	53739418
31855412	31855642
151729297	151729527
97321877	97322107
140479967	140480031
149924357	149924587
101278088	101278177
17305158	17305388
145287833	145288063
32690341	32690571
141137140	141137241
127244971	127245029
174887124	174887354
13250877	13251107
105457763	105457993
53213072	53213302
171878274	171878504
16741114	16741344
36242133	36242363
159009024	159009254
73331460	73331555
152876464	152876554
140165649	140165709
21469982	21470056
145098605	145098835
54240166	54240396
52630960	52631190
24832247	24832477
81717116	81717346
173998769	173998999
134544523	134544753
110399574	110399644
119278923	119279153
133476232	133476462
75633823	75634053
56292238	56292305
59964592	59964822
140099924	140100004
23840286	23840516
28576232	28576462
67752625	67752855
140782277	140782340
138709394	138709624
903344	903441
72514447	72514677
23812875	23813105
37272703	37272933
11110341	11110571
63370438	63370668
140699779	140700009
106642430	106642505
121427755	121427985
178923052	178923129
125828610	125828840
135393874	135393935
89025917	89026147
63259014	63259244
74977157	74977387
10724915	10725145
92251765	92251995
110797130	110797360
32471940	32472170
171797729	171797959
14268436	14268666
77565027	77565257
74221197	74221427
154383995	154384225
156454135	156454365
71078818	71079048
132165679	132165909
133481598	133481828
131651575	131651805
156739502	156739732
54200251	54200481
171272923	171273153
72608359	72608589
141021549	141021779
60653671	60653901
58167557	58167787
112184006	112184236
177573068	177573298
10111725	10111955
66283934	66283992
31638939	31638998
36777302	36777532
78428926	78429156
168729573	168729803
126015314	126015544
24788990	24789220
41519978	41520208
161393645	161393875
159626552	159626614
29005489	29005719
106179655	106179726
130207269	130207499
134901942	134902172
173829290	173829520
8756695	8756925
93125540	93125609
65602296	65602526
38599138	38599368
54640296	54640526
112389301	112389531
132013023	132013253
145907874	145908104
125171333	125171563
71314070	71314300
115223815	115224045
100381483	100381713
159507873	159508103
157502329	157502559
83570790	83571020
145945388	145945618
126144408	126144638
148108820	148109050
176988324	176988554
101919375	101919605
77829265	77829495
1738007	1738237
148510030	148510260
122703528	122703758
105605028	105605258
57312289	57312519
63503891	63504121
24773396	24773626
53166915	53167145
68303673	68303903
82904036	82904266
138060992	138061222
129444950	129445180
14145254	14145484
134346822	134347052
19608632	19608862
17695127	17695357
125570337	125570567
30099937	30100167
38872406	38872636
32028231	32028461
133362325	133362555
172295562	172295792
16889774	16890004
83223023	83223253
173312712	173312942
175986816	175986886
55216654	55216884
990361	990591
122759081	122759311
148507668	148507898
34452366	34452596
77943906	77944136
57234072	57234302
91895590	91895820
95828414	95828644
10453791	10454021
131805352	131805582
179402258	179402488
77923134	77923364
146326812	146327042
126898020	126898250
13378337	13378567
71651640	71651870
167126571	167126801
58198671	58198901
147054807	147055037
177888200	177888430
80595416	80595646
167003190	167003420
58109153	58109383
20572717	20572947
73280954	73281184
10456700	10456930
159615786	159616016
158868457	158868687
56328065	56328295
71565066	71565296
172709015	172709245
4700354	4700584
135760626	135760856
138677326	138677556
32760320	32760550
156858889	156859119
74632129	74632359
170218422	170218652
170236627	170236857
167913267	167913497
175746869	175747099
72892574	72892804
177497004	177497234
140566552	140566782
148814079	148814309
88556167	88556397
173950575	173950805
154019872	154020102
102808611	102808841
179742728	179742958
94982224	94982454
172199036	172199266
11046353	11046583
27242034	27242264
13218715	13218945
72497824	72498054
119794021	119794251
10507768	10507998
118406354	118406584
58802193	58802423
179544196	179544426
40507295	40507525
134361110	134361340
58685960	58686190
71690623	71690853
77891053	77891283
72512263	72512493
60254990	60255220
145432408	145432638
174995054	174995284
140705637	140705867
17375633	17375863
34465494	34465724
55619433	55619663
14364786	14365016
116283666	116283896
173164144	173164374
100042611	100042841
155370899	155371129
17343893	17344123
39459182	39459412
39399666	39399896
157243784	157244014
13252139	13252369
61739645	61739875
50669810	50670040
176239893	176240123
17306325	17306415
172296334	172296564
55408383	55408613
172197626	172197856
10134032	10134262
56598155	56598385
6159789	6160019
14277893	14278123
177978177	177978407
114910370	114910428
36060735	36060965
40798821	40799051
170413679	170413909
141595454	141595684
34905750	34905980
147693822	147694052
142393642	142393872
43401987	43402217
140800448	140800678
149155433	149155663
136410942	136411172
150036114	150036344
131470154	131470384
134187108	134187338
139224042	139224272
34687001	34687231
77974207	77974437
139549071	139549301
173229732	173229962
179297633	179297863
41696161	41696391
115166907	115167137
169694926	169695156
10867125	10867355
66462039	66462269
140749623	140749853
90447828	90448058
139452883	139453113
78182518	78182748
164636202	164636432
77768376	77768606
173739039	173739269
140014642	140014872
79571282	79571512
108255720	108255950
172940667	172940897
173352546	173352776
134073926	134074156
11720068	11720298
110867494	110867724
95845819	95846049
171437366	171437596
72747172	72747402
17341042	17341272
41755038	41755268
36709185	36709415
76425337	76425567
40689647	40689877
18043526	18043756
21680432	21680662
88023611	88023841
173962823	173963053
40166519	40166749
180287677	180287907
52260074	52260304
37043858	37044088
40437727	40437957
1468459	1468689
35183366	35183596
113436949	113437179
95947752	95947982
14036331	14036561
140213651	140213881
167014867	167015097
112849160	112849390
128471382	128471612
157096000	157096230
175788647	175788877
40679177	40679407
42005722	42005952
91160805	91161035
1479754	1479984
37668758	37668988
58858916	58859146
176797841	176798071
90157737	90157967
134395293	134395523
74199302	74199532
172202550	172202780
17619579	17619809
71540830	71541060
173191482	173191712
126137727	126137957
173251274	173251504
113641360	113641590
109776810	109777040
38265728	38265958
60256539	60256769
103278366	103278596
127270726	127270956
139726319	139726549
142974914	142975037
170060083	170060313
13359531	13359761
148819535	148819765
92245293	92245523
171057144	171057374
16438196	16438426
102091715	102091945
36944800	36945030
1235569	1235799
1204900	1205130
50712051	50712281
58332245	58332475
17302332	17302562
139738533	139738763
166688810	166689040
31664783	31665013
56114321	56114551
167849545	167849775
102128511	102128741
37555102	37555332
66092803	66093033
56790508	56790738
102711053	102711283
135216032	135216262
40028857	40029087
132888692	132888922
96499038	96499268
170050639	170050869
139145343	139145573
91518337	91518567
53259884	53260114
60704442	60704672
124563097	124563327
56282486	56282716
23978212	23978442
92014367	92014597
173851536	173851766
178831358	178831588
111575764	111575994
150419847	150420077
76359944	76360174
150677685	150677915
56728789	56729019
29264019	29264249
136834971	136835201
142625683	142625913
40402134	40402364
39513475	39513705
109961181	109961411
1011297	1011527
81051250	81051480
157282499	157282729
136680504	136680734
143337096	143337326
171533934	171534164
93805633	93805863
133922961	133923191
67581784	67582014
125879904	125880134
13660284	13660514
24531091	24531321
43020151	43020381
139641094	139641324
74239809	74240039
159008480	159008710
15598504	15598734
72431388	72431618
14265738	14265968
148205255	148205485
6159045	6159275
94034004	94034234
58423515	58423745
57531209	57531439
53455055	53455285
103748665	103748895
114884921	114885151
81147711	81147941
133863335	133863565
121833926	121834156
140419832	140420062
132596490	132596720
35617781	35618011
157247750	157247980
31768973	31769203
67568222	67568452
44546431	44546661
111522153	111522383
43105469	43105699
32831891	32832121
134075174	134075404
627036	627266
134905917	134906147
7816432	7816662
177034508	177034738
36657739	36657969
140419246	140419476
141142482	141142712
142597111	142597341
151150979	151151209
176074031	176074261
10601632	10601862
16234804	16235034
111574244	111574474
114702080	114702310
145360371	145360601
163076615	163076845
170911508	170911738
125720728	125720958
15008684	15008914
43432666	43432896
52721923	52722153
116790459	116790689
21648650	21648880
135973849	135974079
17694555	17694785
40367439	40367669
19315053	19315283
10479282	10479512
172571333	172571563
35229422	35229652
90541775	90542005
125465203	125465433
1245183	1245413
133315637	133315867
6480313	6480543
172366172	172366402
29025555	29025785
41524344	41524574
150428189	150428419
125835722	125835952
17118847	17119077
150473018	150473248
169407737	169407967
71576598	71576828
148067069	148067299
59110286	59110516
37249040	37249270
92956330	92956560
41638073	41638303
141529038	141529268
11619812	11620042
148645221	148645451
95671651	95671881
142092696	142092926
68379370	68379600
139726777	139727007
123991703	123991933
171447186	171447416
42656850	42657080
147391366	147391596
33148421	33148651
53550409	53550639
52218326	52218556
111702762	111702992
146956576	146956806
70743224	70743317
50643623	50643853
65732664	65732894
38854280	38854510
13477524	13477754
166982866	166983096
147482911	147483141
37775073	37775303
135352735	135352965
145974754	145974984
1601807	1602037
159670225	159670455
6408730	6408960
31237326	31237556
10302061	10302291
14190541	14190771
171429387	171429617
74062259	74062489
12292813	12293043
32193728	32193958
95170685	95170915
31844838	31845068
143059388	143059618
81044416	81044646
95941825	95942055
158768929	158769159
38832009	38832239
148618155	148618385
134240259	134240489
167696982	167697212
39713710	39713940
167541496	167541726
43010845	43011075
106716934	106717164
138473424	138473654
43008685	43008915
29721164	29721394
152528008	152528238
140940517	140940747
111093011	111093241
64372259	64372489
162279231	162279461
52714666	52714896
29001846	29002076
95197694	95197924
35925063	35925293
172729556	172729786
52647253	52647483
128508336	128508566
157345018	157345248
170031050	170031280
172260751	172260981
149939977	149940207
1772893	1773123
177711144	177711374
65470252	65470482
72989426	72989656
10566329	10566559
53386590	53386820
179554097	179554327
29208240	29208470
156251858	156252088
173959561	173959791
108710388	108710618
95884621	95884851
169407374	169407604
138897567	138897797
52410886	52411116
59109922	59110152
15009574	15009804
23303641	23303871
95770065	95770295
95296948	95297178
142887989	142888219
142623470	142623700
17896780	17897010
172571902	172572132
154061985	154062215
131926917	131927147
134540074	134540304
172882167	172882397
175662220	175662450
59041235	59041465
36876006	36876236
160971347	160971577
176046326	176046556
132946683	132946913
95908602	95908832
53362356	53362586
141742433	141742663
60573075	60573305
102810455	102810685
33995148	33995378
2208133	2208363
97790654	97790884
148644345	148644575
53389054	53389284
13567088	13567318
43609945	43610175
54842913	54843143
142488714	142488944
55737325	55737555
148520930	148521160
62523061	62523291
139788473	139788703
33313410	33313640
173281515	173281745
173771515	173771745
76788273	76788503
39517987	39518217
170579505	170579735
17883154	17883384
14326474	14326704
93737387	93737617
149455391	149455621
126828700	126828930
56110637	56110867
166808563	166808793
16916682	16916912
170764031	170764261
1010297	1010527
27472285	27472515
10306980	10307210
36493158	36493388
7755189	7755419
173947600	173947830
138350510	138350740
14090445	14090675
178266415	178266645
90514975	90515205
146938509	146938739
90099326	90099556
39073452	39073682
6370833	6371063
167899391	167899621
24266791	24267021
131746646	131746876
70897055	70897285
15183692	15183922
150699039	150699269
140593311	140593541
52239209	52239439
149381307	149381537
36418336	36418566
126173707	126173937
9898528	9898758
90279021	90279251
78496494	78496724
77657053	77657283
109179944	109180174
59088896	59089126
42950793	42951023
140734433	140734663
178220243	178220473
133890189	133890419
172274937	172275167
24750543	24750773
131725406	131725636
13350949	13351179
6632640	6632870
37533101	37533331
32224164	32224394
133917412	133917642
77974941	77975171
111865300	111865530
42993351	42993581
123287365	123287595
163187658	163187888
70955188	70955418
36688907	36689137
16539380	16539610
158667559	158667789
35345322	35345552
147763201	147763431
66157310	66157540
19795399	19795629
11494541	11494771
134793225	134793455
133787651	133787881
15794309	15794539
100926176	100926406
90610222	90610452
131700110	131700340
114750841	114751071
165057296	165057526
58631431	58631661
65107768	65107998
56662643	56662873
17481823	17482053
64884633	64884863
40716160	40716390
135400341	135400571
654554	654784
177502993	177503102
80809925	80810155
178594158	178594388
1511857	1512087
10551562	10551792
55643053	55643283
32390724	32390954
143769755	143769985
35436599	35436829
31196517	31196747
43973537	43973767
132757182	132757412
167751897	167752127
16813179	16813409
60224921	60225151
125312827	125313057
95197131	95197361
77995800	77996030
38808378	38808608
38751283	38751513
101426554	101426784
55471385	55471615
55507394	55507624
93590098	93590328
106759628	106759858
142628787	142629017
33338888	33339118
94417208	94417438
153898980	153899210
145355242	145355472
171285392	171285622
43437250	43437480
172141765	172141995
1171550	1171780
73939177	73939407
141191134	141191364
91887843	91888073
78551858	78552088
21152880	21153110
173180401	173180631
24368323	24368553
167728878	167729108
71880512	71880742
14143036	14143266
14157173	14157403
52658507	52658737
133372937	133373167
145421023	145421253
168074200	168074430
142781563	142781793
154526867	154527097
77162997	77163227
172199476	172199706
39519727	39519957
87976292	87976522
65056805	65057035
173285651	173285881
34958281	34958511
38608361	38608591
136915811	136916041
179757768	179757998
133437770	133438000
88852125	88852355
39314761	39314991
39425271	39425501
133090338	133090568
27652696	27652926
33401698	33401928
28408394	28408624
36502777	36503007
159414440	159414670
149590943	149591173
156243089	156243319
76382419	76382649
149555181	149555411
74011802	74012032
128178018	128178248
44935434	44935664
139742834	139743064
8340951	8341181
95987747	95987977
40552406	40552636
149425155	149425385
137115	137345
142886482	142886712
123155630	123155860
13358534	13358764
154248301	154248531
38739525	38739755
149877211	149877441
179263760	179263990
408026	408256
172204546	172204776
67542716	67542946
24905323	24905553
173141713	173141943
168175385	168175615
163340633	163340863
156898823	156899053
74385025	74385255
168692950	168693180
159260166	159260396
58422546	58422776
77930523	77930753
42992195	42992425
78195731	78195961
60435011	60435241
10689996	10690226
141586421	141586651
26009946	26010176
176830782	176831012
132050496	132050726
14106001	14106231
174891721	174891951
135342488	135342718
164100381	164100611
172192515	172192745
167722608	167722838
106697757	106697987
72251659	72251889
153747612	153747842
55419872	55420102
61064597	61064827
55818845	55819075
148358685	148358915
45797116	45797346
141256688	141256918
122707358	122707588
173311771	173312001
64509822	64510052
21574698	21574928
140772037	140772267
95048171	95048401
106719162	106719392
154134492	154134722
26894750	26894980
40756033	40756263
57754629	57754859
35858033	35858263
176915010	176915240
148292747	148292977
179868614	179868844
51125156	51125386
43387080	43387310
138207287	138207517
173008719	173008949
10914019	10914249
36664950	36665180
172205240	172205470
158878306	158878536
132089375	132089605
119935346	119935576
10521643	10521873
140207380	140207610
55368290	55368520
32806150	32806380
73612213	73612443
101786035	101786265
74391304	74391534
55293692	55293922
10060173	10060403
90576201	90576431
127169748	127169978
43043285	43043515
82089726	82089956
172329969	172330199
39224363	39224593
166722457	166722687
39761040	39761270
168373427	168373657
148531427	148531657
7392612	7392842
27815162	27815392
43042596	43042826
40017388	40017618
96382083	96382313
28301780	28302010
55646396	55646626
173266352	173266582
52023573	52023803
60597628	60597858
29147103	29147333
10556384	10556614
50788875	50789105
60658861	60659091
109832081	109832311
78831722	78831952
91144361	91144591
59388610	59388840
95403794	95404024
64776451	64776681
9156451	9156681
105454630	105454860
131619198	131619428
167741795	167742025
154325313	154325543
132090765	132090995
118591801	118592031
108085270	108085500
8184632	8184862
172228227	172228457
118914722	118914952
68041389	68041619
148985551	148985781
74332988	74333218
41347740	41347970
13278351	13278581
36423113	36423343
148381689	148381919
111564449	111564679
179771164	179771394
10249537	10249767
38550045	38550275
10504322	10504552
142783210	142783440
93494967	93495197
33370290	33370520
60600389	60600619
131654497	131654727
77934338	77934568
102728835	102729065
106805308	106805538
72854871	72855101
35815734	35815964
114709841	114710071
101897933	101898163
95034027	95034257
107428919	107429149
172710878	172711108
154996425	154996655
148364008	148364238
135209609	135209839
31913615	31913845
132990618	132990848
44740854	44741084
11334581	11334811
16585478	16585708
156361944	156362174
133897511	133897741
95295674	95295904
173782297	173782527
136646155	136646385
112388744	112388974
135955704	135955934
93646630	93646860
90432192	90432422
59127598	59127828
52596437	52596667
166644158	166644388
32201330	32201560
86282737	86282967
102005986	102006216
25006417	25006647
59082412	59082642
57555640	57555870
133747545	133747775
5293222	5293452
72792880	72793110
72448596	72448826
148530105	148530335
55829956	55830186
89481245	89481475
135394313	135394543
96761302	96761532
81150415	81150645
22242711	22242941
171550262	171550492
121412394	121412624
57487369	57487599
114711702	114711932
27316501	27316731
27932143	27932373
40962388	40962618
157298567	157298797
83551210	83551440
39102473	39102703
70771691	70771921
41925179	41925409
148533627	148533857
93234793	93235023
73937901	73938131
142875416	142875646
136941157	136941387
98086451	98086681
79155596	79155826
66456887	66457117
28810904	28811134
111674380	111674610
52549273	52549503
81692740	81692970
6159327	6159557
171889277	171889507
118638633	118638863
34008333	34008563
14809854	14810084
150764340	150764570
172332132	172332362
122881291	122881521
172922386	172922616
130606597	130606827
21665716	21665946
133839120	133839350
113141939	113142169
174008561	174008791
121304939	121305169
4563572	4563802
67845106	67845336
6437140	6437370
49616066	49616296
88039386	88039616
21559330	21559560
93769167	93769397
108083389	108083619
24645693	24645923
140356640	140356870
10595984	10596214
171708059	171708289
167744801	167745031
14665364	14665594
173209145	173209375
118323758	118323988
131723254	131723484
114877422	114877652
56152700	56152930
5169654	5169884
71530107	71530337
35774174	35774404
14156765	14156995
153903366	153903596
76081451	76081681
95009679	95009909
6759570	6759800
79070461	79070691
138125442	138125672
74230767	74230997
125210511	125210741
132795909	132796139
173930807	173931037
71445637	71445867
9361956	9362186
173286746	173286976
140718179	140718409
52315179	52315409
140535220	140535450
5336030	5336260
92643383	92643613
137978814	137979044
21685758	21685988
14957592	14957822
32060026	32060256
65794638	65794868
169253673	169253903
77277724	77277954
17691950	17692180
981104	981334
161752375	161752605
37738321	37738551
71634918	71635148
141205795	141206025
90592513	90592743
14908387	14908617
38601986	38602216
83746919	83747149
142735364	142735594
40053008	40053238
54604318	54604548
1129842	1130072
40678208	40678438
17679968	17680198
32951482	32951712
149209620	149209850
93245135	93245365
145081043	145081273
74616821	74617051
38464353	38464583
43110955	43111185
36417427	36417657
138110090	138110320
146111530	146111760
44515713	44515943
10802477	10802707
53625962	53626192
27315670	27315900
29261389	29261619
44685646	44685876
131800003	131800233
95925770	95926000
71218383	71218613
95720072	95720302
24732423	24732653
171033508	171033738
36459707	36459937
131617617	131617847
55921454	55921684
28374582	28374812
36690838	36691068
39692167	39692397
95992881	95993111
150667842	150668072
98505042	98505272
35877057	35877287
42636631	42636861
147686071	147686301
14958425	14958655
64777606	64777836
13537099	13537329
154347113	154347343
142784191	142784421
60705482	60705712
177028673	177028903
134441974	134442204
123964810	123965040
32045123	32045353
145059805	145060035
135065264	135065494
113694113	113694343
140262211	140262441
123001571	123001801
149318592	149318822
134471630	134471860
148941468	148941698
95510909	95511139
94573122	94573352
92398340	92398570
153988482	153988712
145009474	145009704
77518035	77518265
14264716	14264946
23506976	23507206
176923132	176923362
16815629	16815859
131762551	131762781
133583203	133583433
22735132	22735362
140501213	140501443
72666456	72666686
38468401	38468631
92023846	92024076
173221028	173221258
7464423	7464653
61636310	61636540
57631412	57631642
60764901	60765131
14945169	14945399
50522277	50522507
131635703	131635933
106695611	106695841
54929425	54929655
51971099	51971329
35030632	35030862
153466885	153467115
36363283	36363513
45417476	45417706
60746826	60747056
23631412	23631642
23466551	23466781
89902464	89902694
6766785	6767015
44807416	44807646
23446670	23446900
5271362	5271592
179556521	179556751
6501936	6502166
167863846	167864076
129000123	129000353
90675753	90675983
179759285	179759515
135991262	135991492
163372442	163372672
2254619	2254849
10229856	10230086
149317235	149317465
137746793	137747023
70959520	70959750
131512746	131512976
110478695	110478925
59086304	59086534
35919406	35919636
43470143	43470373
174182197	174182427
14871953	14872183
32175050	32175280
58644092	58644322
144910943	144911173
106802020	106802250
102594052	102594282
6202840	6203070
140383840	140384070
95999031	95999261
40447122	40447352
140221269	140221499
72929073	72929303
93807314	93807544
5345658	5345888
14208849	14209079
60609888	60610118
141212669	141212899
16894619	16894849
107991844	107992074
153987949	153988179
120609850	120610080
145407415	145407645
76102001	76102231
172358266	172358496
38807663	38807893
55419370	55419600
10353095	10353325
168005929	168006159
123036410	123036640
148345438	148345668
26666578	26666808
6141675	6141905
92527888	92528118
142299	142529
133801508	133801738
28314091	28314321
18052089	18052319
173798696	173798926
41835804	41836034
124242498	124242728
55933276	55933506
54281615	54281845
150427466	150427696
159890827	159891057
72591366	72591596
125808043	125808273
143866871	143867101
150143098	150143328
37900861	37901091
91313719	91313949
106878700	106878930
119940705	119940935
132576316	132576546
154032394	154032624
78315063	78315293
39986838	39987068
111496333	111496563
171710490	171710720
59095303	59095533
33050059	33050289
142413524	142413754
137799803	137800033
153963208	153963438
163121843	163122073
171788604	171788834
68660308	68660538
149849287	149849517
411326	411556
108137561	108137791
138161031	138161261
150438864	150439094
153712602	153712832
35771369	35771599
29239826	29240056
135368323	135368553
68855829	68856059
29197863	29198093
74532638	74532868
76110086	76110316
36608243	36608473
31988546	31988776
180611231	180611461
176883436	176883666
55711310	55711540
111708300	111708530
74452504	74452734
5272018	5272248
133859926	133860156
58936333	58936563
57111957	57112187
173249515	173249745
169338931	169339161
82181897	82182127
55823127	55823357
52614222	52614452
669282	669512
138872282	138872512
111625248	111625478
179413398	179413628
10440596	10440826
76441624	76441854
133513315	133513545
174265349	174265579
57137550	57137780
159585189	159585419
140092169	140092399
101890521	101890751
68319013	68319243
1134764	1134994
65221492	65221722
143357556	143357786
151940179	151940409
37723622	37723852
111016422	111016652
178639961	178640191
14011690	14011920
80718544	80718774
80597339	80597569
170832615	170832845
39780572	39780802
148606829	148607059
31913988	31914218
180515347	180515577
67730061	67730291
38466569	38466799
141093550	141093780
95965589	95965819
55820999	55821229
58865845	58866075
140819036	140819266
71674535	71674765
73352663	73352893
50700125	50700355
167005333	167005563
68813569	68813799
56988956	56989186
138363680	138363910
77788091	77788321
1107889	1108119
134355104	134355334
124661889	124662119
33321262	33321492
55354169	55354399
102097995	102098225
81083693	81083923
95595024	95595254
133841923	133842153
102959927	102960157
166721901	166722131
15286852	15287082
35658058	35658288
55953299	55953529
17860846	17861076
25713437	25713667
149401760	149401990
6419551	6419781
133580977	133581207
124299321	124299551
96039398	96039628
72063514	72063744
92952298	92952528
176272388	176272618
67715541	67715771
28313704	28313934
151651063	151651293
17838721	17838951
1015028	1015258
129235241	129235471
56468217	56468447
95158541	95158771
33148099	33148329
17304484	17304714
161750520	161750750
142793053	142793283
149127097	149127327
133155965	133156195
74407636	74407866
104278516	104278746
37758369	37758599
150032828	150033058
78095524	78095754
171703325	171703555
94027776	94028006
95743979	95744209
11062500	11062730
52319816	52320046
133861678	133861908
35202528	35202758
32443576	32443806
104842495	104842725
140983964	140984194
41346776	41347006
29240580	29240810
6518430	6518660
134656069	134656299
168019158	168019388
38024005	38024235
27328646	27328876
168097421	168097651
127372763	127372993
97174011	97174241
25490328	25490558
89457337	89457567
21616390	21616620
114879583	114879813
70751941	70752171
52095190	52095420
123997169	123997399
153773988	153774218
180470333	180470563
17218882	17219112
76132051	76132281
111568522	111568752
145386880	145387110
23680404	23680634
173192282	173192512
114713300	114713530
134476547	134476777
15191216	15191446
53959803	53960033
172390332	172390562
54897077	54897307
32057645	32057875
133903614	133903844
89717056	89717286
95744336	95744566
36690482	36690712
142936804	142937034
39775641	39775871
60746035	60746265
38600480	38600710
1292391	1292621
148828933	148829163
31487694	31487924
111674815	111675045
122243025	122243255
108682931	108683161
142201701	142201931
10310637	10310867
167752338	167752568
39077117	39077347
142780113	142780343
60712392	60712622
172198256	172198486
92486089	92486319
17378793	17379023
140652559	140652789
33800746	33800976
40382226	40382456
162998872	162999102
172158355	172158585
34598284	34598514
138088069	138088299
15791468	15791698
58395135	58395365
143711953	143712183
39440356	39440586
44538955	44539185
81153300	81153530
56329004	56329234
73197354	73197584
131750854	131751084
63643244	63643474
60859295	60859525
15463343	15463573
143587498	143587728
92695052	92695282
130601171	130601401
134208564	134208794
50291195	50291425
59139466	59139696
141339601	141339831
128462433	128462663
106211562	106211792
112379337	112379567
138861312	138861542
95294691	95294921
131630900	131631130
149295258	149295488
132925042	132925272
44638750	44638980
138727443	138727673
77836675	77836905
53287860	53288090
81180766	81180996
33595512	33595742
172878123	172878353
163341932	163342162
143009473	143009703
142304276	142304506
136135696	136135926
177624020	177624250
137641558	137641788
61502088	61502318
148290288	148290518
41338469	41338699
147836949	147837179
95414905	95415135
88578595	88578825
68817019	68817249
136065655	136065885
142784672	142784902
919645	919875
43015551	43015781
92587951	92588181
139682860	139683090
11048960	11049190
129477489	129477719
27707011	27707241
26803157	26803387
177505180	177505410
35644709	35644939
142576524	142576754
133153751	133153981
59492292	59492522
17181100	17181330
56391313	56391543
1542874	1543104
161523553	161523783
33343823	33344053
156769891	156770121
158689874	158690104
153841175	153841405
108260107	108260337
141554452	141554682
149319724	149319954
10140618	10140848
125721892	125722122
59170622	59170852
7805567	7805797
39101042	39101272
1003521	1003751
167170766	167170996
175274598	175274828
95429926	95430156
67616070	67616300
8247680	8247910
156736149	156736379
16680023	16680253
43427764	43427994
147399924	147400154
133709985	133710215
174884490	174884720
58187029	58187259
93013103	93013333
168544009	168544239
7897217	7897447
143301186	143301416
67639292	67639522
102456648	102456878
17218356	17218586
138604297	138604527
55891258	55891488
14628562	14628792
167718608	167718838
169095894	169096124
172199805	172200035
126182128	126182358
57389914	57390144
154071817	154072047
149145561	149145791
145282758	145282988
90515667	90515897
107008398	107008628
161751491	161751721
147382072	147382302
112258007	112258237
27787499	27787729
176216978	176217208
158645721	158645951
135923488	135923718
142641986	142642216
13985831	13986061
138517849	138518079
162020946	162021176
142096598	142096828
16509183	16509413
135389376	135389606
141977711	141977941
116926723	116926953
17890665	17890895
