49343288	49343592
74282576	74282820
109613973	109614189
102409862	102410077
27559512	27559749
42242389	42242606
114992267	114992490
73414082	73414313
77477770	77477978
113597105	113597331
45621543	45621753
109797993	109798209
103233007	103233213
27521160	27521376
103377286	103377500
95841689	95841901
44479665	44479877
110761308	110761524
50243950	50244165
96056608	96056821
91519621	91519833
95014724	95014939
101797282	101797475
80115659	80115851
67798419	67798655
49169853	49170076
74328945	74329135
98507849	98508063
71142787	71142985
111064637	111064849
76270036	76270263
75832397	75832579
109549393	109549583
42684786	42684967
80350020	80350224
100308463	100308659
33802786	33802989
96486516	96486719
91669670	91669868
101167162	101167368
35731378	35731576
111245922	111246115
34298038	34298245
21069364	21069553
49875376	49875581
79552621	79552818
50181276	50181469
98011791	98011979
97670378	97670558
99495226	99495414
77047763	77047958
108974666	108974850
66212784	66212999
100568848	100569050
95269734	95269917
61005342	61005531
38214719	38214912
92033734	92033926
52371931	52372129
100887596	100887781
103568454	103568632
27933423	27933616
20737602	20737796
50550889	50551089
100094643	100094816
80253508	80253699
51644259	51644458
45855250	45855469
113689372	113689580
85470372	85470556
103208388	103208588
53824520	53824728
76450623	76450813
102167160	102167347
76248647	76248815
62894375	62894554
69501649	69501847
111471856	111472077
48348338	48348552
36552758	36552949
110443766	110443946
79998293	79998458
89719223	89719417
28558483	28558674
102594503	102594677
86380792	86380976
76261407	76261600
30687169	30687355
97762261	97762466
24794340	24794543
67066730	67066912
65046156	65046336
78711894	78712067
21517768	21517965
21063424	21063612
96672479	96672651
113098369	113098564
111596736	111596942
45057938	45058107
111108318	111108534
43458070	43458254
97996879	97997067
45544104	45544282
42227001	42227179
32484139	32484322
112126894	112127071
96276300	96276481
114520015	114520203
45883638	45883832
99325349	99325565
47405837	47406013
26148699	26148885
96033024	96033203
103499970	103500160
109567582	109567769
26758954	26759118
90348008	90348181
99828914	99829099
82504231	82504410
43169223	43169388
75793938	75794134
110874663	110874863
27272922	27273088
33886375	33886531
46381763	46381940
27936203	27936378
97865104	97865281
87926562	87926738
36857091	36857247
85418718	85418884
45968215	45968367
74861135	74861319
81553300	81553466
74409398	74409562
103109774	103109949
22053189	22053336
43706494	43706700
91520660	91520823
109261837	109262003
48701126	48701311
78139906	78140072
35738567	35738720
78326102	78326255
60480654	60480822
42790359	42790522
97683433	97683589
102438326	102438496
87522748	87522903
43234632	43234789
107863456	107863623
27948884	27949047
30082383	30082534
24627678	24627849
90577427	90577605
100552700	100552883
99305740	99305915
30046603	30046761
22199630	22199785
70111739	70111890
29370880	29371063
34651368	34651525
39104755	39104900
110790120	110790288
95087974	95088135
68878547	68878703
52701977	52702134
67812531	67812690
95948922	95949101
96130869	96131029
45453688	45453843
80938151	80938293
29943356	29943518
70884952	70885109
51723212	51723385
99922005	99922144
91786581	91786717
36920920	36921074
49154449	49154590
109547673	109547827
51486262	51486420
103478433	103478577
107188862	107189049
66230982	66231129
88332650	88332828
99918229	99918382
96146463	96146612
102794094	102794235
31998355	31998531
31377100	31377287
51700008	51700162
71535102	71535250
92839770	92839917
46895855	46896025
32316353	32316496
47548169	47548320
108807952	108808094
27858386	27858537
21066923	21067056
44624720	44624862
115105356	115105510
46734733	46734869
99686197	99686338
96313356	96313509
34505704	34505834
92027513	92027659
21499041	21499196
40643447	40643601
36994626	36994766
51860634	51860788
95272658	95272808
111702716	111702880
20756506	20756671
78695733	78695867
81591804	81591943
62528360	62528521
30345438	30345563
30282164	30282306
37683338	37683483
91837658	91837796
103841175	103841312
61023157	61023302
69898365	69898497
30706795	30706942
49855320	49855474
91620877	91621037
47067196	47067351
34116880	34117026
86660159	86660283
99097702	99097858
72830167	72830313
88321748	88321879
39625408	39625539
54356643	54356790
43877256	43877402
52389355	52389495
67649495	67649620
95844115	95844250
78353733	78353851
70431465	70431609
44378721	44378836
31618667	31618794
28898469	28898611
45012236	45012389
45045206	45045336
113260831	113260955
28400810	28400970
82446794	82446922
81745303	81745440
52009273	52009400
114027410	114027541
97681086	97681212
62932386	62932519
47295398	47295521
86373546	86373667
113528946	113529082
70153623	70153743
114216873	114216992
73802797	73802930
42479864	42479994
40517023	40517172
51106170	51106289
111720253	111720383
101780241	101780364
76334434	76334570
44448757	44448891
47971917	47972055
73991298	73991388
41985835	41985973
53383609	53383714
36849437	36849562
25569479	25569594
92598862	92598957
27980560	27980687
76123471	76123579
24803092	24803212
102127198	102127304
52470525	52470677
27070837	27070987
67192986	67193101
101225448	101225519
105224096	105224229
74296430	74296550
76279178	76279308
50422210	50422352
31810489	31810614
114780641	114780781
103244373	103244489
33213789	33213906
103556160	103556265
32593875	32593999
43659726	43659841
91900168	91900296
78067136	78067251
71894725	71894839
70509315	70509408
29210968	29211094
52575421	52575532
37049710	37049855
91697811	91697916
41649335	41649466
75946701	75946815
113929776	113929895
73140156	73140244
86390685	86390797
97469735	97469830
96189076	96189191
67263878	67263988
60909811	60909933
27778177	27778284
103523061	103523130
20161926	20162047
78052658	78052756
31125469	31125588
27546426	27546552
31439612	31439721
53542376	53542461
53024843	53024978
22212535	22212635
112112998	112113088
68012759	68012855
62588564	62588653
20771607	20771726
31147273	31147362
46700856	46700948
20501399	20501500
62961926	62962030
38177045	38177158
27504517	27504628
38992083	38992182
24445889	24445997
73753959	73754020
81635489	81635610
76374803	76374903
111875869	111875955
76444568	76444635
107776635	107776746
29937276	29937356
50223543	50223638
21402814	21402899
77576854	77576920
40186311	40186403
52406673	52406776
24594651	24594711
114607527	114607600
73270914	73270974
62694052	62694111
44362299	44362405
39156408	39156509
58201876	58201968
41351711	41351796
104535555	104535674
27281922	27282152
86545008	86545091
111561000	111561097
50744724	50744810
26637128	26637210
52775615	52775718
31035945	31036028
47125698	47125928
103223587	103223675
60345561	60345653
111335699	111335760
44482620	44482850
47338358	47338426
42908364	42908457
95327220	95327450
41796444	41796674
21685041	21685128
25688461	25688532
92434390	92434503
67263257	67263487
50365484	50365589
32884311	32884541
108994850	108994948
63086429	63086529
23893892	23893979
25302196	25302426
92374634	92374864
61201310	61201540
111567621	111567699
76056551	76056781
80205518	80205580
30689219	30689288
23594517	23594577
24473830	24473917
59965845	59966075
39338077	39338171
40190309	40190539
33224956	33225186
102849643	102849873
36295143	36295373
110899919	110900149
38620036	38620094
46064309	46064539
52019124	52019354
115046036	115046266
36363638	36363698
76140933	76141163
28107394	28107484
97610614	97610844
58199167	58199226
31155761	31155991
100089187	100089417
98501653	98501883
51375542	51375772
48908751	48908981
33485716	33485946
32738890	32739120
85491550	85491631
109160760	109160829
95808640	95808707
41628436	41628666
40250519	40250749
30733032	30733117
37649016	37649081
49323910	49324140
20193206	20193285
49357550	49357780
28572125	28572355
40340028	40340258
32820604	32820834
73217628	73217858
100180891	100181121
72453451	72453681
44622522	44622752
22051195	22051425
41927232	41927462
50226917	50227147
21754938	21755168
108880071	108880301
32005939	32006008
60254642	60254872
91965456	91965530
50011130	50011360
90086970	90087200
23331753	23331983
39719152	39719382
101374251	101374481
71187522	71187752
101753975	101754205
70098674	70098904
78815537	78815767
39489640	39489870
37555372	37555602
53183610	53183711
112183960	112184190
73790619	73790849
98227253	98227483
38343304	38343534
99492446	99492676
96632808	96633038
80604715	80604945
97619753	97619983
32371382	32371612
111227889	111228119
30829916	30830146
107857722	107857952
46085786	46086016
48373120	48373350
109983365	109983595
45547200	45547430
74118381	74118611
52165309	52165539
34374433	34374663
61984903	61985133
85149077	85149307
87116539	87116769
65020595	65020825
32399370	32399600
28130303	28130533
33155406	33155636
20558921	20559151
23981106	23981336
49673488	49673718
37432426	37432656
69384877	69385107
30498383	30498613
28345028	28345258
44806288	44806518
60800731	60800961
110651540	110651770
43543807	43544037
20534351	20534581
28633462	28633692
60252413	60252643
107272351	107272581
98311926	98312156
103136772	103137002
99137105	99137335
36969505	36969735
93620260	93620490
45252423	45252653
41959353	41959583
102307347	102307577
68808479	68808709
60903796	60904026
74341933	74342163
71197496	71197726
73768500	73768730
52645042	52645272
114048353	114048583
111686159	111686389
46863219	46863449
25949934	25950164
44717381	44717611
41257175	41257405
48172514	48172744
101950953	101951183
78706029	78706259
78891244	78891474
68310752	68310982
61228623	61228853
39837175	39837405
82561363	82561593
27744869	27745099
109609947	109610177
42270662	42270892
63699084	63699314
64728724	64728954
101808358	101808588
47994257	47994487
74003950	74004180
103792704	103792934
95068789	95069019
74039766	74039996
44765642	44765872
33160406	33160636
27056800	27057030
96356846	96357076
50659199	50659429
109568089	109568319
27913524	27913754
109807855	109808085
52306004	52306234
37310316	37310546
25611433	25611663
72795544	72795774
73909401	73909631
21871196	21871426
40258762	40258992
39591016	39591246
24040945	24041175
43052735	43052965
110368261	110368491
110132377	110132607
31253979	31254209
111453509	111453739
96793366	96793596
98452620	98452850
59892532	59892762
73635674	73635904
29253839	29254069
46197708	46197938
65104092	65104322
113683875	113684105
47479445	47479675
23370294	23370524
52098508	52098738
43544975	43545205
86402309	86402539
83421767	83421997
87776388	87776618
76591008	76591238
36392772	36393002
83914328	83914558
95313022	95313252
64210479	64210709
93769147	93769377
36527861	36528091
110747037	110747267
20463034	20463264
73790100	73790330
80123141	80123371
82898572	82898802
73632669	73632899
52355472	52355702
80547646	80547876
82930849	82931079
50402725	50402955
44733867	44734097
25245571	25245801
31250890	31251120
25268321	25268551
28055988	28056218
44817509	44817739
91097476	91097706
92244401	92244631
85835971	85836201
82061371	82061601
73911719	73911949
44846858	44847088
43411177	43411407
71793188	71793418
36204892	36205122
21708011	21708241
41388393	41388623
101802406	101802636
73664654	73664884
88652135	88652365
99083425	99083655
102229435	102229665
70139665	70139895
28414242	28414472
80510827	80511057
25571576	25571806
47700625	47700855
24495593	24495823
110658697	110658927
66541135	66541365
63622871	63623101
36536052	36536282
93549158	93549388
111333251	111333481
73823386	73823616
34062058	34062288
32575483	32575713
92058988	92059218
94922890	94923120
101045063	101045293
37643229	37643459
33017298	33017528
98462481	98462711
25659389	25659619
44358086	44358316
73707746	73707976
50443739	50443969
56091511	56091741
27954202	27954432
27617311	27617541
58898384	58898614
85222249	85222479
23375595	23375825
101195147	101195377
45491753	45491983
112332523	112332753
105426127	105426357
110133457	110133687
44005455	44005685
39544842	39545072
92316442	92316672
113585824	113586054
100310983	100311213
98018475	98018705
68194218	68194448
52097365	52097595
67231368	67231598
83332252	83332482
45222622	45222852
111868636	111868866
92796102	92796332
46038715	46038945
102593805	102594035
44938842	44939072
43294631	43294861
101000274	101000504
50253484	50253714
45492483	45492713
30499706	30499936
40726380	40726610
102301844	102302074
53239549	53239779
111366432	111366662
30830945	30831175
48612108	48612338
35252354	35252584
20664577	20664807
70672893	70673123
69880991	69881221
113900486	113900716
66774781	66775011
69126125	69126355
74268918	74269148
113841560	113841790
102741566	102741796
33243263	33243493
86439186	86439416
114750501	114750731
97907210	97907440
114445085	114445315
82214202	82214432
111214459	111214689
113164390	113164620
50068813	50069043
51695079	51695309
48162893	48163123
80563422	80563652
26687064	26687294
43541923	43542153
33700433	33700663
111690442	111690672
25180066	25180296
97912270	97912500
25807162	25807392
87911783	87912013
103378872	103379102
50571514	50571744
46303014	46303244
92827748	92827978
32487663	32487893
41770830	41771060
73995454	73995684
73763599	73763829
30288052	30288282
21286801	21287031
44845286	44845516
27757204	27757434
28528074	28528304
92111811	92112041
40357272	40357502
102102804	102103034
29290843	29291073
109909430	109909660
73942781	73943011
30790315	30790545
96216457	96216687
44842187	44842417
111096731	111096961
97793933	97794163
76290931	76291161
45392646	45392876
77911368	77911598
30419676	30419906
92726981	92727211
21443784	21444014
40351654	40351884
74423489	74423719
34618786	34619016
106095422	106095652
80913332	80913562
109989185	109989415
103422152	103422382
110767075	110767305
96881674	96881904
97908697	97908927
62259815	62260045
48975143	48975373
32521312	32521542
110891690	110891920
82649995	82650225
109984309	109984539
73630319	73630549
110456257	110456487
105854832	105855062
74614423	74614653
79630914	79631144
49549615	49549845
47468292	47468522
65297980	65298210
110669855	110670085
67209686	67209916
61047813	61048043
39848171	39848401
110437020	110437250
31586862	31587092
80917099	80917329
92291696	92291926
93369086	93369316
73908653	73908883
44372118	44372348
82054845	82055075
43570825	43571055
40976585	40976815
44811550	44811780
73383114	73383344
24887680	24887910
44875215	44875445
113366104	113366334
49392673	49392903
40720292	40720522
88323315	88323545
113271354	113271584
114035418	114035648
44560956	44561186
108872437	108872667
44880609	44880839
93007541	93007771
102108289	102108519
100266854	100267084
50433696	50433926
20541871	20542101
73847963	73848193
114830742	114830972
107188144	107188374
80614846	80615076
35036980	35037210
98486569	98486799
45541864	45542094
88462863	88463093
112081477	112081707
99853707	99853937
109924614	109924844
24085219	24085449
79820761	79820991
111659988	111660218
40352049	40352279
48033724	48033954
31317653	31317883
102142002	102142232
48669224	48669454
32842068	32842298
73712868	73713098
44981561	44981791
68407797	68408027
34449073	34449303
114917173	114917403
110399927	110400157
97616089	97616319
66092408	66092638
44885196	44885426
98756300	98756530
68631270	68631500
73614664	73614894
74622082	74622312
100695279	100695509
52810446	52810676
92335964	92336194
44008018	44008248
109806842	109807072
48273920	48274150
33854078	33854308
28239570	28239800
67797202	67797432
113738080	113738310
108829130	108829360
112157546	112157776
24450487	24450717
110790890	110791120
26707022	26707252
91156772	91157002
73987162	73987392
40490167	40490397
71538340	71538570
86453211	86453441
49672393	49672623
27949939	27950169
48652343	48652573
97778278	97778508
50819266	50819496
96004714	96004944
83314118	83314348
28357319	28357549
82115000	82115230
28286638	28286868
29327724	29327954
29103069	29103299
111068067	111068297
52486319	52486549
25841929	25842159
35437872	35438102
94844888	94845118
27202918	27203148
44884021	44884251
45389874	45390104
40690338	40690568
110036061	110036291
76077585	76077815
48073561	48073791
97475207	97475437
91073021	91073251
96182539	96182769
77396907	77397137
34965278	34965508
60970957	60971187
78081079	78081309
98685641	98685871
45393471	45393701
30909317	30909547
48282733	48282963
50395598	50395828
110521357	110521587
51380013	51380243
44887403	44887633
78167239	78167469
48253205	48253435
90166999	90167229
31748254	31748484
100269708	100269938
80237105	80237335
73912625	73912855
49995659	49995889
49412759	49412989
72553889	72554119
80411893	80412123
110742241	110742471
80065939	80066169
33859926	33860156
71815139	71815369
52578752	52578982
52218168	52218398
53763379	53763609
53772227	53772457
111577610	111577840
98563872	98564102
52419300	52419530
91247032	91247262
44888009	44888239
99848787	99849017
99136601	99136831
43632506	43632736
96038179	96038409
52218802	52219032
73720946	73721176
31773947	31774177
45288340	45288570
97874389	97874619
48169090	48169320
114829550	114829780
99250363	99250593
32112292	32112522
67289007	67289237
91017478	91017708
27855651	27855881
84518084	84518314
28443365	28443595
96728306	96728536
40980854	40981084
86748838	86749068
97774862	97775092
102403891	102404121
100158119	100158349
34118068	34118298
73222904	73223134
80350796	80351026
109864037	109864267
39215772	39216002
44935083	44935313
44715894	44716124
31019946	31020176
42615951	42616181
38182993	38183223
71297942	71298172
68382405	68382635
73899929	73900159
107796858	107797088
52108633	52108863
48253605	48253835
37712437	37712667
43979646	43979876
67693714	67693944
33113048	33113278
76346054	76346284
30480062	30480292
24534761	24534991
33837268	33837498
42401970	42402200
76362768	76362998
114105275	114105505
99134814	99135044
79263195	79263425
48048973	48049203
37027765	37027995
114065211	114065441
30475884	30476114
20994148	20994378
78384662	78384892
49390948	49391178
113709756	113709986
73995759	73995989
52217280	52217510
75990025	75990255
43843403	43843633
79331349	79331579
107185432	107185662
37002359	37002589
39446907	39447137
34185319	34185549
110357747	110357977
100230944	100231174
111423184	111423414
32699561	32699791
91960634	91960864
91810300	91810530
98401557	98401787
29253032	29253262
110357196	110357426
76279588	76279818
92469557	92469787
41015479	41015709
48049760	48049990
34015231	34015461
22010028	22010258
85219966	85220196
73774199	73774429
34184645	34184875
73836094	73836324
50199626	50199856
92031980	92032210
72051931	72052161
113241731	113241961
110262952	110263182
65393297	65393527
33398959	33399189
111357198	111357428
39440818	39441048
108025917	108026147
47578221	47578451
73799037	73799267
42613774	42614004
67695425	67695655
100632537	100632767
100039796	100040026
67234162	67234392
26084019	26084249
91067526	91067756
76054854	76055084
34995539	34995769
42033087	42033317
110585785	110586015
75458044	75458274
110435799	110436029
44379359	44379589
30276996	30277226
102231622	102231852
112756634	112756864
38797306	38797536
66784867	66785097
68864964	68865194
100252612	100252842
43769761	43769991
