41283142	41283405
148787996	148788239
89436859	89437087
129349046	129349326
103930356	103930564
89945295	89945510
84561121	84561338
125183450	125183654
75600965	75601172
40721119	40721333
15957947	15958168
110327572	110327774
89133194	89133400
119903031	119903241
38063731	38063926
114315973	114316170
126234687	126234890
186518824	186519022
122821647	122821838
95327928	95328128
170407371	170407580
87843611	87843840
24421121	24421326
139792268	139792471
88191403	88191608
75000029	75000246
48965125	48965348
15884333	15884528
110926721	110926904
69241764	69241959
94685865	94686066
2221833	2222037
57167727	57167920
167087090	167087278
15480681	15480874
75397635	75397866
139951878	139952073
109756058	109756245
174178982	174179167
123835548	123835751
148511498	148511705
87816983	87817182
11722009	11722202
139602236	139602443
142228402	142228608
104021007	104021190
110920039	110920229
186959380	186959590
54774886	54775107
177298974	177299161
15807335	15807516
103541870	103542092
89580592	89580785
137785822	137786009
89739910	89740104
91340363	91340548
7989187	7989396
138957001	138957207
168998265	168998453
2188163	2188354
138045548	138045733
163418824	163419014
139840358	139840550
141772274	141772471
91278383	91278565
138741107	138741311
184761491	184761682
129375500	129375714
152283937	152284153
74528512	74528699
140020632	140020823
86669113	86669313
39471038	39471317
183994811	183994999
108834529	108834732
115307888	115308074
90148214	90148411
90407291	90407474
75177521	75177696
148082157	148082349
176481868	176482039
75596388	75596588
185459253	185459462
75548338	75548534
166052494	166052696
143048156	143048342
71425047	71425216
48318153	48318336
129112549	129112742
38181351	38181574
40151585	40151798
91236339	91236523
55084033	55084242
38677234	38677436
173123710	173123907
150920726	150920912
130283942	130284128
104012889	104013059
70746968	70747164
16027893	16028085
139497973	139498174
37803777	37804003
112952982	112953144
68193064	68193245
38904439	38904609
147940312	147940507
100326746	100326932
100384113	100384309
48580492	48580675
74789143	74789333
112858610	112858794
140933885	140934068
171059861	171060044
95517144	95517320
153767957	153768144
141782624	141782808
71467257	71467438
4490224	4490406
142267423	142267608
154495589	154495774
148440090	148440270
79873127	79873314
167013145	167013343
90355637	90355812
42570759	42570933
16003099	16003293
77101087	77101268
125033108	125033293
153422086	153422259
12634790	12634966
79785676	79785852
166386043	166386226
183859369	183859548
3347903	3348088
119890542	119890717
76988905	76989085
164469720	164469899
176458087	176458273
1124461	1124631
57702889	57703071
69041363	69041550
169104982	169105149
139859554	139859732
154239976	154240134
182449819	182450007
139011714	139011904
165653082	165653263
151219121	151219307
48548439	48548610
174338246	174338452
120971125	120971304
7072566	7072756
146531071	146531246
123498078	123498256
110343645	110343832
76498702	76498897
144404023	144404198
147837731	147837910
84565944	84566117
177262205	177262388
188527761	188527949
175553418	175553585
41663571	41663754
103371028	103371209
112563344	112563513
8178647	8178831
84203283	84203458
78306644	78306810
69364240	69364414
13550629	13550815
164933885	164934069
102651760	102651951
36189462	36189626
150292278	150292447
90080157	90080329
169631593	169631775
88906862	88907018
41260953	41261122
166414568	166414750
17449408	17449586
154064188	154064366
151164113	151164293
121077392	121077557
185667023	185667201
55100490	55100666
184183122	184183294
57666421	57666597
171180899	171181064
78880839	78880998
41694994	41695169
47935928	47936090
53100739	53100901
88976167	88976349
128653891	128654053
56187960	56188125
122113686	122113866
5814773	5814944
94712851	94713025
88387007	88387175
122657983	122658154
129486857	129487032
88954573	88954753
141805691	141805865
30717801	30717962
88072048	88072208
21790977	21791149
151788328	151788480
8404979	8405161
38321559	38321740
81991029	81991187
163090241	163090404
96087184	96087379
154354324	154354492
7083850	7084022
38761275	38761455
75186282	75186464
103341819	103341983
27863034	27863205
82388649	82388815
85892591	85892754
77432336	77432512
113156262	113156431
110725426	110725585
150817713	150817870
90823074	90823257
184171129	184171292
75242720	75242900
55189101	55189264
166264986	166265165
125255324	125255494
41890245	41890400
100729522	100729685
122647926	122648087
83189819	83190006
169946020	169946186
27012077	27012235
18595278	18595429
79533677	79533852
133563476	133563636
74519437	74519627
119693354	119693503
104707319	104707465
41214714	41214888
104125407	104125559
70555348	70555506
95225643	95225808
13658214	13658400
154004693	154004861
76769486	76769665
96046177	96046334
113020942	113021088
185185409	185185592
47385944	47386113
6252550	6252715
103184300	103184461
18691068	18691227
77669951	77670137
89140288	89140469
101342649	101342817
20249812	20249978
169844974	169845127
115580649	115580820
103352618	103352779
54063467	54063630
39593017	39593177
25989858	25990032
47124801	47124957
123679224	123679399
49034552	49034735
112775760	112775928
112864980	112865137
190825674	190825829
6722099	6722268
41695752	41695916
143274392	143274563
5792082	5792245
22390975	22391132
42521940	42522091
74207203	74207367
150819047	150819203
20546410	20546562
115616048	115616211
75236686	75236837
40327522	40327686
12854012	12854176
26721681	26721833
120707233	120707383
88296976	88297132
14751673	14751830
39978139	39978311
124694096	124694266
92034396	92034554
154497426	154497578
120992466	120992618
78354637	78354796
17550825	17550985
7805860	7806016
120235647	120235797
189294123	189294344
146155364	146155522
77352038	77352216
72579440	72579591
170969045	170969185
111132532	111132683
186055688	186055849
134075921	134076074
114873718	114873889
7297777	7297927
140555025	140555188
58309038	58309200
37604725	37604897
104855469	104855601
175240439	175240582
130448095	130448253
157966792	157966954
182064529	182064670
78124856	78125017
140524835	140524995
166458289	166458443
159546146	159546315
74439533	74439703
101014664	101014812
54796295	54796437
34722303	34722457
154049152	154049321
123523812	123523976
160096780	160096948
27686234	27686398
90403544	90403692
3039128	3039289
36401486	36401651
119145501	119145662
155473367	155473523
4996935	4997122
176955774	176955923
119191713	119191855
40739050	40739192
37805124	37805257
108658244	108658408
119202208	119202359
21770099	21770248
16266566	16266703
115305903	115306060
8919829	8919971
95542786	95542918
122229039	122229210
152038638	152038794
19488185	19488341
148629440	148629562
82272904	82273077
175635659	175635823
186942820	186942989
145095658	145095804
174427122	174427290
183846591	183846737
166785502	166785662
173946339	173946487
107187470	107187611
150185434	150185581
85425105	85425265
178261037	178261171
3108471	3108600
83976224	83976381
160367737	160367886
15459297	15459442
48089254	48089394
142297104	142297263
110971215	110971372
42867728	42867873
65405079	65405233
78161767	78161922
169506785	169506953
139416163	139416323
190714261	190714441
83383651	83383797
170731608	170731757
76917058	76917193
111507502	111507655
148018299	148018434
65647588	65647723
150931799	150931937
177968628	177968767
126204982	126205120
57904269	57904457
134067920	134068077
8596276	8596410
87419854	87419989
31372607	31372753
186017309	186017441
47706865	47706996
184183676	184183845
138654413	138654573
166277234	166277395
42284129	42284288
167942815	167942991
10583835	10583981
25443277	25443426
37391727	37391860
79565988	79566142
75800097	75800245
88774309	88774437
109493795	109493926
78522144	78522284
90579199	90579333
187218290	187218418
119811368	119811496
107290740	107290895
10556380	10556529
128508241	128508370
58029838	58030003
140572863	140573013
119963225	119963363
84692387	84692528
88760605	88760755
96016628	96016770
84181827	84181959
68784267	68784423
153656612	153656727
160124252	160124389
140150741	140150877
177071566	177071709
154671492	154671627
116011801	116011926
86068754	86068906
40910816	40910957
187058722	187058845
157396572	157396711
71370974	71371101
77299256	77299403
146137819	146137961
9764818	9764972
71517949	71518077
170534394	170534542
48129902	48130055
38730617	38730751
129141564	129141680
115701479	115701612
142079518	142079646
44929501	44929649
107730377	107730528
175286295	175286432
4262022	4262164
114468799	114468915
100806342	100806495
6329099	6329243
160408473	160408630
38732817	38733002
86965279	86965414
40311340	40311464
53881915	53882047
173751513	173751652
73885279	73885418
87417387	87417530
131484818	131484981
99388810	99388955
108104435	108104572
140105396	140105516
110348803	110348933
105781817	105781943
15164443	15164601
88894851	88894999
88157073	88157192
32776812	32776944
26412451	26412583
125243530	125243647
81973749	81973879
88465103	88465235
141531293	141531419
186562103	186562241
16291660	16291762
53411735	53411891
113249153	113249275
35936147	35936279
127525554	127525680
43134136	43134262
139443711	139443837
184393512	184393631
160868277	160868414
77008453	77008589
141281356	141281516
113525879	113526006
86005668	86005793
38070924	38071060
103953787	103953909
124486041	124486159
38171356	38171449
106392853	106392986
128526614	128526737
140089090	140089217
81136725	81136843
22692469	22692599
73161807	73161931
31047523	31047601
102090512	102090633
94120843	94121002
48143152	48143261
158900026	158900159
78539935	78540056
177297299	177297431
77426142	77426260
88770264	88770408
122173524	122173639
123638132	123638258
129730757	129730912
170414190	170414317
26460944	26461081
58293098	58293219
67554515	67554648
7705537	7705649
86890248	86890381
79438316	79438457
55837670	55837807
162173832	162173964
120480353	120480482
75055145	75055221
111432249	111432368
150902163	150902257
68737738	68737861
70482938	70483043
167515621	167515746
42997485	42997611
155480677	155480771
40978398	40978524
110219912	110220045
157889759	157889880
106062185	106062323
153561595	153561696
20686905	20687035
121640252	121640356
175077524	175077645
114992282	114992419
20420608	20420726
115299604	115299727
124024177	124024314
126663139	126663261
143768538	143768648
108939871	108939995
128322018	128322155
39697433	39697549
36352855	36352971
75094583	75094682
25769630	25769759
122017912	122018049
78230130	78230261
155728329	155728434
56733266	56733389
154564686	154564798
40929786	40929911
44631448	44631563
15731684	15731798
173934752	173934869
185085072	185085200
164476172	164476268
596559	596674
175685404	175685535
53848869	53848997
169075115	169075254
100482441	100482559
33650835	33650897
81282611	81282739
31694142	31694277
52697428	52697564
10159521	10159651
24430644	24430738
155543931	155544047
46846484	46846609
20251118	20251243
73568068	73568184
158913345	158913457
122577452	122577562
153381752	153381859
169843068	169843189
156708380	156708497
164600484	164600606
1811759	1811878
83643101	83643213
175143583	175143678
68414996	68415098
8470605	8470713
74122981	74123107
85671581	85671670
141247671	141247743
88600724	88600842
53849860	53849957
152525544	152525659
156731072	156731160
147163237	147163296
143761827	143761947
61066904	61067017
6875784	6875915
24106967	24107079
71410120	71410184
129703616	129703714
112981503	112981617
132013224	132013322
109604745	109604866
56602940	56603039
69137638	69137763
83123304	83123430
65873729	65873791
25441694	25441807
99977331	99977423
173069021	173069107
15807931	15808060
98908323	98908415
112552018	112552098
104836512	104836622
17474082	17474182
185926505	185926618
88769872	88769984
170487598	170487706
42373627	42373720
47671009	47671088
79963379	79963456
23137550	23137619
74595435	74595524
7803977	7804086
181586097	181586190
25368786	25368880
154154013	154154104
185172127	185172239
4337099	4337208
78016654	78016734
23001199	23001283
92038160	92038260
107122666	107122778
85499869	85499954
30720532	30720633
8412445	8412543
176813183	176813268
84412187	84412295
101663262	101663492
159778176	159778269
33161842	33162072
146538212	146538274
6976270	6976366
163959426	163959506
185089685	185089786
186104932	186105021
76837298	76837401
169838700	169838791
190123590	190123669
38037023	38037104
159093783	159093888
120207681	120207777
185203650	185203737
73887528	73887622
141516243	141516325
27050087	27050200
159651290	159651362
83995334	83995412
107423371	107423474
113859758	113859874
107819920	107820035
171011362	171011462
85450395	85450625
23859096	23859205
124582459	124582537
8244037	8244147
122383972	122384068
154707082	154707200
153375705	153375793
87443673	87443771
1912519	1912603
36416022	36416112
28226810	28226887
143641450	143641557
17638548	17638625
1345750	1345863
37454681	37454783
147263893	147263980
174153252	174153334
140661782	140661844
1901103	1901188
111553155	111553243
187641280	187641340
88274819	88274903
140419074	140419173
6000185	6000297
81283872	81283965
24981881	24981973
190045435	190045541
165701034	165701121
168949867	168949939
84283782	84283893
134241880	134241971
164477509	164477567
56311130	56311235
34424262	34424344
153329835	153329896
236092	236322
125632709	125632767
38784542	38784772
111437647	111437705
81287232	81287290
126166111	126166341
187508737	187508804
110899237	110899302
164113320	164113406
114015995	114016225
82327084	82327209
157090210	157090298
185961083	185961141
148015439	148015669
45455423	45455500
23369781	23370011
74730238	74730296
114199561	114199791
160685643	160685744
20775174	20775272
48111809	48111916
152533871	152533955
124581113	124581187
159181275	159181377
187647075	187647305
96077460	96077548
87819862	87819960
184760526	184760756
15651642	15651872
24198120	24198203
45552930	45553016
178476201	178476431
736538	736634
110748035	110748117
71135478	71135708
90519900	90519978
181749748	181749835
99916432	99916512
168211992	168212075
90871070	90871134
3049244	3049314
6345630	6345860
133149093	133149157
87144770	87145000
79875386	79875465
40926672	40926742
185905357	185905415
108679222	108679293
7337561	7337791
117101354	117101452
44762232	44762462
30716197	30716297
1630924	1631154
112996465	112996553
21514060	21514290
76649180	76649410
155539995	155540084
155700584	155700814
129081348	129081420
128400258	128400488
56420792	56420850
128460113	128460185
52892312	52892380
22899221	22899451
86717921	86718047
129964844	129964950
7930910	7931140
83773494	83773724
75402433	75402491
163566609	163566839
164406042	164406272
47707736	47707795
47566460	47566690
130265201	130265431
90508099	90508329
73192585	73192666
72049980	72050210
24475142	24475372
84430315	84430441
154555986	154556216
22964182	22964253
103220864	103221094
15240501	15240565
20424152	20424382
39412267	39412325
21792159	21792389
1728146	1728204
152722815	152723045
119786453	119786513
6266047	6266125
153291107	153291337
141559086	141559316
140576283	140576513
10405447	10405677
23682830	23683060
103544994	103545070
46331273	46331353
8194543	8194606
153306824	153307054
89377876	89378106
39660453	39660683
74312210	74312274
135827664	135827894
148905223	148905453
7194095	7194325
7464222	7464452
129784709	129784939
16918436	16918666
89290559	89290621
24990400	24990630
70689231	70689292
84174031	84174261
65024522	65024752
78915686	78915916
182490761	182490991
30382105	30382335
140149074	140149132
141281077	141281159
144006510	144006740
72598501	72598731
1750441	1750671
159174593	159174823
177711129	177711359
111430075	111430305
187394098	187394328
13908873	13909103
48292480	48292710
125992190	125992262
145676042	145676272
6875119	6875349
24490388	24490618
74174028	74174258
116041184	116041414
113554656	113554886
29972308	29972538
47004711	47004941
39183668	39183898
158049649	158049879
88014775	88015005
140503179	140503409
108587386	108587616
164471514	164471744
177198781	177199011
164253957	164254187
83723144	83723374
165918584	165918814
91214562	91214792
12731111	12731341
27178170	27178237
3882384	3882614
101828670	101828900
123499060	123499290
122291966	122292196
150471139	150471369
184328283	184328513
170232870	170233100
128046129	128046359
77965760	77965990
154128895	154128964
152197975	152198205
187867924	187867994
151130623	151130853
114280031	114280261
23457192	23457422
182860364	182860594
131729736	131729966
58030237	58030467
80497646	80497876
135698869	135699099
130562403	130562633
97273494	97273724
78619526	78619756
135391758	135391988
106442060	106442290
156325115	156325345
8268987	8269217
123852092	123852322
81961291	81961521
177484903	177484970
171510827	171511057
8887615	8887845
148032208	148032438
22412334	22412564
54670986	54671216
140216863	140217093
108981373	108981603
21471148	21471378
145708587	145708817
169926929	169927159
37795259	37795489
144695226	144695456
159499713	159499943
108440275	108440505
38073641	38073871
19226539	19226769
37385316	37385546
26326879	26327109
109704905	109705135
151881322	151881552
11635988	11636218
11430522	11430752
47688377	47688607
153269881	153270111
174092408	174092492
77532326	77532398
3445228	3445458
126672325	126672555
70762342	70762572
71049446	71049676
48908760	48908990
238415	238474
120977464	120977694
113135940	113136170
19311008	19311238
35153652	35153882
37568455	37568685
114216140	114216370
175041726	175041956
111236713	111236943
103531260	103531490
95178066	95178296
26062956	26063186
168543925	168544155
25146575	25146805
147262025	147262255
169435495	169435725
140202458	140202688
174341547	174341777
41959760	41959990
163969689	163969919
77200686	77200916
27704741	27704971
186989246	186989476
141548221	141548451
138148147	138148377
25182209	25182439
100039358	100039588
152967020	152967250
47090853	47091083
2765890	2766120
55827626	55827856
103266635	103266865
187648117	187648347
40552940	40553170
100919206	100919436
188915088	188915318
74177259	74177489
121898803	121899033
183727568	183727798
16200820	16201050
100870170	100870400
158138968	158139198
174240056	174240286
81911145	81911375
96431379	96431609
23719268	23719498
20430130	20430360
48277355	48277585
53242377	53242607
67953714	67953944
164465626	164465856
144508948	144509178
46934080	46934310
130061762	130061992
78279558	78279788
38186073	38186303
76816967	76817197
1695203	1695433
17599234	17599464
177113129	177113359
174911331	174911561
157598441	157598671
144320581	144320811
113683964	113684194
7721374	7721604
106636910	106637140
167174027	167174257
165669596	165669826
48683919	48684149
152682277	152682507
134158952	134159182
83281779	83282009
93308684	93308914
134945489	134945719
112204286	112204516
48005662	48005892
174222823	174223053
65483644	65483874
135856550	135856780
172767489	172767719
148517579	148517809
171418393	171418623
113243020	113243250
90085703	90085933
171774646	171774876
74459445	74459675
142578803	142579033
3482299	3482529
144296886	144297116
171119979	171120209
113686844	113687074
40982419	40982649
37529817	37530047
11767584	11767814
31676020	31676250
668029	668259
159176935	159177165
147016331	147016561
116155649	116155879
189892371	189892601
120008349	120008579
95652981	95653211
129301084	129301314
128522262	128522492
46273095	46273325
85180458	85180688
15233219	15233449
46650222	46650452
90175990	90176220
6676494	6676724
5826470	5826700
147504094	147504324
1731536	1731766
38858397	38858627
124312078	124312308
77679523	77679753
38622746	38622976
56814834	56815064
93220366	93220596
118055573	118055803
77968274	77968504
57410755	57410985
131280796	131281026
62366721	62366951
26331901	26332131
29082951	29083181
99861054	99861284
158093248	158093478
98642309	98642539
81243987	81244217
104986213	104986443
82765905	82766135
134404875	134405105
175795167	175795397
26083620	26083850
6333858	6334088
12726222	12726452
142782220	142782450
23336024	23336254
27668648	27668878
166018035	166018265
21767484	21767714
17818741	17818971
99014074	99014304
111440111	111440341
149952637	149952867
32119388	32119618
6765372	6765602
104399991	104400221
56178759	56178989
102109123	102109353
95312033	95312263
7772163	7772393
169916765	169916995
156874309	156874539
77578714	77578944
104917239	104917469
84882808	84883038
13655790	13656020
76394064	76394294
103967912	103968142
145982553	145982783
40302048	40302278
167245580	167245810
5052231	5052461
104555488	104555718
111436146	111436376
77654710	77654940
146075805	146076035
6332838	6333068
36388396	36388626
89859298	89859528
33062637	33062867
168911029	168911259
115338474	115338704
139104067	139104297
68154755	68154985
83660526	83660756
18570336	18570566
81046634	81046864
162177950	162178180
123653478	123653708
89460698	89460928
129244264	129244494
21509138	21509368
8548859	8549089
122924604	122924834
106587925	106588155
77558949	77559179
57442091	57442321
1339758	1339988
88759459	88759689
63575456	63575686
150835724	150835954
173935519	173935749
156363514	156363744
78386529	78386759
140577765	140577995
154006389	154006619
8609414	8609644
10551362	10551592
54179734	54179964
123372002	123372232
2980214	2980444
143906438	143906668
89450099	89450329
90032353	90032583
140540871	140541101
41361135	41361365
95048944	95049174
184063239	184063469
20301259	20301489
45444568	45444798
41179193	41179423
74908495	74908725
184178019	184178249
162873617	162873847
124048430	124048660
142632431	142632661
119662119	119662349
101017251	101017481
20077198	20077428
148846363	148846593
140337324	140337554
130848167	130848397
40510073	40510303
29806951	29807181
38806385	38806615
65899705	65899935
1026355	1026585
177972687	177972917
27693802	27694032
76415441	76415671
110495595	110495825
40899687	40899917
65450727	65450957
10016889	10017119
40319193	40319423
141174388	141174618
154237753	154237983
11625375	11625605
95047893	95048123
13656192	13656422
176868356	176868586
155250503	155250733
57826514	57826744
1350079	1350309
72095536	72095766
3195617	3195847
604651	604881
152452022	152452252
134760571	134760801
16207272	16207502
2331883	2332113
153319298	153319528
116458612	116458842
176174726	176174956
32270667	32270897
46276845	46277075
68854220	68854450
89447480	89447710
22609020	22609250
148300012	148300242
54572671	54572901
42304465	42304695
91649179	91649409
78520621	78520851
162241629	162241859
53531845	53532075
186768672	186768902
84503446	84503676
15145938	15146168
38995402	38995632
163383200	163383430
134058815	134059045
7966289	7966519
38179320	38179550
183399632	183399862
16644613	16644843
156292706	156292936
71875781	71876011
17470324	17470554
177490551	177490781
140973339	140973569
100645308	100645538
55099513	55099743
41234515	41234745
184319880	184320110
15044940	15045170
86678220	86678450
63510189	63510419
129231597	129231827
187646616	187646846
148510878	148511108
123681158	123681388
157215874	157216104
124271432	124271662
151967153	151967383
187590677	187590907
39437546	39437776
93093451	93093681
100984558	100984788
159114417	159114647
11807568	11807798
15397911	15398141
2355973	2356203
114682937	114683167
16445205	16445435
108951575	108951805
147162511	147162741
86291662	86291892
41320941	41321171
90952204	90952434
87516124	87516354
156893301	156893531
103178932	103179162
123573606	123573836
79490497	79490727
129308327	129308557
113110931	113111161
74921872	74922102
46939614	46939844
164676151	164676381
69850743	69850973
186226198	186226428
143946540	143946770
41660174	41660404
128990166	128990396
2415076	2415306
129382462	129382692
107971757	107971987
176976173	176976403
146478884	146479114
125407712	125407942
22131167	22131397
154684641	154684871
78980784	78981014
122342835	122343065
128802656	128802886
169864206	169864436
37436206	37436436
39527562	39527792
141316886	141317116
807790	808020
6089499	6089729
41342528	41342758
170644433	170644663
113188026	113188256
24317201	24317431
147466360	147466590
142575240	142575470
138782904	138783134
77347492	77347722
90946466	90946696
110000976	110001206
176087242	176087472
144124076	144124306
120550145	120550375
99034250	99034480
152985068	152985298
104915296	104915526
182717844	182718074
70183698	70183928
74733575	74733805
174281845	174282075
7153614	7153844
38182188	38182418
87831585	87831815
67901357	67901587
52762046	52762276
160529716	160529946
34184057	34184287
109989108	109989338
125552974	125553204
88344570	88344800
89627692	89627922
70036293	70036523
152329900	152330130
68064559	68064789
2282342	2282572
184523905	184524135
38389048	38389278
125561290	125561520
60112841	60113071
109434370	109434600
53777949	53778179
131626281	131626511
101232400	101232630
94631328	94631558
42752194	42752424
187657071	187657301
95428938	95429168
55185150	55185380
154077507	154077737
110254164	110254394
48700387	48700617
151515238	151515468
101856316	101856546
177191928	177192158
129271079	129271309
95254189	95254419
138466723	138466953
1160994	1161224
38668846	38669076
23936616	23936846
24107432	24107662
170712946	170713176
9125341	9125571
90582742	90582972
148499228	148499458
77586456	77586686
131669083	131669313
55250833	55251063
23616218	23616448
120414635	120414865
80163021	80163251
155903687	155903917
24322858	24323088
129492992	129493222
107250250	107250480
11420309	11420539
15079695	15079925
123749156	123749386
77548303	77548533
151882038	151882268
95667987	95668217
6548422	6548652
10065424	10065654
187750992	187751222
146790241	146790471
84128892	84129122
75730954	75731184
67642882	67643112
2805542	2805772
45743973	45744203
104936930	104937160
127771555	127771785
15198672	15198902
128110091	128110321
169786165	169786395
138902492	138902722
48911799	48912029
103546808	103547038
1066728	1066958
153700706	153700936
129259837	129260067
4254535	4254765
24220861	24221091
19740668	19740898
133449510	133449740
4482369	4482599
65955400	65955630
155427503	155427733
144452642	144452872
173995762	173995992
15008121	15008351
169686932	169687162
89712518	89712748
7763448	7763678
127326590	127326820
11507179	11507409
21136717	21136947
38759699	38759929
134786862	134787092
154265612	154265842
152495260	152495490
822758	822988
11637106	11637336
6021468	6021698
42282439	42282669
68776113	68776343
123704547	123704777
119863751	119863981
157852477	157852707
155775615	155775845
66446353	66446583
28227368	28227598
112984516	112984746
23962170	23962400
171912183	171912413
81142375	81142605
65583837	65584067
145277615	145277845
74570404	74570634
79590678	79590908
84031591	84031821
138204976	138205206
26070919	26071149
167936196	167936426
74974799	74975029
122405772	122406002
5401627	5401857
140578238	140578468
44740723	44740953
176340718	176340948
140452055	140452285
15869774	15870004
112396236	112396466
125634539	125634769
40623751	40623981
1037373	1037603
114702679	114702909
89273315	89273545
173609767	173609997
76579124	76579354
141251557	141251787
61671503	61671733
25793892	25794122
189048612	189048842
15964828	15965058
109414290	109414520
159772024	159772254
78540583	78540813
85372800	85373030
34182982	34183212
99071621	99071851
1076163	1076393
119604155	119604385
159632064	159632294
61329890	61330120
71553891	71554121
36153628	36153858
108817301	108817531
189167758	189167988
189338453	189338683
127145021	127145251
86885539	86885769
98470230	98470460
56212702	56212932
24212015	24212245
169522453	169522683
144128795	144129025
107160089	107160319
145064181	145064411
155424840	155425070
15163183	15163413
75719787	75720017
4882316	4882546
170146653	170146883
123675637	123675867
77644624	77644854
6666353	6666583
24561599	24561829
26321256	26321486
176578807	176579037
47075688	47075918
39809952	39810182
47492679	47492909
38895988	38896218
113774902	113775132
110215252	110215482
139476808	139477038
48018330	48018560
77973536	77973766
114027300	114027530
7009844	7010074
155320726	155320956
113120658	113120888
60859926	60860156
169522007	169522237
7807281	7807511
89594155	89594385
22436575	22436805
166034271	166034501
181587434	181587664
87927742	87927972
148469043	148469273
90835839	90836069
156275168	156275398
140682649	140682879
186125811	186126041
14873822	14874052
140430946	140431176
122618274	122618504
38162539	38162769
133535934	133536164
145478633	145478863
93891207	93891437
24262931	24263161
37979432	37979662
93155597	93155827
83934160	83934390
34183644	34183874
53454314	53454544
40737294	40737524
166776437	166776667
177420050	177420280
91872261	91872491
137634382	137634612
142078029	142078259
122198782	122199012
84701627	84701857
54357260	54357490
48035899	48036129
169525807	169526037
145496460	145496690
141647927	141648157
40397954	40398184
132565853	132566083
186643203	186643433
189183713	189183943
129276629	129276859
163052520	163052750
146644510	146644740
41216656	41216886
182222979	182223209
169408566	169408796
73168910	73169140
112552855	112553085
48907475	48907705
169461380	169461610
26134554	26134784
170284469	170284699
183010555	183010785
24420729	24420959
118955418	118955648
52881613	52881843
185393344	185393574
185828446	185828676
149205772	149206002
57985308	57985538
67987837	67988067
102875167	102875397
42967439	42967669
91041263	91041493
42403417	42403647
146761424	146761654
77222626	77222856
188923566	188923796
44427708	44427938
41509451	41509681
60376788	60377018
184425431	184425661
17326056	17326286
41703631	41703861
88817465	88817695
126641227	126641457
28790808	28791038
27320453	27320683
101659996	101660226
124317816	124318046
57291169	57291399
111891863	111892093
20396874	20397104
87776849	87777079
40845854	40846084
133254175	133254405
79489849	79490079
77434713	77434943
99666627	99666857
89300041	89300271
151586122	151586352
176008577	176008807
48067542	48067772
169717556	169717786
40371778	40372008
46888807	46889037
75097005	75097235
170192165	170192395
149773529	149773759
41321584	41321814
101770110	101770340
130850309	130850539
24689059	24689289
39063138	39063368
48447712	48447942
101659592	101659822
2674956	2675186
253124	253354
188929541	188929771
73371022	73371252
75585003	75585233
6335671	6335901
186754330	186754560
170581173	170581403
169509011	169509241
72419402	72419632
126656411	126656641
187123086	187123316
18368707	18368937
149074107	149074337
4521090	4521320
71916640	71916870
75149376	75149606
169510411	169510641
40336032	40336262
185644094	185644324
30952482	30952712
120651290	120651520
40230720	40230950
73904659	73904889
78527718	78527948
83763845	83764075
129268709	129268939
7846070	7846300
44634205	44634435
38862528	38862758
134842501	134842731
187649384	187649614
110128406	110128636
41886528	41886758
17810171	17810401
185190033	185190263
185932659	185932889
125199731	125199961
3147290	3147520
80838419	80838649
174209537	174209767
157904601	157904831
122682744	122682974
29425772	29426002
153027353	153027583
55307094	55307324
56915170	56915400
60419151	60419381
7844385	7844615
140164785	140165015
91867936	91868166
127548515	127548745
169462074	169462304
136339575	136339805
128709740	128709970
183228369	183228599
14789634	14789864
32464648	32464878
66808850	66809080
123073208	123073438
87752638	87752868
30765062	30765292
73334700	73334930
169473256	169473486
90674882	90675112
38676407	38676637
186279679	186279909
76357966	76358196
164679269	164679499
11550508	11550738
164602416	164602646
123741257	123741487
77140532	77140762
6550329	6550559
109863246	109863476
15957351	15957581
116076068	116076298
41856069	41856299
137241367	137241597
90471205	90471435
28289483	28289713
153771573	153771803
165805305	165805535
101269760	101269990
40406788	40407018
33388464	33388694
88013956	88014186
39053208	39053438
153277872	153278102
52969588	52969818
84469641	84469871
96614797	96615027
7024090	7024320
84827200	84827430
83309659	83309889
173311561	173311791
74969936	74970166
152341642	152341872
169239475	169239705
84178104	84178334
92655928	92656158
40517925	40518155
6909566	6909796
149795602	149795832
177712684	177712914
170540688	170540918
165982127	165982357
41289066	41289296
90790230	90790460
166209843	166210073
15133317	15133547
123819607	123819837
100644785	100645015
188936240	188936470
87515371	87515601
38232090	38232320
79844677	79844907
58024460	58024690
184521418	184521648
122033737	122033967
186513018	186513248
177556791	177557021
119875458	119875688
110237059	110237289
102756729	102756959
56995650	56995880
56261553	56261783
29160	29390
186760333	186760563
180228789	180229019
186813385	186813615
139753176	139753406
101349272	101349502
89300578	89300808
140006370	140006600
73775265	73775495
26129786	26130016
77905404	77905634
8017355	8017585
56050845	56051075
173903418	173903648
100733018	100733248
54933419	54933649
84482606	84482836
152225831	152226061
2443438	2443668
119947162	119947392
8943017	8943247
56732547	56732777
189029027	189029257
110127911	110128141
41507262	41507492
86747464	86747694
74965054	74965284
41360711	41360941
96126069	96126299
122743995	122744225
77560525	77560755
94709931	94710161
15915322	15915552
77871410	77871640
72575761	72575991
185321536	185321766
83206429	83206659
183187130	183187360
40337462	40337692
148467609	148467839
82834590	82834820
41508177	41508407
7103805	7104035
78739365	78739595
75550044	75550274
77507085	77507315
187686295	187686525
7943918	7944148
154407445	154407675
8039815	8040045
67837886	67838116
157299293	157299523
30796833	30797063
169402490	169402720
141221530	141221760
102898244	102898474
114388827	114389057
150744940	150745170
1261832	1262062
38152056	38152286
122919308	122919538
14255957	14256187
92747474	92747704
125861547	125861777
56823014	56823244
11490327	11490557
98641952	98642182
11955771	11956001
152159749	152159979
137543391	137543621
123719414	123719644
152461900	152462130
170929658	170929888
