127474226	127474524
129702967	129703209
118353868	118354101
125572648	125572898
130797508	130797758
133739050	133739287
126306364	126306585
123975555	123975809
129961536	129961803
124162459	124162705
137341473	137341732
6306013	6306250
89939601	89939832
101026100	101026335
132546071	132546332
114837074	114837323
6055302	6055551
131901493	131901740
26326536	26326774
37913675	37913947
114522432	114522658
134211661	134211924
129253641	129253860
132869472	132869705
130348805	130349047
127379844	127380088
136351495	136351723
123382103	123382329
12884814	12885064
35553987	35554236
35477293	35477525
111328099	111328326
19457478	19457700
126112200	126112426
32379351	32379567
32378598	32378801
130352217	130352465
131057694	131057922
21111021	21111238
134622835	134623046
34899650	34899871
100230967	100231199
96975839	96976063
97545407	97545728
92213120	92213334
131690256	131690496
89102270	89102489
117776318	117776564
74653950	74654212
118646094	118646355
103357957	103358182
125215506	125215724
131894045	131894257
134466641	134466867
136964362	136964586
137977978	137978191
89048965	89049169
112232007	112232206
114061695	114061907
125227371	125227588
101903067	101903274
34437442	34437660
112282836	112283051
116420314	116420535
21813948	21814170
93677266	93677488
33081363	33081589
129728187	129728408
100472996	100473204
20941147	20941375
124887524	124887748
110246503	110246713
117501216	117501448
73217442	73217653
114875334	114875550
27726242	27726448
86876115	86876335
27333228	27333493
123518185	123518421
130879969	130880197
133646427	133646638
125112909	125113142
75722517	75722727
127536761	127536961
37482407	37482615
135978649	135978874
130110447	130110658
74895926	74896153
86552890	86553092
34675133	34675374
74421825	74422047
19926073	19926284
119423420	119423620
95553137	95553338
73900153	73900345
113385816	113386020
18255152	18255385
17462941	17463137
139525911	139526129
22307117	22307327
121358092	121358327
118355912	118356121
140181470	140181680
33852307	33852506
108177743	108177964
3732708	3732908
21326646	21326834
20356397	20356608
5799317	5799523
123748133	123748334
32589180	32589382
34603721	34603930
4375438	4375640
112203095	112203289
140567367	140567564
112945600	112945810
135111830	135112037
135450495	135450709
137335224	137335459
33225684	33225881
109934516	109934722
124082405	124082697
101946972	101947175
101762825	101763043
4762647	4762842
120932409	120932635
111576330	111576549
21466028	21466225
136859577	136859787
135675600	135675816
90565781	90565994
129320411	129320603
134225514	134225736
120407018	120407227
107505751	107505945
101610919	101611134
101623225	101623427
124754960	124755190
36407124	36407344
79319585	79319790
35910958	35911159
110184569	110184776
31800100	31800296
33229382	33229621
117068179	117068372
89951854	89952090
32251535	32251733
129976787	129976985
95871541	95871745
74886874	74887072
4382797	4382993
81216964	81217152
130632242	130632454
87012073	87012280
130496911	130497130
75207740	75207948
129263246	129263455
385906	386121
19174319	19174519
104221396	104221588
128137058	128137285
94188465	94188667
125753697	125753868
5186528	5186726
12702264	12702446
4366787	4367007
128320810	128321009
35481461	35481674
117197153	117197340
117415871	117416080
90427870	90428070
17811100	17811297
89612164	89612371
126164296	126164483
35955035	35955227
124861660	124861847
134053769	134053977
137035948	137036149
116071594	116071775
79425365	79425564
33223840	33224051
119409575	119409768
5590107	5590314
140122044	140122233
139929757	139929949
117167945	117168152
119334484	119334722
19028939	19029132
36991652	36991850
34379396	34379607
130497617	130497855
35116910	35117124
130683890	130684108
71669212	71669404
38371568	38371754
94195524	94195735
107625609	107625807
124449245	124449436
33287103	33287293
100377858	100378045
117673564	117673770
135897834	135898013
116208636	116208811
139014807	139015017
77692168	77692349
129544137	129544340
5600571	5600766
129160813	129161036
81054486	81054673
133557980	133558187
97443802	97444010
133933315	133933514
34500726	34500926
91208807	91209011
135848041	135848228
88225080	88225263
347798	347988
132372860	132373069
127082679	127082863
99619188	99619376
139383182	139383387
36328899	36329083
21789500	21789745
22216974	22217177
22470047	22470243
117424486	117424685
77388899	77389092
137590453	137590646
38363093	38363298
131936388	131936591
21813063	21813257
35790374	35790549
115665497	115665693
131124497	131124694
36873378	36873580
1009194	1009369
93633406	93633591
104074063	104074246
17802354	17802533
85949263	85949460
95397056	95397262
125844219	125844386
97431215	97431409
133741876	133742150
133582835	133583004
139682178	139682367
75201812	75202049
71199440	71199640
107543181	107543358
134242280	134242467
2857707	2857883
138304498	138304738
123698862	123699070
21455392	21455585
20624877	20625068
6354203	6354396
27276520	27276706
136647364	136647553
130266342	130266544
77815918	77816097
34332478	34332659
128170337	128170532
74219475	74219663
81744911	81745094
33722186	33722341
124308322	124308527
133873780	133873979
107444916	107445101
130706065	130706258
92864672	92864862
3467697	3467869
137979299	137979493
116844871	116845051
124041088	124041268
114860123	114860311
135383140	135383319
112665932	112666110
32968496	32968672
85834651	85834843
13427634	13427826
75815721	75815902
806658	806838
92164029	92164214
139842555	139842755
4339420	4339589
132488983	132489165
22452524	22452687
18213327	18213513
118286845	118287028
17531735	17531928
13034297	13034479
29830925	29831109
138495839	138496019
27548247	27548430
91615960	91616159
34403877	34404070
34869465	34869669
22119675	22119843
95719574	95719740
96827824	96827999
117443883	117444065
5886204	5886395
15873701	15873870
115687452	115687639
139379554	139379735
101553499	101553701
111524147	111524351
36023520	36023698
112336684	112336848
130717729	130717968
133816567	133816745
136022975	136023164
132552694	132552862
36008879	36009063
136019849	136020071
90293696	90293870
19493192	19493373
132379657	132379827
130046357	130046519
93799536	93799740
136658206	136658403
77617166	77617333
126889178	126889384
131495645	131495870
33738170	33738358
33624070	33624246
36728994	36729171
85576520	85576712
123374626	123374785
131103773	131103955
127527180	127527349
71808162	71808336
32581621	32581805
90788381	90788592
123505330	123505494
136591530	136591706
35882317	35882507
72492877	72493073
36450255	36450426
138859482	138859683
99204220	99204380
132404584	132404794
72037200	72037387
104364553	104364712
101925187	101925373
5442511	5442679
73864729	73864913
101077923	101078106
7052692	7052858
12723771	12723925
27033930	27034099
28774542	28774728
26856501	26856672
89029306	89029494
15824415	15824584
893878	894054
114849080	114849251
3240790	3240965
107148847	107149019
117249967	117250160
123111240	123111400
26975746	26975907
14353539	14353719
108604428	108604596
99414013	99414170
80650397	80650584
74639990	74640168
131625953	131626149
86159402	86159572
102773452	102773611
107919452	107919620
136060464	136060647
90277876	90278054
32579813	32579979
73255227	73255384
21235844	21236020
4640126	4640303
100968082	100968281
97316732	97316900
37747254	37747434
34633984	34634135
32350808	32350958
76298881	76299041
21491885	21492048
115555593	115555774
102790508	102790674
116870315	116870484
6907883	6908050
133922213	133922366
71614633	71614808
114360145	114360326
95922336	95922519
35903096	35903246
127656998	127657157
127534397	127534575
116417771	116417946
4315721	4315887
4604679	4604859
111034900	111035079
100663364	100663550
118456337	118456534
111433573	111433757
21253110	21253280
132386525	132386689
138235880	138236072
100361070	100361234
15135269	15135424
36555933	36556099
25964284	25964418
117444441	117444620
97893734	97893891
130846259	130846396
116444594	116444764
17063668	17063829
130123199	130123378
123239808	123239965
12640133	12640286
113400761	113400907
99079729	99079898
126147746	126147922
91193470	91193672
5425145	5425283
18208262	18208432
117053374	117053549
117300648	117300851
129957666	129957813
123984833	123984993
126486812	126486979
18442705	18442884
112820719	112820885
75472088	75472249
36995935	36996109
16726234	16726380
99090157	99090313
18824182	18824335
38400734	38400904
72586932	72587082
73099535	73099708
5715215	5715367
33375021	33375171
72534482	72534637
134631097	134631261
135777324	135777493
76180878	76181032
120545554	120545716
21709588	21709737
137548271	137548429
96725332	96725503
134637936	134638125
80048712	80048871
22009500	22009685
138981633	138981773
116169282	116169447
33403458	33403591
6739357	6739513
22244785	22244940
29208778	29208931
104292501	104292648
75437446	75437599
75637965	75638127
97930322	97930449
127905945	127906117
86264125	86264305
100836764	100836946
77185962	77186116
140339826	140339980
128991248	128991405
78917967	78918129
133005547	133005706
37329702	37329844
91894021	91894173
112915314	112915473
129967507	129967666
139233772	139233930
80736542	80736692
34994518	34994671
29285933	29286088
130073550	130073695
125987859	125988004
99871601	99871745
97365672	97365809
111612695	111612853
88817327	88817476
94489645	94489805
38642088	38642256
93747614	93747784
12465028	12465159
86930312	86930459
73539970	73540124
114454129	114454269
75697065	75697204
117669362	117669530
15837200	15837338
19922617	19922768
92218005	92218161
36248171	36248305
123822434	123822575
13088877	13089004
33466741	33466892
139539011	139539176
124885354	124885502
98489173	98489316
127314145	127314272
80366494	80366640
74907194	74907338
75486637	75486797
103364756	103364900
115607081	115607222
75798951	75799083
132244225	132244360
6827481	6827628
90721467	90721610
2132625	2132772
99429162	99429334
127299133	127299271
14400688	14400826
79062510	79062661
17528975	17529125
79602643	79602792
16575605	16575758
128018384	128018525
114738092	114738258
34074323	34074461
133336668	133336820
90299629	90299788
12719576	12719711
9942914	9943064
88313337	88313494
1005209	1005347
96776479	96776609
128393702	128393828
124397387	124397543
26656364	26656505
132691884	132692027
108371410	108371554
123294080	123294213
116036812	116036948
26744497	26744630
34985432	34985575
131201028	131201173
110001914	110002058
32572379	32572509
12776419	12776577
94537840	94537991
6667798	6667924
93852039	93852191
96444540	96444692
14768628	14768774
116499826	116499970
6585253	6585394
103267977	103268090
108644085	108644233
85814299	85814440
103200260	103200389
130673103	130673231
19013305	19013431
130288223	130288346
124208392	124208526
97890023	97890179
124202650	124202799
108188456	108188568
14434007	14434143
15606771	15606898
122128046	122128180
115683886	115684032
124497410	124497526
117777411	117777523
19471919	19472053
21318425	21318551
6910125	6910255
133745515	133745616
132512317	132512463
135144247	135144366
125261185	125261320
79765785	79765920
34591778	34591904
10366318	10366457
138756430	138756570
77392098	77392214
613943	614130
33778871	33778979
98980545	98980684
25716387	25716509
71642659	71642783
131398431	131398552
131397614	131397764
79273624	79273752
91337857	91337963
118347079	118347210
119499465	119499603
130336494	130336601
132369862	132370040
136269139	136269207
37582702	37582824
89407255	89407381
96065084	96065204
77357845	77357979
132499955	132500101
127181946	127182078
124138655	124138754
100149347	100149469
115123921	115124055
98027327	98027467
33211691	33211807
15211563	15211700
102061959	102062089
131905330	131905433
139519609	139519760
136036451	136036560
31120050	31120173
102028938	102029049
139524943	139525078
137875049	137875183
100716951	100717063
72967855	72967958
107922087	107922230
119835951	119836063
129748318	129748416
77853392	77853512
76994742	76994850
136398323	136398449
36110559	36110672
764126	764263
91276818	91276941
6568255	6568370
22528627	22528749
112108190	112108301
100161524	100161646
81436175	81436299
118971197	118971345
131641667	131641781
137341098	137341217
131614402	131614527
89563478	89563612
35826374	35826526
131769169	131769275
135286609	135286728
127615122	127615323
13351937	13352006
92025708	92025832
112980057	112980154
74590864	74590970
89589516	89589627
111716401	111716502
92191367	92191480
103363575	103363690
113345693	113345807
133559555	133559617
133293157	133293268
72164456	72164577
27198297	27198432
98823645	98823765
94896331	94896445
98994823	98994947
132648079	132648141
117270112	117270226
15417040	15417160
31839476	31839568
136608241	136608352
101761248	101761376
72728481	72728596
35736235	35736347
116354051	116354169
18405353	18405480
129064355	129064585
132998519	132998658
92904181	92904285
104227748	104227864
106939446	106939564
95090649	95090738
94902707	94902806
37415345	37415474
74763346	74763408
17116490	17116582
133026293	133026420
95478947	95479013
102569699	102569806
112083333	112083457
127618374	127618436
133576613	133576687
139062242	139062339
33452907	33453014
71808675	71808790
124312894	124312978
131174813	131174929
27247817	27247931
75814959	75815069
140476723	140476953
37262557	37262643
77880465	77880695
7570258	7570377
80981152	80981227
137631094	137631160
117101516	117101626
127516678	127516908
16192311	16192425
100686114	100686271
124506743	124506840
32526569	32526651
6107101	6107331
30967643	30967729
140131066	140131163
4759469	4759534
137791632	137791862
35193810	35194040
7402190	7402288
93944838	93944904
75884510	75884617
35258976	35259049
86211894	86212124
2859912	2860002
103477045	103477133
35696624	35696854
35489466	35489588
9790399	9790481
6686499	6686729
91933800	91934030
129467657	129467765
79018287	79018517
36407578	36407687
5976849	5976932
33170966	33171077
28073346	28073576
95766118	95766217
102985088	102985167
114613994	114614068
35511307	35511403
114590623	114590732
75694381	75694481
139118012	139118242
131172325	131172555
125864997	125865227
35945869	35945957
104490069	104490137
21586482	21586590
15642501	15642594
4849649	4849741
115473448	115473678
86235862	86235926
129468810	129469040
115582227	115582457
129709912	129710142
135923994	135924224
132331911	132332141
80876502	80876584
15142995	15143225
92861710	92861940
33415480	33415710
139240418	139240519
36103105	36103335
129373993	129374085
35096126	35096356
4987966	4988196
125141683	125141913
80071899	80071998
134510776	134511006
96764913	96765143
96067294	96067410
139588681	139588911
124383414	124383644
130549139	130549369
22239068	22239298
4750109	4750339
108663823	108664053
15104989	15105063
137670857	137670946
38263717	38263789
108480870	108480958
21434524	21434754
35646813	35647043
139944331	139944561
130887424	130887482
110103496	110103726
38432994	38433224
112163865	112163963
112174245	112174475
137750346	137750576
126695774	126696004
136055424	136055527
138355028	138355258
122731452	122731682
34612935	34613027
14661616	14661680
126116401	126116631
89356248	89356478
75752227	75752457
124049770	124050000
5899480	5899538
15622678	15622908
136024930	136025160
17742242	17742307
130547323	130547412
80072988	80073218
110243414	110243644
132872555	132872785
118434855	118435085
37859121	37859351
21154048	21154278
90656516	90656608
94717105	94717335
140429357	140429587
34252988	34253218
112006876	112007106
22244193	22244423
14616462	14616692
93518135	93518365
79782489	79782547
127156956	127157186
124767934	124768164
108175893	108176123
127149929	127150007
74243262	74243492
130285834	130285910
33742568	33742798
3441277	3441507
100232550	100232612
99215985	99216215
136226345	136226408
35661222	35661452
21195297	21195387
34253576	34253806
139030519	139030749
140083087	140083317
74383900	74383997
134258672	134258902
137534421	137534651
4228674	4228904
36798384	36798469
115479919	115480149
31542446	31542676
14652838	14653068
116569731	116569961
123373343	123373573
71122459	71122689
23492271	23492356
103085293	103085523
114854175	114854405
107570378	107570608
134615530	134615612
6054578	6054808
139962300	139962371
127615336	127615562
139294640	139294870
120977883	120978113
22038152	22038382
111651951	111652036
103997852	103998082
137516766	137516996
72955592	72955822
130705116	130705346
89230461	89230691
34139748	34139978
91275579	91275809
113102705	113102935
128190350	128190580
80456781	80456871
123744019	123744249
19049084	19049314
130217621	130217851
16824851	16825081
11319526	11319756
113188425	113188655
85221836	85221894
87758026	87758256
77260024	77260254
111178699	111178929
94438417	94438647
74818208	74818438
33813774	33814004
121284415	121284645
36632997	36633227
130187011	130187241
16032929	16033159
116352278	116352508
138689588	138689818
18143050	18143280
14428835	14429065
138332530	138332760
101538179	101538409
86527204	86527298
38088029	38088259
98572502	98572732
116117566	116117796
118925853	118926083
136061485	136061715
101568721	101568951
139941061	139941291
135853113	135853343
35051462	35051692
123129053	123129283
74434133	74434363
2872675	2872905
132862057	132862115
140013195	140013425
15552122	15552352
86535583	86535813
130199809	130200039
136063686	136063916
124356755	124356985
86198138	86198368
136009198	136009428
129811360	129811590
137348308	137348538
22103340	22103570
122052132	122052362
132242507	132242737
90407794	90408024
89988890	89989120
94496715	94496945
36091765	36091995
138396566	138396796
135916368	135916598
21213738	21213968
125560009	125560239
2469679	2469909
22097745	22097975
139035209	139035439
136580974	136581204
1620046	1620124
15277857	15278087
81486590	81486820
119257361	119257591
12329452	12329682
16922062	16922292
74384285	74384515
26863161	26863391
137581479	137581709
129148410	129148640
86607423	86607653
407323	407553
72547948	72548021
88040133	88040363
29692087	29692317
136196212	136196442
133808213	133808443
79830927	79831157
126803326	126803556
110517617	110517847
77801766	77801996
36166578	36166808
130483762	130483992
22813615	22813845
94900493	94900723
91786648	91786878
110513038	110513268
17521525	17521755
33517454	33517684
12716926	12717156
127557263	127557493
103881589	103881819
138818781	138819011
4662126	4662356
109899969	109900199
78481266	78481496
1837528	1837758
4797447	4797677
95264362	95264592
137547366	137547596
38160680	38160910
75368237	75368467
14769265	14769495
38334332	38334562
117481208	117481438
1605030	1605260
133656324	133656554
137109687	137109917
140172078	140172308
117988486	117988716
136272000	136272230
138372823	138373053
134553970	134554200
139923332	139923562
35603943	35604173
134277544	134277774
44227337	44227567
34011071	34011301
72546354	72546584
135045238	135045468
89336803	89337033
97567967	97568197
138018487	138018717
27888758	27888988
21789767	21789954
138593837	138594067
137518591	137518821
140108158	140108388
16257645	16257875
89241794	89242024
134829773	134830003
20358293	20358523
133307808	133308038
34664366	34664596
33645792	33646022
116163698	116163928
100639107	100639337
22008623	22008853
119622880	119623110
104329622	104329852
90341324	90341554
129932519	129932749
80984622	80984852
6944058	6944288
19161764	19161994
123201505	123201735
74298820	74299050
89695809	89696039
130740265	130740495
93955305	93955535
88434076	88434161
92759012	92759242
133985517	133985747
124260517	124260747
7234219	7234449
87312513	87312743
100249450	100249680
73616767	73616997
36974844	36975074
4048568	4048798
140189106	140189336
5869797	5870027
36597494	36597724
71838541	71838771
108683714	108683944
34548065	34548295
17630679	17630909
124457781	124458011
81573851	81574081
37594541	37594771
21591716	21591946
137311634	137311864
133326885	133327115
72725974	72726204
130397035	130397265
114384239	114384469
124623828	124624058
138048423	138048653
113507320	113507550
74907879	74908109
131944955	131945185
135128100	135128330
134435074	134435304
126769360	126769590
32395797	32396027
100797062	100797292
2837913	2838143
75172551	75172781
131790779	131791009
130470041	130470271
32432059	32432289
97676567	97676797
139159170	139159400
111230698	111230928
80103494	80103724
114828137	114828367
77224673	77224903
7536397	7536627
89252441	89252671
115427695	115427925
26892296	26892526
138494625	138494855
114162351	114162581
113189859	113190089
97859166	97859396
139655388	139655618
98142004	98142234
129949911	129950141
131373262	131373492
82790289	82790519
13213443	13213673
111313716	111313946
136837137	136837367
134188489	134188719
133607690	133607920
33104084	33104314
126885224	126885454
123678949	123679179
132106224	132106454
4297356	4297586
4924300	4924530
33249484	33249714
29212228	29212458
77193014	77193244
2087770	2088000
132096536	132096766
120984648	120984878
22053294	22053524
129568129	129568359
112580207	112580437
86153616	86153846
129535360	129535590
92904963	92905193
139923877	139924107
114482539	114482769
126723362	126723592
131369865	131370095
128437647	128437877
130268169	130268399
71650524	71650754
10060425	10060655
89905106	89905336
111961324	111961554
95916652	95916882
94644994	94645224
30039801	30040031
125164719	125164949
96328713	96328943
38008355	38008585
110473921	110474151
93927033	93927263
130180358	130180588
7273657	7273887
34546954	34547184
86788084	86788314
129929229	129929459
98506659	98506889
134261741	134261971
108210095	108210325
17614992	17615222
131258109	131258339
137787749	137787979
93535958	93536188
130150622	130150852
132370200	132370430
22148303	22148533
117751332	117751562
95468830	95469060
80379896	80380126
131938441	131938671
38727476	38727706
34337462	34337692
132330116	132330346
104211676	104211906
74600617	74600847
130318349	130318579
118706598	118706828
110474737	110474967
118849695	118849925
130160352	130160582
5851486	5851716
89215251	89215481
19085385	19085615
34760538	34760768
137533045	137533275
74105809	74106039
91388831	91389061
90282227	90282457
97691636	97691866
5839324	5839554
89728881	89729111
118912189	118912419
128005615	128005845
13089229	13089459
96074927	96075157
14465554	14465784
111032389	111032619
104249393	104249623
79009198	79009428
124857595	124857825
34155657	34155887
98577513	98577743
22310519	22310749
4152963	4153193
124483335	124483565
114720372	114720602
12814495	12814725
134180419	134180649
127071967	127072197
23123127	23123357
118874582	118874812
137594940	137595170
72844600	72844830
111236148	111236378
34896203	34896433
22030255	22030485
132373402	132373632
92989186	92989254
91390015	91390245
115205554	115205784
132239527	132239757
91804217	91804447
34376195	34376425
114792487	114792717
91356306	91356536
112415314	112415544
89109791	89110021
136303021	136303251
124372117	124372347
139962730	139962960
27529745	27529975
34163486	34163716
128298510	128298740
129452723	129452953
131580516	131580746
38620571	38620801
100685777	100686007
98031109	98031339
134617984	134618214
78470511	78470741
27117841	27118071
35787718	35787948
119311655	119311885
124505744	124505974
139509804	139510034
88098214	88098444
37904246	37904476
28952016	28952246
98984494	98984724
130369850	130370080
100955377	100955607
91362789	91363019
126816978	126817208
2570621	2570851
124084616	124084846
32703708	32703938
75057248	75057478
113515134	113515364
71189120	71189350
110512109	110512339
111955111	111955341
84137941	84138171
102978533	102978763
118914749	118914979
25631670	25631900
94015884	94016114
134483945	134484175
101775302	101775532
546989	547219
121093992	121094222
97629585	97629815
33234114	33234344
37390808	37391038
109904304	109904534
90895648	90895878
95748537	95748767
137541120	137541350
74331165	74331395
135134659	135134889
13942757	13942987
87547941	87548171
130955150	130955380
98103996	98104226
131902296	131902526
130503169	130503399
113214555	113214785
130300155	130300385
117453423	117453653
22159045	22159275
21183144	21183374
100818570	100818800
127601962	127602192
87569063	87569293
93833507	93833737
97301826	97302056
138058435	138058665
13689074	13689304
97631690	97631920
131865400	131865630
124300618	124300848
97630333	97630563
75748991	75749221
88649878	88650108
101737273	101737503
124779146	124779376
89560684	89560914
2066958	2067188
97680423	97680653
33925228	33925458
94741111	94741341
91535618	91535848
29209869	29210099
118618148	118618378
93960244	93960474
139678743	139678973
110819729	110819959
88902003	88902233
138022282	138022512
127414983	127415213
18626175	18626405
131937199	131937429
81848557	81848787
18460081	18460311
131320880	131321110
111172535	111172765
17402392	17402622
119075996	119076226
110762187	110762417
111305523	111305753
115733309	115733539
12554741	12554971
25350091	25350321
139258186	139258416
114835466	114835696
81476078	81476308
8895823	8896053
22214120	22214350
87873763	87873993
127574806	127575036
126688158	126688388
75092041	75092271
114928419	114928649
95217601	95217831
118919174	118919404
137788430	137788660
38066666	38066896
21616165	21616395
107259953	107260183
31916653	31916883
94520757	94520987
90691751	90691981
77555562	77555792
127586311	127586541
4293759	4293989
140317699	140317929
97684657	97684887
911084	911314
97768672	97768902
100654796	100655026
74340938	74341168
134150767	134150997
123492980	123493210
74398044	74398274
86329324	86329554
97713279	97713509
132802214	132802444
74658582	74658812
132439331	132439561
91390553	91390783
91361378	91361608
132930259	132930489
16343491	16343721
133722951	133723181
75758904	75759134
111342218	111342448
18791142	18791372
137394773	137395003
111519128	111519358
31140390	31140620
101866976	101867206
127630644	127630874
2597586	2597816
132524893	132525123
14348020	14348250
129747346	129747576
117770940	117771170
130727891	130728121
126690075	126690305
131176806	131177036
110331577	110331807
130730357	130730587
75423118	75423348
139459137	139459367
91350262	91350492
32672647	32672877
93955957	93956187
137484252	137484482
89347505	89347735
22084781	22085011
80592204	80592434
100548668	100548898
75140077	75140307
81749669	81749899
127952054	127952284
104150138	104150368
28927795	28928025
131755355	131755585
129261499	129261729
137300341	137300571
118763101	118763331
136721235	136721465
26265293	26265523
134405029	134405259
132935629	132935859
1732741	1732971
35518229	35518459
101994075	101994305
137291380	137291610
133723421	133723651
33162809	33163039
139148044	139148274
94181518	94181748
37508908	37509138
22103746	22103976
127581303	127581533
117592755	117592985
100476761	100476991
139958599	139958829
86323521	86323751
7094143	7094373
88854110	88854340
33290969	33291199
98145802	98146032
133302439	133302669
5832996	5833226
18437761	18437991
111945888	111946118
110310702	110310932
89346686	89346916
79034787	79035017
137346479	137346709
123106578	123106808
140746507	140746737
93763422	93763652
100312465	100312695
34519425	34519655
34191627	34191857
132672942	132673172
100881550	100881780
21684978	21685208
18396176	18396406
135526644	135526874
123497621	123497851
75227610	75227840
90626391	90626621
128771410	128771640
127059823	127060053
26243795	26244025
132535990	132536220
114808639	114808869
89997871	89998101
114721986	114722216
137423488	137423718
140506710	140506940
4386867	4387097
14238664	14238894
75048869	75049099
111861035	111861265
111945503	111945733
6845977	6846207
15232093	15232323
89115653	89115883
100174065	100174295
76621947	76622177
21747227	21747457
134533827	134534057
74760766	74760996
114654456	114654686
93893878	93894108
132232820	132233050
32604265	32604495
38708041	38708271
130341943	130342173
38047865	38048095
101127558	101127788
111329963	111330193
5450474	5450704
133838027	133838257
118850300	118850530
4197668	4197898
121225767	121225997
100985662	100985892
100880279	100880509
121371767	121371997
123883972	123884202
96589776	96590006
73125162	73125392
101751655	101751885
6081533	6081763
130159430	130159660
118520175	118520405
129550932	129551162
111297890	111298120
71183042	71183272
138971197	138971427
139981008	139981238
22117458	22117688
92134260	92134490
130681768	130681998
130911547	130911777
136858133	136858363
97675287	97675517
89381849	89382079
33165695	33165925
91424258	91424488
140485637	140485867
89722034	89722264
30531462	30531692
22211732	22211962
132311415	132311645
9912534	9912764
130526460	130526690
124370248	124370478
17627724	17627954
81638057	81638287
33443543	33443773
34652151	34652381
100969944	100970174
34256203	34256433
109920685	109920915
36862207	36862437
20885077	20885307
128275937	128276167
132246276	132246506
95105196	95105426
85147504	85147734
118765027	118765257
136720887	136721117
14238113	14238343
18393314	18393544
37309091	37309321
117670425	117670655
110037267	110037497
138370677	138370907
137478265	137478495
117314316	117314546
104554312	104554542
109625068	109625298
12819876	12820106
307027	307257
139462499	139462729
757610	757840
77567190	77567420
116615690	116615920
16062942	16063172
12426274	12426504
94250793	94251023
97662999	97663229
98619581	98619811
103207936	103208166
132660614	132660844
79009883	79010113
20618506	20618736
73007176	73007406
89987506	89987736
103191654	103191884
27427349	27427579
6049842	6050072
118706976	118707206
127555531	127555761
96577018	96577248
18149706	18149936
17824240	17824470
93862548	93862778
34186327	34186557
33458545	33458775
131710707	131710937
86226473	86226703
100290863	100291093
1460208	1460438
104739989	104740219
113318347	113318577
128300429	128300659
73105485	73105715
75192384	75192614
88515512	88515742
95201453	95201683
109411164	109411394
22237982	22238212
132483530	132483760
110514165	110514395
12699625	12699855
103255319	103255549
123837807	123838037
16337380	16337610
130965487	130965717
35756652	35756882
111798535	111798765
93678040	93678270
133454219	133454449
136262128	136262358
134883756	134883986
34463775	34464005
71459995	71460225
126642864	126643094
127120458	127120688
116795712	116795942
132539500	132539730
114723948	114724178
26974076	26974306
100684628	100684858
136739532	136739762
123996672	123996902
139160263	139160493
99182766	99182996
81770347	81770577
130341303	130341533
100544266	100544496
28213011	28213241
18060563	18060793
132076639	132076869
132259042	132259272
138147522	138147752
38642653	38642883
125216813	125217043
125026888	125027118
75200719	75200949
132804110	132804340
126985738	126985968
74656766	74656996
35826035	35826265
22124708	22124938
94186797	94187027
118686307	118686537
123834391	123834621
75791424	75791654
21920232	21920462
136860145	136860375
90789340	90789570
124049277	124049507
75155539	75155769
134245145	134245375
114784504	114784734
18297531	18297761
100287867	100288097
136010753	136010983
134715204	134715434
33922047	33922277
90408299	90408529
131995694	131995924
107688765	107688995
110819123	110819353
94173736	94173966
126872672	126872902
4077599	4077829
114783028	114783258
110801774	110802004
1994301	1994531
5818014	5818244
127612197	127612427
33172381	33172611
117495178	117495408
111278212	111278442
110811443	110811673
105393943	105394173
21576314	21576544
12774888	12775118
93796147	93796377
137269945	137270175
98098654	98098884
21889787	21890017
130070943	130071173
80070320	80070550
3331917	3332147
138121502	138121732
24246057	24246287
123477156	123477386
38663333	38663563
91391743	91391973
35611317	35611547
126801321	126801551
102729096	102729326
79376439	79376669
137270868	137271098
111696201	111696431
125540583	125540813
137351211	137351441
123869370	123869600
124363606	124363836
97769895	97770125
97411399	97411629
139521887	139522117
1869948	1870178
111827674	111827904
115919234	115919464
100978201	100978431
138036752	138036982
88401059	88401289
106160249	106160479
90885912	90886142
92208834	92209064
129128131	129128361
89605348	89605578
93956515	93956745
92143617	92143847
121405469	121405699
35733234	35733464
4137245	4137475
22170238	22170468
130324143	130324373
138026141	138026371
34702182	34702412
130334797	130335027
140085003	140085233
90691070	90691300
100326742	100326972
113065536	113065766
34023189	34023419
119926888	119927118
120249875	120250105
95980547	95980777
95882252	95882482
97699860	97700090
126875394	126875624
139652914	139653144
5843840	5844070
93882023	93882253
110497062	110497292
97878386	97878616
136469471	136469701
88890970	88891200
97835296	97835526
110187613	110187843
90328607	90328837
136933710	136933940
135077255	135077485
22169293	22169523
129655427	129655657
88742410	88742640
130099093	130099323
134283343	134283573
114505656	114505886
132245247	132245477
21919617	21919847
136218860	136219090
139858814	139859044
138843803	138844033
133958602	133958832
87019080	87019310
131132991	131133221
80408934	80409164
17815812	17816042
131961425	131961655
95527711	95527941
15513513	15513743
139977910	139978140
137257981	137258211
93800281	93800511
4393892	4394122
114659408	114659638
130156083	130156313
5879608	5879838
123988538	123988768
140156776	140157006
89166000	89166230
107894959	107895189
119033698	119033928
96039355	96039585
34125860	34126090
107769440	107769670
22102714	22102944
137561976	137562206
78990191	78990421
122318408	122318638
93822933	93823163
25678428	25678658
124482771	124483001
132176697	132176927
114823612	114823842
74102026	74102256
33151101	33151331
117743443	117743673
129921623	129921853
131388209	131388439
117541816	117542046
130731972	130732202
131662197	131662427
138076031	138076261
117657185	117657415
94422215	94422445
88358533	88358763
115733750	115733980
21677976	21678206
124029923	124030153
114774353	114774583
121591701	121591931
74764048	74764278
127087693	127087923
136244843	136245073
22308261	22308491
121098505	121098735
95268650	95268880
31996408	31996638
131410585	131410815
14322524	14322754
126045020	126045250
112078624	112078854
138044480	138044710
75011526	75011756
123964314	123964544
1940169	1940399
20512241	20512471
35311959	35312189
86452124	86452354
93959579	93959809
19946543	19946773
89714349	89714579
135569671	135569901
138618155	138618385
6230502	6230732
21559614	21559844
117714266	117714496
16335950	16336180
81481663	81481893
132250989	132251219
75575426	75575656
116917626	116917856
1018169	1018399
74771717	74771947
101013870	101014100
86087199	86087429
133814509	133814739
108007416	108007646
117498056	117498286
77281971	77282201
136315024	136315254
131940363	131940593
132257740	132257970
139686202	139686432
33329136	33329366
110803934	110804164
114803894	114804124
132891312	132891542
97298957	97299187
126896061	126896291
117247305	117247535
139748375	139748605
109655040	109655270
137489918	137490148
37472479	37472709
20880774	20881004
13447001	13447231
81780988	81781218
130841360	130841590
131316902	131317132
33785944	33786174
75214861	75215091
79906706	79906936
37407573	37407803
35813518	35813748
6566522	6566752
35814499	35814729
94065118	94065348
123697703	123697933
94791918	94792148
92044278	92044508
10045684	10045914
118135699	118135929
36203431	36203661
113299146	113299376
6495536	6495766
130753416	130753646
130856744	130856974
10855935	10856165
27125177	27125407
89598480	89598710
20612093	20612323
103462976	103463206
4644679	4644909
21812427	21812657
110803145	110803375
117496193	117496423
28915252	28915482
14846837	14847067
100658226	100658456
21781457	21781687
133414943	133415173
137552324	137552554
81547885	81548115
34492146	34492376
108061794	108062024
130566271	130566501
12988309	12988539
136856046	136856276
140330560	140330790
79073858	79074088
89472283	89472513
118996367	118996597
21782277	21782507
126687109	126687339
9998518	9998748
34929580	34929810
22124342	22124572
103086946	103087176
34374962	34375192
140376669	140376899
127172661	127172891
4985160	4985390
133708724	133708954
136002792	136003022
7657902	7658132
134609098	134609328
134552805	134553035
109806343	109806573
22457522	22457752
7844383	7844613
123785435	123785665
123546044	123546274
77575564	77575794
124499366	124499596
5863366	5863596
71130443	71130673
132095970	132096200
98172337	98172567
17625689	17625919
29850751	29850981
100853103	100853333
111241296	111241526
80422406	80422636
131317560	131317790
36924098	36924328
34178819	34179049
134293851	134294081
123630594	123630824
12860037	12860267
29556462	29556692
33125019	33125249
34646894	34647124
139736779	139737009
36141413	36141643
81836071	81836301
13992254	13992484
137167347	137167577
126841049	126841279
129925782	129926012
21454202	21454432
28925302	28925532
136832213	136832443
100883419	100883649
75343136	75343366
134175928	134176158
5633312	5633542
34773308	34773538
22137666	22137896
21549537	21549767
90113329	90113559
75886026	75886256
138133628	138133858
22683847	22684077
75794438	75794668
17900790	17901020
38035909	38036139
