49838149	49838454
103826900	103827131
126656794	126657069
121963511	121963732
39891593	39891840
119755923	119756192
101839260	101839510
121951322	121951555
80935878	80936116
124706056	124706269
141841268	141841507
134221579	134221816
48227877	48228092
28220986	28221217
127313300	127313522
36716494	36716729
40851316	40851556
17191551	17191799
80596914	80597132
6698239	6698476
127822222	127822431
37637425	37637671
102339265	102339500
138346916	138347152
40057221	40057448
25991303	25991547
8130781	8131035
8527244	8527508
28277098	28277332
8594479	8594709
67372078	67372287
81143089	81143316
90701469	90701675
130694333	130694557
123685791	123686011
141477363	141477585
42660457	42660666
125452682	125452909
82147542	82147769
120879445	120879658
135697885	135698111
28588299	28588514
95370019	95370234
127888910	127889166
10444903	10445123
66977251	66977470
38688293	38688510
126130702	126130916
141403987	141404213
10682906	10683114
17009965	17010172
55081975	55082185
134461753	134462004
23267919	23268145
124775720	124775943
23550197	23550425
28181879	28182100
127836724	127836944
130738621	130738830
122654572	122654812
123584600	123584833
26315522	26315741
80997354	80997577
8887398	8887608
91583341	91583547
39749624	39749823
57160921	57161112
125605257	125605480
67424496	67424716
29197793	29198036
101576292	101576534
124167050	124167267
96260993	96261198
38268215	38268419
6735487	6735704
118050191	118050397
17460200	17460406
59634295	59634497
133887809	133888010
130548094	130548321
120098716	120098985
101553090	101553303
27181349	27181547
118057010	118057217
59720548	59720788
141678471	141678681
24052056	24052281
32412282	32412503
119427275	119427472
22775960	22776187
104524337	104524545
99049389	99049610
31109666	31109862
138505133	138505349
124232934	124233126
74416756	74416952
121997209	121997409
103209702	103209919
145181441	145181654
118486646	118486851
131761981	131762194
17722132	17722349
42269947	42270156
100370854	100371056
98565732	98565935
94973244	94973450
38242563	38242764
6540028	6540229
135898727	135898927
26528131	26528341
71446750	71446967
49891598	49891811
37773783	37774003
119132866	119133086
118874375	118874588
94373396	94373601
42529280	42529469
144129702	144129930
132873360	132873553
30458329	30458525
100872075	100872282
94987448	94987666
26185003	26185211
29873666	29873878
57154551	57154766
110338162	110338353
66948827	66949025
53649755	53649955
24086909	24087148
40059344	40059559
71060300	71060493
86985675	86985884
25434776	25434984
124475159	124475352
29908637	29908848
27758629	27758871
135703610	135703815
8528151	8528359
109930720	109930921
142357060	142357293
120276277	120276480
24276834	24277042
102313659	102313881
31042904	31043085
22431945	22432179
104086146	104086342
124498828	124499056
52438685	52438898
131141919	131142096
30085233	30085426
130903963	130904149
8105407	8105623
22766559	22766776
23331869	23332093
68402597	68402794
94834631	94834837
25027732	25027949
114449981	114450200
16637376	16637574
105800144	105800333
141954371	141954563
130838535	130838747
29858393	29858595
131219922	131220106
33448526	33448728
49231346	49231559
19612220	19612420
42177237	42177440
38578963	38579173
129665679	129665867
125437589	125437782
139739718	139739921
144212533	144212722
38571905	38572095
19971451	19971654
74086618	74086830
30776546	30776742
17770191	17770387
87045497	87045666
9687013	9687216
18422493	18422694
72919558	72919744
142185080	142185283
14717748	14717939
22832171	22832393
53025033	53025249
40110708	40110920
19786436	19786643
19266011	19266206
101859392	101859606
17557155	17557339
123651200	123651384
126131425	126131633
12698259	12698439
132049253	132049446
77280134	77280340
11603904	11604106
62475886	62476069
62008747	62008919
29580554	29580793
24749363	24749570
98748651	98748831
36948455	36948646
19125193	19125410
132871898	132872083
19991275	19991467
144614337	144614541
41852876	41853065
22144856	22145064
30524463	30524639
135917817	135918021
61309485	61309685
81161880	81162103
23153742	23153928
30239831	30240045
134898423	134898614
91485066	91485254
117800703	117800902
42243044	42243238
121096900	121097071
6637216	6637404
1683708	1683898
101156267	101156453
24923150	24923331
99176042	99176238
120449784	120449964
66945999	66946205
70858493	70858662
23716905	23717091
131687829	131688019
119941935	119942121
90860543	90860734
119121077	119121276
24835283	24835464
23329934	23330141
82692816	82693028
122273193	122273397
49033808	49033993
109716125	109716295
95825797	95825986
37010810	37011001
95007001	95007187
190425	190589
90265613	90265796
97192402	97192597
28645367	28645549
25946235	25946429
20233786	20234006
42547724	42547924
22280163	22280358
141169778	141169970
22287889	22288081
18537859	18538053
86209714	86209896
90629360	90629530
126712974	126713160
73067508	73067704
27283768	27283953
27721418	27721631
66746886	66747077
23612793	23612994
100010188	100010379
70534044	70534212
118316434	118316635
146252191	146252369
95579955	95580133
146223090	146223278
18769800	18769992
62704698	62704880
10447721	10447909
27918685	27918858
123459761	123459936
15501687	15501885
74577803	74577967
67334085	67334266
55545486	55545659
95092074	95092266
72887544	72887724
118341286	118341461
110359208	110359389
67831690	67831873
8846920	8847104
38824074	38824246
10131470	10131658
48651542	48651730
120521998	120522186
140035458	140035652
70576082	70576264
134468080	134468255
80979473	80979649
103664140	103664319
120464230	120464400
122842379	122842561
101138274	101138439
125660016	125660200
8608324	8608502
19085140	19085314
30046075	30046261
98608136	98608326
107868825	107868998
126714881	126715054
42029259	42029431
81904231	81904427
90738141	90738313
11271296	11271477
21994938	21995136
16621928	16622165
19229684	19229851
142737211	142737390
6281521	6281694
41692301	41692501
16451511	16451727
102534039	102534215
33192340	33192505
16689275	16689450
134215207	134215405
41400309	41400486
30015178	30015371
27323217	27323399
53320260	53320430
55078812	55078996
59307846	59308037
37557886	37558078
53878490	53878663
117460215	117460396
101693182	101693379
8923330	8923535
11816468	11816657
16975467	16975634
52921098	52921306
66474368	66474545
18656447	18656628
115466788	115466948
112809532	112809713
39847395	39847572
97176657	97176816
104776637	104776807
73232164	73232326
13519809	13519981
143553335	143553521
126841077	126841247
74585333	74585503
142396914	142397113
59614389	59614565
113774243	113774416
71580679	71580866
27584843	27585025
79144667	79144831
52926977	52927136
20089371	20089549
117899817	117899998
76169594	76169772
128746291	128746485
94706420	94706599
67601237	67601409
75278448	75278619
19727923	19728092
72740236	72740435
27454748	27454921
62156627	62156791
95003626	95003822
70854673	70854856
32964219	32964405
137944225	137944391
58333207	58333376
101688902	101689080
8637259	8637461
99717876	99718037
81910595	81910787
41470390	41470546
91960604	91960772
27172886	27173065
55482231	55482406
81595253	81595427
49084797	49084980
95369406	95369566
27062604	27062774
94468364	94468527
11623074	11623255
121135810	121135988
58255952	58256145
71751982	71752170
107604097	107604260
53333536	53333697
116089016	116089204
142394783	142394967
6687715	6687878
130709470	130709639
11801249	11801430
103598088	103598267
67521673	67521830
82166225	82166405
125438323	125438490
75765744	75765907
124070642	124070815
29172358	29172505
87715693	87715865
104719642	104719810
17776977	17777148
21772946	21773100
79885078	79885241
139698844	139699012
23447166	23447307
24369122	24369304
76217580	76217755
60834194	60834384
27713091	27713281
32081138	32081298
60964795	60964954
22094889	22095063
133067797	133067970
22530595	22530801
9195887	9196055
80565048	80565227
30027837	30028019
53408816	53408976
124077964	124078113
97239577	97239702
50213780	50213950
81492190	81492366
58909636	58909803
18938511	18938677
110732574	110732734
38713749	38713919
85538541	85538720
61325178	61325342
79632673	79632811
126924251	126924425
142322558	142322727
39130536	39130700
11137109	11137272
27459681	27459839
109902691	109902869
54721418	54721574
140418105	140418276
82503204	82503368
24102595	24102760
139779968	139780135
108825760	108825909
72732287	72732429
87368999	87369163
41559308	41559495
1972294	1972453
10786046	10786197
103823181	103823349
106945389	106945562
28451570	28451748
18054910	18055072
40207995	40208190
66674196	66674352
82190068	82190222
143946388	143946545
78310597	78310762
9618119	9618293
59372297	59372466
118627683	118627860
69489781	69489936
123745906	123746073
69402995	69403171
55344380	55344535
101847836	101847973
122261139	122261311
20238403	20238565
19616176	19616307
131107042	131107207
126606379	126606565
54764130	54764285
56941497	56941670
110747608	110747752
28994831	28994979
107775388	107775548
10696466	10696638
73199462	73199618
79419892	79420042
141646237	141646413
145056704	145056871
55464330	55464506
141647558	141647725
41998243	41998414
105430357	105430517
23796214	23796386
122761488	122761648
53854251	53854406
118342464	118342628
64303964	64304121
87100887	87101037
86363920	86364048
92248783	92248940
126709063	126709211
28861947	28862069
105772018	105772174
92405814	92405953
2034575	2034722
76314353	76314514
132816551	132816708
17999328	17999492
99483431	99483583
57837908	57838070
131893954	131894118
12899923	12900092
61573166	61573323
1840650	1840804
4854627	4854778
95725709	95725870
75257054	75257200
134465674	134465818
115801490	115801646
64213392	64213547
101271257	101271427
89725319	89725485
127579224	127579380
63896704	63896868
28491337	28491493
120719862	120719988
63924397	63924554
143528947	143529090
18671786	18671932
110664760	110664926
80009698	80009841
22446655	22446807
79163051	79163191
66860834	66860979
117863522	117863643
89332909	89333051
32175349	32175487
47579917	47580076
106785294	106785432
12724488	12724612
73759506	73759641
98572327	98572471
114184084	114184223
24272619	24272758
131663392	131663547
21641951	21642110
17581914	17582062
73201191	73201326
90730606	90730736
142171101	142171237
28984781	28984929
120875377	120875508
56972803	56972952
94139984	94140134
22225425	22225557
125385018	125385168
117560651	117560770
102345241	102345398
134581982	134582139
24763590	24763725
28479842	28480008
124034770	124034903
53861843	53861998
125050096	125050248
80527770	80527919
66618393	66618532
71657865	71658021
129335019	129335130
68733131	68733280
113813461	113813582
94648167	94648313
109092794	109092923
18726009	18726154
61048782	61048913
96249504	96249636
32785469	32785603
22480502	22480659
122188896	122189041
9688574	9688690
86202453	86202605
39709506	39709637
9008228	9008379
124778574	124778678
12891490	12891639
26007599	26007720
5997566	5997717
36932880	36933026
103284801	103284940
28650988	28651110
119824286	119824409
107717419	107717545
104116527	104116668
10502146	10502297
101950922	101951047
102644848	102644971
37709080	37709227
33539118	33539248
1978835	1978969
144818779	144818905
101031590	101031733
121618016	121618165
26548332	26548476
126559295	126559460
127287647	127287805
38029200	38029331
87056427	87056574
126741629	126741739
102108013	102108151
124835760	124835906
115858965	115859091
79344204	79344330
55078447	55078586
145982656	145982783
57841795	57841935
54775949	54776099
64086400	64086515
91513696	91513816
53396647	53396776
32411537	32411700
13512714	13512830
27621460	27621593
103597538	103597665
26428871	26429014
32240887	32240994
98834354	98834465
54500744	54500874
120886783	120886897
146012831	146012950
125550718	125550839
72723149	72723274
32406662	32406814
10190341	10190484
67351281	67351407
74961214	74961328
117728027	117728140
99097888	99098008
145566811	145566951
53636766	53636885
2241487	2241607
10405698	10405842
52722960	52723075
63015466	63015581
105524901	105525028
57006339	57006462
108920715	108920814
33101838	33101914
119431430	119431505
20292901	20293042
42948533	42948653
81003974	81004044
11422184	11422302
62565467	62565590
105454653	105454771
107777591	107777714
142193666	142193790
19981329	19981453
39853319	39853444
86059778	86059893
65330345	65330461
85517102	85517196
28348287	28348413
79833674	79833807
52763182	52763294
128413050	128413116
50947566	50947680
27449826	27449972
74217836	74218066
19637165	19637272
99570417	99570525
62722649	62722780
127711367	127711454
145575214	145575328
53490421	53490544
118605463	118605571
101539312	101539393
142094539	142094665
123807402	123807514
47868801	47868949
105789149	105789258
123248574	123248717
133157296	133157398
9899267	9899379
120082829	120082981
23019517	23019620
42315645	42315762
99953336	99953442
97345511	97345634
133663810	133663933
32593906	32594018
144976803	144976920
21911645	21911710
22941836	22941940
58026371	58026488
110573973	110574107
126970152	126970252
17766303	17766424
23789710	23789816
14121995	14122110
96902863	96903093
11424728	11424846
17772438	17772545
102171149	102171279
18066536	18066644
134508760	134508883
108081000	108081121
96037042	96037164
91013107	91013241
142441677	142441785
145693107	145693337
145597502	145597732
65370517	65370631
59425903	59426011
13516918	13517031
82463960	82464072
136478249	136478334
50826414	50826553
34748845	34748947
27930398	27930506
74566342	74566454
22004400	22004513
17356915	17357032
68251888	68252000
123091281	123091392
61936168	61936265
103819893	103819963
73825423	73825538
142468440	142468507
123360377	123360448
55390794	55390891
91093698	91093812
104291399	104291629
87631395	87631479
133204380	133204508
2672127	2672229
57350530	57350638
55671469	55671584
62669110	62669340
94654060	94654166
126242983	126243213
124172806	124172902
87883396	87883529
61523693	61523791
144465920	144466011
90084020	90084135
13235340	13235445
110328524	110328640
75000426	75000656
102658646	102658757
120653758	120653817
85560635	85560732
21894424	21894529
119674763	119674879
79837153	79837218
56492469	56492569
55649092	55649168
56727718	56727948
55614304	55614387
122682096	122682195
72930892	72931006
58487942	58488034
41386469	41386538
109085517	109085605
6673903	6673999
28692788	28692897
137726494	137726603
144594879	144594991
56794147	56794240
73104274	73104375
35009899	35009983
80647623	80647714
95339724	95339830
83219924	83220036
104022898	104022990
120429190	120429270
93830688	93830783
20081339	20081569
39896039	39896129
128190827	128191057
6282699	6282929
17058281	17058393
99182374	99182486
95917602	95917705
78814907	78815014
90996927	90996987
141210424	141210508
30140499	30140729
23103777	23103852
105142475	105142705
25473422	25473529
119485381	119485444
134012454	134012519
128755286	128755516
3142263	3142350
32403921	32404151
142037059	142037139
82563701	82563764
35998804	35999034
120366401	120366631
76560555	76560667
126618735	126618843
55122298	55122369
22022058	22022288
6893399	6893503
36631189	36631419
145288664	145288722
127396073	127396169
22871952	22872057
64078336	64078442
59933898	59933998
29034631	29034725
146095186	146095298
91522297	91522382
90579712	90579942
82908713	82908800
70437943	70438173
106794130	106794214
132928800	132929030
30404886	30404961
67341066	67341296
140353197	140353427
41833059	41833289
143716164	143716279
26231639	26231869
123479481	123479551
87137396	87137626
121072937	121073167
59521183	59521413
124031292	124031382
62526534	62526764
130315712	130315942
109278812	109278914
54923121	54923210
101874006	101874095
23606549	23606779
145909789	145909885
22613880	22614019
27943184	27943264
21763553	21763783
93081569	93081672
30599352	30599582
427597	427827
38269144	38269374
30964970	30965200
92093993	92094081
117920284	117920514
33663397	33663494
58404008	58404087
98594802	98595032
86133028	86133090
106730312	106730542
27761307	27761537
36634097	36634327
71747229	71747459
131314787	131315017
10275410	10275492
76284764	76284994
63043765	63043995
142179208	142179438
17612622	17612852
28742160	28742390
37248096	37248187
57114840	57115070
107845680	107845910
25367420	25367650
127616164	127616394
122723177	122723407
115103125	115103355
11267056	11267144
126137945	126138036
61385893	61386123
17352734	17352964
6232200	6232273
145800884	145801114
141447824	141448054
27192166	27192396
62381387	62381617
100617362	100617423
57883456	57883686
82553769	82553999
22658239	22658338
57101796	57102026
104807772	104808002
101522448	101522678
70025373	70025477
129871483	129871713
53608023	53608081
126283708	126283938
121076096	121076164
144483397	144483627
108792092	108792322
19615348	19615578
127079215	127079445
120781291	120781521
21779592	21779822
23020953	23021183
146245462	146245692
130951851	130952081
75002772	75003002
100818975	100819205
6188917	6188991
131530531	131530761
37853951	37854014
22876798	22877028
72687328	72687558
39411039	39411269
29732644	29732716
64023683	64023913
144110848	144110917
11759821	11760051
18130628	18130858
29778015	29778245
96317687	96317917
43291241	43291325
59301389	59301471
52576163	52576393
111038767	111038997
90996248	90996478
3394058	3394288
79305741	79305971
119850114	119850344
96531544	96531774
33329213	33329443
114390974	114391058
27472277	27472507
38041971	38042201
126537579	126537809
70468535	70468765
106437220	106437450
112946716	112946946
21953113	21953343
135855961	135856191
141442153	141442383
24519924	24520154
63077962	63078192
64134865	64135095
48265901	48266131
92003519	92003577
104762212	104762442
82214827	82215057
95625177	95625407
111844775	111844852
73907178	73907408
103820691	103820921
139711176	139711406
13585261	13585491
123628784	123629014
129281803	129282033
28627224	28627454
119917503	119917733
144512979	144513209
65294728	65294958
131217922	131218152
4695392	4695622
29178021	29178086
142086079	142086309
57700142	57700372
55084350	55084580
60127743	60127818
140260365	140260595
143799586	143799816
99176890	99177120
143690465	143690695
1729470	1729700
120063703	120063933
90409840	90410070
26394341	26394571
42129176	42129406
57354277	57354507
104277298	104277528
9226571	9226801
143791839	143791944
33278788	33278853
6786156	6786386
42011032	42011093
136464676	136464906
8567860	8568090
128749982	128750212
81524858	81525088
104385511	104385741
65480261	65480491
76593674	76593904
105504525	105504755
145634703	145634933
41801723	41801953
21104348	21104578
126245140	126245370
30462582	30462812
126286151	126286381
41685593	41685823
24857492	24857722
23104291	23104521
6116075	6116305
29317237	29317467
74224639	74224869
142637034	142637092
29412933	29413163
42071767	42071997
130832416	130832646
99341163	99341393
141937517	141937747
124890339	124890400
65608223	65608453
138859335	138859565
69648583	69648813
90624139	90624369
128508710	128508940
86375455	86375685
62623600	62623830
53191334	53191564
112456526	112456756
88707503	88707733
91013417	91013647
215817	216047
132258134	132258364
22445299	22445529
126649699	126649929
128577368	128577598
24010917	24011147
62528121	62528351
71000874	71001104
6429827	6430057
131027468	131027698
102237820	102238050
142083185	142083415
113819122	113819352
144918681	144918911
117924940	117925170
131616585	131616815
79546222	79546452
126557866	126558096
122586738	122586968
144302589	144302819
130047299	130047529
29316595	29316825
28602638	28602868
69985158	69985388
131814919	131815149
18925070	18925300
135918429	135918659
134306572	134306802
139178009	139178239
106034552	106034782
115857491	115857721
145539674	145539904
15978176	15978406
115631307	115631537
37788945	37789175
31453663	31453893
40230978	40231208
126541085	126541315
32020238	32020468
138168481	138168711
22452781	22453011
131776842	131777072
96770950	96771180
19243469	19243699
128843923	128844153
110463233	110463463
131540093	131540323
126422861	126423091
40065885	40066115
40983689	40983919
114384652	114384882
144926266	144926342
48114865	48115095
101912685	101912915
96069203	96069433
95586440	95586670
131428864	131429094
145704407	145704637
143555098	143555328
29784257	29784487
32211079	32211309
29609793	29610023
21952790	21953020
102110847	102111077
10399669	10399899
48282005	48282235
11104480	11104710
101471035	101471265
140643153	140643383
126444372	126444549
134394249	134394479
130740844	130741074
100298981	100299211
92088894	92089124
104048862	104049092
122709748	122709978
90894911	90895141
37250771	37251001
91007855	91008085
76395646	76395876
128519660	128519890
103875320	103875550
141216577	141216807
90958221	90958451
67192955	67193185
89727933	89728163
108508124	108508354
29628016	29628246
2027662	2027892
111842782	111843012
142183349	142183579
20898670	20898900
82424739	82424969
19522912	19523142
120213023	120213253
143705464	143705694
16463221	16463451
100180434	100180664
25041185	25041415
124936961	124937191
119522793	119523023
11269071	11269301
120189477	120189707
120191760	120191990
87905218	87905448
144397101	144397185
125901051	125901281
102039645	102039875
130744100	130744330
142070051	142070281
101322702	101322932
89302034	89302264
100850340	100850570
121968973	121969203
8524691	8524921
120516587	120516817
65487673	65487903
121358031	121358261
37037422	37037652
134571754	134571984
104157896	104158126
130699697	130699927
74268507	74268737
78518518	78518748
102217256	102217486
134372347	134372577
26621726	26621956
1644013	1644243
100878140	100878370
107016659	107016889
19128734	19128964
87797488	87797718
69170182	69170412
8468921	8469151
121820915	121821145
32082867	32083097
107205425	107205655
109735226	109735456
10538554	10538784
106918738	106918968
15235852	15236082
146127394	146127624
134045480	134045710
106918198	106918428
69306892	69307122
27441187	27441417
37851227	37851457
111059923	111060153
119515785	119516015
11411313	11411543
99370391	99370621
66938939	66939169
55195876	55196106
128748386	128748616
107534102	107534332
38625878	38626108
59156959	59157189
143863960	143864190
72566670	72566900
76710219	76710449
141302194	141302424
85944261	85944491
88594230	88594460
126231611	126231841
103612924	103613154
33282193	33282423
23145403	23145633
22419413	22419643
97022158	97022388
80399713	80399943
142238671	142238901
121433908	121434138
119495635	119495865
41287678	41287908
19589957	19590187
18176736	18176966
126290614	126290844
8522018	8522248
101378202	101378432
19170360	19170590
122176349	122176579
94995294	94995524
119856032	119856262
130573433	130573663
22406792	22407022
133064205	133064435
29532765	29532995
121465057	121465287
33373571	33373801
126525461	126525691
47916884	47917114
128864313	128864543
8800207	8800437
98271315	98271545
125042683	125042913
6321301	6321531
19204002	19204232
6776881	6777111
11703045	11703275
22046384	22046614
97145047	97145277
102768586	102768816
64515247	64515477
23841961	23842191
26942745	26942975
56923221	56923451
131704540	131704770
30413434	30413664
124789244	124789474
139963774	139964004
128738021	128738251
78059754	78059984
118031602	118031832
6733198	6733428
29270943	29271173
126464314	126464544
98655757	98655987
53836715	53836945
131540661	131540891
29631483	29631713
30670339	30670569
53627852	53628082
37552684	37552914
140718086	140718316
19521107	19521337
38899460	38899690
10656303	10656533
62380138	62380368
37978187	37978417
26519389	26519619
95834913	95835143
29595045	29595275
95430087	95430317
6658284	6658514
59801906	59802136
17323948	17324178
9534541	9534771
141768468	141768698
115059243	115059473
102149506	102149736
119974204	119974434
144065864	144066094
41685920	41686150
5934333	5934563
125936964	125937194
29413886	29414116
8153794	8154024
129188913	129189143
122001461	122001691
122824145	122824375
106154587	106154817
49978248	49978478
76061312	76061542
11447035	11447265
123197909	123198139
29533108	29533338
8395340	8395570
13104451	13104681
120657380	120657610
145150987	145151217
95284636	95284866
21376276	21376506
78513107	78513337
26052916	26053146
49701337	49701567
103449107	103449337
22760224	22760454
51627635	51627865
125259293	125259523
102264582	102264812
37659234	37659464
23386129	23386359
133501868	133502098
59924832	59925062
144467221	144467451
123173159	123173389
41003944	41004174
24245216	24245446
99853172	99853402
18985837	18986067
80695794	80696024
119452000	119452230
128047719	128047949
56991737	56991967
131583702	131583932
28213147	28213377
72523066	72523296
92467752	92467982
74790157	74790387
76638487	76638717
26558708	26558938
63544475	63544705
37395780	37396010
49863474	49863704
29360549	29360779
67089126	67089356
89215680	89215910
122157767	122157997
8243083	8243313
69672237	69672467
109508840	109509070
92355828	92356058
138903204	138903434
436658	436888
141844981	141845211
61526477	61526707
106104653	106104883
105338291	105338521
126650080	126650310
10282725	10282955
127522603	127522833
116140140	116140370
128352374	128352604
105690926	105691156
82645036	82645266
142204269	142204499
142045545	142045775
29694114	29694344
13549333	13549563
49541191	49541421
117939505	117939735
58991525	58991755
19936549	19936779
134418880	134419110
142216657	142216887
41393467	41393697
37924716	37924946
74322726	74322956
141807099	141807329
82783204	82783434
9178170	9178400
141474333	141474563
119862303	119862533
112976521	112976751
103714189	103714419
7771045	7771275
59714064	59714294
100855869	100856099
82802750	82802980
8458267	8458497
101504402	101504632
10671746	10671976
120145494	120145724
141780385	141780615
80696339	80696569
95604595	95604825
37409146	37409376
29369182	29369412
23411757	23411987
103422874	103423104
125966026	125966256
124001024	124001254
124229343	124229573
142518115	142518345
91770585	91770815
17142391	17142621
25910780	25911010
41160422	41160652
58094810	58095040
129189252	129189482
18992065	18992295
47484571	47484801
62637400	62637630
139712664	139712894
29994882	29995112
34806204	34806434
103743291	103743521
102135544	102135774
66280138	66280368
145051319	145051549
38592175	38592405
117883068	117883298
29208583	29208813
122177602	122177832
80200338	80200568
78222780	78223010
49534325	49534555
141319761	141319991
62718164	62718394
50967592	50967822
126852164	126852394
10586164	10586394
24013788	24014018
126602350	126602580
144065551	144065781
40030395	40030625
123706400	123706630
4691455	4691685
131376914	131377144
102076040	102076270
17434407	17434637
100694776	100695006
29370911	29371141
119065846	119066076
143734973	143735203
109152074	109152304
67388871	67389101
29710885	29711115
80705912	80706142
103045065	103045295
35744709	35744939
120992521	120992751
122788552	122788782
67448087	67448317
122252792	122253022
41702358	41702588
101586288	101586518
119890712	119890942
38561010	38561240
102130118	102130348
90113083	90113313
119427959	119428189
17623915	17624145
111365499	111365729
29829444	29829674
135489072	135489302
80720143	80720373
29522679	29522909
119043942	119044172
40954493	40954723
96398858	96399088
98852189	98852419
69766397	69766627
92265584	92265814
66945557	66945787
29512950	29513180
8749597	8749827
102100827	102101057
143561833	143562063
39184947	39185177
23780199	23780429
65311893	65312123
57183406	57183636
85966721	85966951
30088209	30088439
62826109	62826339
27373442	27373672
53883239	53883469
55150930	55151160
32582683	32582913
119893820	119894050
24050563	24050793
48425068	48425298
86999511	86999741
29526861	29527091
26008875	26009105
29815848	29816078
64058270	64058500
21481520	21481750
19061223	19061453
125259769	125259999
87059078	87059308
144691135	144691365
40850249	40850479
108544558	108544788
30130297	30130527
29856695	29856925
48079043	48079273
87015076	87015306
37194319	37194549
6921112	6921342
135695144	135695374
23211539	23211769
101429434	101429664
18776680	18776910
64177949	64178179
8146135	8146365
80677522	80677752
58970340	58970570
120190746	120190976
129944541	129944771
8241183	8241413
67434874	67435104
81260198	81260428
32546378	32546608
138168845	138169075
22551784	22552014
116286368	116286598
134387757	134387987
101732981	101733211
37782117	37782347
55360980	55361210
18646272	18646502
8514136	8514366
22224469	22224699
142044720	142044950
101427488	101427718
23605366	23605596
25032756	25032986
62641978	62642208
63052332	63052562
40207542	40207772
30914374	30914604
10834743	10834973
31322068	31322298
50180412	50180642
145024094	145024324
98182908	98183138
27974914	27975144
80941846	80942076
54722449	54722679
54654740	54654970
102463978	102464208
142243994	142244224
101348491	101348721
102063485	102063715
143375010	143375240
26295201	26295431
53436064	53436294
56226018	56226248
101732279	101732509
25333254	25333484
22961838	22962068
107093284	107093514
143626991	143627221
66375892	66376122
66845718	66845948
69095677	69095907
21349995	21350225
23213640	23213870
142164315	142164545
88844430	88844660
53737863	53738093
82620882	82621112
80964825	80965055
16574519	16574749
33326912	33327142
36892208	36892438
91479844	91480074
81110394	81110624
121621647	121621877
40272423	40272653
98881710	98881940
106952268	106952498
25052912	25053142
124428481	124428711
55294518	55294748
47619884	47620114
123792385	123792615
146125630	146125860
38795102	38795332
126272431	126272661
102015848	102016078
54148660	54148890
23817956	23818186
93824544	93824774
81152896	81153126
94892568	94892798
126479336	126479566
108793828	108794058
129209953	129210183
120066297	120066527
101919135	101919365
125212315	125212545
91657122	91657352
23755420	23755650
101773644	101773874
54798048	54798278
138159182	138159412
29413134	29413364
62634692	62634922
7255363	7255593
68707248	68707478
11161993	11162223
38781896	38782126
117902463	117902693
95820869	95821099
54798510	54798740
104137199	104137429
51052320	51052550
37066616	37066846
23396533	23396763
6725891	6726121
29513647	29513877
125462501	125462731
50753972	50754202
41943278	41943508
124194610	124194840
102038588	102038818
89952228	89952458
19518708	19518938
65341547	65341777
30389655	30389885
126424696	126424926
138738271	138738501
32284281	32284511
23600012	23600242
118929905	118930135
27805837	27806067
117778454	117778684
80264467	80264697
131840661	131840891
80711859	80712089
81253566	81253796
40795010	40795240
29624754	29624984
126475281	126475511
142238024	142238254
29493546	29493776
102268075	102268305
122101695	122101925
140663414	140663644
142048534	142048764
37551931	37552161
75086307	75086537
79955864	79956094
101170649	101170879
126568590	126568820
131391956	131392186
95463213	95463443
10510499	10510729
104808991	104809221
54857592	54857822
146030414	146030644
70241950	70242180
48909870	48910100
66944624	66944854
22530227	22530457
128872040	128872270
132869048	132869278
102516871	102517101
75054586	75054816
145955517	145955747
61620794	61621024
37559201	37559431
53732665	53732895
74414736	74414966
145669461	145669691
42397275	42397505
40809162	40809392
8127995	8128225
98787268	98787498
8932672	8932902
99559254	99559484
94752768	94752998
125639049	125639279
896856	897086
53625747	53625977
31156454	31156684
98656365	98656595
72743639	72743869
141248474	141248704
8191459	8191689
30394985	30395215
131054568	131054798
126929373	126929603
113408630	113408860
61145874	61146104
26240323	26240553
143210250	143210480
144300756	144300986
38796051	38796281
38796670	38796900
49426720	49426950
62694226	62694456
144025063	144025293
75878105	75878335
97340299	97340529
145049070	145049300
86211465	86211695
113475556	113475786
90862837	90863067
37643571	37643801
90074008	90074238
145014806	145015036
121798039	121798269
126142157	126142387
119685913	119686143
141801472	141801702
121136539	121136769
29612588	29612818
49416717	49416947
142171862	142172092
126442436	126442666
125022471	125022701
75557926	75558156
57930388	57930618
81542422	81542652
66557360	66557590
126441723	126441953
29205187	29205417
117902912	117903142
22674045	22674275
135643815	135644045
72947476	72947706
102063965	102064195
28642217	28642447
116681060	116681290
27058576	27058806
134657546	134657776
134368502	134368732
126556297	126556527
95071614	95071844
49836110	49836340
122755319	122755549
118631676	118631906
33497772	33498002
122754089	122754319
127406267	127406497
62646123	62646353
29351281	29351511
128822459	128822689
118875842	118876072
62702436	62702666
86084079	86084309
49831228	49831458
133780827	133781057
8313371	8313601
126265529	126265759
24076323	24076553
82106236	82106466
37185884	37186114
80425351	80425581
60607299	60607529
62698633	62698863
143897795	143898025
134353336	134353566
39912222	39912452
49788698	49788928
102648028	102648258
144136193	144136423
89994193	89994423
26434560	26434790
119123114	119123344
94381318	94381548
4399464	4399694
80455906	80456136
4732933	4733163
19472211	19472441
25045818	25046048
141320313	141320543
143316574	143316804
118896543	118896773
38255171	38255401
134228765	134228995
581011	581241
8485138	8485368
106672808	106673038
80238495	80238725
37159648	37159878
79933246	79933476
19675661	19675891
114478768	114478998
11828097	11828327
96640228	96640458
125241244	125241474
40016624	40016854
128176013	128176243
101870642	101870872
29576889	29577119
67036192	67036422
19577195	19577425
112265440	112265670
33482194	33482424
26311564	26311794
27182894	27183124
130996639	130996869
142167292	142167522
123147011	123147241
68934473	68934703
115400506	115400736
29083263	29083493
19066972	19067202
103770912	103771142
27741974	27742204
53082242	53082472
40382117	40382347
144481281	144481511
21408800	21409030
125238748	125238978
6483761	6483991
36931080	36931310
5877862	5878092
62672841	62673071
131495565	131495795
122612328	122612558
66886059	66886289
62634044	62634274
120413892	120414122
20042412	20042642
14314705	14314935
89911066	89911296
145060230	145060460
122005550	122005780
28747448	28747678
19436400	19436630
94372622	94372852
95905858	95906088
129440409	129440639
71315526	71315756
125283731	125283961
31985592	31985822
57235349	57235579
48266286	48266516
5790200	5790430
11173486	11173716
37086651	37086881
22422104	22422334
119100937	119101167
101960243	101960473
38783381	38783611
72880806	72881036
8244536	8244766
62674324	62674554
119982081	119982311
131733873	131734103
5917503	5917733
145719615	145719845
104219613	104219843
98446488	98446718
96515712	96515942
128773159	128773389
17324555	17324785
100908577	100908807
75879164	75879394
50142976	50143206
143905711	143905941
4919939	4920169
8864153	8864383
101428038	101428268
126322053	126322283
98800233	98800463
8932333	8932563
125274094	125274324
95078087	95078317
139126626	139126856
108291168	108291398
126444707	126444937
33423726	33423956
102264904	102265134
139115084	139115314
142309597	142309827
22543247	22543477
54199317	54199547
143758666	143758896
102388345	102388575
86848274	86848504
27749359	27749589
125979331	125979561
124934715	124934945
28893079	28893309
101679862	101680092
80212426	80212656
133227824	133228054
95231895	95232125
71227854	71228084
122600731	122600961
138167554	138167784
38326037	38326267
126692541	126692771
23238460	23238690
10009842	10010072
23202812	23203042
130036253	130036483
10651341	10651571
55318039	55318269
94850065	94850295
38749624	38749854
143750649	143750879
117913513	117913743
144140148	144140378
138199434	138199664
134061970	134062200
40011916	40012146
18605454	18605684
128218433	128218663
29685971	29686201
142048070	142048300
129209548	129209778
18815153	18815383
73856308	73856538
98941998	98942228
6713667	6713897
41278644	41278874
29939798	29940028
128681031	128681261
120217396	120217626
57806929	57807159
129701325	129701555
41247466	41247696
558844	559074
24062506	24062736
128585620	128585850
144601565	144601795
65831067	65831297
11711496	11711726
27493722	27493952
59447458	59447688
1734705	1734935
27730095	27730325
25336927	25337157
26095406	26095636
115183121	115183351
102559554	102559784
17231469	17231699
119808920	119809150
22926531	22926761
544911	545141
58057981	58058211
39917104	39917334
101426673	101426903
110564282	110564512
57530701	57530931
137670853	137671083
144516924	144517154
22844547	22844777
76527084	76527314
29940448	29940678
126517772	126518002
40558144	40558374
37684101	37684331
18812386	18812616
19649571	19649801
126516818	126517048
127881698	127881928
39771306	39771536
125284315	125284545
23082502	23082732
27788921	27789151
19028721	19028951
49179373	49179603
101494425	101494655
124889230	124889460
119973723	119973953
62675066	62675296
123689783	123690013
96114894	96115124
122132405	122132635
40273515	40273745
145735118	145735348
30765990	30766220
29147052	29147282
101494772	101495002
42575624	42575854
124203510	124203740
119960962	119961192
134594371	134594601
142109286	142109516
103801111	103801341
24608325	24608555
28258605	28258835
8405109	8405339
99847657	99847887
121755604	121755834
66697339	66697569
138203232	138203462
134686555	134686785
16575229	16575459
53027337	53027567
18138171	18138401
128866871	128867101
82756680	82756910
32189218	32189448
130760703	130760933
64174534	64174764
24080294	24080524
41628116	41628346
141644074	141644304
142245668	142245898
146052077	146052307
8109139	8109369
27474683	27474913
49586793	49587023
5828382	5828612
17198671	17198901
77318319	77318549
49414186	49414416
53756509	53756739
87570461	87570691
142249723	142249953
144074843	144075073
17995297	17995527
142957868	142958098
120547568	120547798
75083710	75083940
53633859	53634089
55181525	55181755
38895740	38895970
99395416	99395646
145017216	145017446
116111590	116111820
67025497	67025727
134842703	134842933
37160053	37160283
142078307	142078537
19520171	19520401
37396441	37396671
17206190	17206420
113988225	113988455
126443530	126443760
109132558	109132788
90849729	90849959
145010727	145010957
102022007	102022237
102347981	102348211
119936450	119936680
120189106	120189336
119120105	119120335
79764459	79764689
141241232	141241462
66549035	66549265
50146493	50146723
78921519	78921749
23405338	23405568
145022640	145022870
22932273	22932503
40246557	40246787
95397342	95397572
19052056	19052286
101801207	101801437
130910935	130911165
76990379	76990609
62679813	62680043
76187454	76187684
62248585	62248815
22643095	22643325
23710977	23711207
49896996	49897226
103803312	103803542
106920541	106920771
144640449	144640679
60001208	60001438
134230143	134230373
72778825	72779055
37888385	37888615
132828684	132828914
106082312	106082542
144578302	144578532
115242336	115242566
126570647	126570877
129195582	129195812
42928745	42928975
131454655	131454885
29718864	29719094
29430729	29430959
126527046	126527276
124050571	124050801
126676794	126677024
19944230	19944460
40457956	40458186
15420134	15420364
49230928	49231158
43303196	43303426
66629611	66629841
22085357	22085587
53403714	53403944
49786250	49786480
25781443	25781673
107589904	107590134
130983874	130984104
22745482	22745712
143684995	143685225
16689650	16689880
125878880	125879110
37005552	37005782
119119612	119119842
124322985	124323215
23364917	23365147
19041584	19041814
64029702	64029932
120219316	120219546
31246536	31246766
38288757	38288987
94294342	94294572
103597036	103597266
60214679	60214909
105402201	105402431
37824701	37824931
98703887	98704117
59763517	59763747
112428423	112428653
10657413	10657643
102299427	102299657
20400497	20400727
142098608	142098838
130639385	130639615
28226778	28227008
144078775	144079005
39898785	39899015
22131739	22131969
128845401	128845631
134587648	134587878
101862815	101863045
8188226	8188456
119504167	119504397
21669769	21669999
6815655	6815885
123613881	123614111
18305624	18305854
102054560	102054790
131074347	131074577
28527228	28527458
102340592	102340822
142137394	142137624
