42709435	42709684
49604336	49604587
34726606	34726851
36162877	36163113
32900537	32900814
55125748	55125992
47950523	47950788
33732981	33733213
44399859	44400087
45901625	45901861
47274325	47274580
33461916	33462160
33796257	33796471
61422809	61423110
30200661	30200975
43089515	43089741
42745382	42745613
43672789	43673008
50211595	50211826
34472193	34472457
52713362	52713568
33166984	33167199
5509626	5509848
50700258	50700480
9959125	9959409
48737451	48737701
48802845	48803089
32657705	32657924
42818922	42819152
43362066	43362310
52486383	52486611
47521637	47521864
52816246	52816461
52814606	52814826
46012792	46013069
43951665	43951886
11254783	11255011
55152636	55152851
4089357	4089590
32717541	32717741
48158335	48158566
52164362	52164569
39619243	39619473
39597444	39597668
43639817	43640029
50745123	50745326
43238674	43238914
42846071	42846282
43313909	43314148
49404609	49404826
43919590	43919819
31683813	31684059
37380080	37380265
48225517	48225744
1484341	1484601
50677695	50677914
43017236	43017447
3297323	3297525
48785954	48786159
35067916	35068132
56229431	56229644
42077700	42077899
34051630	34051824
62169346	62169559
11657300	11657499
34583019	34583226
43015216	43015417
43100154	43100355
42473382	42473699
31262216	31262418
52556496	52556715
32778486	32778692
5769070	5769284
33891707	33891934
55921527	55921738
50255866	50256094
34787738	34787936
29901231	29901427
14318304	14318509
52195388	52195593
31240769	31241001
56089392	56089604
4587981	4588173
36851151	36851345
49988916	49989124
56070348	56070552
30311734	30311938
49280052	49280264
5173052	5173250
31109588	31109804
35898157	35898374
43724515	43724721
52836468	52836655
48462833	48463038
52679358	52679567
34099746	34099939
36686008	36686230
335201	335418
35548216	35548406
35515676	35515872
44221314	44221527
17517671	17517872
56784933	56785154
53263462	53263651
46250014	46250194
46924423	46924627
44065582	44065797
42843770	42843978
61334873	61335068
22319846	22320038
50582944	50583141
3994705	3994911
61299945	61300138
35185004	35185212
61454208	61454406
16741969	16742162
42166827	42167016
47237598	47237801
44174818	44175003
33293231	33293435
32045077	32045277
45149731	45149910
37740794	37740983
62212223	62212407
43948267	43948458
48687869	48688084
49196576	49196787
61640497	61640692
39591700	39591888
10534114	10534305
62751853	62752047
19643127	19643309
34580729	34580938
6123154	6123335
42038049	42038212
796761	796951
46354187	46354382
4701424	4701616
48150870	48151037
61854794	61854993
36701944	36702140
56812241	56812426
14122849	14123048
57445429	57445621
48505096	48505299
31490374	31490563
60957860	60958045
37676780	37676957
48702096	48702263
6616974	6617169
49077351	49077571
43312252	43312455
45066890	45067068
11524782	11524965
12951027	12951198
31377944	31378135
46292602	46292801
22664725	22664913
9388833	9389004
49361159	49361342
24975565	24975752
44427903	44428089
37037325	37037493
48595618	48595812
47237097	47237282
60585969	60586176
18257461	18257654
20645562	20645717
39968709	39968910
44761379	44761556
8703056	8703234
55549550	55549752
12905915	12906089
31366336	31366517
30150729	30150902
33357576	33357751
35824067	35824228
1418029	1418204
11534370	11534543
50317414	50317565
61603764	61603947
47940310	47940487
43991536	43991723
45825094	45825275
36801900	36802109
9598691	9598866
36849545	36849755
17976805	17976985
46093130	46093299
48227714	48227907
937176	937353
30619389	30619561
40367326	40367517
412196	412381
34802713	34802877
49242697	49242886
3057542	3057712
58632540	58632701
9597792	9597983
29848231	29848407
14170555	14170730
3544326	3544493
43496287	43496489
4153187	4153385
17485582	17485755
47749569	47749732
6245951	6246115
41816471	41816637
30410689	30410891
35383094	35383260
542450	542613
39318708	39318905
13527287	13527445
343253	343450
60471411	60471575
6809573	6809727
49192501	49192670
36192938	36193124
47252419	47252607
33422299	33422472
33857157	33857345
30924823	30924971
23321234	23321409
53266110	53266270
36966141	36966309
30440585	30440763
58786262	58786428
53297504	53297655
6159294	6159461
6800357	6800523
39724110	39724275
3034615	3034787
30091021	30091185
48545277	48545459
16456723	16456883
6563858	6564028
22672370	22672535
54777676	54777837
54823134	54823289
46306692	46306872
58030872	58031056
17879241	17879421
36793767	36793948
21485897	21486086
31073086	31073246
32535590	32535771
50767311	50767445
20805718	20805872
32521346	32521504
62495650	62495810
311310	311475
43858280	43858452
45328502	45328670
15911049	15911206
30222151	30222327
49923400	49923590
13086616	13086758
49411347	49411524
4936970	4937095
33110989	33111162
3257415	3257576
30434451	30434597
719772	719916
49080891	49081024
57630456	57630597
50928806	50928946
3657385	3657551
33917429	33917593
23918074	23918226
44616015	44616179
56197657	56197833
47863152	47863286
20845102	20845252
60876995	60877175
50996378	50996516
45310094	45310238
58071064	58071226
35294951	35295076
7266667	7266835
42721745	42721878
55636443	55636609
55597472	55597649
10071320	10071474
4594577	4594737
39135441	39135597
57022946	57023100
43767545	43767701
55956957	55957096
16782681	16782834
31850559	31850692
30539882	30540019
34035128	34035284
52532403	52532552
56662429	56662558
62689212	62689376
14035902	14036030
2153298	2153466
16615399	16615543
23587295	23587445
44002630	44002772
6058094	6058249
36280382	36280521
20549334	20549504
34861406	34861548
48125222	48125362
39160870	39161005
5549817	5549965
39861103	39861247
42320706	42320856
49609655	49609801
20840961	20841115
60712006	60712128
32241173	32241293
32610019	32610162
5081512	5081652
48291414	48291562
21596281	21596445
39707111	39707224
1450779	1450905
18393968	18394091
52720075	52720193
34149185	34149314
45381384	45381527
36950474	36950620
61814816	61814960
200289	200424
1715273	1715419
13100267	13100417
22314922	22315068
33463693	33463855
25379880	25380018
49435061	49435183
42684808	42684962
60462348	60462495
16784722	16784867
33543677	33543834
16499071	16499216
57797664	57797796
49330333	49330458
44935800	44935940
19765658	19765785
34744705	34744798
62066337	62066448
37897717	37897862
37016730	37016856
49598120	49598235
7075191	7075309
30145288	30145411
23216175	23216308
35420968	35421082
34026906	34027088
35492177	35492337
45039675	45039834
45386854	45386978
37274911	37275052
39801905	39802013
10407854	10407957
11185912	11186037
45376694	45376817
47833774	47833869
33548694	33548813
24899082	24899209
39969429	39969568
17598276	17598403
40326552	40326666
62417746	62417874
32255825	32255940
42378491	42378652
21216809	21216937
8701899	8702019
50240911	50241029
43376263	43376416
10517219	10517363
8024482	8024601
43013138	43013214
20818229	20818342
45779396	45779509
1745202	1745333
2435528	2435646
35121581	35121670
5203735	5203844
33536010	33536125
749473	749608
38894894	38895029
4052844	4052963
30048435	30048554
61846537	61846662
20064636	20064713
3799114	3799240
40585079	40585200
58524301	58524424
35134787	35134902
25159925	25160063
799758	799878
44258287	44258380
48795847	48795989
5186210	5186277
38788860	38788972
46483650	46483749
1193680	1193789
30148024	30148140
5984107	5984219
33900382	33900461
6150110	6150209
37522597	37522667
62541130	62541247
19976047	19976143
60950636	60950866
19883903	19884034
51833738	51833852
35233833	35234063
61439685	61439915
49094903	49094992
5537897	5538020
45925850	45925963
39763991	39764077
48895640	48895736
37278080	37278161
37678843	37678901
36871400	36871499
62605363	62605472
23870474	23870565
50416821	50416933
49365954	49366052
48403302	48403396
55623433	55623561
54975151	54975381
48997380	48997466
1294300	1294395
44591745	44591836
34790879	34790993
44598555	44598642
37709968	37710061
50859253	50859483
58358252	58358353
32843518	32843633
31879819	31879883
35220907	35220978
35513950	35514034
58173833	58173919
48232188	48232269
62013235	62013465
31799780	31799839
47603586	47603700
57439598	57439696
32380054	32380190
49631834	49631909
40363153	40363383
57662954	57663184
1946450	1946533
44977687	44977917
61531731	61531835
11566485	11566715
22705644	22705720
56169492	56169597
43940352	43940415
49334691	49334793
61075370	61075477
50002622	50002717
25291092	25291322
44642842	44643072
55664806	55664885
2432845	2433075
60556112	60556342
23422629	23422695
42939831	42940061
5914560	5914666
52560337	52560567
24974424	24974503
13439600	13439830
32319634	32319864
49942852	49943082
3733846	3733934
30042227	30042457
48838062	48838292
25046545	25046616
31887100	31887174
30284059	30284289
60980470	60980560
58326277	58326366
57056684	57056792
49187179	49187240
49017094	49017173
33296379	33296609
23649201	23649272
32503558	32503788
2981728	2981787
18612929	18613159
58090770	58091000
56754746	56754811
48100825	48100886
10655553	10655627
4741323	4741407
55667215	55667445
48384867	48385097
47937085	47937315
216698	216778
37893276	37893506
21552816	21553046
14245691	14245769
2332600	2332698
16802192	16802422
45834402	45834632
21216369	21216599
36621468	36621561
9340495	9340584
30679733	30679963
32450935	32451042
62670482	62670554
4065951	4066181
37101129	37101359
17919749	17919979
55205270	55205500
34542454	34542684
22293463	22293693
44651591	44651821
60449902	60449962
31058283	31058349
3096234	3096464
4072673	4072731
2073984	2074043
8834493	8834723
45114558	45114788
62073546	62073776
29583699	29583929
14315134	14315197
36741895	36742125
52445329	52445559
50836140	50836199
37262363	37262593
3697026	3697084
5107078	5107308
17412524	17412606
5510365	5510595
5429206	5429436
58425174	58425404
459678	459908
48391812	48392042
3835794	3836024
31988615	31988845
189742	189807
55570712	55570942
48884300	48884530
54762973	54763203
44562343	44562573
30157512	30157600
10652108	10652338
52740077	52740307
40040071	40040301
36244329	36244559
14693087	14693317
44520806	44521036
34156622	34156852
4573282	4573512
7142419	7142649
37554675	37554905
55622404	55622634
61940928	61941158
7840049	7840279
29638318	29638548
12947184	12947414
2654769	2654999
62127540	62127770
33684104	33684334
10206446	10206676
8771184	8771414
61817985	61818215
33893542	33893772
36943787	36944017
52239926	52240156
35346168	35346398
49545966	49546196
3098627	3098857
44953687	44953917
49252504	49252734
13878724	13878954
49051302	49051532
62762813	62763043
55907628	55907858
19796258	19796488
2894882	2895112
19669105	19669335
61506919	61507149
15217505	15217735
34579197	34579427
56172082	56172312
43540183	43540244
47314432	47314662
61199785	61200015
43922448	43922678
30198329	30198559
30310629	30310859
55371479	55371709
58530345	58530575
32502772	32503002
56924732	56924962
33126512	33126742
30743511	30743741
48925265	48925325
3762125	3762355
33061160	33061390
30249405	30249635
30001443	30001673
23976868	23977098
62338185	62338415
43814971	43815201
43985947	43986177
35241147	35241377
9590595	9590825
10362216	10362446
52196002	52196232
58712801	58713031
25450734	25450964
47645245	47645475
2736751	2736981
15624455	15624685
32400095	32400325
33915115	33915345
32003881	32004111
19673348	19673578
2832827	2833057
48806881	48807111
44074695	44074925
39574665	39574895
1489935	1490165
48438387	48438617
49039803	49040033
52259353	52259583
48334294	48334524
35905097	35905327
25227794	25228024
34437250	34437480
57978807	57979037
56347671	56347901
35806692	35806922
48971308	48971538
62685772	62686002
12338714	12338944
60641825	60642055
32032720	32032950
30421254	30421484
8732184	8732414
30156986	30157216
36985043	36985273
48768914	48769144
44882119	44882349
1536676	1536906
50329042	50329272
25203851	25204081
42539828	42540058
48950450	48950680
43414580	43414810
44622150	44622380
30622921	30623151
10450216	10450446
60985296	60985526
33894813	33895043
48339556	48339786
6746195	6746425
31253277	31253507
32450484	32450714
55091140	55091370
35028176	35028406
34673755	34673985
34652763	34652993
44079102	44079332
40517887	40518117
43803152	43803382
1757959	1758189
55363425	55363655
37563921	37564151
30313539	30313769
25229885	25230115
43363698	43363928
35911012	35911242
20341115	20341345
32312243	32312473
49836817	49837047
31097460	31097690
3869241	3869471
10393313	10393543
48200190	48200420
48995830	48996060
10427768	10427998
30190662	30190892
4090329	4090559
21700352	21700582
5628667	5628897
7094570	7094800
6695191	6695421
48153688	48153918
34535417	34535647
46817982	46818212
61810684	61810914
55362727	55362957
21105926	21106156
33510532	33510762
55418944	55419174
61505086	61505316
50601709	50601939
37591247	37591477
1513816	1514046
36172218	36172448
33865384	33865614
22228773	22229003
626194	626424
11898352	11898582
50020112	50020342
388182	388412
35820733	35820963
54756729	54756959
37101944	37102174
36153337	36153567
33113914	33114144
5037420	5037650
48922512	48922742
33342002	33342232
15634852	15635082
25275172	25275402
43864802	43865032
247685	247915
48219753	48219983
35437029	35437259
23181655	23181885
38880058	38880288
1455605	1455835
57782874	57783104
48430952	48431182
37489021	37489251
38514755	38514985
58100631	58100861
32426143	32426373
50303660	50303890
32670934	32671164
44803250	44803480
4207765	4207995
42604032	42604262
42568012	42568242
43740615	43740845
45395868	45396098
34409759	34409989
36013151	36013381
6621748	6621978
19783626	19783856
14603501	14603731
13800880	13801110
44888752	44888982
49596758	49596988
11772568	11772798
49971505	49971735
30181129	30181359
36771790	36772020
56767733	56767963
44715896	44716126
57456112	57456342
11079629	11079859
14978571	14978801
22955066	22955296
1190199	1190429
55910540	55910770
9374006	9374236
49306415	49306645
3767449	3767679
52961803	52962033
35636360	35636590
48162203	48162433
59804298	59804528
42825011	42825241
30249997	30250227
45989576	45989806
41159568	41159798
6774691	6774921
30292417	30292647
36738251	36738481
43594855	43595085
33906304	33906534
62701117	62701347
34690761	34690991
15740241	15740471
61882806	61883036
49287117	49287347
42584136	42584366
32377460	32377690
34327773	34328003
43359193	43359423
19186665	19186895
49068022	49068252
1089168	1089398
39426154	39426384
3230779	3231009
43965149	43965379
31533585	31533815
21029537	21029767
43700004	43700234
11626954	11627184
37287617	37287847
45903275	45903505
44513674	44513904
43716954	43717184
55356199	55356429
34111217	34111447
44452941	44453171
53285167	53285397
51774653	51774883
49286649	49286879
56821534	56821764
11788135	11788365
7356662	7356892
33680581	33680811
62490356	62490586
62870215	62870445
11992977	11993207
47513954	47514184
61187601	61187831
36746110	36746340
35465161	35465391
49645418	49645648
21621288	21621518
52259767	52259997
6643790	6644020
44757246	44757476
62313833	62314063
61283576	61283806
14943958	14944188
46341298	46341528
59695755	59695985
11367854	11368084
48388813	48389043
36825089	36825319
2723780	2724010
22832458	22832688
52543221	52543451
13305668	13305898
35093980	35094210
648098	648328
37075120	37075350
52749349	52749579
400326	400556
54032155	54032385
36933348	36933578
7907510	7907740
48900473	48900703
52684239	52684469
55655875	55656105
43709565	43709795
36722746	36722976
54746192	54746422
6686893	6687123
48317165	48317395
36919806	36920036
11831083	11831313
60663543	60663773
44021433	44021663
34274848	34275078
59838216	59838446
56073934	56074164
33852624	33852854
61856090	61856320
43972929	43973159
14317414	14317644
30301213	30301443
42192157	42192387
20218089	20218319
43321782	43322012
50366735	50366965
61371823	61372053
47470474	47470704
62697535	62697765
32657138	32657368
49262124	49262354
49327201	49327431
30307985	30308215
11210499	11210729
23042820	23043050
2693980	2694210
4176318	4176548
57987899	57988129
11248092	11248322
20111159	20111389
47492450	47492680
43150927	43151157
61053287	61053517
19609279	19609509
47050376	47050606
50418031	50418261
43746766	43746996
48960979	48961209
39370232	39370462
4201860	4202090
34674762	34674992
10841840	10842070
51778957	51779187
42380011	42380241
59426959	59427189
36796414	36796644
25555124	25555354
61687799	61688029
13752538	13752768
23123798	23124028
55635530	55635760
34463483	34463713
49030000	49030230
39637056	39637286
55447768	55447998
45987899	45988129
43753057	43753287
33301277	33301507
18233236	18233466
47448316	47448546
50247961	50248191
35830820	35831050
51364323	51364553
45191189	45191419
52228168	52228398
32339709	32339939
52029744	52029974
46132451	46132681
48951698	48951928
57225539	57225769
60835518	60835748
17869984	17870214
10333010	10333240
3613269	3613499
60877710	60877940
1781506	1781736
62497213	62497443
58146680	58146910
34192396	34192626
11831695	11831925
49044321	49044551
30155055	30155285
934492	934722
39521440	39521670
56323672	56323902
32329765	32329995
34435916	34436146
25317265	25317495
47961588	47961818
52811366	52811596
36967334	36967564
57225802	57226032
29591639	29591869
33495567	33495797
50232707	50232937
36815117	36815347
36020886	36021116
6154136	6154366
49120772	49121002
24081344	24081574
61722688	61722918
23763074	23763304
57199005	57199235
22366727	22366957
2401990	2402220
37063972	37064202
43357413	43357643
1783018	1783248
22665843	22666073
3749346	3749576
61478920	61479150
55130037	55130267
39634156	39634386
33412184	33412414
60925038	60925268
48581480	48581710
9893575	9893805
7961304	7961534
49650324	49650554
43104309	43104539
49178160	49178390
57130206	57130436
48187452	48187682
39357202	39357432
45955454	45955684
48911174	48911404
38502790	38503020
32116598	32116828
34330437	34330667
15823579	15823809
50427583	50427813
34207487	34207717
49407249	49407479
11770993	11771223
11696883	11697113
60927833	60928063
55623064	55623294
10338681	10338911
60938367	60938597
36858257	36858487
6054921	6055151
6165979	6166209
42061226	42061456
44085352	44085582
55393436	55393666
48429025	48429255
48364413	48364643
43883125	43883355
55520205	55520435
6631787	6632017
48293300	48293530
49277861	49278091
50426739	50426969
43883552	43883782
31664649	31664879
35511010	35511240
48804148	48804378
61025021	61025251
7917189	7917419
45960174	45960404
44464577	44464807
40200732	40200962
56794494	56794724
19783317	19783547
23330371	23330601
42469213	42469443
2367937	2368167
33735045	33735275
45933048	45933278
16414764	16414994
62169702	62169932
52199632	52199862
61552627	61552857
52765674	52765904
10297368	10297598
50555818	50556048
23427300	23427530
33379583	33379813
13768889	13769119
61659558	61659788
48599061	48599291
50419835	50420065
16222689	16222919
43349395	43349625
62669934	62670164
43048062	43048292
61335949	61336179
52873773	52874003
47463039	47463269
36158017	36158247
43983909	43984139
32902334	32902564
30105275	30105505
361316	361546
954403	954633
30873516	30873746
31025526	31025756
15922826	15923056
50476931	50477161
49087108	49087338
11121054	11121284
31332711	31332941
35216498	35216728
36743724	36743954
32439320	32439550
10384958	10385188
22698219	22698449
55616078	55616308
3691600	3691830
443213	443443
48442389	48442619
41872383	41872613
56827205	56827435
43690019	43690249
30300518	30300748
22087031	22087261
22715741	22715971
45962950	45963180
22776632	22776862
11874880	11875110
58800097	58800327
37088901	37089131
37360192	37360422
51637466	51637696
6692997	6693227
62765582	62765812
41820662	41820892
30148734	30148964
49057422	49057652
6957399	6957629
10982528	10982758
4544283	4544513
52743708	52743938
12188523	12188753
118458	118688
52444505	52444735
46061249	46061479
20761220	20761450
14593111	14593341
5383613	5383843
25218476	25218706
22433976	22434206
61804125	61804355
57125688	57125918
44642407	44642637
12236308	12236538
31982619	31982849
23168476	23168706
58567654	58567884
49204720	49204950
3049732	3049962
18885429	18885659
378517	378747
44614242	44614472
2611955	2612185
17592088	17592318
62466414	62466644
43166712	43166942
50527257	50527487
14564094	14564324
30945258	30945488
6678777	6679007
61196052	61196282
14124054	14124284
62612219	62612449
11775842	11776072
11436257	11436487
59568792	59569022
47458431	47458661
35402646	35402876
34685381	34685611
36330112	36330342
52237978	52238208
7253239	7253469
43478428	43478658
58094564	58094794
15911622	15911852
13283349	13283579
48686935	48687165
352658	352888
61491741	61491971
18609104	18609334
33851055	33851285
61822825	61823055
10585252	10585482
32320238	32320468
10340326	10340556
55450184	55450414
42824291	42824521
5093716	5093946
55287307	55287537
49226835	49227065
382631	382861
44780575	44780805
60460134	60460364
60951616	60951846
15932469	15932699
56268483	56268713
33201593	33201823
2457421	2457651
39632451	39632681
33932188	33932418
1881036	1881266
36755546	36755776
25277353	25277583
12464534	12464764
14690725	14690955
36754992	36755222
60444215	60444445
30287093	30287323
50621361	50621591
48359540	48359770
49962041	49962271
21163947	21164177
48890541	48890771
9947714	9947944
46771931	46772161
34489993	34490223
10400244	10400474
4173270	4173500
54824430	54824660
8740350	8740580
32254461	32254691
11188405	11188635
44440845	44441075
53596983	53597213
16508784	16509014
32277911	32278141
43357684	43357914
32298998	32299228
23609810	23610040
35923457	35923687
10160283	10160513
