101769339	101769564
74917796	74918020
47550283	47550529
46877736	46877965
69786898	69787145
38501817	38502053
69152501	69152734
86041376	86041604
37641647	37641869
58133366	58133578
44706628	44706870
219712450	219712688
20297985	20298218
208610863	208611082
58798464	58798684
53429343	53429599
20155655	20155886
67877986	67878237
85779265	85779485
38059788	38060025
70568389	70568629
46688564	46688809
27184663	27184875
173671233	173671449
20861329	20861539
56188502	56188726
72998097	72998302
55395781	55395991
202725374	202725580
42313648	42313876
68258755	68258962
46691696	46691921
69951882	69952101
237936132	237936374
55945414	55945634
45721902	45722103
64276926	64277141
40140800	40141009
173892264	173892490
65144841	65145077
91816693	91816903
43174069	43174293
1549848	1550060
42323137	42323348
25829853	25830065
70875092	70875296
100879406	100879618
106720916	106721123
74051166	74051372
67549828	67550069
64558075	64558307
42096950	42097174
137136396	137136622
84722768	84722972
26828404	26828633
29419754	29419961
98313807	98314015
26173964	26174192
70844791	70845008
76826951	76827178
201577771	201577992
48647921	48648157
67704022	67704237
85525972	85526161
26368033	26368233
45208833	45209051
99265975	99266182
85512650	85512858
109200466	109200671
25050557	25050756
24632883	24633088
227994608	227994821
89173691	89173884
65800342	65800540
9473801	9474010
47116220	47116437
121453257	121453471
88890642	88890848
54931922	54932115
174075377	174075593
68690526	68690713
228270907	228271106
36891319	36891536
208339691	208339901
84542005	84542215
29181576	29181804
68067674	68067889
39457069	39457252
65267869	65268077
216796059	216796265
10549305	10549513
40781909	40782123
26968672	26968880
30431331	30431538
27977088	27977310
27321560	27321767
72377534	72377751
75855103	75855306
72806796	72806988
217531407	217531611
15777496	15777713
30387932	30388156
31556520	31556731
84858295	84858493
159975150	159975384
232092123	232092319
43711529	43711727
36899437	36899639
190525841	190526075
84530136	84530325
54749946	54750139
173330530	173330733
46238088	46238285
26214507	26214725
62145088	62145274
178029394	178029604
27926705	27926915
28817238	28817445
71772917	71773135
112456698	112456946
25198409	25198592
72151176	72151383
36734565	36734773
38104713	38104913
232770861	232771057
100997723	100997919
65780449	65780663
191247694	191247883
42009792	42009991
88459502	88459692
43086189	43086395
99001610	99001814
105731039	105731245
174267213	174267431
65492305	65492499
153046511	153046721
169818237	169818443
190277165	190277354
102857339	102857553
187506531	187506741
120165380	120165583
73086963	73087163
101223403	101223594
42890349	42890556
188364771	188364984
134601923	134602127
150454157	150454362
61226157	61226341
201567948	201568156
159757889	159758085
65116159	65116370
74814865	74815066
87035559	87035773
205556698	205556912
85294025	85294227
101601397	101601599
73390974	73391169
75867755	75867953
219166086	219166303
85092370	85092562
128236886	128237077
101958729	101958950
231476156	231476354
110914820	110915031
161850992	161851189
42080907	42081107
30929953	30930156
205190224	205190435
44271412	44271611
11618135	11618336
192676949	192677154
238080166	238080377
182579854	182580047
209260066	209260268
224835102	224835290
43456745	43456945
9282932	9283147
96840331	96840533
21265804	21266002
113484349	113484576
134318704	134318899
113961588	113961787
44105120	44105323
46220637	46220836
229522595	229522791
70531119	70531314
100877260	100877457
53037669	53037873
46290164	46290389
70298030	70298234
88969236	88969431
203043153	203043350
210199264	210199456
56418855	56419054
235459262	235459473
68978961	68979151
63002314	63002486
56359383	56359576
149873995	149874198
103320284	103320494
85152884	85153227
54334172	54334366
101629216	101629397
101226863	101227075
85956173	85956381
50763579	50763780
63014587	63014773
37012406	37012599
11552223	11552407
72972983	72973163
211060285	211060459
48333732	48333954
196996177	196996362
18569061	18569251
237969483	237969681
13147109	13147315
97175181	97175405
152095456	152095648
88971411	88971606
55402810	55402998
65867751	65867954
190152718	190152889
142161	142363
25419378	25419574
158050700	158050881
134875933	134876110
62639282	62639469
27239815	27240010
38542972	38543159
61362711	61362899
182942425	182942638
11724444	11724666
102637157	102637367
202023148	202023325
113357702	113357919
30295217	30295397
28378588	28378787
24211352	24211534
236504169	236504376
31393042	31393236
101346852	101347033
36687058	36687257
110267768	110267970
234352269	234352482
200569438	200569629
127954605	127954786
45252007	45252209
53203594	53203791
47562289	47562482
40987300	40987478
228631098	228631303
62126034	62126223
46163573	46163789
20842211	20842429
80114963	80115149
55998865	55999050
220394970	220395162
216784941	216785133
204680091	204680295
106137739	106137944
49173717	49173894
529479	529675
172272672	172272859
74378641	74378833
138623627	138623820
53700487	53700693
73312846	73313043
178199788	178199981
66656246	66656450
26800773	26800963
180083820	180084014
182607649	182607854
224858434	224858634
159602227	159602414
103232394	103232587
10054896	10055092
10212788	10212983
213551128	213551307
55242197	55242389
160824899	160825079
27526392	27526586
151467288	151467491
64814132	64814298
239165265	239165458
203696352	203696551
70139226	70139408
236015857	236016044
75631166	75631346
46592100	46592305
228103068	228103261
196183292	196183472
11586877	11587080
10575129	10575331
127955484	127955662
25745069	25745258
137142327	137142518
71737432	71737607
68519354	68519545
55659240	55659418
21185914	21186114
10800174	10800353
118979678	118979864
72222273	72222502
4006988	4007177
64116024	64116222
69170724	69170914
152893466	152893658
173575320	173575518
138848044	138848224
134537782	134537964
158866889	158867058
227667322	227667507
203438660	203438842
138596129	138596309
32997796	32997990
102035623	102035811
70044167	70044349
37623121	37623319
147840549	147840735
192029923	192030122
141621413	141621575
39606929	39607112
47104012	47104209
19562821	19563027
178280993	178281162
57743979	57744161
198243227	198243411
192555753	192555938
139585111	139585286
20595867	20596048
225222191	225222365
133929072	133929250
143440184	143440351
43839708	43839887
198667814	198667996
68349618	68349801
53967418	53967582
121837824	121838016
57987065	57987246
220267744	220267932
111569425	111569609
234312987	234313170
159892641	159892829
223836520	223836718
69137006	69137210
149846506	149846688
159610620	159610809
30338642	30338828
30934570	30934746
165352216	165352392
28619706	28619896
68510052	68510228
85241961	85242137
24605348	24605538
227971918	227972084
210421181	210421352
207558516	207558667
171669357	171669531
85934438	85934599
46884207	46884391
56237017	56237189
161920298	161920471
234741519	234741702
118804334	118804511
189377290	189377465
161826830	161827033
38808798	38808974
11272818	11273005
180616003	180616191
46859586	46859755
69941867	69942042
227850140	227850311
208937089	208937290
197318408	197318588
65291956	65292128
151768576	151768764
237261799	237261978
200838548	200838731
62220675	62220860
238062802	238062981
50629587	50629764
132170832	132171014
43056083	43056264
212610138	212610323
23683218	23683402
164048012	164048191
44314428	44314621
228523058	228523262
143919925	143920110
241000497	241000694
160966555	160966744
27502845	27503010
226525266	226525444
27069249	27069430
27414484	27414654
26552974	26553148
181923456	181923636
88359992	88360164
85647861	85648078
19866948	19867118
38735576	38735760
29044360	29044522
236655055	236655255
7237492	7237684
192419923	192420090
45201288	45201475
40440394	40440573
15717295	15717479
1773589	1773779
85977725	85977908
50719693	50719881
196803083	196803256
193027233	193027414
148747463	148747644
178589493	178589667
119640306	119640483
183050985	183051161
157446211	157446389
107199101	107199270
142312469	142312652
187727685	187727850
69387242	69387425
112425175	112425376
172992087	172992242
175206295	175206478
9939901	9940091
135540464	135540646
47615500	47615676
103778009	103778188
207665344	207665515
11722921	11723091
9954052	9954246
237981069	237981256
200844866	200845041
101653107	101653272
178197168	178197331
236044720	236044905
58989438	58989616
109544977	109545143
211367855	211368019
225515634	225515807
164011903	164012086
89203385	89203548
18033090	18033273
172978454	172978637
70369844	70370038
30937041	30937238
218578295	218578483
240931211	240931394
151344212	151344411
131090203	131090385
20063217	20063425
179626638	179626800
37395627	37395800
208898928	208899108
56976389	56976559
128821094	128821272
241790733	241790900
83423469	83423635
77180982	77181158
103065957	103066125
637071	637255
18559394	18559581
230451888	230452084
135761910	135762102
171181187	171181350
201770521	201770715
68668962	68669124
79206856	79207041
181969354	181969518
39455325	39455494
224662941	224663117
165336072	165336243
63919285	63919438
228913718	228913902
201766290	201766482
154375889	154376059
33598121	33598294
218650281	218650461
42722234	42722409
219741445	219741618
201346228	201346391
50371531	50371693
188445489	188445666
68073651	68073846
20981543	20981711
231968941	231969126
45182846	45183020
136467554	136467735
10972539	10972721
75103488	75103657
157749103	157749276
238581787	238581956
122476396	122476567
202660720	202660882
204516153	204516327
226754165	226754363
217381588	217381753
33808414	33808572
103089493	103089670
201443653	201443831
86054624	86054808
172455371	172455530
190663577	190663738
64088468	64088647
175327615	175327783
10808648	10808822
173678135	173678306
218375562	218375743
109605623	109605808
36579273	36579449
148668598	148668779
180990335	180990534
214116401	214116557
71451185	71451361
98423293	98423480
43054854	43055035
101822086	101822271
167395993	167396148
85864703	85864874
240746039	240746208
71775874	71776054
198642647	198642806
220601034	220601211
18701883	18702067
64873573	64873754
190953693	190953862
202042196	202042351
230873015	230873177
121070829	121071023
139544738	139544905
88301424	88301619
99029420	99029596
208599088	208599259
192435931	192436093
199179410	199179569
149267093	149267267
190935138	190935305
147419170	147419330
44518893	44519086
143868540	143868706
96804529	96804692
85618490	85618639
43202306	43202493
48338394	48338580
178623654	178623831
165594229	165594412
20643095	20643268
71012525	71012692
144017055	144017206
153597397	153597545
231689327	231689506
234885429	234885602
192386452	192386596
28675426	28675617
175442810	175442970
181941971	181942144
74759460	74759621
122288604	122288775
138705437	138705591
15728565	15728727
57724736	57724907
29236022	29236203
47995102	47995295
236688197	236688340
74488764	74488943
176991860	176992027
135208478	135208695
47214242	47214447
39957947	39958100
25923112	25923284
10849570	10849733
210196126	210196281
241083281	241083471
213432424	213432610
201934123	201934256
57948056	57948222
208966796	208966955
147491738	147491925
113642587	113642760
131678111	131678272
229997995	229998168
188317895	188318056
147684989	147685147
39286624	39286770
239693733	239693896
26074902	26075055
60934923	60935076
58675260	58675441
667440	667604
37007509	37007641
10188916	10189074
231766953	231767127
102135487	102135660
218654036	218654185
119622795	119622968
76014776	76014948
138417330	138417517
193150924	193151097
18931292	18931454
113507347	113507510
188708078	188708230
180286888	180287054
128082344	128082530
189389362	189389528
108966587	108966739
30146095	30146257
150655921	150656093
107159286	107159447
43358794	43358956
198992473	198992635
140548507	140548667
65396515	65396677
28976281	28976471
53742961	53743122
85109351	85109506
201336134	201336290
112879368	112879516
180205557	180205703
231663612	231663782
131911675	131911843
95897496	95897664
27631006	27631162
211309971	211310125
175636412	175636567
8901808	8901956
219137500	219137680
71089092	71089246
146510151	146510309
120511048	120511191
89039639	89039789
238421508	238421694
207421196	207421358
238653743	238653911
30313797	30313950
72595123	72595273
47540329	47540478
112645423	112645573
99682581	99682716
180989099	180989241
50756865	50757020
190331517	190331680
25790399	25790545
134020580	134020741
209040181	209040330
232542447	232542601
178011952	178012098
43769545	43769696
85906429	85906584
217563664	217563820
43836564	43836718
101211421	101211599
39740916	39741063
156167235	156167400
150417904	150418067
46521416	46521568
60901773	60901941
61886122	61886262
97466813	97466975
120932699	120932851
228344925	228345068
201600506	201600694
20215373	20215539
235044406	235044565
191375955	191376104
56410800	56410958
121842625	121842786
162443180	162443327
100859493	100859658
236025657	236025806
26220812	26220964
182997436	182997589
69534615	69534757
238767085	238767243
48827478	48827633
158890875	158891020
143361453	143361595
158348826	158348986
74942254	74942418
236502788	236502928
208337978	208338124
178974685	178974830
110473052	110473216
7567548	7567693
175564841	175564984
169966378	169966556
21341280	21341429
161209812	161209977
105561052	105561202
190007985	190008152
27906465	27906616
11970130	11970302
228755346	228755474
48698185	48698334
1821331	1821537
29461512	29461657
235959795	235959953
68936682	68936827
64822667	64822828
97626244	97626394
239279518	239279675
149322973	149323130
103136588	103136724
11264696	11264854
242893053	242893223
20293503	20293644
226533453	226533615
172667802	172667943
163747333	163747470
216319273	216319426
112806484	112806632
79446634	79446774
135218200	135218371
239266126	239266268
31657889	31658034
36997965	36998132
210842509	210842635
130607253	130607391
48816417	48816584
162980439	162980586
170789767	170789910
71418207	71418348
55127091	55127249
24047670	24047807
165773912	165774077
99453633	99453778
223768449	223768622
212022688	212022843
158880935	158881093
109744541	109744725
114147969	114148160
187121408	187121544
165394880	165395023
73119950	73120108
191646471	191646634
38118170	38118329
196525122	196525279
217547296	217547456
189959144	189959285
238030967	238031135
209331203	209331354
119639233	119639387
127729661	127729821
170308704	170308836
172968640	172968820
200604633	200604799
192366380	192366538
225643241	225643387
44942857	44942987
9013101	9013242
237089619	237089779
179779101	179779238
18616825	18616973
75957117	75957269
174314012	174314169
214018499	214018645
153483968	153484129
11919402	11919567
232428203	232428351
158634070	158634226
61021533	61021673
71526690	71526808
122732725	122732868
121437935	121438102
1754663	1754832
714401	714548
236674979	236675100
164202620	164202751
71758001	71758138
204318721	204318843
20303427	20303550
241172421	241172569
110493929	110494057
173796743	173796892
232316807	232316935
223573086	223573242
26692096	26692212
136671437	136671592
71098762	71098897
235409179	235409330
226147728	226147859
74562089	74562215
210290298	210290452
175209860	175209998
238480705	238480857
163154557	163154695
100106947	100107079
102447837	102447992
20611329	20611450
172430713	172430853
211898628	211898775
110303767	110303966
134644333	134644475
55065793	55065943
214111531	214111667
38953229	38953397
232513420	232513563
234620157	234620327
42423984	42424109
97617019	97617158
139131671	139131827
220507302	220507470
46005862	46005985
31919644	31919780
206812918	206813057
36923042	36923210
219552304	219552421
42067904	42068047
38342499	38342612
118761026	118761170
75691816	75691955
110274078	110274234
223804068	223804219
38211851	38211973
223558741	223558878
202047696	202047811
219894515	219894644
139587017	139587142
69253236	69253369
133304793	133304957
206540762	206540917
204349087	204349217
39174927	39175059
202097060	202097194
148695436	148695587
202101199	202101344
98207342	98207545
54884836	54884972
662638	662803
20490923	20491037
202228790	202228904
234160064	234160226
45870914	45871050
192431105	192431254
203453469	203453596
11969466	11969604
33666403	33666550
34321784	34321890
11833135	11833277
56357725	56357856
105466103	105466252
3698696	3698845
179279488	179279656
119976470	119976616
197978057	197978195
25937733	25937869
120399268	120399406
219051154	219051262
165770250	165770373
47422384	47422511
191917013	191917138
142156943	142157115
106192930	106193050
120233905	120234061
210825873	210825998
160664078	160664213
86307159	86307275
75468985	75469111
61863043	61863209
84651413	84651544
190212274	190212423
63715379	63715518
10264802	10264937
85764908	85765022
182438010	182438148
199161545	199161663
224557239	224557357
160373151	160373249
153492295	153492434
225148931	225149284
73089772	73089917
11374619	11374736
142923445	142923542
127535071	127535206
173326867	173327014
203023647	203023769
199174520	199174660
95989253	95989392
156229606	156229760
47146119	47146247
151908240	151908366
55738781	55738864
156233798	156233926
37515239	37515377
237421737	237421862
111874696	111874863
9511623	9511782
28844082	28844225
220019890	220020011
54403848	54403984
166984531	166984668
38209383	38209498
65058991	65059096
200350816	200350952
64750048	64750163
74710420	74710547
169777237	169777335
142898032	142898156
86306009	86306151
13071473	13071596
150186330	150186466
120584065	120584192
109252910	109253055
9910635	9910757
89180001	89180137
233844802	233844957
175850554	175850669
241377767	241377930
219513329	219513453
225233865	225234004
222833938	222834074
65260474	65260607
169615831	169615980
165286812	165286962
43832378	43832499
197162964	197163106
110420577	110420702
174904718	174904825
230580735	230580855
86745748	86745869
205010070	205010235
202283888	202284022
53942839	53942958
65019530	65019651
30064377	30064491
114128223	114128352
194828353	194828490
154019735	154019847
73439722	73439844
120048561	120048707
232580048	232580181
196943102	196943230
137690415	137690535
9843517	9843630
176231597	176231752
177517187	177517299
97073211	97073338
190615962	190616073
233470934	233471081
204889364	204889507
233305354	233305488
146242123	146242252
11822271	11822389
219717666	219717797
42316574	42316710
10237618	10237750
65369780	65369896
176962422	176962552
113017154	113017285
88853839	88853973
131631413	131631546
122159992	122160131
188365738	188365862
68452482	68452593
213385192	213385309
114006867	114007003
170623909	170624041
63926316	63926453
162129783	162129889
11878742	11878874
180942171	180942290
161289208	161289320
53650175	53650294
136673936	136674065
86992004	86992105
66802537	66802685
105961594	105961716
33258737	33258860
26311084	26311144
198056307	198056394
105994452	105994585
223182811	223182928
240028133	240028260
183515589	183515710
128349141	128349270
65092778	65092917
36599288	36599378
16938540	16938711
139680683	139680786
43251759	43251898
232477384	232477487
211949933	211950054
42588780	42588870
73383861	73383980
166731078	166731209
103059803	103059937
179660946	179661023
150170104	150170217
72029290	72029400
158159135	158159253
165456591	165456733
70882476	70882601
210072991	210073106
28200641	28200750
40471885	40472018
64715258	64715381
76425126	76425235
10410779	10410900
197876912	197877028
27543976	27544088
71327714	71327835
96394789	96394920
171217957	171218089
223555411	223555526
128407405	128407536
3775831	3775955
74477340	74477474
73517480	73517581
232277198	232277313
9254699	9254815
143980125	143980221
18360134	18360261
8825989	8826125
100175668	100175803
225987709	225987825
88754469	88754587
166257953	166258046
192020471	192020565
19168938	19169050
36096901	36097011
211113543	211113623
80163014	80163136
228749241	228749374
241453380	241453510
131555669	131555807
84719861	84719941
157912280	157912387
162079801	162079894
143738480	143738592
71147105	71147206
213114307	213114423
171672347	171672462
28789762	28789891
191669081	191669186
177503007	177503127
44619657	44619759
3466087	3466317
1858731	1858843
239371578	239371693
12003878	12004013
171092601	171092734
35635622	35635739
96688597	96688721
217384034	217384143
207029113	207029225
120022863	120022956
164026159	164026255
130681502	130681619
32779064	32779167
216134692	216134780
173836880	173836938
85945330	85945424
183514124	183514234
9279989	9280090
207846584	207846669
48134125	48134228
184113743	184113858
135746708	135746817
113699438	113699573
225866912	225866976
223846864	223846951
178848048	178848175
157192181	157192241
99218188	99218282
169630327	169630439
84250125	84250190
113716492	113716633
193055298	193055383
17827416	17827646
42033560	42033681
233717950	233718069
200850496	200850619
148089678	148089908
68589264	68589365
183165974	183166088
63168712	63168821
42465991	42466107
67461725	67461849
58358393	58358506
71174118	71174226
72098840	72098944
177319770	177319886
103422873	103422953
219221387	219221521
18770	18897
102622844	102622942
65100679	65100797
135003090	135003185
63652103	63652204
226535227	226535346
27165595	27165711
42555692	42555782
72006175	72006289
75943690	75943769
224724915	224724989
211482596	211482706
175975956	175976075
138668256	138668375
25015772	25015849
155232306	155232396
176951077	176951200
161180824	161180952
238318803	238318923
96658653	96658883
119613286	119613516
17900958	17901057
162803179	162803295
160796614	160796695
1557814	1557912
224111992	224112099
25352255	25352367
178997164	178997280
133206514	133206617
175613734	175613837
24283853	24283974
230138571	230138673
20391160	20391390
74494321	74494418
215867373	215867484
98885799	98885857
183649559	183649668
47261377	47261491
98487109	98487203
84304747	84304856
163989510	163989589
237252337	237252432
189234240	189234310
120867549	120867607
168975311	168975426
219875054	219875136
153782532	153782643
233006958	233007037
120417748	120417854
72833124	72833192
69066549	69066622
208905566	208905796
95688171	95688275
25389068	25389162
106162347	106162417
153032550	153032656
30462276	30462372
43683574	43683661
20526061	20526148
113384166	113384396
223726968	223727198
29276859	29276947
33495763	33495872
33899166	33899258
119129256	119129361
163077651	163077734
136231294	136231383
178160957	178161030
71837164	71837394
65414535	65414626
224904369	224904452
35261024	35261254
172015913	172016012
10124466	10124552
82121843	82121951
194560247	194560364
27976303	27976402
98316800	98316866
200726041	200726109
184159923	184159986
206790671	206790789
16790451	16790526
177679618	177679718
239892296	239892409
187325312	187325412
124784881	124784947
182768893	182768965
213413290	213413382
196931662	196931753
205124981	205125070
121828649	121828738
62020549	62020639
224539843	224539949
176068538	176068596
23589612	23589842
170784996	170785226
192096719	192096949
160041998	160042057
130694076	130694176
165849505	165849572
68478306	68478371
81234382	81234463
75904588	75904650
189980005	189980070
85527591	85527689
220163480	220163710
220554479	220554709
63771222	63771452
176554925	176555155
32062481	32062588
232382304	232382534
242017890	242018120
176279780	176279840
179756283	179756409
232717125	232717213
241284401	241284517
134193056	134193142
220295613	220295723
27946307	27946395
211064065	211064135
162107493	162107588
47403971	47404201
208926979	208927067
173349222	173349331
175895914	175895986
163010292	163010350
25053409	25053475
220024934	220025032
38968184	38968279
75063649	75063879
24644669	24644759
172562809	172562876
63528167	63528263
47003945	47004175
85154203	85154433
173886749	173886814
36198377	36198462
220341136	220341228
41926018	41926248
20578941	20579023
101510295	101510525
216695188	216695418
169998347	169998577
90246452	90246533
118790140	118790240
133408811	133408886
137181086	137181316
233626112	233626342
52643562	52643792
95781250	95781314
78658511	78658617
42997834	42997911
228804331	228804561
31954828	31955058
47499593	47499694
38692971	38693201
120460572	120460645
176999770	176999869
234823959	234824038
27392839	27392931
10975600	10975658
98326411	98326641
60782266	60782358
73120917	73120982
75280812	75280886
72553025	72553255
20850900	20850968
228727955	228728185
209119963	209120193
138646541	138646771
239422132	239422205
222922048	222922278
172560264	172560363
86600076	86600306
186473695	186473789
43454912	43455026
164039449	164039507
29532114	29532173
167276225	167276287
207256988	207257073
195410796	195411026
40675693	40675923
179145161	179145219
96055065	96055162
122569015	122569082
70870999	70871095
80300254	80300484
64789431	64789490
950135	950365
150571865	150571923
204774585	204774644
238330266	238330496
159036322	159036384
43408113	43408343
88491102	88491200
118529960	118530045
43354452	43354529
241780027	241780138
102500453	102500515
73404628	73404693
3307415	3307645
63250665	63250895
165681471	165681701
173037302	173037365
176147131	176147361
118571979	118572209
88788870	88788944
45812463	45812693
223662168	223662244
3740040	3740270
16954505	16954568
218031013	218031243
235964624	235964854
210937721	210937951
39956046	39956276
237471221	237471291
232422660	232422890
96011426	96011518
161012633	161012863
222889703	222889933
28473027	28473087
212320042	212320272
206750388	206750618
102490087	102490317
206544756	206544986
68942716	68942774
47242457	47242687
174614191	174614276
9843915	9844145
216693404	216693477
113837785	113837849
62684219	62684310
75801382	75801440
189848985	189849215
43396221	43396451
175562069	175562136
75836279	75836509
191193630	191193715
165873398	165873628
160568745	160568975
230665954	230666184
28030423	28030653
165416867	165416926
9346428	9346497
177419258	177419488
24149911	24150141
192623717	192623947
27308523	27308582
49844037	49844267
143791948	143792178
155480408	155480638
217268797	217269027
26458065	26458295
203735427	203735657
8944158	8944388
143747035	143747093
60809078	60809151
218853312	218853542
80726406	80726464
85695948	85696178
228018053	228018283
88486681	88486911
206631636	206631704
112459780	112460010
31085052	31085131
122505834	122506064
220217231	220217461
33605144	33605374
170078360	170078590
91799398	91799628
171729773	171730003
183959186	183959416
39005638	39005868
211387201	211387431
715930	716160
100908597	100908827
163157751	163157981
38763371	38763431
170733995	170734225
239172165	239172395
9922643	9922873
197202114	197202344
175387354	175387584
191237243	191237305
63714171	63714401
130154859	130155089
102686639	102686869
121310524	121310754
160944946	160945176
97523858	97524088
136555127	136555357
160414103	160414162
224592304	224592534
242538033	242538098
69240140	69240216
64539605	64539680
105852150	105852380
25451738	25451968
213459841	213460071
42740453	42740683
55298294	55298360
224854056	224854135
115308966	115309196
213727941	213728171
233918729	233918959
151383478	151383708
204647090	204647320
164328539	164328769
102782919	102783149
120581404	120581634
231852088	231852149
219592658	219592888
60792702	60792932
187323821	187324051
97220171	97220401
231024942	231025172
34237856	34238086
193062162	193062392
228904550	228904780
152861297	152861527
86525855	86526085
165871653	165871883
241089669	241089899
17852478	17852547
183844923	183845007
151044701	151044931
127822331	127822432
33638077	33638307
66814458	66814688
105796274	105796504
85999617	85999847
171253658	171253888
174436167	174436248
219984244	219984474
28819587	28819817
75292242	75292300
20732871	20733101
30249362	30249592
80087752	80087982
7224080	7224310
239867468	239867698
179994452	179994682
27929232	27929462
170384815	170385045
29518825	29519055
46306312	46306542
220159638	220159868
113896036	113896266
206678310	206678540
74078458	74078688
166913978	166914208
36549355	36549585
236460610	236460840
178469244	178469474
209272596	209272654
118543354	118543584
20335463	20335693
122353824	122354054
149684289	149684519
142669405	142669465
172102014	172102244
167217827	167218057
65914128	65914358
198033432	198033662
29179928	29179986
84485043	84485273
201348468	201348698
120068500	120068730
133106742	133106972
195684168	195684398
174262365	174262595
103456454	103456684
96932941	96933171
197714700	197714930
218751510	218751740
208838006	208838236
172153	172383
166635620	166635850
118927225	118927455
135223806	135224036
40065059	40065289
24836022	24836252
160534273	160534503
131555075	131555305
85493672	85493902
72025522	72025752
79226617	79226847
118819030	118819260
13186798	13187028
175470527	175470757
23983705	23983935
56150530	56150760
135169629	135169859
191895341	191895571
156080358	156080588
171829994	171830224
73115031	73115261
201483348	201483578
217865205	217865435
139603866	139604096
168992961	168993191
165573590	165573820
20725040	20725270
73162165	73162395
74007207	74007437
239896296	239896526
73220270	73220500
43451326	43451556
201983324	201983554
103592545	103592775
135655594	135655824
81551222	81551452
51937537	51937767
209238268	209238498
143634076	143634306
70781316	70781546
73487490	73487720
181105591	181105821
225511025	225511255
150451917	150452147
86930858	86931088
166060554	166060784
25144107	25144337
19569197	19569427
33700799	33701029
32437467	32437697
105911433	105911663
154202045	154202107
143929461	143929691
97025131	97025361
24307304	24307384
121886423	121886653
50718747	50718977
203987338	203987568
56089916	56090146
199239175	199239405
162864037	162864267
179283924	179284154
10692726	10692956
209685098	209685328
140843337	140843567
161114368	161114434
173842120	173842350
238380172	238380402
230296152	230296382
31577825	31578055
72377975	72378205
109471774	109472004
54730402	54730632
16794804	16795034
217561521	217561751
109013399	109013629
65140526	65140587
161108860	161109090
38390236	38390466
171265633	171265863
53246047	53246277
70023384	70023614
174616953	174617183
144920340	144920570
42158097	42158327
200353605	200353835
238683436	238683666
48085055	48085285
101655161	101655391
236649566	236649796
85442278	85442508
239482042	239482272
173729016	173729246
147070454	147070684
23574442	23574672
216814772	216815002
170254262	170254492
197141830	197142060
73200807	73201037
20250485	20250715
46503873	46504103
219762985	219763215
147802683	147802913
166963239	166963469
220035979	220036209
188446212	188446442
98357040	98357270
223966531	223966761
201659690	201659920
56089445	56089675
43358116	43358346
198572402	198572632
46593509	46593739
160147172	160147402
97778023	97778253
36585089	36585319
201535123	201535353
134084313	134084543
224644654	224644884
47664523	47664753
153599574	153599804
96079904	96079990
25887618	25887848
236711796	236712026
26223483	26223713
141566508	141566738
193614398	193614628
128936857	128937087
197623666	197623896
211442325	211442555
31749015	31749245
55914449	55914679
127931823	127932053
216974926	216975156
225314209	225314439
187368988	187369049
158354196	158354426
8665647	8665877
152855609	152855839
64555128	64555358
224428201	224428431
11788048	11788278
65483267	65483497
143553804	143554034
190493994	190494224
73907494	73907573
38303513	38303603
221030191	221030421
230207211	230207441
205489916	205490146
43467718	43467948
188163940	188164170
68714992	68715222
1554526	1554756
113339909	113340139
161775482	161775712
20706005	20706235
188362682	188362912
67467756	67467986
71204541	71204771
182331430	182331660
36712707	36712937
32360499	32360729
105489962	105490192
53542369	53542599
58676534	58676764
65034584	65034814
74627067	74627297
43245481	43245711
230645568	230645798
20817714	20817944
170132645	170132875
11729762	11729992
121852924	121853154
241543818	241544048
232578549	232578779
166150287	166150517
239196351	239196581
80553416	80553646
84753796	84754026
43278569	43278799
77749392	77749622
10282565	10282795
24451458	24451688
156922512	156922742
176174600	176174830
173144673	173144903
138224915	138225145
84968662	84968892
55276154	55276384
193606678	193606908
179343821	179344051
167038144	167038374
97246551	97246781
191142030	191142260
136358559	136358789
36545774	36546004
103488925	103489155
8731173	8731403
120986181	120986411
86623636	86623866
138817852	138818082
186073096	186073326
74771856	74772086
106071345	106071575
45465437	45465667
65214921	65215151
54892607	54892837
200328178	200328408
137631918	137632148
38782431	38782661
39820963	39821193
66240699	66240929
218899524	218899754
45837673	45837903
71384659	71384889
133434631	133434861
74967819	74968049
35653675	35653905
28939237	28939467
214670939	214671169
95622613	95622843
238832391	238832621
238490423	238490653
219330847	219331077
53670030	53670260
86031802	86032032
183531742	183531972
86714260	86714490
71688048	71688278
219860773	219861003
19065456	19065686
7343159	7343389
133157782	133158012
213641750	213641980
175022802	175023032
28837074	28837304
43653636	43653866
47355074	47355304
223824189	223824419
180305441	180305671
70006507	70006737
66146115	66146345
24387308	24387538
43397169	43397399
240821746	240821976
166555196	166555426
217642467	217642697
11558161	11558391
46527010	46527240
39924081	39924311
47452608	47452838
178033172	178033402
205736411	205736641
72012101	72012331
1891820	1892050
26958893	26959123
230309783	230310013
46828553	46828783
290182	290412
164917713	164917943
70426545	70426775
10612140	10612370
128211022	128211252
9880885	9881115
108549525	108549755
69128319	69128549
156107378	156107608
192734552	192734782
223478523	223478753
112382459	112382689
100435385	100435615
25565355	25565585
186844565	186844795
191715334	191715564
190986789	190987019
88781602	88781832
202969070	202969300
163190558	163190788
236342522	236342752
97678032	97678262
21250419	21250649
202663704	202663934
27145639	27145869
169203203	169203433
104575733	104575963
70725259	70725489
155258718	155258948
20800581	20800811
68471650	68471880
219271264	219271494
188459593	188459823
45805661	45805891
21398774	21399004
7037376	7037606
79088750	79088980
28886350	28886580
235197635	235197865
220322837	220323067
11828629	11828859
20652344	20652574
86595583	86595647
144270726	144270956
173091128	173091358
198464370	198464600
134965238	134965468
54311832	54312062
207125100	207125330
218933553	218933783
210442184	210442414
47270791	47271021
46452071	46452301
102313891	102314121
172813681	172813911
195732160	195732390
46295062	46295292
112658610	112658840
121433167	121433397
53502975	53503205
95980885	95981115
46768975	46769205
155309509	155309739
50973735	50973965
155295725	155295955
246563	246793
216898773	216899003
60869506	60869736
235889861	235890091
56304750	56304980
219482917	219483147
197400565	197400795
113238659	113238889
201440779	201441009
28177794	28178024
96926522	96926752
7259231	7259461
201173504	201173734
208206624	208206854
128991159	128991389
166095745	166095975
96729270	96729500
144444218	144444448
157049108	157049338
21388321	21388551
67690987	67691217
220144548	220144778
113638871	113639101
150622210	150622440
180275692	180275922
200461350	200461580
74135141	74135371
133951682	133951912
79268149	79268379
110369252	110369482
212744140	212744370
53704090	53704320
219844827	219845057
65865634	65865864
235453641	235453871
173458486	173458716
191209018	191209248
33259862	33260092
44570084	44570314
132904426	132904656
28499082	28499312
47187840	47188070
11239341	11239571
119992207	119992437
171785351	171785581
36873453	36873683
85034341	85034571
29175689	29175919
211528349	211528579
20425107	20425337
33620793	33621023
48341543	48341773
62650388	62650618
134535243	134535473
102972085	102972315
36630949	36631179
210186853	210187083
85726297	85726527
46997046	46997276
23422256	23422486
8802754	8802984
113482494	113482724
73043102	73043332
169988494	169988724
69602976	69603206
44471296	44471526
203143755	203143985
16669051	16669281
86315155	86315385
159901317	159901547
147280835	147281065
62138713	62138943
48849940	48850170
35393497	35393727
53797147	53797377
132431583	132431813
86448291	86448521
108811361	108811591
123208696	123208926
49915088	49915318
71016785	71017015
121707029	121707259
70141609	70141839
102448655	102448885
55241157	55241387
220701459	220701689
239213664	239213894
101487269	101487499
161285826	161286056
195031604	195031834
141454108	141454338
64684761	64684991
58137872	58138102
45400761	45400991
238231295	238231525
91815090	91815320
173292891	173293121
220602009	220602239
196362979	196363209
67788782	67789012
110456605	110456835
8738448	8738678
105854472	105854702
175901330	175901560
171622524	171622754
174749244	174749474
10400381	10400611
111513142	111513372
136972087	136972317
151928003	151928233
89948185	89948415
72426176	72426406
53631216	53631446
113894546	113894776
69997461	69997691
56006905	56007135
200805268	200805498
242598779	242599009
232161843	232162073
179261809	179262039
153411628	153411858
197466178	197466408
181384999	181385229
101519430	101519660
101966755	101966985
43447137	43447367
47100828	47101058
9983557	9983787
239957044	239957274
9795661	9795891
85932786	85933016
172424688	172424918
229183033	229183263
40715213	40715443
223426632	223426862
11514729	11514959
208905009	208905239
46325779	46326009
184224684	184224914
72364662	72364892
176052206	176052436
56185562	56185792
10545595	10545825
27601076	27601306
85173439	85173669
138829899	138830129
178130129	178130359
174532242	174532472
191545077	191545307
46525748	46525978
113448505	113448735
75146942	75147172
220324200	220324430
67209976	67210206
20701881	20702111
43370122	43370352
53048846	53049076
234259440	234259670
69390237	69390467
85875814	85876044
105986316	105986546
12596488	12596718
10328438	10328668
72161088	72161318
190847600	190847830
70584510	70584740
224171183	224171413
136993708	136993938
180763670	180763900
181848570	181848800
107254587	107254817
101435083	101435313
239593090	239593320
178128258	178128488
69481120	69481350
148959011	148959241
19969347	19969577
118960363	118960593
68971778	68972008
27304014	27304244
233893648	233893878
86025176	86025406
237865003	237865233
150430311	150430541
85648492	85648722
67877453	67877683
43302137	43302367
164983519	164983749
55278367	55278597
235790423	235790653
166810640	166810870
28022187	28022417
45667358	45667588
82128214	82128444
69968360	69968590
96782792	96783022
47212340	47212570
134399245	134399475
29328263	29328493
152882213	152882295
106072214	106072444
198716286	198716516
234837326	234837556
80082595	80082825
27356735	27356965
233853255	233853485
152803776	152804006
236303148	236303378
218515546	218515776
65938230	65938460
240831198	240831428
54342461	54342691
228727023	228727253
153057245	153057475
37642718	37642948
216691499	216691729
210801088	210801318
156564631	156564861
239248516	239248746
20818931	20819161
121493357	121493587
166703618	166703848
9293892	9294122
237218269	237218499
174916577	174916807
29566781	29567011
48828587	48828817
19512814	19513044
121062937	121063167
237551335	237551565
190477847	190478077
29384138	29384368
76277405	76277635
95652215	95652445
68585136	68585366
242489190	242489420
46391398	46391628
23789670	23789900
210288465	210288695
198479883	198480113
3786093	3786323
99683177	99683407
182650547	182650777
232765246	232765476
96926177	96926407
9695747	9695977
9211184	9211414
59529030	59529260
152882399	152882629
74560399	74560629
163279475	163279705
74619153	74619383
121670324	121670554
158184124	158184354
28492182	28492412
40590825	40591055
9796545	9796775
191861151	191861381
143635085	143635315
43804506	43804736
154335328	154335558
18331015	18331245
175552861	175553091
150343789	150344019
153278045	153278275
28866281	28866511
26685410	26685640
72177915	72178145
162948260	162948490
46191509	46191739
98364918	98365148
61848089	61848319
37253288	37253518
97422944	97423174
46688095	46688325
38673683	38673913
58110179	58110409
67753485	67753715
88607439	88607669
206992452	206992682
22578772	22579002
59252374	59252604
79450749	79450979
202615341	202615571
240297165	240297395
108800974	108801204
54050802	54051032
194449420	194449650
10548481	10548711
47436132	47436362
152018777	152019007
156225543	156225773
176116277	176116507
235788710	235788940
224324167	224324397
233674128	233674358
97274262	97274492
89218935	89219165
218007453	218007683
54784804	54785034
169890895	169891125
170681407	170681637
191533686	191533916
101044205	101044435
181572610	181572840
232551981	232552211
216887843	216888073
241373495	241373725
25532301	25532531
232466408	232466638
95742547	95742777
169017452	169017682
211264212	211264442
70914017	70914247
122113714	122113944
55384703	55384933
20111604	20111834
61847716	61847946
26241057	26241287
42304562	42304792
113841917	113842147
232790014	232790244
36877229	36877459
12573805	12574035
28767553	28767783
71250744	71250974
232264922	232265152
73587526	73587756
168976087	168976317
102387216	102387446
28642244	28642474
10588749	10588979
44177622	44177852
9375002	9375232
27593126	27593356
207424000	207424230
77331736	77331966
97268366	97268596
127807773	127808003
201523280	201523510
192233839	192234069
224903005	224903235
113627235	113627465
138435118	138435348
235789278	235789508
97197856	97198086
183231454	183231684
41641647	41641877
69792516	69792746
84009335	84009565
178664366	178664596
161188886	161189116
89060824	89061054
31607738	31607968
15299902	15300132
231679394	231679624
58908161	58908391
28977337	28977567
10438101	10438331
41071597	41071827
196425888	196426118
180707276	180707506
64680310	64680540
36604212	36604442
20779092	20779322
241853848	241854078
54956033	54956263
128113093	128113323
239924610	239924840
114361734	114361964
224951368	224951598
196440798	196441028
145648420	145648650
38603344	38603574
9710906	9711136
110013337	110013567
36586195	36586425
118881110	118881340
62080296	62080526
10654921	10655151
69664059	69664289
140412888	140413118
122493174	122493404
220139406	220139636
26539032	26539262
180877303	180877533
10163544	10163774
61990842	61991072
173940470	173940700
57604187	57604417
67442446	67442676
46727398	46727628
224390897	224391127
9450617	9450847
45355807	45356037
237654507	237654737
40662036	40662266
207646338	207646568
121100995	121101225
20001242	20001472
139179637	139179867
200625378	200625608
97330938	97331168
75693922	75694152
196428978	196429208
109033786	109034016
240552692	240552922
46324972	46325202
53702579	53702809
165698609	165698839
227443660	227443890
163380775	163381005
207911632	207911862
101520362	101520592
46399397	46399627
40587866	40588096
172304267	172304497
144157442	144157672
191443565	191443795
100437590	100437820
211958505	211958735
146677142	146677372
201465394	201465624
75833363	75833593
122655232	122655462
159321232	159321462
78204868	78205098
25584863	25585093
70714602	70714832
150990157	150990387
223779959	223780189
45403610	45403840
71175628	71175858
65202416	65202646
149944341	149944571
106724872	106725102
69869861	69870091
232539624	232539854
76124006	76124236
71228321	71228551
70528405	70528635
209013602	209013832
43427196	43427426
237478281	237478511
207019016	207019246
157262258	157262488
67285102	67285332
131566679	131566909
29199460	29199690
175214807	175215037
101805206	101805436
43392623	43392853
101402815	101403045
46715148	46715378
19946441	19946671
1588926	1589156
113450153	113450383
197615820	197616050
134102447	134102677
198919073	198919303
196398534	196398764
177518672	177518902
160612312	160612542
54799451	54799681
101038873	101039103
142700025	142700255
112417087	112417317
9427867	9428097
28884546	28884776
70315284	70315514
188442138	188442368
127285755	127285985
165002157	165002387
161860941	161861171
177843738	177843968
196529333	196529563
200125985	200126215
10084526	10084756
76691513	76691743
217087341	217087571
220918706	220918936
37802998	37803228
114723327	114723557
42612388	42612618
19172920	19173150
182043611	182043841
199522331	199522561
229546195	229546425
60379431	60379661
53786736	53786966
178354524	178354754
26838406	26838636
26744143	26744373
221089939	221090169
30497656	30497886
133904571	133904801
242964825	242965055
63306103	63306333
114735372	114735602
173557887	173558117
220142454	220142684
85685061	85685291
101439154	101439384
113403078	113403308
91947643	91947873
45411790	45412020
143630996	143631226
52224806	52225036
67801442	67801672
241165346	241165576
224330600	224330830
20267817	20268047
64994892	64995122
241929246	241929476
74681938	74682168
152489773	152490003
36083352	36083582
28497781	28498011
68873539	68873769
121672384	121672614
106714622	106714852
71679770	71680000
196521612	196521842
240196974	240197204
55131297	55131527
43237904	43238134
27233728	27233958
235473396	235473626
20650655	20650885
201652218	201652448
535321	535551
43521018	43521248
241327043	241327273
225086403	225086633
150588956	150589186
211900331	211900561
203962543	203962773
55276610	55276840
23553208	23553438
106135497	106135727
55275620	55275850
213012705	213012935
208323430	208323660
27514942	27515172
101857242	101857472
113385026	113385256
72161757	72161987
44025478	44025708
48541384	48541614
143962824	143963054
233386833	233387063
101868299	101868529
131622542	131622772
230775537	230775767
100907646	100907876
242820219	242820449
70842449	70842679
27309375	27309605
65949239	65949469
46556968	46557198
226979839	226980069
192554113	192554343
56516420	56516650
47348728	47348958
211920239	211920469
124751373	124751603
43249419	43249649
158192728	158192958
196351825	196352055
28833521	28833751
47304092	47304322
232507500	232507730
150292202	150292432
44895539	44895769
33906493	33906723
1136145	1136375
43449111	43449341
102870286	102870516
57776732	57776962
41992131	41992361
61032595	61032825
187419907	187420137
134290502	134290732
201480058	201480288
49998105	49998335
9877434	9877664
178976923	178977153
67800308	67800538
133930762	133930992
136502374	136502604
38918091	38918321
169805224	169805454
169193399	169193629
109877368	109877598
67517211	67517441
75325989	75326219
102851466	102851696
169952147	169952377
240866827	240867057
145089511	145089741
97215772	97216002
11820592	11820822
202572545	202572775
129079446	129079676
56107186	56107416
108832200	108832430
12556783	12557013
26497033	26497263
141429057	141429287
27374938	27375168
46165951	46166181
153717938	153718168
170532933	170533163
218621338	218621568
39174384	39174614
99701927	99702157
28807172	28807402
43406164	43406394
217080741	217080971
157287567	157287797
70008624	70008854
28768052	28768282
82461496	82461726
67464497	67464727
187767949	187768179
26231961	26232191
169111143	169111373
28866965	28867195
39062215	39062445
219938208	219938438
91818726	91818956
27942987	27943217
55375544	55375774
23626307	23626537
19997672	19997902
219260689	219260919
72031425	72031655
86252440	86252670
71222620	71222850
73981062	73981292
37417008	37417238
232057212	232057442
150346864	150347094
219922785	219923015
136576869	136577099
11076405	11076635
13196454	13196684
192403881	192404111
236126504	236126734
70752296	70752526
28753019	28753249
66804187	66804417
24408477	24408707
98774084	98774314
62524846	62525076
113335435	113335665
10633523	10633753
187645742	187645972
133428369	133428599
197158900	197159130
150850841	150851071
181626112	181626342
61986235	61986465
23859375	23859605
161522930	161523160
10423405	10423635
31913477	31913707
231864239	231864469
142943575	142943805
199884688	199884918
208217713	208217943
190498125	190498355
236079591	236079821
86902863	86903093
9960224	9960454
101438070	101438300
201675971	201676201
70289483	70289713
179884958	179885188
86161271	86161501
9970523	9970753
16789882	16790112
40512110	40512340
240761912	240762142
103077006	103077236
143398252	143398482
221394840	221395070
227677947	227678177
64081115	64081345
65066144	65066374
216363279	216363509
173569143	173569373
191878417	191878647
153325947	153326177
13334125	13334355
55290905	55291135
75841285	75841515
134642394	134642624
3427749	3427979
228682984	228683214
202123254	202123484
182435887	182436117
148777902	148778132
201165396	201165626
69366333	69366563
221552020	221552250
46219368	46219598
110106504	110106734
197561183	197561413
175411708	175411938
200349725	200349955
126503162	126503392
66723334	66723564
176953083	176953313
7184452	7184682
102844231	102844461
3828469	3828699
136928893	136929123
171226521	171226751
217238313	217238543
11051923	11052153
112427525	112427755
3082532	3082762
67876778	67877008
46538333	46538563
238384113	238384343
46300770	46301000
88487525	88487755
170646482	170646712
212081040	212081270
179565631	179565861
122446947	122447177
58781153	58781383
186155867	186156097
86162938	86163168
102003820	102004050
40079103	40079333
138644075	138644305
99185747	99185977
191583586	191583816
80103632	80103862
1604822	1605052
237864282	237864512
222903195	222903425
102682323	102682553
76497663	76497893
20777743	20777973
65006507	65006737
242604935	242605165
37789454	37789684
224477863	224478093
28973663	28973893
70872959	70873189
75209793	75210023
26537175	26537405
70216247	70216477
108553317	108553547
43313721	43313951
32551624	32551854
241309644	241309874
9778713	9778943
186144832	186145062
86115828	86116058
38036671	38036901
20426231	20426461
25264225	25264455
70556137	70556367
214934107	214934337
26178838	26179068
53735840	53736070
237411818	237412048
220360200	220360430
56968723	56968953
1796027	1796257
97429467	97429697
73316806	73317036
197852711	197852941
208557030	208557260
156672430	156672660
106013285	106013515
135249454	135249684
71382040	71382270
214799353	214799583
85190900	85191130
103209143	103209373
84445774	84446004
47037959	47038189
127415578	127415808
161062053	161062283
39296393	39296623
235544013	235544243
237875789	237876019
54760197	54760427
84044729	84044959
28589519	28589749
102852019	102852249
150600741	150600971
85085317	85085547
68337340	68337570
161098419	161098649
42193678	42193908
134119622	134119852
226327721	226327951
201527518	201527748
178013707	178013937
67487111	67487341
174024574	174024804
29256156	29256386
63416150	63416380
24306723	24306953
55652765	55652995
43297210	43297440
196272588	196272818
238596396	238596626
232660366	232660596
232665314	232665544
79596286	79596516
71192091	71192321
190888666	190888896
214884054	214884284
169925934	169926164
20784405	20784635
179171178	179171408
96777623	96777853
23622449	23622679
74148413	74148643
850189	850419
95745803	95746033
35324496	35324726
233533876	233534106
233721330	233721560
121857021	121857251
189156482	189156712
42190132	42190362
27063893	27064123
78342871	78343101
19740932	19741162
131534157	131534387
115923184	115923414
424833	425063
143631991	143632221
191812715	191812945
127825679	127825909
38375654	38375884
197457301	197457531
48348034	48348264
53357050	53357280
67960845	67961075
12592443	12592673
72789163	72789393
98017535	98017765
137921063	137921293
225010650	225010880
52840305	52840535
38220392	38220622
192083111	192083341
60787982	60788212
77662093	77662323
21977116	21977346
47042330	47042560
40483862	40484092
88512089	88512319
220076318	220076548
202830338	202830568
37145555	37145785
67496020	67496250
241519630	241519860
10592514	10592744
72797632	72797862
25841618	25841848
71509695	71509925
183165448	183165678
141452878	141453108
9918105	9918335
47197901	47198131
141111195	141111425
54681696	54681926
37232221	37232451
108799023	108799253
240960985	240961215
227448445	227448675
171593278	171593508
70753871	70754101
42613854	42614084
38123573	38123803
103370117	103370347
144041742	144041972
65233682	65233912
233766787	233767017
28830141	28830371
173410491	173410721
181521240	181521470
219596409	219596639
175481858	175482088
161887073	161887303
174943091	174943321
37700239	37700469
110460195	110460425
42360193	42360423
21116421	21116651
144332975	144333205
133820634	133820864
152094222	152094452
183233213	183233443
182602875	182603105
54802672	54802902
150846185	150846415
97426344	97426574
3109260	3109490
238513719	238513949
224661878	224662108
227538192	227538422
62137735	62137965
171943394	171943624
85730255	85730485
69405334	69405564
30394804	30395034
43685280	43685510
170549926	170550156
235588784	235589014
87568739	87568969
40738821	40739051
1131834	1132064
227276556	227276786
46536713	46536943
23535959	23536189
144339651	144339881
227080726	227080956
38203	38433
47402078	47402308
234608869	234609099
114477843	114478073
97222760	97222990
62515129	62515359
205889907	205890137
235603110	235603340
10627078	10627308
101508404	101508634
153271794	153272024
72447409	72447639
119296974	119297204
143044263	143044493
234323040	234323270
85358335	85358565
190701467	190701697
95540001	95540231
96819805	96820035
9815605	9815835
217970497	217970727
42239863	42240093
173730170	173730400
219033657	219033887
202013923	202014153
65086365	65086595
2881180	2881410
9771329	9771559
47243724	47243954
2848024	2848254
119312298	119312528
53161622	53161852
218191063	218191293
165777003	165777233
149431700	149431930
85673084	85673314
149926005	149926235
237362528	237362758
226377667	226377897
85732141	85732371
138701594	138701824
78900226	78900456
36595058	36595288
61991392	61991622
65547622	65547852
64872247	64872477
42075310	42075540
208490684	208490914
55496354	55496584
107189079	107189309
140674476	140674706
86057873	86058103
42155845	42156075
137931128	137931358
225613939	225614169
136875212	136875442
85244940	85245170
62805178	62805408
72342631	72342861
190563071	190563301
138192955	138193185
161071205	161071435
165625276	165625506
47270428	47270658
240065654	240065884
161263479	161263709
46844010	46844240
9353104	9353334
193424302	193424532
10638097	10638327
88899596	88899826
20710358	20710588
113191133	113191363
225007718	225007948
196385630	196385860
24238601	24238831
102031763	102031993
102600471	102600701
46394624	46394854
48475777	48476007
53331459	53331689
113382042	113382272
188419063	188419293
113551872	113552102
98280865	98281095
101737179	101737409
55277495	55277725
228336666	228336896
235872535	235872765
143339970	143340200
151734931	151735161
28614891	28615121
227050764	227050994
237933830	237934060
165512334	165512564
58269766	58269996
238001907	238002137
121665427	121665657
58174600	58174830
197264913	197265143
146905096	146905326
49482543	49482773
234912931	234913161
43454468	43454698
138980969	138981199
153261819	153262049
17491078	17491308
219968922	219969152
11481	11711
201621713	201621943
85765783	85766013
9705615	9705845
21540083	21540313
18586049	18586279
228331083	228331313
72371461	72371691
56112869	56113099
241283012	241283242
129513056	129513286
47419031	47419261
224590352	224590582
121834609	121834839
191914938	191915168
97074992	97075222
182741497	182741727
22895569	22895799
58468364	58468594
20882008	20882238
182656155	182656385
19172371	19172601
65058468	65058698
86426552	86426782
206640857	206641087
146509760	146509990
228520219	228520449
128568759	128568989
179387712	179387942
103058766	103058996
207854158	207854388
86563068	86563298
38443228	38443458
10442597	10442827
46533632	46533862
143503566	143503796
29552851	29553081
52667366	52667596
36600311	36600541
223682472	223682702
172081866	172082096
113300930	113301160
101604491	101604721
145115583	145115813
109824628	109824858
38893000	38893230
176495633	176495863
121278880	121279110
76496072	76496302
206561343	206561573
143625802	143626032
178107307	178107537
215275193	215275423
64945496	64945726
101232059	101232289
198677992	198678222
198814980	198815210
1617637	1617867
190151059	190151289
135535982	135536212
131906109	131906339
197478076	197478306
53358571	53358801
122055111	122055341
393774	394004
3583582	3583812
61646737	61646967
46782234	46782464
19273465	19273695
234395715	234395945
86116335	86116565
45405165	45405395
127915308	127915538
20996342	20996572
174432848	174433078
114557022	114557252
183628123	183628353
3875302	3875532
147458821	147459051
11638778	11639008
149398420	149398650
151537969	151538199
47195203	47195433
97481049	97481279
150267639	150267869
138138212	138138442
173306871	173307101
133174063	133174293
74054192	74054422
3005431	3005661
157191180	157191410
158901965	158902195
23627357	23627587
197666733	197666963
129494240	129494470
151478513	151478743
157909608	157909838
147391851	147392081
23906968	23907198
218235265	218235495
54130232	54130462
20638305	20638535
153259621	153259851
70336022	70336252
181607660	181607890
20876189	20876419
67664354	67664584
239054709	239054939
56702035	56702265
55394582	55394812
241796076	241796306
159932855	159933085
227526561	227526791
9526791	9527021
235166829	235167059
169868694	169868924
165766681	165766911
128929878	128930108
226530129	226530359
172017614	172017844
238595291	238595521
105904281	105904511
72365592	72365822
178770885	178771115
46616700	46616930
69983342	69983572
44780658	44780888
201630432	201630662
28493673	28493903
65190956	65191186
899017	899247
46344593	46344823
81825633	81825863
216928801	216929031
26235482	26235712
45124639	45124869
190628748	190628978
109830611	109830841
72110098	72110328
43506569	43506799
17938656	17938886
142870514	142870744
27473093	27473323
137064421	137064651
228727471	228727701
85812210	85812440
10444223	10444453
145417380	145417610
122949014	122949244
173065323	173065553
71970021	71970251
10548040	10548270
43371493	43371723
178628440	178628670
191672041	191672271
61856961	61857191
202872033	202872263
56128555	56128785
50784529	50784759
204937237	204937467
32247969	32248199
37864715	37864945
65794459	65794689
26235031	26235261
26224838	26225068
173290133	173290363
8817757	8817987
182675673	182675903
68822387	68822617
32111862	32112092
196206904	196207134
95688948	95689178
36772125	36772355
56070307	56070537
1914413	1914643
157014331	157014561
36688607	36688837
161064619	161064849
104649894	104650124
54330945	54331175
46535170	46535400
144599599	144599829
12591958	12592188
28143477	28143707
56899197	56899427
217193152	217193382
145461519	145461749
136894612	136894842
97452717	97452947
187856583	187856813
26256098	26256328
43385536	43385766
15937838	15938068
137005896	137006126
11482976	11483206
84054854	84055084
97093639	97093869
634682	634912
136973741	136973971
235654070	235654300
141415351	141415581
15085255	15085485
216601488	216601718
101976697	101976927
10579588	10579818
216765010	216765240
137808657	137808887
173473776	173474006
204090261	204090491
54433786	54434016
132092969	132093199
176983702	176983932
67809043	67809273
11538928	11539158
232476580	232476810
12091712	12091942
75692795	75693025
38689596	38689826
101978019	101978249
72177426	72177656
43267712	43267942
101971220	101971450
70418190	70418420
234156526	234156756
101730270	101730500
168068637	168068867
217016407	217016637
163651887	163652117
119932095	119932325
127391915	127392145
68412763	68412993
42217029	42217259
1542506	1542736
95743239	95743469
70145041	70145271
191179535	191179765
10236263	10236493
61687385	61687615
83330876	83331106
47194453	47194683
127117158	127117388
153354319	153354549
74206896	74207126
28671166	28671396
37763402	37763632
201593387	201593617
215695530	215695760
216838807	216839037
230576901	230577131
228269448	228269678
228272487	228272717
64979082	64979312
73030796	73031026
47496896	47497126
26958129	26958359
208352774	208353004
154478888	154479118
208195673	208195903
61997937	61998167
85333909	85334139
214860261	214860491
70368240	70368470
172128573	172128803
103905629	103905859
208490213	208490443
11485591	11485821
50703375	50703605
98792383	98792613
173796174	173796404
45556539	45556769
9777446	9777676
182068201	182068431
145383430	145383660
31624513	31624743
237640728	237640958
70584950	70585180
38830664	38830894
191393475	191393705
228190257	228190487
28636453	28636683
237076141	237076371
86157928	86158158
231789174	231789404
28113959	28114189
72154996	72155226
234211996	234212226
196187110	196187340
182649306	182649536
161113636	161113866
175045206	175045436
234356972	234357202
89131263	89131493
