34131764	34132060
41837787	41838085
35730528	35730789
9632439	9632676
47392911	47393151
58513335	58513565
40474833	40475090
64251240	64251461
7646961	7647185
67522230	67522441
38716572	38716804
16424632	16424865
17259456	17259697
76704640	76704881
43296346	43296575
53603834	53604059
41471395	41471616
66756068	66756302
48559911	48560141
45307182	45307444
20025029	20025255
41654094	41654308
45393100	45393320
66395207	66395458
62211038	62211253
39894321	39894546
41771828	41772057
27451166	27451384
33860395	33860616
67565268	67565483
77890032	77890270
39065610	39065856
67231658	67231915
6949177	6949373
36823851	36824058
48929537	48929744
17545184	17545407
57936868	57937079
17936881	17937086
38170058	38170293
19417308	19417513
6569411	6569642
67519484	67519677
34074561	34074768
7961051	7961258
42714023	42714220
73422482	73422681
3641071	3641282
26207116	26207342
56524917	56525144
32527040	32527272
73675774	73675998
7963623	7963836
43462962	43463184
6325385	6325613
5490849	5491077
70723915	70724122
46956376	46956591
40679316	40679537
4792425	4792645
7816334	7816552
57830898	57831118
8204042	8204243
54793298	54793530
27907425	27907627
61045874	61046108
59713395	59713601
25928801	25929016
7944760	7944967
15901863	15902063
884348	884556
37363295	37363516
56190467	56190676
25563831	25564022
73408727	73408956
61502844	61503063
76493260	76493484
57082306	57082517
64670008	64670216
46208649	46208853
37139475	37139680
63194956	63195155
34296599	34296796
73197886	73198121
47109585	47109806
49230599	49230806
78549199	78549420
54396981	54397180
66459184	66459399
2148127	2148334
28420593	28420802
47472450	47472669
57388416	57388644
38267973	38268191
73743951	73744161
37309175	37309377
43717828	43718028
40995478	40995676
6955460	6955664
38597309	38597531
60749752	60749948
64711922	64712135
32688576	32688814
27966610	27966832
63984221	63984412
38459353	38459554
71251885	71252142
4316563	4316765
58798223	58798415
66432603	66432811
38771957	38772156
6316406	6316606
39705585	39705789
17763586	17763800
55320564	55320784
6908181	6908377
64621452	64621663
30580151	30580355
66773630	66773827
32747394	32747603
37401061	37401264
62398486	62398702
42997447	42997670
38959863	38960076
38689603	38689834
59628608	59628807
17794420	17794635
79227214	79227397
19350447	19350653
28667227	28667423
1572723	1572910
36600446	36600643
60186890	60187125
76081147	76081334
41751244	41751438
14829937	14830137
41560970	41561238
39957883	39958085
30169621	30169847
48075684	48075883
61484171	61484374
26132566	26132765
77782557	77782757
59049236	59049432
64161751	64161940
72740832	72741035
54203979	54204184
48104276	48104480
9832254	9832448
49841832	49842048
36579999	36580198
76010006	76010214
48374796	48375012
2319390	2319614
17822566	17822773
55824979	55825178
53591453	53591644
61689663	61689860
72489561	72489752
57518230	57518426
26821813	26822016
38776268	38776478
34094036	34094231
39819004	39819248
59652300	59652488
4118734	4118930
34985825	34986023
11839199	11839377
49376244	49376425
6339394	6339594
8689212	8689403
31110637	31110827
46095779	46095974
1419004	1419207
68632778	68632960
74677390	74677589
9425494	9425670
58716196	58716370
45967364	45967569
73110236	73110444
71366088	71366302
46151788	46151970
7183949	7184169
28134896	28135077
46695996	46696193
74543507	74543688
1235915	1236108
65471604	65471805
61556317	61556520
29852435	29852633
42610975	42611194
16440262	16440460
41598040	41598220
53847696	53847894
44079984	44080181
4965764	4965974
25572365	25572571
2916348	2916539
10230991	10231172
25926936	25927161
67603390	67603586
60257019	60257216
80309780	80309990
48860595	48860830
38136773	38136969
56788435	56788627
27292701	27292889
72453750	72453956
1268819	1269011
80739746	80739952
70556448	70556647
4613254	4613439
9828139	9828332
2285953	2286152
27697231	27697423
4324000	4324198
74502535	74502730
72957776	72957982
32078232	32078417
7685666	7685859
43275218	43275491
7039646	7039846
59079754	59079929
47938564	47938755
79979077	79979270
75538874	75539081
63227934	63228115
55017342	55017518
36833397	36833576
53679221	53679408
46749083	46749269
65383192	65383378
18120821	18121016
57824316	57824493
18864219	18864404
67243025	67243201
48164882	48165084
6817256	6817444
70553159	70553365
40115086	40115293
26743915	26744093
3817227	3817424
79700850	79701045
7726112	7726303
33639829	33639990
43930158	43930331
16267181	16267350
43354658	43354859
19266256	19266443
16189227	16189420
1050914	1051095
11048023	11048209
8313661	8313870
29764395	29764584
19896174	19896374
66768088	66768259
43313117	43313292
21183408	21183576
3767079	3767252
27090828	27091011
77015724	77015896
28258458	28258641
59914680	59914852
28106342	28106539
603842	604019
10521536	10521708
28431611	28431802
73066017	73066206
75062963	75063144
72433911	72434090
62645330	62645502
6374902	6375094
56072875	56073056
38514825	38515012
27475947	27476134
64902872	64903065
19669835	19670051
38447048	38447236
76861927	76862137
28348830	28349006
34476423	34476605
65154323	65154481
76285952	76286155
68097232	68097426
8041974	8042168
77083778	77083960
42245888	42246065
38324709	38324867
2752168	2752375
45019995	45020162
42852266	42852439
27472464	27472629
41089841	41090018
48919309	48919492
18151653	18151846
48624344	48624521
75092658	75092835
43212738	43212938
55208420	55208600
53373382	53373571
36010545	36010723
39735926	39736096
46882321	46882504
64196846	64197031
72172912	72173110
27546536	27546796
11890383	11890549
74394176	74394355
53605000	53605182
76418169	76418375
26867827	26867995
72787698	72787887
6746701	6746861
19657251	19657441
52968676	52968851
45693302	45693463
7259435	7259608
262136	262310
58220336	58220526
37778300	37778475
27053942	27054141
20896284	20896459
41755351	41755517
47257759	47257952
65370832	65370994
66462364	66462528
3978243	3978401
75007374	75007542
47304879	47305056
47772877	47773082
54897134	54897306
42423162	42423363
64563403	64563602
47645322	47645494
1812128	1812313
6183161	6183332
55935372	55935559
40374264	40374451
65796622	65796795
2731837	2731996
35405052	35405209
7649121	7649308
74275651	74275824
43909592	43909758
49197173	49197337
59494324	59494480
42021441	42021614
66168650	66168866
1624190	1624356
65685783	65685948
7766075	7766255
48029946	48030117
12084108	12084273
21023055	21023229
39804217	39804409
38269459	38269647
40268819	40268979
33866514	33866657
74812725	74812877
40770659	40770825
16905192	16905377
72375668	72375852
31082199	31082347
43176587	43176763
54556318	54556475
72653667	72653842
45918652	45918821
55910801	55910968
38358161	38358328
44859693	44859863
77389443	77389619
35887477	35887632
36571042	36571202
30646559	30646731
40915527	40915704
9432463	9432609
62359419	62359591
74462158	74462330
76967451	76967618
45879862	45880029
73400323	73400521
70114834	70115000
78400787	78400965
56394850	56395026
41387214	41387386
53070532	53070692
1026395	1026572
8062184	8062355
20704978	20705149
13501173	13501317
74404762	74404920
17258336	17258499
6376573	6376745
27077156	27077371
45854076	45854233
76247083	76247267
40730543	40730726
39478682	39478841
72956867	72957020
33498567	33498736
68140489	68140627
57407037	57407193
47633770	47633949
44290377	44290531
68763365	68763528
56249939	56250084
12159811	12159974
73002905	73003051
54731408	54731583
40042009	40042176
37225716	37225885
76600994	76601192
45018278	45018429
71185788	71185957
49078535	49078684
49027764	49027952
42072374	42072528
74010388	74010543
57598954	57599124
25821341	25821509
4812494	4812655
28260496	28260656
42428250	42428387
29700286	29700434
42118917	42119054
36131008	36131169
74519274	74519439
53573921	53574086
54577271	54577425
63290413	63290562
16356678	16356823
8798354	8798518
75491106	75491277
38115294	38115466
81034947	81035115
29543285	29543412
74456726	74456885
40580516	40580664
3730569	3730702
79568656	79568803
62384360	62384506
40873152	40873304
10517971	10518132
46103899	46104069
7886098	7886266
39823331	39823494
47031730	47031885
70721720	70721881
10640519	10640694
49449104	49449243
68548680	68548834
47368215	47368355
76015595	76015731
48758751	48758900
40177024	40177164
79075622	79075789
77387968	77388123
55087459	55087611
48246775	48246930
5152965	5153112
10199172	10199319
48074005	48074194
76108817	76108973
34091181	34091333
42600610	42600778
44913327	44913496
56199410	56199568
33325326	33325472
61996685	61996817
49027326	49027469
27206145	27206311
66968386	66968524
899833	899998
37779765	37779935
77038538	77038699
73901175	73901319
72861093	72861246
46102522	46102688
1933998	1934139
72954089	72954256
71425645	71425797
39653075	39653261
53434208	53434340
55969956	55970085
46801980	46802144
78170004	78170173
49034259	49034391
48772581	48772727
41411698	41411817
72297414	72297554
44121802	44121951
67331296	67331426
45078616	45078738
38511371	38511521
1179558	1179717
30466009	30466154
78056591	78056730
36505118	36505249
47976625	47976781
40111783	40111937
56495019	56495171
3810890	3811070
27012075	27012209
35754742	35754897
56596066	56596209
42160953	42161091
7892122	7892304
9869056	9869202
961757	961903
36176010	36176148
77682545	77682697
26083869	26083985
58308622	58308751
10549858	10549990
73101971	73102132
782971	783096
75082708	75082846
47957985	47958120
80111842	80112002
4470116	4470248
68618649	68618796
43472573	43472717
47634899	47635045
43210654	43210795
73319269	73319406
48347582	48347705
7801212	7801350
39013348	39013522
74454730	74454878
26875218	26875352
34274225	34274344
74620080	74620239
38242813	38242937
48703575	48703730
43370909	43371046
1477850	1477980
28663746	28663895
48628298	48628455
62106373	62106502
27618279	27618403
42408796	42408932
17473689	17473819
5342586	5342713
4635053	4635190
15074854	15074994
7340375	7340508
25659925	25660119
37027930	37028061
5495837	5495960
77042064	77042208
49663019	49663138
46868511	46868626
40253687	40253817
53426248	53426401
75327615	75327739
72598227	72598363
56665110	56665264
33390715	33390835
65626168	65626290
72766964	72767106
46452128	46452239
35596762	35596853
30810599	30810734
21219970	21220100
26819578	26819693
41956051	41956178
27444258	27444388
27696922	27697089
74609451	74609562
55817396	55817500
80509816	80509934
12906554	12906659
37704263	37704410
57991767	57991885
4785426	4785530
71336397	71336492
32106243	32106373
49399910	49400042
34959473	34959598
20847704	20847835
66288749	66288888
38948215	38948310
75243207	75243329
40669643	40669745
46680069	46680199
10779399	10779542
39805047	39805163
74554733	74554846
7464406	7464538
7199813	7199943
68626196	68626333
79451424	79451555
48556931	48557057
36648365	36648525
10748581	10748702
46337185	46337297
33940086	33940213
70536561	70536705
56076983	56077077
28605202	28605316
21416360	21416483
4806977	4807092
37910536	37910659
20943585	20943711
48708092	48708221
75052443	75052566
7080831	7080893
26578780	26578902
49134233	49134357
42275872	42275998
77384669	77384802
73746091	73746198
60857787	60857894
36740736	36740840
42942631	42942754
47857177	47857297
65599227	65599342
45920537	45920656
36062693	36062811
60897233	60897463
79870699	79870806
33446866	33446978
65289954	65290074
19715868	19715989
25758052	25758180
46662846	46662961
66428054	66428174
48277955	48278094
72777116	72777193
60781245	60781375
41158681	41158800
46293100	46293215
4265647	4265779
62733093	62733323
31096974	31097098
20020070	20020300
74864381	74864529
7591394	7591624
1687401	1687528
3637693	3637793
67605826	67605941
16900965	16901119
27570862	27570951
48217362	48217483
16208203	16208317
74178363	74178466
2833428	2833569
9885623	9885719
48439479	48439592
15312294	15312413
38183401	38183490
7418137	7418367
8894998	8895088
1617230	1617349
39612590	39612704
28452460	28452522
13498227	13498331
7535950	7536026
59660755	59660859
79103233	79103343
43186352	43186470
46413422	46413496
13241247	13241361
72529321	72529420
54199157	54199253
73056216	73056321
74711047	74711163
63790762	63790844
14455	14591
4270217	4270276
55749415	55749485
80202294	80202402
77965551	77965660
43099451	43099576
79812911	79812999
38875264	38875362
36819455	36819525
1162565	1162672
47781392	47781455
41923746	41923853
26973933	26974163
48192320	48192550
80512439	80512535
73286262	73286322
79116663	79116763
50184163	50184235
25680973	25681032
46026668	46026898
20130211	20130319
6551637	6551748
79988473	79988572
73671135	73671247
47647506	47647586
2689697	2689760
50460948	50461178
18044687	18044780
77979670	77979900
35930768	35930838
16318322	16318552
37320982	37321040
80725172	80725269
3586429	3586533
42193076	42193179
54857699	54857802
1786243	1786325
40558191	40558253
61912354	61912424
46231097	46231327
41150141	41150200
27864058	27864288
1929426	1929553
43503263	43503333
2256396	2256626
80486812	80486892
15164148	15164378
42856564	42856670
15059542	15059608
44364180	44364274
42956172	42956231
39485645	39485875
38029090	38029174
4690702	4690790
17715692	17715750
58663805	58663871
47512547	47512622
52250188	52250268
47485473	47485592
57930641	57930871
77720098	77720189
73167941	73168171
66610162	66610392
2135009	2135239
41416421	41416501
7249297	7249382
1090615	1090727
79283469	79283603
58114523	58114753
6330619	6330696
29339878	29340011
36714496	36714579
38457719	38457809
6814458	6814516
78997728	78997808
58823052	58823110
15732218	15732327
76741503	76741733
77184115	77184345
71187663	71187893
4529377	4529473
79174769	79174848
15136422	15136652
27471097	27471159
9671995	9672225
46385320	46385378
7983422	7983496
80163777	80164007
9862762	9862992
78448430	78448660
43906165	43906253
37427396	37427487
29297361	29297450
17472089	17472319
74143887	74144117
21353331	21353422
62770637	62770724
77982294	77982524
2947099	2947329
35062756	35062836
7124274	7124504
15151556	15151786
41987720	41987779
9531961	9532052
26697274	26697504
47109993	47110223
69081552	69081620
55038371	55038601
25930258	25930488
53902675	53902905
42979105	42979335
78338104	78338334
28353783	28354013
74001822	74001907
17946870	17947100
78962842	78963072
8085271	8085501
53795562	53795792
27243517	27243592
31237061	31237128
45741764	45741994
73597450	73597512
46024322	46024552
28194892	28195122
79504663	79504893
46088731	46088961
43226575	43226805
12933823	12934053
39480451	39480681
55481492	55481722
27568089	27568319
72404492	72404722
68134175	68134234
9705731	9705961
47625915	47626145
34838997	34839063
8901406	8901636
66259309	66259539
39852291	39852521
73760704	73760934
48171702	48171932
38555470	38555700
52503727	52503957
42749960	42750190
8024967	8025197
30986398	30986628
69469412	69469642
62103206	62103436
35305314	35305544
79346340	79346570
38883249	38883479
53813225	53813455
35577549	35577779
57636404	57636634
38589980	38590210
55675318	55675384
7620590	7620820
6925361	6925591
10519906	10520136
64896301	64896531
2840934	2841164
61159707	61159937
66432222	66432317
54669914	54670144
32869840	32870070
75210844	75211074
4468933	4469163
73689746	73689976
4934750	4934980
17216989	17217219
37828491	37828721
36891404	36891634
44272407	44272637
7977018	7977248
46569942	46570172
72915695	72915768
48940832	48941062
58719194	58719424
21360436	21360666
26087151	26087381
1958292	1958369
64724196	64724282
25879538	25879768
76311545	76311775
60859242	60859472
40086593	40086823
1533342	1533572
73266497	73266727
77879660	77879890
41496275	41496505
36641266	36641336
77696245	77696475
7760421	7760481
54074275	54074505
57916588	57916818
39835494	39835724
48556234	48556302
41081328	41081558
57243329	57243559
32770973	32771203
42768411	42768641
7761809	7762039
25782898	25783128
73234804	73235034
40776487	40776545
79265620	79265850
62598595	62598825
8791870	8792100
72364475	72364705
53626581	53626811
21414965	21415195
48238916	48239146
26940351	26940581
73511875	73512105
46055794	46056024
55198773	55199003
7744913	7745143
43505502	43505732
75768560	75768790
67521095	67521325
42018038	42018268
79215488	79215718
72562353	72562583
26707234	26707464
46429255	46429485
34176581	34176811
32001698	32001928
32473534	32473764
39120179	39120409
76356920	76357150
15555035	15555265
72642501	72642731
8897622	8897852
76879559	76879789
78873192	78873422
46755881	46756111
69234018	69234248
17343368	17343598
15117101	15117331
1768811	1769041
80258750	80258980
38632466	38632696
20031394	20031624
3838431	3838661
62067823	62068053
79917591	79917821
42477669	42477899
19689252	19689482
61072765	61072995
16492729	16492959
30228732	30228962
41155893	41156123
27438913	27439143
3351017	3351247
19665891	19666121
46259082	46259312
58647212	58647442
74117589	74117819
15917271	15917501
74789938	74790168
64271815	64272045
17517056	17517286
25715444	25715674
59489792	59490022
37331231	37331461
55191482	55191712
15406191	15406421
38231839	38232069
73841362	73841592
25856419	25856649
3868445	3868675
73629054	73629284
40540738	40540968
46891844	46892074
14995209	14995439
28699865	28700095
8013611	8013841
25896396	25896626
3747294	3747524
55289025	55289255
61483091	61483321
76989300	76989530
46048080	46048310
60869573	60869803
73629967	73630197
29860699	29860929
32965332	32965562
27003051	27003281
33882831	33883061
40270700	40270930
16776601	16776831
65887975	65888205
80626497	80626727
19998656	19998886
64286302	64286532
67719948	67720178
15160731	15160961
60905139	60905369
73996579	73996809
73873387	73873617
74361644	74361874
25936719	25936949
40976268	40976498
7068498	7068728
19372730	19372960
5610247	5610477
4883928	4884158
60143362	60143592
25676155	25676385
38642369	38642599
62141211	62141441
9458171	9458401
79779692	79779922
59436252	59436482
8060081	8060311
56390313	56390543
38473662	38473892
64971705	64971935
3505916	3506146
32498321	32498551
70982327	70982557
28422797	28423027
38656202	38656432
80382514	80382744
38571665	38571895
25741815	25742045
47354151	47354381
62958031	62958261
42344168	42344398
53353825	53354055
43229431	43229661
4207789	4208019
53131281	53131511
45382842	45383072
34982407	34982637
48275671	48275901
79283061	79283291
41843855	41844085
44270712	44270942
77024691	77024921
1552171	1552401
28804201	28804431
71152395	71152625
55447594	55447824
21003068	21003298
44264385	44264615
25981780	25982010
65959486	65959716
63552569	63552799
64463199	64463429
56214139	56214369
55446500	55446730
47785638	47785868
14641264	14641494
21032431	21032661
5140906	5141136
42219071	42219301
7900482	7900712
7893549	7893779
48782569	48782799
8022106	8022336
38195196	38195426
71994820	71995050
60498837	60499067
1358596	1358826
56354566	56354796
7997252	7997482
71706370	71706600
10130223	10130453
9547950	9548180
37198976	37199206
65713826	65714056
55131776	55132006
2325163	2325393
6462384	6462614
7755145	7755375
67354916	67355146
72206615	72206845
38095869	38096099
40831826	40832056
56327087	56327317
57394353	57394583
38606538	38606768
63274510	63274740
27062296	27062526
56655049	56655279
31325408	31325638
55952878	55953108
17633050	17633280
66007323	66007553
5210711	5210941
40443855	40444085
9306000	9306230
62368676	62368906
32490798	32491028
43398459	43398689
12645642	12645872
48775296	48775526
61934471	61934701
62493482	62493712
7920084	7920314
27918699	27918929
65470504	65470734
45439614	45439844
7118245	7118475
70999742	70999972
49538964	49539194
8126709	8126939
14789578	14789808
48133859	48134089
56026162	56026392
9793495	9793725
64422572	64422802
73754850	73755080
55994560	55994790
18529009	18529239
9480561	9480791
18720162	18720392
33308116	33308346
11547683	11547913
4103201	4103431
62503598	62503828
18070306	18070536
77715793	77716023
59328356	59328586
67892891	67893121
7518223	7518453
684658	684888
38518919	38519149
7728659	7728889
69080451	69080681
33581481	33581711
902406	902636
5972295	5972525
69114295	69114525
57863842	57864072
25867330	25867560
47274676	47274906
45776260	45776490
67390915	67391145
16004138	16004368
79679678	79679908
3551147	3551377
36061493	36061723
73500437	73500667
74053072	74053302
67754148	67754378
70417419	70417649
39573823	39574053
57513070	57513300
36444256	36444486
26971063	26971293
63452125	63452355
70419095	70419325
27579287	27579517
10657511	10657741
50374697	50374927
70680120	70680350
46962097	46962327
29716462	29716692
27921235	27921465
12570759	12570989
73696522	73696752
17584500	17584730
70475350	70475580
964217	964447
2073396	2073626
10534438	10534668
55479534	55479764
46157657	46157887
2578654	2578884
42281117	42281347
39010609	39010839
17050122	17050352
66530329	66530559
66196973	66197203
53082983	53083213
6652946	6653176
21278073	21278303
77078799	77079029
6410150	6410380
77061262	77061492
28626117	28626347
51110193	51110423
73126831	73127061
78840071	78840301
53719224	53719454
67853596	67853826
6278300	6278530
36097166	36097396
65487281	65487511
33445095	33445325
71653715	71653945
959346	959576
60803330	60803560
44953887	44954117
54756589	54756819
43669792	43670022
16894765	16894995
72919672	72919902
59568041	59568271
33569406	33569636
73768182	73768412
32052788	32053018
49617639	49617869
75645807	75646037
39967853	39968083
76839453	76839683
29885778	29886008
7792566	7792796
7406370	7406600
61651065	61651295
71301266	71301496
7576639	7576869
72195810	72196040
17824654	17824884
81067283	81067513
9195562	9195792
18223234	18223464
54943949	54944179
9741266	9741496
20129103	20129333
2185653	2185883
36733550	36733780
34899828	34900058
47113440	47113670
72292795	72293025
37683549	37683779
36208823	36209053
61044324	61044554
17817280	17817510
67353878	67354108
67488614	67488844
7155720	7155950
77848243	77848473
8649321	8649551
71837921	71838151
54707268	54707498
43799629	43799859
62773065	62773295
9666984	9667214
61773956	61774186
76441780	76442010
77122283	77122513
6410962	6411192
55813139	55813369
57833715	57833945
49613283	49613513
25821689	25821919
2537965	2538195
29710565	29710795
11784122	11784352
7738216	7738446
76982126	76982356
56598275	56598505
60805324	60805554
46955595	46955825
33219969	33220199
43971670	43971900
19913474	19913704
42386896	42387126
38677959	38678189
41918172	41918402
67054422	67054652
26335619	26335849
71952791	71953021
48748436	48748666
27507366	27507596
80194287	80194517
26220394	26220624
62409427	62409657
57542417	57542647
73558320	73558550
74582165	74582395
70452222	70452452
26674053	26674283
16764655	16764716
9742730	9742960
19241486	19241716
47445794	47446024
44331252	44331482
27452066	27452296
77164815	77165045
27230113	27230343
6379838	6380068
16825747	16825977
9701370	9701600
42811221	42811451
79407877	79408107
21143052	21143282
45578058	45578288
66770466	66770696
7353982	7354212
56948186	56948416
61775330	61775560
69435152	69435382
43094272	43094502
60868098	60868328
18615760	18615990
49012815	49013045
73649108	73649338
30936176	30936406
77811121	77811351
17284755	17284985
73007108	73007338
9579489	9579719
28327106	28327336
29241040	29241270
9739424	9739654
47269225	47269455
76564657	76564887
37550061	37550291
4923016	4923246
72086099	72086329
79071246	79071476
16931375	16931605
65821413	65821643
8237538	8237768
76130503	76130733
27223816	27224046
3239252	3239482
9549289	9549519
71243950	71244180
27442978	27443208
70385258	70385488
55288232	55288462
41830887	41831117
43209252	43209482
5100328	5100558
2795920	2796150
38497438	38497668
40219365	40219595
3635549	3635779
53526151	53526381
26654816	26655046
65374921	65375151
75084676	75084906
29844658	29844888
20224174	20224404
73082842	73083072
9891203	9891433
14205928	14206158
62028384	62028614
48578495	48578725
64672602	64672832
5325975	5326205
31204275	31204505
39844309	39844539
19552186	19552416
79204364	79204594
79304174	79304404
48112891	48113121
21314982	21315212
61769835	61770065
34135937	34136167
61352781	61353011
64455959	64456189
43797204	43797434
42173074	42173304
80174556	80174786
36478128	36478358
5409716	5409946
40683946	40684176
19575846	19576076
46534647	46534877
31376893	31377123
73857452	73857682
49811914	49812144
71253500	71253730
25907548	25907778
39675308	39675538
76677113	76677343
41400314	41400544
59467381	59467611
48739306	48739536
75141868	75142098
79269924	79270154
16917985	16918215
44899741	44899971
40561552	40561782
48006175	48006405
17888991	17889221
57438785	57439015
80372437	80372667
25978509	25978739
19337347	19337577
73285706	73285936
42161653	42161883
41324275	41324505
12832123	12832353
9202351	9202581
28882549	28882779
42700539	42700769
38984302	38984532
57297816	57298046
597596	597826
26696817	26697047
74723196	74723426
54263813	54264043
4065010	4065240
36917971	36918201
65418037	65418267
41535326	41535556
65775151	65775381
28038015	28038245
57037428	57037658
6126644	6126874
40481081	40481311
25681591	25681821
64197951	64198181
4890633	4890863
42664747	42664977
43448485	43448715
78958612	78958842
47443127	47443357
58654977	58655207
19230298	19230528
42209698	42209928
2310276	2310506
71583532	71583762
50248393	50248623
60864764	60864994
79378509	79378739
55500165	55500395
19800431	19800661
7319701	7319931
27684115	27684345
55454616	55454846
60856417	60856647
25524640	25524870
27621368	27621598
48738016	48738246
66902875	66903105
75118707	75118937
70426990	70427220
48255755	48255985
38470831	38471061
4871070	4871300
33584400	33584630
9292321	9292551
66737008	66737238
75283811	75284041
65386823	65387053
58678591	58678821
16349679	16349909
76795128	76795358
78335346	78335576
77397272	77397502
36151413	36151643
1987731	1987961
58393050	58393280
21314303	21314533
57612024	57612254
62690342	62690572
26753299	26753529
39780748	39780978
18467478	18467708
20752121	20752351
54872609	54872839
77785199	77785429
57906678	57906908
66053701	66053931
55082445	55082675
80452614	80452844
74936889	74937119
65938986	65939216
31003548	31003778
12935176	12935406
16819373	16819603
29342757	29342987
20811723	20811953
58306869	58307099
31264011	31264241
79163489	79163719
68133553	68133783
59471052	59471282
37391991	37392221
48045921	48046151
39942171	39942401
79030930	79031160
75251035	75251265
42201295	42201525
40486787	40487017
16189790	16190020
970513	970743
67798238	67798468
27138650	27138880
4848588	4848818
16935809	16936039
4783390	4783620
41132825	41133055
9658466	9658696
48105012	48105242
63133276	63133506
67870515	67870745
75121586	75121816
43054520	43054750
43743474	43743704
57933008	57933238
8554407	8554637
12927879	12928109
78955166	78955396
54240564	54240794
70122733	70122963
54219790	54220020
8089993	8090223
57864392	57864622
79844093	79844323
41446126	41446356
25711436	25711666
48367442	48367672
43238244	43238474
54754284	54754514
60781980	60782210
39008733	39008963
77944547	77944777
48474838	48475068
41856540	41856770
60860269	60860499
6189639	6189869
79911378	79911608
48157116	48157346
26464033	26464263
76824621	76824851
17804010	17804240
46013435	46013665
26189088	26189318
15931502	15931732
20110025	20110255
67758235	67758465
19518304	19518534
4869623	4869853
66782177	66782407
36665656	36665886
29046394	29046624
16290016	16290246
17677967	17678197
43024907	43025137
76929505	76929735
67502718	67502948
16866210	16866440
79447309	79447539
17400169	17400399
62736248	62736478
15251445	15251675
39686496	39686726
21250066	21250296
78623898	78624128
17773753	17773983
78806948	78807178
17338750	17338980
6268945	6269175
58978613	58978843
6455691	6455921
37295433	37295663
27568665	27568895
64505741	64505971
8657258	8657488
64911312	64911542
72199577	72199807
26307225	26307455
76921397	76921627
45971847	45972077
64708626	64708856
64292661	64292891
37875017	37875247
15860608	15860838
62702258	62702488
53511205	53511435
71417173	71417403
43889591	43889821
44138875	44139105
3905689	3905919
16932212	16932442
698155	698385
79150568	79150798
65858778	65859008
77899113	77899343
55860696	55860926
73105913	73106143
2450583	2450813
15429910	15430140
13480047	13480277
48764103	48764333
74381899	74382129
20127278	20127508
36736206	36736436
27919409	27919639
36890137	36890367
4624856	4625086
75426216	75426446
39704290	39704520
2952057	2952287
38657740	38657970
1945217	1945447
35278926	35279156
74299343	74299573
56381716	56381946
43173619	43173849
7537728	7537958
44026495	44026725
62487198	62487428
1690922	1691152
17875116	17875346
7677509	7677739
70403595	70403825
65272263	65272493
17723016	17723246
37388353	37388583
59415339	59415569
43348281	43348511
60970398	60970628
39677989	39678219
47099937	47100167
7162499	7162729
25861179	25861409
37790703	37790933
60902196	60902426
67673424	67673654
59327823	59328053
43361594	43361824
81080328	81080558
40812841	40813071
62576055	62576285
69457133	69457363
33760653	33760883
16360099	16360329
76326905	76327135
59503471	59503701
60797867	60798097
73520975	73521205
72302031	72302261
66790760	66790990
73873978	73874208
62024181	62024411
57512685	57512915
72858417	72858647
25568606	25568836
8889677	8889907
73553224	73553454
20946924	20947154
67400642	67400872
78944275	78944505
6810663	6810893
59477738	59477968
29596756	29596986
70330409	70330639
17740797	17741027
43225904	43226134
4152739	4152969
76576938	76577168
40202541	40202771
40559574	40559804
36536987	36537217
68043825	68044055
25574471	25574701
60780557	60780787
1018458	1018688
62152307	62152537
15255365	15255595
59278593	59278823
74589478	74589708
1376517	1376747
43096621	43096851
66011946	66012176
62915545	62915775
46174976	46175206
78388201	78388431
59509406	59509636
40825969	40826199
1961862	1962092
74835851	74836081
55453274	55453504
8157184	8157414
40611314	40611544
64272798	64273028
73092238	73092468
4133504	4133734
26649076	26649306
48565256	48565486
58165675	58165905
43239151	43239381
68401899	68402129
16191053	16191283
66314599	66314829
63215361	63215591
29395414	29395644
38292128	38292358
35227480	35227710
62404089	62404319
64948156	64948386
48581562	48581792
38643047	38643277
60900590	60900820
73892515	73892745
55593069	55593299
17826254	17826484
8076640	8076870
19622698	19622928
63096696	63096926
74103663	74103893
55312229	55312459
43309117	43309347
26257279	26257509
43206878	43207108
6426721	6426951
9811594	9811824
71779256	71779486
1493344	1493574
49010910	49011140
34126974	34127204
40819589	40819819
37021196	37021426
59315951	59316181
48762187	48762417
45331197	45331427
4693226	4693456
67171892	67172122
71307135	71307365
73885627	73885857
70462308	70462538
37365257	37365487
836736	836966
43039295	43039525
79377080	79377310
56062964	56063194
70354740	70354970
20164093	20164323
38705703	38705933
37073618	37073848
72209042	72209272
79643001	79643231
30916084	30916314
19411282	19411512
80255318	80255548
29852878	29853108
62093584	62093814
3626305	3626535
40403221	40403451
61989076	61989306
20099682	20099912
54864374	54864604
12299159	12299389
61524078	61524308
65135959	65136189
53510543	53510773
27135026	27135256
15818161	15818391
71304416	71304646
37886745	37886975
42983427	42983657
16924584	16924814
46340442	46340672
27912045	27912275
32633503	32633733
62703392	62703622
59078341	59078571
1968362	1968592
36886310	36886540
9811153	9811383
9304787	9305017
73008523	73008753
35879008	35879238
48504894	48505124
37926361	37926591
6458711	6458941
38073363	38073593
7386665	7386895
2628086	2628316
8392355	8392585
19861446	19861676
67651157	67651387
3907986	3908216
33416357	33416587
43393808	43394038
78228614	78228844
1363590	1363820
15340137	15340367
39058308	39058538
29853326	29853556
36972153	36972383
72810669	72810899
36489617	36489847
2468268	2468498
72839114	72839344
62206595	62206825
38440006	38440236
15857680	15857910
76570113	76570343
74637684	74637914
9633417	9633647
44863159	44863389
1620796	1621026
70383694	70383924
27967603	27967833
38864118	38864348
39933373	39933603
21191046	21191276
2878732	2878962
35425139	35425369
56162099	56162329
7146413	7146643
62619437	62619667
73127486	73127716
39071495	39071725
59582188	59582418
79113928	79114158
73815226	73815456
61040762	61040992
26200889	26201119
40555259	40555489
