11575822	11576052
91189070	91189323
37178263	37178511
11496479	11496751
53349491	53349726
2791507	2791737
45682518	45682760
35107740	35107961
75119267	75119498
57181359	57181584
110026452	110026734
18504249	18504510
3279867	3280106
64063019	64063266
47015345	47015576
6677126	6677369
143896571	143896797
36986464	36986701
108863284	108863507
24856306	24856523
56224121	56224355
53036735	53036992
25018269	25018495
166519608	166519852
17156429	17156639
42012001	42012237
112318399	112318628
47065160	47065393
30796338	30796564
135203656	135203882
89692471	89692702
135144136	135144362
53851056	53851264
84594275	84594479
13336805	13337034
38461797	38462012
2932488	2932708
16206849	16207057
76236322	76236529
44046950	44047165
154996827	154997047
73121999	73122215
14067105	14067306
6547358	6547579
105535553	105535760
45890584	45890795
42043341	42043545
2738718	2738920
25223788	25224004
56157460	56157674
56179580	56179807
84224675	84224879
29557301	29557495
10429934	10430145
55818303	55818514
56457771	56457982
100927393	100927600
134245172	134245383
13909192	13909410
7615769	7615991
55141641	55141859
32952639	32952856
129919486	129919695
2695788	2695979
19852127	19852352
46378162	46378362
3732810	3733052
42134227	42134474
87849060	87849263
131206598	131206804
52528514	52528727
89832423	89832624
29815890	29816119
39277781	39277993
112501394	112501605
12234312	12234565
35551686	35551903
39271029	39271229
11585768	11585962
55845521	55845725
56502479	56502666
34427761	34427966
111003643	111003861
90650255	90650452
72219878	72220099
31334730	31334950
25071068	25071286
2104608	2104804
114316055	114316320
10801548	10801754
74385298	74385502
44064544	44064756
11144676	11144898
10510827	10511047
97842093	97842307
76007016	76007205
42844871	42845077
24205274	24205471
74448935	74449131
100564630	100564836
34577414	34577624
149753176	149753411
9251097	9251308
2912008	2912221
52027829	52028023
26066218	26066426
5143953	5144162
25490381	25490576
2354187	2354406
10951900	10952114
12603704	12603916
88639605	88639816
52281421	52281630
36692451	36692665
32836041	32836251
54934052	54934249
12606095	12606294
47755864	47756091
75913999	75914224
136547421	136547649
8006558	8006749
33091588	33091781
47381808	47381999
41814618	41814817
44306331	44306532
25266007	25266202
148899377	148899600
30137861	30138064
109509113	109509330
73890815	73891028
36986006	36986217
37139993	37140239
114200754	114200956
121751681	121751877
106671265	106671478
797599	797801
30845559	30845768
110360700	110360902
55106100	55106297
55310533	55310735
30070924	30071128
46387396	46387586
33216151	33216338
29705908	29706115
110712128	110712318
108847969	108848157
20292009	20292206
18596554	18596770
1436994	1437192
134478011	134478201
2846625	2846842
56234922	56235142
188898	189102
100449890	100450085
109394650	109394849
106892897	106893090
25890759	25890956
32915677	32915870
47277678	47277890
86632751	86632950
110374919	110375104
141884026	141884244
52272292	52272498
86064842	86065067
11655897	11656107
35172922	35173120
116589786	116590008
7243782	7243983
144334619	144334836
42694396	42694610
71722633	71722822
52264669	52264854
26607705	26607891
76644724	76644915
86033221	86033428
49574917	49575093
113101797	113101999
134237780	134237982
73839705	73839911
64722242	64722429
8131587	8131795
34954629	34954825
91650671	91650878
4313274	4313488
53820947	53821161
41743716	41743910
138430606	138430824
110849362	110849554
64061986	64062176
16965173	16965404
15691560	15691779
31160373	31160581
43474520	43474713
8983460	8983680
18324512	18324733
24767024	24767205
109156505	109156716
8219690	8219866
125632309	125632503
138437107	138437305
109848311	109848512
105932660	105932875
35208941	35209152
112031175	112031382
30690468	30690659
42182589	42182775
37659833	37660056
3742714	3742933
153185121	153185301
2634750	2634977
128058179	128058373
116608954	116609137
42869290	42869505
31566421	31566623
47748569	47748773
25942858	25943054
129052388	129052577
51824642	51824842
80176039	80176211
75940293	75940479
112364936	112365149
72093711	72093895
152873828	152874023
75918732	75918939
6724861	6725067
53844382	53844567
44443520	44443732
82750366	82750552
30098860	30099061
74225456	74225637
44398970	44399153
31038528	31038722
20056717	20056901
157735824	157736020
4156197	4156394
108813424	108813626
37027100	37027284
125635355	125635560
4008723	4008908
80924248	80924437
126091053	126091225
144426149	144426323
151656043	151656244
141242841	141243034
82980603	82980804
145955206	145955402
104973677	104973890
137415597	137415781
99567396	99567584
138029098	138029295
1596571	1596771
144906471	144906658
132246114	132246302
133874903	133875090
76603145	76603326
33553508	33553713
39315708	39315897
112633238	112633434
36328347	36328530
109103567	109103772
2196391	2196585
139685622	139685810
135827522	135827693
42499880	42500065
143014097	143014297
49499874	49500110
74036438	74036602
117926478	117926655
34131683	34131879
119469804	119469995
48733071	48733285
41335509	41335694
29673517	29673710
53302475	53302655
27863351	27863554
147021307	147021499
89580550	89580717
32764867	32765046
3991146	3991331
138322994	138323188
101562593	101562775
32793751	32793941
134499697	134499921
3933409	3933600
44235844	44236037
32853571	32853753
134418338	134418531
31648578	31648791
2449065	2449253
51885871	51886043
24695840	24696041
13795427	13795606
31514486	31514684
35705409	35705585
116882656	116882840
148785968	148786152
3209419	3209609
36063030	36063208
85836709	85836908
97634389	97634567
125191867	125192048
35995224	35995437
36997141	36997341
25602705	25602865
24992197	24992378
134962146	134962361
46672427	46672615
10415402	10415567
107014484	107014673
46958743	46958947
122851693	122851878
35704134	35704327
47599155	47599339
17086697	17086883
32668381	32668534
7276249	7276447
44140535	44140716
133689846	133690053
122354818	122355013
170839004	170839185
53357828	53358000
142433681	142433854
111531573	111531736
149350072	149350268
155249583	155249786
135262091	135262264
149403499	149403680
56716666	56716848
32086677	32086871
26175730	26175927
142310494	142310692
109214661	109214838
35114272	35114456
75920960	75921132
85138130	85138326
161814951	161815145
37293602	37293801
38839873	38840049
33140519	33140690
159393499	159393679
30206316	30206497
36734025	36734212
11069274	11069458
28805220	28805412
89490602	89490787
83765181	83765361
116217811	116217988
127511809	127512003
63982404	63982574
153269398	153269591
913204	913386
111963850	111964046
160112367	160112557
91791300	91791469
37019311	37019515
39134272	39134490
27094906	27095103
7425296	7425473
31055394	31055580
7618684	7618900
70818250	70818409
83924966	83925136
159555852	159556028
43635059	43635246
74564824	74564988
97945724	97945904
159214540	159214716
64512605	64512770
34383121	34383307
41336740	41336922
33557518	33557719
26341906	26342130
36270335	36270518
169357093	169357266
36583028	36583215
41559807	41559971
85677192	85677385
88102872	88103040
104931211	104931381
593265	593427
43231293	43231489
133890096	133890289
38941058	38941242
135997134	135997305
137962723	137962908
45898261	45898458
139137304	139137475
42629405	42629585
106787314	106787518
4936904	4937072
54562333	54562509
126277844	126278069
1397312	1397473
64017859	64018029
32753784	32753946
151136350	151136533
100316041	100316199
15441573	15441754
150739411	150739571
97347035	97347222
78167536	78167728
30451561	30451730
5057436	5057635
10435393	10435544
75976536	75976715
155648741	155648914
46189022	46189203
49817378	49817539
135857170	135857348
64308587	64308758
158493270	158493447
137397765	137397948
116332061	116332236
137592843	137593004
17584453	17584668
106181538	106181717
16332433	16332625
83041298	83041489
41286666	41286832
88101148	88101320
142795978	142796155
134242503	134242655
1336584	1336762
100270693	100270873
109718361	109718530
150155767	150155943
26097603	26097781
12894204	12894384
52969187	52969353
144803338	144803512
110499873	110500041
87776249	87776439
4848976	4849146
28323985	28324172
57445629	57445797
53583781	53583932
125435496	125435672
130342267	130342453
138750205	138750373
160877039	160877237
99915515	99915677
24581412	24581591
35417260	35417431
101105685	101105846
97507444	97507605
105879223	105879391
30883379	30883538
99293750	99293931
129573334	129573508
50783914	50784085
133151482	133151657
32806553	32806736
152445669	152445841
127875684	127875875
32381332	32381501
35262221	35262389
28652089	28652264
151335571	151335745
3748600	3748789
8499870	8500024
12045277	12045449
53516040	53516215
114230530	114230692
100194269	100194420
67636070	67636259
150656355	150656526
43737306	43737499
20875716	20875885
86192891	86193070
47701998	47702167
126978820	126978979
105525840	105526011
158635301	158635467
30509336	30509501
49391628	49391785
89952404	89952565
49377737	49377903
37349375	37349539
33712268	33712431
36591313	36591497
43111330	43111513
83931723	83931879
151645446	151645619
126317235	126317399
127786115	127786280
9540861	9541035
132805386	132805549
87739561	87739711
93486958	93487125
168299467	168299636
24431351	24431502
142468109	142468291
123052044	123052231
41649986	41650173
158368303	158368481
117293247	117293400
136638278	136638444
130643934	130644106
126179951	126180130
27577139	27577324
46749319	46749466
133284220	133284407
31047647	31047816
53544299	53544456
155498618	155498774
80523691	80523858
119432006	119432178
140762520	140762692
24525158	24525312
158553078	158553233
53275567	53275734
38639729	38639909
166814398	166814564
10478776	10478950
160284411	160284560
55751099	55751265
12289663	12289823
26064862	26065002
71019901	71020048
137335084	137335264
108434759	108434929
133833660	133833831
83767566	83767724
20092372	20092550
41570895	41571080
33679532	33679703
6712834	6713002
106748938	106749082
69488619	69488769
127125506	127125663
136965394	136965572
95879608	95879777
7721997	7722141
42515388	42515563
56769471	56769644
154475628	154475799
79519995	79520151
44623348	44623522
33640691	33640873
151213147	151213311
106782986	106783151
46594143	46594291
36727027	36727203
80842775	80842939
151139062	151139211
112658476	112658651
159112474	159112634
98488153	98488335
3126680	3126857
27720114	27720269
32081759	32081938
130051753	130051917
41904125	41904301
114257374	114257534
108371172	108371314
121376838	121376997
5402704	5402860
5379996	5380155
165341120	165341286
72059150	72059291
118872347	118872496
46057960	46058114
74442898	74443062
150161817	150161990
15491709	15491881
71230407	71230563
80577943	80578105
32212787	32212962
111580303	111580476
107318922	107319094
64990589	64990757
4806412	4806556
165853534	165853692
64633165	64633323
31740716	31740876
127442646	127442800
131164802	131164965
82715943	82716082
128011348	128011518
37759316	37759495
30788121	30788297
88654490	88654644
138830626	138830777
74320280	74320438
152086692	152086857
107996641	107996823
28654326	28654466
161154197	161154351
118902086	118902236
167188786	167188944
86466829	86466987
74679801	74679977
111800006	111800143
153345661	153345820
160559354	160559519
147223639	147223793
6557294	6557447
84127718	84127872
70930792	70930962
36819012	36819157
110804884	110805044
48055333	48055477
32122457	32122620
29615854	29616005
17908109	17908246
41034680	41034842
121627251	121627407
131438015	131438162
31164835	31164982
30187047	30187205
150338125	150338298
32383345	32383493
43354363	43354521
1604679	1604846
107639461	107639630
142709472	142709613
149838713	149838864
129896539	129896708
120063440	120063608
82887923	82888058
161794988	161795155
152991152	152991305
152964211	152964364
163602327	163602494
79545653	79545802
56767817	56767943
118605066	118605221
27046751	27046908
139087160	139087308
1424638	1424804
132244621	132244783
132851661	132851807
35310067	35310238
140202914	140203068
126295519	126295646
33247872	33248015
106532642	106532830
32982656	32982809
31010623	31010769
111378612	111378776
43302329	43302481
135772851	135773008
104773568	104773735
143748456	143748618
138910062	138910204
4055810	4055955
6057798	6057948
106894262	106894420
54582766	54582894
82961786	82961924
12911721	12911869
159525226	159525376
100353484	100353652
33375227	33375379
52747253	52747399
27129760	27129895
149269121	149269266
8059484	8059618
45576500	45576680
90077964	90078100
111577967	111578115
108301628	108301765
107004368	107004495
37506020	37506171
24064463	24064617
1477758	1477887
35490738	35490880
36989564	36989720
32399890	32400019
150247424	150247598
71900636	71900781
13332129	13332259
158642006	158642160
28984990	28985150
16763390	16763514
31082872	31083033
163848986	163849132
97888589	97888734
37175908	37176050
8539817	8539962
169295233	169295387
25556759	25556889
123190698	123190843
113735859	113735993
168973	169125
80280602	80280735
24583766	24583911
170826222	170826351
41747735	41747877
16511429	16511564
159595408	159595554
16764949	16765101
146362539	146362693
99782535	99782666
150255415	150255550
95346899	95347059
39345340	39345493
81452343	81452471
74098511	74098665
40995817	40995959
17094046	17094185
107057711	107057842
43576138	43576285
27156774	27156900
33115971	33116101
92832578	92832727
12638377	12638521
137289392	137289541
132236418	132236555
14144950	14145099
76077901	76078050
2611427	2611574
71257146	71257282
149347742	149347874
158065539	158065705
21589587	21589715
44424126	44424244
42198111	42198253
11700503	11700627
112484655	112484785
7673516	7673633
3251807	3251942
84930676	84930806
22906441	22906589
57132980	57133090
118830284	118830427
150045079	150045230
119289713	119289859
52099120	52099257
92040016	92040171
71594166	71594328
36391007	36391136
29802740	29802860
127741709	127741852
2209588	2209739
90996759	90996884
13195227	13195358
137487262	137487413
37096376	37096514
71396368	71396491
70876374	70876508
129820285	129820420
87986984	87987110
12504701	12504865
8482094	8482220
108298520	108298649
132231233	132231365
155495955	155496091
114316969	114317111
55314168	55314300
31036765	31036884
39329885	39330027
160642628	160642748
107136188	107136318
3885978	3886102
36865562	36865682
53593492	53593641
139690738	139690888
78160751	78160895
83777236	83777388
138266215	138266319
145252707	145252823
111332967	111333117
81315257	81315395
142888076	142888193
30449949	30450116
118940063	118940204
31920229	31920390
20789534	20789655
135744924	135745047
153274391	153274537
55806633	55806750
56622566	56622711
131019185	131019332
56435674	56435766
127624013	127624155
8708289	8708399
35435999	35436118
168308869	168309029
49590880	49591029
41769315	41769431
31797834	31797960
90307797	90307931
53590709	53590849
27763738	27763879
52516951	52517083
57055050	57055171
152589525	152589634
3978565	3978706
11344785	11344876
14046808	14046944
132016107	132016238
52455221	52455373
43741185	43741314
37452079	37452219
7899379	7899504
44598272	44598418
114417863	114417990
129691685	129691827
51914428	51914540
78636063	78636183
113199029	113199182
27760199	27760333
10466010	10466134
134294655	134294789
69348307	69348449
160362854	160362982
109704517	109704650
44042372	44042548
80382477	80382603
76641897	76642055
50759749	50759875
147178704	147178853
76564939	76565032
158294869	158295008
128176862	128176971
122813202	122813327
87566799	87566927
3849434	3849653
52926598	52926705
153037575	153037694
84953087	84953207
33352447	33352566
85725237	85725356
127860560	127860693
33730095	33730212
18528702	18528825
165645339	165645456
34165584	34165716
132621600	132621735
76256250	76256368
28180276	28180414
56628948	56629075
127391154	127391291
167200323	167200470
56573926	56574045
112693540	112693657
137635550	137635694
82463715	82463858
127927303	127927444
1364506	1364600
13913311	13913430
6316019	6316147
24274839	24274935
145349501	145349617
117771164	117771281
74801228	74801344
30640797	30641027
148498915	148499013
133890804	133890962
111320991	111321112
117673763	117673877
103721041	103721158
31763744	31763902
43097661	43097792
97516216	97516329
107453690	107453831
7239157	7239276
31890845	31890974
91103161	91103288
30646846	30646991
160955325	160955473
105219263	105219376
7723389	7723509
56886028	56886143
134385121	134385220
131855413	131855535
13538442	13538547
123737137	123737262
7992331	7992471
142528667	142528790
36750705	36750833
36547520	36547642
19025124	19025234
41274141	41274259
155189327	155189467
159463744	159463846
28463993	28464110
158088319	158088432
26003476	26003589
161791986	161792102
120699869	120699997
44462053	44462170
10404295	10404460
73290216	73290309
148487624	148487754
31831720	31831832
17804555	17804674
90081913	90082001
21935940	21936024
14211499	14211619
122170797	122170900
54486232	54486344
31519258	31519356
103571002	103571147
150401916	150402035
46816813	46816957
6759596	6759654
27787633	27787706
132482548	132482648
133952658	133952888
100555377	100555607
153633896	153634027
83244761	83244873
88506374	88506496
71416394	71416488
56563995	56564105
117877187	117877278
155126537	155126685
132990908	132991019
72243678	72243773
54743657	54743766
89202682	89202778
16820085	16820199
135466232	135466340
131520945	131521049
150186185	150186322
119655004	119655121
130073122	130073233
83299617	83299722
52128662	52128777
25313202	25313288
30364770	30364871
123159354	123159464
164377799	164377906
155569674	155569804
47601081	47601223
36091733	36091855
139540464	139540578
138912140	138912260
125513565	125513729
105444143	105444267
121147518	121147633
41392352	41392455
88541789	88541916
6561272	6561394
22828829	22828936
137167307	137167427
30789856	30789966
81951583	81951675
111271008	111271104
117667468	117667555
114180186	114180326
65040912	65040993
82175711	82175806
55482227	55482334
31364800	31364895
33086440	33086540
16183482	16183564
160075665	160075777
121722077	121722172
101223691	101223804
24283284	24283420
127963284	127963397
98174397	98174516
151997018	151997113
138121217	138121315
100547477	100547545
80658986	80659104
114429682	114429814
6585031	6585157
111682993	111683109
136700193	136700286
26596114	26596190
20564575	20564643
115069217	115069330
159429687	159429917
99778123	99778198
12292713	12292826
34122629	34122724
147712240	147712298
122505839	122505930
16711913	16711989
40989738	40989830
142477742	142477813
99730504	99730562
10759673	10759903
11172841	11172934
85278781	85279011
118162016	118162122
119672228	119672311
31096035	31096109
37575885	37575990
73326312	73326418
90680518	90680633
31737705	31737779
118151177	118151244
33819794	33819898
81048110	81048220
3002199	3002429
106538013	106538124
12311509	12311602
13575588	13575676
1382164	1382283
72794795	72794878
106534146	106534267
18997682	18997785
117638568	117638677
54132737	54132819
169284839	169284954
71079192	71079272
78450275	78450349
150716702	150716794
133258636	133258759
722136	722231
114302260	114302328
57189417	57189647
34164161	34164258
117290505	117290602
32202752	32202982
133506127	133506187
82160014	82160086
117168537	117168628
124036544	124036608
17815641	17815871
75053689	75053760
160509598	160509694
116853313	116853391
2744745	2744813
134444867	134444957
80803817	80804047
161089058	161089159
50569973	50570203
10084909	10084996
159291092	159291150
27486723	27486804
33050610	33050689
80853318	80853548
7616317	7616547
108025758	108025838
25138574	25138658
94431235	94431328
112364255	112364485
85056253	85056323
24667251	24667481
35520214	35520276
28101915	28101981
136904290	136904379
42866715	42866777
167555800	167555880
57396746	57396976
128649273	128649367
35295387	35295465
43806135	43806225
74362357	74362587
2750348	2750412
31105317	31105407
138026599	138026690
122797368	122797598
54857759	54857843
64474375	64474483
30512503	30512733
80423483	80423713
94133486	94133569
7566970	7567200
43691715	43691779
93520644	93520874
41431112	41431342
41651393	41651623
119450682	119450784
67776412	67776642
32016073	32016137
4442404	4442634
29040030	29040129
50096235	50096465
44201946	44202176
86387150	86387224
76214675	76214737
69178493	69178723
99689873	99690103
33575650	33575754
14129851	14130081
117799720	117799782
161839590	161839649
137910711	137910796
168771117	168771193
84245824	84246054
105237930	105237988
122702802	122702885
6495116	6495174
30325498	30325599
32935346	32935576
39948959	39949048
170231810	170232040
138325723	138325828
85395854	85395914
2989283	2989513
32901424	32901654
2854445	2854675
130096443	130096513
27145621	27145700
2988715	2988945
120398677	120398907
56756668	56756898
152806853	152807083
158018792	158019022
5422628	5422858
37828101	37828331
29720907	29721137
43422310	43422540
13625154	13625384
145535789	145535861
107996360	107996506
113627834	113628064
132601033	132601149
141998839	141999069
31697249	31697336
152677975	152678052
154598559	154598617
146250369	146250427
139697853	139697931
54109390	54109455
15390690	15390753
1313428	1313518
70545691	70545921
156885639	156885740
69678021	69678251
64524450	64524680
126497494	126497724
74290077	74290172
12151138	12151368
107056035	107056265
53659239	53659309
157274794	157274859
97501872	97501934
44189445	44189505
44561331	44561425
137457370	137457453
4210914	4211144
123160684	123160914
18824108	18824338
150219519	150219749
43785069	43785134
158939631	158939861
151797117	151797347
112033741	112033971
6700185	6700415
118886624	118886715
71665766	71665830
144540309	144540539
33313078	33313308
43464453	43464683
133144202	133144432
32361601	32361672
97074725	97074955
52589396	52589461
101126079	101126137
49891601	49891831
10954905	10954973
72331718	72331948
158135157	158135387
31367518	31367577
153070122	153070214
84228891	84229121
126112816	126113046
161171289	161171519
160030162	160030238
41007114	41007344
125117158	125117231
98153446	98153676
119097783	119098013
94964552	94964617
28351409	28351639
26026568	26026798
26572905	26573135
147606294	147606524
33359031	33359261
49538616	49538675
8888742	8888972
146209221	146209451
16404077	16404307
166263988	166264218
19472559	19472789
157355680	157355910
75284678	75284774
25720806	25720874
80254794	80255024
116418235	116418465
30732060	30732290
47135969	47136199
155851512	155851570
56460435	56460496
52151703	52151933
84994277	84994335
73995519	73995749
24389554	24389784
38538632	38538862
15623829	15624059
1793293	1793523
119121818	119121896
136230996	136231226
84302594	84302824
33736431	33736661
18990656	18990886
31869846	31870076
25279142	25279372
74797711	74797941
10237964	10238194
130257762	130257992
56413834	56414064
36308798	36309028
83326409	83326639
28548315	28548545
89693358	89693588
37980458	37980688
128175213	128175443
143208058	143208288
116966783	116967013
36648250	36648480
134495152	134495382
101112222	101112452
14744238	14744468
27655270	27655500
17043040	17043270
49998721	49998951
147827809	147828039
113443263	113443493
42977045	42977103
73334367	73334597
69587080	69587310
82689976	82690206
44225482	44225545
118605974	118606204
64281722	64281791
35722292	35722522
11675973	11676203
43969072	43969302
112735105	112735163
137114175	137114405
20560214	20560444
33393735	33393965
43823985	43824215
75701832	75702062
94134168	94134228
159125292	159125522
37282734	37282964
76234146	76234376
142366610	142366840
126354850	126355080
30749625	30749855
96537120	96537350
138296867	138297097
88410594	88410824
37333635	37333865
6789011	6789241
30910452	30910682
31461679	31461756
20404878	20405108
165462960	165463190
105811047	105811277
31026147	31026377
33670228	33670458
7058746	7058976
74652355	74652585
65548692	65548922
3511722	3511952
3411228	3411458
27585530	27585760
81815813	81816043
31409473	31409703
85489176	85489406
86246833	86247063
83084378	83084608
56709003	56709233
149295110	149295170
118297279	118297509
103067555	103067785
169017607	169017837
34360532	34360762
165658940	165659170
126102639	126102869
24521237	24521467
41149879	41150109
52859949	52860179
16277610	16277840
56820018	56820248
6225247	6225477
31706225	31706455
138838762	138838992
131081234	131081464
30720244	30720474
16713532	16713762
32162833	32163063
135760111	135760341
62860040	62860270
11618844	11619074
132619550	132619780
13229390	13229620
110839517	110839747
122693884	122694114
149280217	149280447
6750287	6750517
109917179	109917409
139446089	139446319
133607986	133608216
3516386	3516616
42533025	42533255
153353492	153353722
43726269	43726499
38002168	38002398
96314685	96314915
152659740	152659970
83252160	83252390
91012134	91012364
32084575	32084805
79146134	79146364
25718438	25718668
166570550	166570780
43037796	43038026
100526465	100526695
13927487	13927717
144261213	144261443
37534163	37534393
41060256	41060486
151727259	151727489
116857383	116857613
38901279	38901509
116832585	116832815
29981279	29981340
32028880	32029110
154730052	154730282
27083023	27083253
127421963	127422193
125474723	125474953
159081327	159081557
99287718	99287948
5471265	5471495
47658052	47658282
84324767	84324997
108819189	108819419
53599956	53600021
155589304	155589534
20877707	20877937
71081295	71081525
6734807	6735037
112279180	112279410
101674824	101675054
43765282	43765512
157505448	157505678
81250937	81251167
6697181	6697411
45492073	45492303
153022663	153022893
129046844	129047074
80487790	80488020
21306147	21306377
30565183	30565413
7992864	7993094
62519001	62519231
141997171	141997401
105872125	105872355
111348497	111348727
134785906	134786136
112350489	112350719
70429582	70429812
21597290	21597520
26544238	26544468
107780590	107780820
100731268	100731498
37271762	37271992
30379268	30379498
162039928	162040158
128837782	128838012
83422633	83422863
56282728	56282958
45678258	45678488
112823970	112824200
3615874	3616104
134758589	134758819
46010221	46010451
148466161	148466391
149067748	149067978
43970560	43970790
4688303	4688533
1335754	1335984
35265400	35265630
47148424	47148654
69053889	69054119
98406091	98406321
6876146	6876376
153219004	153219234
29621281	29621511
12075497	12075727
161351782	161352012
29944951	29945181
101845184	101845414
33165313	33165543
6702133	6702363
153429537	153429767
72192538	72192768
120908604	120908834
34759226	34759456
20127037	20127267
75475303	75475533
133036439	133036669
43742510	43742740
36411909	36412139
2953000	2953230
10403889	10404119
43323702	43323932
139696571	139696801
170190306	170190536
17001485	17001715
13383927	13384157
122611343	122611573
136868547	136868777
82161603	82161833
52379367	52379597
5215080	5215310
163975785	163976015
6811885	6812115
6915473	6915703
24283564	24283711
47103579	47103809
41246785	41247015
4313696	4313926
153552273	153552503
160054308	160054538
43919050	43919280
108121857	108122087
135578849	135579079
32821784	32822014
93746603	93746833
67372153	67372383
100705876	100706106
161413846	161414076
31410397	31410627
112407917	112408147
16286368	16286598
147096398	147096628
94781661	94781891
14271321	14271551
16739687	16739917
25788847	25789077
149886763	149886993
104245711	104245941
133120147	133120377
143600615	143600845
129128800	129129030
32055412	32055642
52680351	52680581
168453279	168453509
40276514	40276744
148880966	148881196
108169470	108169700
82393794	82394024
10441235	10441465
72154006	72154236
145130321	145130551
126074857	126075087
87788811	87789041
125833850	125834080
77392627	77392857
134432314	134432544
132539286	132539516
28323553	28323783
34023078	34023308
151762157	151762387
24685876	24686106
19812826	19813056
44026280	44026510
56637784	56638014
163837906	163838136
17586143	17586373
34495000	34495230
45345829	45346059
126109045	126109275
160940952	160941182
12324453	12324683
64284260	64284490
166689279	166689509
83073235	83073465
18156242	18156472
154269046	154269276
79480557	79480787
3612969	3613199
28553146	28553376
133452184	133452414
131949427	131949657
144263309	144263539
64237566	64237796
64673739	64673969
11772729	11772959
28831995	28832225
148501014	148501244
33995466	33995696
135148309	135148539
42107847	42108077
40862727	40862957
87947624	87947854
105851382	105851612
84937762	84937992
127869116	127869346
7480176	7480406
42931637	42931867
117721131	117721361
98373467	98373697
160274021	160274251
163277891	163278121
7698404	7698634
16514625	16514855
85176274	85176504
44067864	44068094
67206637	67206867
112042975	112043205
27740264	27740494
133872628	133872858
30811892	30812122
113891940	113892170
134910753	134910983
34497445	34497675
4126278	4126508
94488818	94489048
136353257	136353487
3809179	3809409
11318667	11318897
154691750	154691980
35725315	35725545
148572522	148572752
17589785	17590015
91986130	91986360
42052694	42052924
147106203	147106433
3919665	3919895
137982863	137983093
52152068	52152298
32967910	32968140
21332410	21332640
6811349	6811579
12035161	12035391
30698689	30698919
111200411	111200641
52704476	52704706
33547913	33548143
58329784	58330014
123714596	123714826
4467105	4467335
75649088	75649318
11766412	11766642
134062626	134062856
133513052	133513282
55504094	55504324
33955461	33955691
57217475	57217705
109504387	109504617
64527072	64527302
36853454	36853684
169058815	169059045
109010584	109010814
91319286	91319516
113754768	113754998
16683992	16684222
48795092	48795322
110940147	110940377
107194607	107194837
127587586	127587816
7692465	7692695
70442616	70442846
919839	920069
17833586	17833816
131488989	131489219
20874113	20874343
44009342	44009572
34216873	34217103
108840233	108840463
101167807	101168037
29935573	29935803
23659449	23659679
126682271	126682501
5398764	5398994
110778861	110779091
116765337	116765567
166869909	166870139
15445268	15445498
16762880	16763110
43972915	43973145
26493574	26493804
1267437	1267667
144583811	144584041
130615036	130615266
26311995	26312225
42306639	42306869
32590291	32590521
138328132	138328362
11012006	11012236
134679457	134679687
31564827	31565057
7787423	7787653
159026390	159026620
11921317	11921547
94762570	94762800
64399404	64399634
72850579	72850809
143077340	143077570
88433002	88433232
44022000	44022230
15464581	15464811
26412062	26412292
101843312	101843542
7670090	7670320
113786284	113786514
114625542	114625772
74508300	74508530
7390394	7390624
131840810	131841040
6791201	6791431
106241091	106241321
105967902	105968132
132281600	132281830
105765793	105766023
85438390	85438620
158177762	158177992
45575656	45575886
63601041	63601271
2185814	2186044
33935829	33936059
57178516	57178746
3239732	3239962
47757971	47758201
99873744	99873974
11460660	11460890
100624625	100624855
56246778	56247008
24858502	24858732
26420847	26421077
4164363	4164593
127241137	127241367
143554084	143554314
170602048	170602278
79308697	79308927
140364561	140364791
4317336	4317566
7051062	7051292
10847963	10848193
64162110	64162340
8743430	8743660
116539386	116539616
116538262	116538492
112750499	112750729
129988268	129988498
136871581	136871811
53024480	53024710
25175969	25176199
88441649	88441879
11207444	11207674
12369995	12370225
787025	787255
23446703	23446933
95033662	95033892
130214932	130215162
91143896	91144126
34471768	34471998
112098629	112098859
33668307	33668537
52441465	52441695
99217500	99217730
96371437	96371667
140085799	140086029
16713146	16713376
146082810	146083040
62993812	62994042
29670352	29670582
1917957	1918187
16169208	16169438
155816323	155816553
51720158	51720388
33807841	33808071
126448895	126449125
34950170	34950400
107500291	107500521
2596582	2596812
148929782	148930012
86369845	86370075
36646055	36646285
134157073	134157303
48794530	48794760
40813418	40813648
16184388	16184618
101172185	101172415
144537416	144537646
130186269	130186499
45413684	45413914
3826282	3826512
56860247	56860477
146025365	146025595
138428582	138428812
30608336	30608566
6928366	6928596
28907675	28907905
119558537	119558767
42228749	42228979
134757359	134757589
112535921	112536151
153833322	153833552
82460514	82460744
138608429	138608659
159050385	159050615
157367055	157367285
9413249	9413479
48416834	48417064
140392881	140393111
3592719	3592949
69668321	69668551
158035164	158035394
117100856	117101086
29944306	29944536
79910894	79911124
108188260	108188490
91571039	91571269
20528646	20528876
36947140	36947370
107506882	107507112
156983166	156983396
50623640	50623870
11766904	11767134
1953076	1953306
124123772	124124002
80579344	80579574
82406322	82406552
2761597	2761827
20400786	20401016
125120318	125120548
63485403	63485633
43894493	43894723
16771269	16771499
40296465	40296695
69023883	69024113
33600396	33600626
75316535	75316765
107739422	107739652
9766519	9766749
38688190	38688420
106201168	106201398
21019949	21020179
18043535	18043765
53918833	53919063
5030917	5031147
33682271	33682501
79960023	79960253
109849275	109849505
46950712	46950942
48929799	48930029
107246221	107246451
137113515	137113745
90641273	90641503
133930747	133930977
156737608	156737838
64283718	64283948
136522929	136523159
160718420	160718650
44527328	44527558
28737598	28737828
30464490	30464720
85291669	85291899
52561312	52561542
87569331	87569561
134445136	134445366
64104187	64104417
1555313	1555543
15249177	15249407
160807917	160808147
43636082	43636312
63776069	63776299
56871231	56871461
134858352	134858582
16956505	16956735
133858094	133858324
131193466	131193696
64217108	64217338
36669382	36669612
6803898	6804128
30685383	30685613
106040283	106040513
44635942	44636172
126245379	126245609
52431757	52431987
37067278	37067508
42194648	42194878
27125757	27125987
152916740	152916970
108437024	108437254
98395839	98396069
137477199	137477429
624973	625203
45389811	45390041
17866064	17866294
10031280	10031510
53409447	53409677
52562776	52563006
1552746	1552976
11703068	11703298
45665334	45665564
3056252	3056482
89628822	89629052
18053889	18054119
44272550	44272780
74990075	74990305
66504583	66504813
30500302	30500532
139694326	139694556
40792110	40792340
80145992	80146222
141630502	141630732
106258458	106258688
10314926	10315156
134669769	134669999
157695788	157696018
2102636	2102866
52861528	52861758
53329861	53330091
1613307	1613537
29885730	29885960
112590404	112590634
74695812	74696042
43463165	43463395
113975671	113975901
14711376	14711606
16681846	16682076
1287551	1287781
43895133	43895363
35779031	35779261
30069760	30069990
32921032	32921262
134617194	134617424
113441499	113441729
36634860	36635090
27125184	27125414
90021482	90021712
101244373	101244603
70439824	70440054
150392323	150392553
46616792	46617022
39330303	39330533
16331640	16331870
42063802	42064032
36886544	36886774
25671378	25671608
29195103	29195333
10414098	10414328
32337512	32337742
17167674	17167904
105719093	105719323
143348244	143348474
37621763	37621993
168461217	168461447
6678595	6678825
24397127	24397357
47062170	47062400
112525235	112525465
30421429	30421659
110855976	110856206
65969057	65969287
90078801	90079031
167403189	167403419
81148585	81148815
16409996	16410226
41302518	41302748
18264986	18265216
26055610	26055840
67131573	67131803
125905785	125906015
10452185	10452415
4459403	4459633
100238614	100238844
10316595	10316825
78003072	78003302
43766579	43766809
82970090	82970320
47102561	47102791
55748032	55748262
136243339	136243569
159076302	159076532
33267454	33267684
128840251	128840481
2630692	2630922
132713986	132714216
10441574	10441804
125175538	125175768
143271518	143271748
2998623	2998853
16947754	16947984
21801269	21801499
77061102	77061332
80141274	80141504
26258582	26258812
166401511	166401741
32031229	32031459
123637926	123638156
14842250	14842480
135323444	135323674
140064830	140065060
107231597	107231827
139309365	139309595
140317675	140317905
11144053	11144283
140030144	140030374
118609960	118610190
25012916	25013146
112789656	112789886
31342000	31342230
133361221	133361451
96842712	96842942
109067711	109067941
64197133	64197363
117602198	117602428
54800566	54800796
6803439	6803669
135271715	135271945
126227640	126227870
107397149	107397379
128890951	128891181
39056176	39056406
37102458	37102688
142859105	142859335
12845008	12845238
36584925	36585155
154477250	154477480
12482704	12482934
106252283	106252513
54379885	54380115
389636	389866
26217293	26217523
104120099	104120329
158136819	158137049
56632772	56633002
34605919	34606149
76065585	76065815
15512470	15512700
4321242	4321472
64239595	64239825
133089437	133089667
109059286	109059516
1325880	1326110
40973927	40974157
105130988	105131218
109159360	109159590
11771095	11771325
46724690	46724920
111912781	111913011
53358290	53358520
617566	617796
134664172	134664402
82706843	82707073
47084395	47084625
24903103	24903333
82727206	82727436
133634319	133634549
139909252	139909482
150390352	150390582
12396203	12396433
32050783	32051013
55623460	55623690
66348007	66348237
35776542	35776772
44030590	44030820
4733191	4733421
42062918	42063148
140495737	140495967
99600055	99600285
86160301	86160531
9092731	9092961
30675067	30675297
70197670	70197900
30881816	30882046
83106750	83106980
39157790	39158020
142795601	142795831
55157975	55158205
162258274	162258504
9039602	9039832
48444042	48444272
101473405	101473635
36699720	36699950
168756677	168756907
111265885	111266115
137663118	137663348
82854010	82854240
30786318	30786548
105344900	105345130
2101624	2101854
93039295	93039525
166420132	166420362
153048728	153048958
3259666	3259896
6841911	6842141
1110398	1110628
56614445	56614675
3887732	3887962
42925934	42926164
112940079	112940309
82476943	82477173
161919578	161919808
36514781	36515011
2037849	2038079
105880797	105881027
131781160	131781390
97884933	97885163
2524454	2524684
6885734	6885964
15254272	15254502
9852302	9852532
109072677	109072907
42283817	42284047
34760801	34761031
114011894	114012124
56252449	56252679
20529410	20529640
9481658	9481888
75808570	75808800
128875540	128875770
147235091	147235321
112316633	112316863
112603460	112603690
168551605	168551835
145458639	145458869
133089133	133089363
4727934	4728164
53480587	53480817
37212614	37212844
155702144	155702374
107187469	107187699
16766468	16766698
68936441	68936671
79236240	79236470
15274993	15275223
136336227	136336457
143264024	143264254
114832952	114833182
38247272	38247502
52289291	52289521
82967181	82967411
151381328	151381558
31459766	31459996
28806738	28806968
56536016	56536246
16677281	16677511
112651245	112651475
36164130	36164360
159128195	159128425
120299525	120299755
56826026	56826256
32223030	32223260
28361774	28362004
136259821	136260051
14283910	14284140
44437596	44437826
102209272	102209502
112274007	112274237
16128963	16129193
45422102	45422332
107255893	107256123
9532861	9533091
83585551	83585781
94494819	94495049
17993784	17994014
113511408	113511638
57539421	57539651
4319622	4319852
55393507	55393737
119949494	119949724
31856573	31856803
10309779	10310009
170097298	170097528
122012304	122012534
139891351	139891581
47623998	47624228
140993112	140993342
56407569	56407799
113768339	113768569
71958010	71958240
69207967	69208197
108887175	108887405
152279568	152279798
107199529	107199759
7109828	7110058
109265265	109265495
44019349	44019579
108581265	108581495
43979883	43980113
154731720	154731950
10331961	10332191
25006786	25007016
1135946	1136176
81258299	81258529
89745238	89745468
42136455	42136685
52387015	52387245
3585539	3585769
2986158	2986388
18303093	18303323
111927210	111927440
27122036	27122266
136750448	136750678
32208479	32208709
31731352	31731582
116159994	116160224
52360719	52360949
54666569	54666799
156700103	156700333
149750797	149751027
153275670	153275900
41673678	41673908
53016546	53016776
133101985	133102215
45677558	45677788
117876536	117876766
2877752	2877982
43878501	43878731
89132649	89132879
35149669	35149899
26055194	26055424
170892915	170893145
10202426	10202656
47120869	47121099
114040372	114040602
3517585	3517815
127783597	127783827
77407354	77407584
83493627	83493857
28192793	28193023
130054517	130054747
11316411	11316641
54835274	54835504
2810672	2810902
11785758	11785988
24827425	24827655
139571770	139572000
114085201	114085431
1068370	1068600
24743915	24744145
98034343	98034573
6857437	6857667
113809347	113809577
43968025	43968255
139305540	139305770
74230866	74231096
52254378	52254608
92842236	92842466
53297464	53297694
579425	579655
169309030	169309260
53155754	53155984
140303006	140303236
4352392	4352622
112617411	112617641
149554499	149554729
140379951	140380181
37105319	37105549
167897860	167898090
130368818	130369048
166142879	166143109
12371850	12372080
82299721	82299951
121543842	121544072
94496160	94496390
147252442	147252672
43404313	43404543
1856247	1856477
55965943	55966173
36561838	36562068
114318375	114318605
45585181	45585411
9482331	9482561
43138637	43138867
152593384	152593614
53191471	53191701
41691310	41691540
24879645	24879875
141873755	141873985
4957727	4957957
38997292	38997522
108883927	108884157
49874285	49874515
132580313	132580543
32659868	32660098
3644910	3645140
110663219	110663449
86071142	86071372
128808263	128808493
77571220	77571450
45623613	45623843
144869686	144869916
6892459	6892689
130302826	130303056
3518595	3518825
2688704	2688934
17876318	17876548
158461516	158461746
44205233	44205463
116437061	116437291
100774975	100775205
156497276	156497506
36561486	36561716
4358931	4359161
128953333	128953563
64469572	64469802
6927792	6928022
112881933	112882163
35923808	35924038
4254258	4254488
76985531	76985761
78945040	78945270
29653598	29653828
42277564	42277794
25175507	25175737
36881946	36882176
143695241	143695471
11270686	11270916
4620103	4620333
74639260	74639490
97663026	97663256
141962647	141962877
117769956	117770186
140069888	140070118
139729214	139729444
162343907	162344137
134628213	134628443
25992754	25992984
96990660	96990890
144585476	144585706
137540659	137540889
113441953	113442183
32338304	32338534
126744164	126744394
82463213	82463443
116433181	116433411
45054554	45054784
37521559	37521789
69269023	69269253
106320246	106320476
143900934	143901164
42056005	42056235
107197519	107197749
127043005	127043235
112133828	112134058
107247108	107247338
90319834	90320064
157756002	157756232
134680580	134680810
31620646	31620876
41709450	41709680
134743963	134744193
137736783	137737013
140083934	140084164
28948948	28949178
2841566	2841796
53599512	53599742
1313954	1314184
21033753	21033983
86485696	86485926
10310554	10310784
109705733	109705963
140971312	140971542
136174403	136174633
43370628	43370858
16769847	16770077
118585168	118585398
153142755	153142985
10033526	10033756
10424314	10424544
160141718	160141948
13528570	13528800
138742879	138743109
79328770	79329000
54712693	54712923
8085378	8085608
123047788	123048018
72751866	72752096
101372526	101372756
167702168	167702398
13303019	13303249
16930067	16930297
31804555	31804785
144903016	144903246
126210491	126210721
144511940	144512170
30712336	30712566
88499377	88499607
134614823	134615053
112331638	112331868
81237962	81238192
111551692	111551922
26157867	26158097
143850306	143850536
106283304	106283534
117202471	117202701
47209567	47209797
65485002	65485232
151203301	151203531
102562343	102562573
11695508	11695738
109615317	109615547
6688601	6688831
96916884	96917114
57540453	57540683
139695658	139695888
134158943	134159173
79786539	79786769
154876210	154876440
18057083	18057313
138426571	138426801
159673960	159674190
82299268	82299498
36545263	36545493
14510356	14510586
156743135	156743365
78870418	78870648
10139274	10139504
12492757	12492987
43740429	43740659
149867384	149867614
58374225	58374455
25174328	25174558
107435508	107435738
11810213	11810443
106246002	106246232
150208539	150208769
7991818	7992048
75588944	75589174
161574023	161574253
86114506	86114736
8083690	8083920
33129294	33129524
143658788	143659018
11212925	11213155
34214374	34214604
46380510	46380740
135046162	135046392
42051909	42052139
92194827	92195057
136929393	136929623
27560464	27560694
9405705	9405935
41869961	41870191
6578049	6578279
37190496	37190726
42192330	42192560
134684525	134684755
28949741	28949971
45618388	45618618
3069160	3069390
30696074	30696304
142693561	142693791
3338152	3338382
12336006	12336236
48509969	48510199
22471372	22471602
2396600	2396830
50232798	50233028
111354041	111354271
56575853	56576083
52382457	52382687
82476566	82476796
147543758	147543988
36841475	36841705
19473150	19473380
21277913	21278143
16761828	16762058
86353838	86354068
144587321	144587551
147235655	147235885
35300160	35300390
43771833	43772063
52369267	52369497
91569407	91569637
29619516	29619746
163329001	163329231
129634053	129634283
89069333	89069563
55408827	55409057
156604303	156604533
3433376	3433606
11093351	11093581
11393022	11393252
80945433	80945663
30332476	30332706
163813126	163813356
32121440	32121670
119284204	119284434
29617893	29618123
100744682	100744912
75459576	75459806
11822603	11822833
122501353	122501583
31759157	31759387
168192199	168192429
144411605	144411835
85362175	85362405
11194775	11195005
107139979	107140209
82346684	82346914
140667635	140667865
134609043	134609273
91877644	91877874
104975709	104975939
55828210	55828440
33093940	33094170
100748402	100748632
110115021	110115251
47128986	47129216
158490010	158490240
46823762	46823992
30737390	30737620
52150083	52150313
45474999	45475229
134609697	134609927
1131989	1132219
150328334	150328564
109235548	109235778
26336649	26336879
17864526	17864756
4734574	4734804
19368802	19369032
45345161	45345391
157007740	157007970
83775448	83775678
136724186	136724416
2971952	2972182
87646844	87647074
16691079	16691309
138841639	138841869
14743651	14743881
33558675	33558905
35700020	35700250
24743541	24743771
106238532	106238762
125514438	125514668
158254636	158254866
75341373	75341603
41885311	41885541
72114469	72114699
4355600	4355830
159572394	159572624
113259891	113260121
10178031	10178261
107922255	107922485
126271529	126271759
3797936	3798166
75308195	75308425
75228978	75229208
5190839	5191069
82461413	82461643
3841936	3842166
27182462	27182692
12014385	12014615
156153799	156154029
82648185	82648415
7505662	7505892
77394728	77394958
151007135	151007365
157223	157453
6781508	6781738
5275818	5276048
77731044	77731274
140427101	140427331
74880360	74880590
113673316	113673546
134851122	134851352
105961370	105961600
136157067	136157297
65442777	65443007
166446177	166446407
110858474	110858704
47210299	47210529
139728859	139729089
73821487	73821717
169712801	169713031
159421183	159421413
140858985	140859215
107194149	107194379
28072504	28072734
31070197	31070427
78166323	78166553
129127636	129127866
116422121	116422351
32087167	32087397
24659151	24659381
81167104	81167334
75364050	75364280
2938947	2939177
89759932	89760162
44232616	44232846
54667603	54667833
38707388	38707618
124721837	124722067
11702758	11702988
79321708	79321938
106244023	106244253
42372272	42372502
20907247	20907477
42262552	42262782
140392312	140392542
22113377	22113607
100923965	100924195
44002846	44003076
135048356	135048586
149072529	149072759
24934144	24934374
100574620	100574850
155661622	155661852
140372695	140372925
140204407	140204637
30655657	30655887
41754221	41754451
155506763	155506993
45389430	45389660
84578409	84578639
16869337	16869567
140577426	140577656
42259892	42260122
47047466	47047696
105907778	105908008
152375735	152375965
31774767	31774997
70920283	70920513
29382483	29382713
76123178	76123408
28510413	28510643
106242160	106242390
126235040	126235270
24908839	24909069
91284350	91284580
85845578	85845808
74608372	74608602
25026951	25027181
28574637	28574867
141870258	141870488
30005009	30005239
135612997	135613227
14797694	14797924
141916091	141916321
146702685	146702915
122147623	122147853
156423311	156423541
52372765	52372995
138357287	138357517
90007674	90007904
82649586	82649816
19465983	19466213
166833932	166834162
97949850	97950080
56673803	56674033
164001028	164001258
11713051	11713281
12348998	12349228
165987240	165987470
55747455	55747685
98213398	98213628
45914212	45914442
90502650	90502880
37025972	37026202
80130895	80131125
41666908	41667138
72927876	72928106
135410483	135410713
3913350	3913580
91113499	91113729
4136423	4136653
28073164	28073394
10300382	10300612
74295347	74295577
27721955	27722185
34835403	34835633
143834569	143834799
53361726	53361956
121974494	121974724
31870254	31870484
