       1   12
       2   12
       3    1
       4    1
       5    1
       6    8
       7    7
       8   12
       9   12
      10    1
      11    1
      12    1
      13    1
      14    1
      15    1
      16    1
      17    1
      18    1
      19    1
      20    1
      21    1
      22    1
      23    1
      24    5
      25    6
      26   12
      27   12
      28   12
      29   12
      30   12
      31   12
      32   12
      33   12
      34   10
      35   10
      36   10
      37   10
      38   10
      39   12
      40   12
      41    6
      42    5
      43    5
      44    1
      45    1
      46    1
      47    1
      48    1
      49   12
      50   12
      51   12
      52   12
      53   12
      54   12
      55   12
      56    8
      57    9
      58   10
      59   10
      60   10
      61   10
      62   10
      63   10
      64   10
      65   10
      66   10
      67   10
      68   10
      69   10
      70   10
      71   10
      72   10
      73   10
      74   10
      75   12
      76   12
      77    8
      78   12
      79   12
      80    8
      81    7
      82   10
      83   10
      84   10
      85   10
      86   12
      87   12
      88   12
      89    8
      90    7
      91   12
      92   12
      93   12
      94   12
      95    7
      96    8
      97   12
      98   12
      99    8
     100   10
     101   10
     102    9
     103   11
     104   11
     105   11
     106   11
     107   11
     108   11
     109   11
     110   10
     111   10
     112   10
     113   10
     114   10
     115    8
     116   10
     117   10
     118   10
     119   11
     120   11
     121   11
     122   11
     123   11
     124   11
     125   11
     126   11
     127   11
     128   12
     129    7
     130   10
     131   10
     132   10
     133   10
     134   10
     135   10
     136   11
     137   11
     138   11
     139   11
     140   11
     141    9
     142   11
     143   11
     144   11
     145   11
     146   11
     147   11
     148   11
     149   11
     150    8
     151   12
     152   12
     153   12
     154   10
     155   10
     156   10
     157   10
     158   11
     159   11
     160   11
     161   11
     162   11
     163   11
     164    9
     165    2
     166    6
     167    9
     168   12
     169   10
     170   10
     171   10
     172   10
     173   10
     174   10
     175   10
     176   10
     177   10
     178   10
     179   10
     180   10
     181   10
     182   10
     183   10
     184   10
     185   10
     186   12
     187   12
     188   12
     189   12
     190   12
     191    9
     192    9
     193    2
     194    2
     195    2
     196    2
     197    6
     198   12
     199   11
     200   11
     201    9
     202   11
     203   11
     204    9
     205   12
     206   12
     207   11
     208   11
     209   11
     210   11
     211    9
     212    1
     213    1
     214    1
     215    1
     216    1
     217    1
     218    1
     219    1
     220    3
     221    5
     222    6
     223   12
     224   12
     225    1
     226    1
     227    1
     228    1
     229    1
     230    1
     231    1
     232    1
     233    1
     234    1
     235    1
     236    1
     237    1
     238    1
     239    1
     240    1
     241    1
     242    1
     243    1
     244    1
     245    1
     246    1
     247   12
     248   12
     249   12
     250   12
     251    8
     252    1
     253    1
     254    1
     255    1
     256    1
     257    1
     258    5
     259    1
     260    1
     261    1
     262    1
     263    5
     264    3
     265    5
     266    4
     267    4
     268    4
     269    6
     270    1
     271    3
     272    3
     273    3
     274    1
     275    5
     276    1
     277    1
     278    1
     279    3
     280    3
     281    3
     282    1
     283    5
     284    3
     285    1
     286    1
     287    1
     288    3
     289    3
     290    1
     291    1
     292    3
     293    3
     294    3
     295    3
     296    3
     297    3
     298    3
     299    5
     300    6
     301   12
     302   12
     303   12
     304   12
     305   12
     306   12
     307   12
     308    2
     309    2
     310    2
     311    2
     312    2
     313    2
     314    2
     315    2
     316    2
     317    2
     318    2
     319    2
     320    2
     321   12
     322    5
     323    6
     324    6
     325    2
     326    2
     327    2
     328    2
     329    2
     330    6
     331    5
     332    6
     333    6
     334    6
     335   10
     336   10
     337   10
     338   10
     339   10
     340   10
     341   10
     342    8
     343   12
     344    8
     345   10
     346   10
     347    9
     348   11
     349   10
     350   10
     351   10
     352   10
     353    9
     354   11
     355   11
     356   11
     357   11
     358   11
     359   10
     360   10
     361   10
     362   10
     363   10
     364   10
     365   11
     366   11
     367   11
     368    9
     369    8
     370    8
     371   10
     372   10
     373   10
     374   10
     375   10
     376   10
     377   10
     378   10
     379   11
     380   11
     381   11
     382   11
     383   11
     384   11
     385   11
     386    9
     387   11
     388   11
     389   11
     390   11
     391   11
     392   11
     393   11
     394   11
     395    9
     396   11
     397    9
     398   11
     399    9
     400    2
     401    2
     402    2
     403    2
     404    3
     405    3
     406    3
     407    3
     408    3
     409    3
     410    3
     411    3
     412    3
     413    5
     414    3
     415    3
     416    3
     417    6
     418    6
     419    5
     420    6
     421    6
     422    7
     423    7
     424   12
     425   12
     426   12
     427   12
     428    8
     429   12
     430   12
     431   12
     432   12
     433   12
     434   12
     435    8
     436   12
     437   12
     438    7
     439   12
     440   12
     441   12
     442   12
     443   12
     444   12
     445   12
     446   12
     447    7
     448   12
     449   12
     450   12
     451   12
     452    9
     453    8
     454   12
     455   12
     456    8
     457   12
     458   12
     459   12
     460   12
     461   12
     462   12
     463   12
     464   12
     465   12
     466   12
     467   12
     468   12
     469    7
     470    6
     471    8
     472   12
     473    6
     474    7
     475    6
     476    6
     477    5
     478    5
     479    5
     480    5
     481    3
     482    3
     483    5
     484    3
     485    5
     486    5
     487    3
     488    5
     489    5
     490    2
     491    2
     492    2
     493    9
     494   11
     495   11
     496   12
     497   12
     498    8
     499    8
     500    7
     501    8
     502    8
     503   12
     504   12
     505   11
     506   11
     507   11
     508   11
     509   11
     510   11
     511   11
     512   11
     513   11
     514   11
     515   11
     516   11
     517   11
     518   11
     519   11
     520   11
     521   11
     522   11
     523   11
     524   11
     525   10
     526   10
     527   10
     528   10
     529   10
     530   10
     531   10
     532   10
     533   11
     534   11
     535   11
     536   11
     537   11
     538   11
     539   11
     540   11
     541   11
     542   11
     543   11
     544   11
     545   11
     546   11
     547   11
     548   11
     549    8
     550   12
     551   12
     552   12
     553   12
     554   12
     555    6
     556    5
     557    4
     558    4
     559    4
     560    4
     561    4
     562    4
     563    1
     564    1
     565    1
     566    1
     567    1
     568    1
     569    1
     570    1
     571    1
     572   12
     573   12
     574   10
     575   10
     576   10
     577   10
     578   10
     579   10
     580   10
     581   10
     582   10
     583   10
     584   10
     585   10
     586   11
     587   11
     588   11
     589   10
     590   10
     591   10
     592   10
     593   10
     594   10
     595   10
     596   10
     597   10
     598   10
     599   10
     600   10
     601   10
     602   10
     603   10
     604   10
     605   10
     606   11
     607    9
     608   11
     609   11
     610   11
     611   12
     612   12
     613   12
     614   12
     615    8
     616    7
     617    8
     618    8
     619   12
     620   10
     621   12
     622   12
     623   12
     624   12
     625   12
     626   12
     627    8
     628   12
     629   12
     630   12
     631   12
     632   12
     633   12
     634    8
     635    8
     636    8
     637    8
     638   12
     639   12
     640   12
     641   12
     642   12
     643   12
     644   12
     645   12
     646   12
     647   12
     648   12
     649   12
     650   10
     651   10
     652   10
     653   10
     654   10
     655   10
     656   10
     657   10
     658   10
     659   10
     660    9
     661   12
     662   12
     663   12
     664   12
     665   12
     666   12
     667   12
     668   12
     669    6
     670    5
     671    6
     672    5
     673    5
     674    3
     675    3
     676    3
     677    1
     678    1
     679    1
     680    1
     681    1
     682    1
     683    1
     684    1
     685    3
     686    1
     687    3
     688    5
     689    5
     690    5
     691    4
     692    4
     693    4
     694    4
     695    4
     696    4
     697    4
     698    6
     699    7
     700    7
     701    8
     702   12
     703   12
     704   12
     705   12
     706   12
     707   11
     708   11
     709   10
     710   10
     711   12
     712   12
     713   12
     714   12
     715    8
     716    8
     717   12
     718   12
     719   12
     720   12
     721    1
     722    1
     723    1
     724    1
     725    1
     726    1
     727    3
     728    3
     729    3
     730    3
     731    3
     732    3
     733    6
     734    6
     735   12
     736   12
     737    1
     738    6
     739    6
     740   10
     741   10
     742   10
     743   10
     744   10
     745   10
     746   10
     747   10
     748   10
     749   10
     750   10
     751   11
     752   11
     753   11
     754   10
     755   10
     756   10
     757   10
     758   10
     759   10
     760   10
     761    9
     762    9
     763   10
     764   12
     765   12
     766    1
     767    1
     768    1
     769    5
     770    6
     771    6
     772    8
     773    8
     774   12
     775    7
     776    6
     777    6
     778    7
     779    8
     780    6
     781    8
     782   12
     783    6
     784    6
     785    7
     786    8
     787    7
     788    7
     789    7
     790    7
     791    8
     792    7
     793   12
     794   12
     795   12
     796   12
     797   12
     798    8
     799   12
     800   12
     801   12
     802   12
     803    6
     804    6
     805    5
     806    1
     807    3
     808    3
     809    6
     810    6
     811    7
     812    8
     813    6
     814    6
     815    6
     816    3
     817    3
     818    1
     819    5
     820    6
     821    6
     822    1
     823    6
     824    2
     825    6
     826    5
     827    5
     828    1
     829    1
     830    6
     831   12
     832    8
     833    8
     834    1
     835    1
     836    3
     837    5
     838    6
     839    8
     840    1
     841    1
     842    6
     843    6
     844    6
     845    5
     846    6
     847    6
     848    6
     849   12
     850   12
     851    8
     852   12
     853   12
     854   12
     855   12
     856    7
     857    6
     858    6
     859    5
     860    6
     861    6
     862   12
     863    8
     864    7
     865    8
     866    8
     867   10
     868   12
     869   12
     870   12
     871   12
     872   12
     873   12
     874   12
     875   10
     876   10
     877   11
     878   11
     879   11
     880   11
     881   11
     882   11
     883   11
     884   11
     885   11
     886   11
     887   11
     888   11
     889   11
     890   11
     891   11
     892   11
     893   11
     894   11
     895   11
     896   11
     897    2
     898    2
     899   12
     900   12
     901   12
     902    6
     903    7
     904    8
     905    8
     906    8
     907   12
     908   11
     909   11
     910    9
     911   11
     912    9
     913   11
     914   11
     915   11
     916   11
     917   11
     918   11
     919   11
     920    9
     921   11
     922   11
     923   11
     924   11
     925   11
     926   11
     927   11
     928   11
     929    9
     930   11
     931   11
     932   11
     933   11
     934   11
     935    9
     936   12
     937   12
     938    8
     939    8
     940   12
     941   12
     942    7
     943    7
     944    8
     945   10
     946   12
     947    8
     948    6
     949    2
     950    2
     951    1
     952    1
     953    1
     954    1
     955    1
     956    1
     957    1
     958    1
     959   12
     960   12
     961    7
     962    8
     963   12
     964   12
     965    9
     966   10
     967   10
     968   10
     969   10
     970   10
     971   10
     972    9
     973   11
     974   11
     975   11
     976   11
     977   11
     978   11
     979   10
     980   10
     981   10
     982   10
     983   10
     984   10
     985   10
     986   10
     987   10
     988   10
     989   10
     990   10
     991   10
     992   10
     993    6
     994    6
     995    3
     996    3
     997    3
     998    1
     999    1
    1000    1
    1001   12
    1002   12
    1003   12
    1004    7
    1005   12
    1006    7
    1007   12
    1008   12
    1009   12
    1010    8
    1011    7
    1012    7
    1013    7
    1014    6
    1015    6
    1016    3
    1017    5
    1018    4
    1019    5
    1020    4
    1021    4
    1022    4
    1023    4
    1024    4
    1025    4
    1026    3
    1027    3
    1028    3
    1029    3
    1030    3
    1031    4
    1032    4
    1033    1
    1034    8
    1035    8
    1036   12
    1037   12
    1038    8
    1039    8
    1040   11
    1041   11
    1042   12
    1043   12
    1044    2
    1045    5
    1046    5
    1047    3
    1048    5
    1049    6
    1050    6
    1051    6
    1052    6
    1053    5
    1054    6
    1055    6
    1056    6
    1057    6
    1058    6
    1059    8
    1060    8
    1061   12
    1062    8
    1063    8
    1064   12
    1065    8
    1066   12
    1067   12
    1068    8
    1069    6
    1070    6
    1071    6
    1072    6
    1073   12
    1074    8
    1075   12
    1076   12
    1077   12
    1078   12
    1079   12
    1080   12
    1081    8
    1082   10
    1083   12
    1084    8
    1085    7
    1086    8
    1087    8
    1088   12
    1089    8
    1090    8
    1091    8
    1092   12
    1093    7
    1094    8
    1095   10
    1096   10
    1097   10
    1098   10
    1099   10
    1100   10
    1101   10
    1102   10
    1103   10
    1104   10
    1105   10
    1106   10
    1107   12
    1108   12
    1109    1
    1110    1
    1111    6
    1112    6
    1113    6
    1114    6
    1115    4
    1116    4
    1117    5
    1118    6
    1119   12
    1120   12
    1121   10
    1122   10
    1123   10
    1124   10
    1125   12
    1126   12
    1127   12
    1128   12
    1129   12
    1130   12
    1131    4
    1132    6
    1133    6
    1134    3
    1135    3
    1136    1
    1137    1
    1138   12
    1139   12
    1140   12
    1141   12
    1142   12
    1143   10
    1144   10
    1145   10
    1146   10
    1147   10
    1148   10
    1149   10
    1150   10
    1151    6
    1152    6
    1153    4
    1154    6
    1155    5
    1156    1
    1157    1
    1158    5
    1159    3
    1160    6
    1161    3
    1162    1
    1163    1
    1164    1
    1165    1
    1166   12
    1167   12
    1168   12
    1169    8
    1170   12
    1171   12
    1172   10
    1173   12
    1174    6
    1175    6
    1176    5
    1177    5
    1178    1
    1179   12
    1180   12
    1181   10
    1182    9
    1183   10
    1184   10
    1185    8
    1186    8
    1187    9
    1188    9
    1189    9
    1190   11
    1191   11
    1192   11
    1193    9
    1194   11
    1195   11
    1196   11
    1197   11
    1198   11
    1199   11
    1200    9
    1201   11
    1202   11
    1203   11
    1204   11
    1205   11
    1206   11
    1207   11
    1208   11
    1209   11
    1210   11
    1211   11
    1212   11
    1213   11
    1214   11
    1215   11
    1216   11
    1217   11
    1218   11
    1219   11
    1220   11
    1221   11
    1222   11
    1223   11
    1224   11
    1225    9
    1226    9
    1227    9
    1228   12
    1229    6
    1230    1
    1231    1
    1232    1
    1233    3
    1234    5
    1235    4
    1236    5
    1237    6
    1238   12
    1239    8
    1240    7
    1241   12
    1242   12
    1243   12
    1244    8
    1245    6
    1246    6
    1247   12
    1248   12
    1249    9
    1250   10
    1251   10
    1252   12
    1253   12
    1254   12
    1255   12
    1256   12
    1257    1
    1258    1
    1259    5
    1260    1
    1261    1
    1262    1
    1263    1
    1264    6
    1265    8
    1266   12
    1267   12
    1268   12
    1269   11
    1270   11
    1271   11
    1272    9
    1273   11
    1274   11
    1275   11
    1276   11
    1277   11
    1278   10
    1279   10
    1280   10
    1281   10
    1282   10
    1283   10
    1284   10
    1285   10
    1286   10
    1287    6
    1288    5
    1289    5
    1290    7
    1291   12
    1292   12
    1293   12
    1294   12
    1295   10
    1296   10
    1297    9
    1298    9
    1299    6
    1300   12
    1301    7
    1302   12
    1303   12
    1304   12
    1305   12
    1306   12
    1307   12
    1308   12
    1309   12
    1310    8
    1311   12
    1312    6
    1313    3
    1314    3
    1315    1
    1316    1
    1317    1
    1318    1
    1319    1
    1320    7
    1321    6
    1322    7
    1323    7
    1324   12
    1325   12
    1326    6
    1327   12
    1328    6
    1329    6
    1330   12
    1331   12
    1332    9
    1333   10
    1334   10
    1335   10
    1336   10
    1337   10
    1338   12
    1339   12
    1340    7
    1341    8
    1342   10
    1343   10
    1344   10
    1345   10
    1346   10
    1347   10
    1348   10
    1349   10
    1350   10
    1351    6
    1352    5
    1353    1
    1354    1
    1355    1
    1356    1
    1357    1
    1358    1
    1359    6
    1360    6
    1361   12
    1362   12
    1363   12
    1364   12
    1365    6
    1366   12
    1367   12
    1368   12
    1369    8
    1370   12
    1371    6
    1372    5
    1373    6
    1374    6
    1375    2
    1376    2
    1377    2
    1378    2
    1379    2
    1380    2
    1381    7
    1382    8
    1383   12
    1384   12
    1385    7
    1386   12
    1387   12
    1388    8
    1389    6
    1390    8
    1391    8
    1392    8
    1393   12
    1394   12
    1395   12
    1396   12
    1397   12
    1398   12
    1399   12
    1400    7
    1401    8
    1402    8
    1403    7
    1404    6
    1405    6
    1406    5
    1407    3
    1408    5
    1409    5
    1410    5
    1411    5
    1412    3
    1413    5
    1414    6
    1415    3
    1416    3
    1417    3
    1418    1
    1419    2
    1420    1
    1421    3
    1422    6
    1423    6
    1424    1
    1425    8
    1426   12
    1427   12
    1428   12
    1429    7
    1430    6
    1431    6
    1432    6
    1433    6
    1434    3
    1435    2
    1436    2
    1437    2
    1438    6
    1439    2
    1440    2
    1441    2
    1442    2
    1443    6
    1444    3
    1445    6
    1446   12
    1447   12
    1448   12
    1449    6
    1450    5
    1451    3
    1452    3
    1453    2
    1454    2
    1455   12
    1456   11
    1457    9
    1458   10
    1459   10
    1460   10
    1461   10
    1462   10
    1463    9
    1464    9
    1465    9
    1466   11
    1467    9
    1468   12
    1469   12
    1470   12
    1471   12
    1472   12
    1473   12
    1474    9
    1475   10
    1476   10
    1477   12
    1478   12
    1479   12
    1480   12
    1481   12
    1482   12
    1483   12
    1484   12
    1485    8
    1486    8
    1487    7
    1488    2
    1489    2
    1490    1
    1491    5
    1492    6
    1493    5
    1494    5
    1495    6
    1496    6
    1497    8
    1498   15
    1499   15
    1500   15
    1501   15
    1502   15
    1503   15
    1504   15
    1505   15
    1506   15
    1507   15
    1508   15
    1509   15
    1510   15
    1511   15
    1512    6
    1513    1
    1514    1
    1515    5
    1516    6
    1517    1
    1518    1
    1519    1
    1520    1
    1521    1
    1522    1
    1523    1
    1524    1
    1525    2
    1526   12
    1527   12
    1528   12
    1529    6
    1530    5
    1531    3
    1532    1
    1533    6
    1534    8
    1535   12
    1536    9
    1537    8
    1538    7
    1539    8
    1540   12
    1541   12
    1542   12
    1543    7
    1544    2
    1545    2
    1546    5
    1547    5
    1548    6
    1549    6
    1550    5
    1551    5
    1552    6
    1553    6
    1554    6
    1555    5
    1556    5
    1557    5
    1558    5
    1559    5
    1560    6
    1561    6
    1562    6
    1563    6
    1564   15
    1565   15
    1566   15
    1567   15
    1568   15
    1569   15
    1570    6
    1571    8
    1572   12
    1573   12
    1574   12
    1575    1
    1576    7
    1577   12
    1578    9
    1579    9
    1580    9
    1581    2
    1582    2
    1583    2
    1584    5
    1585    6
    1586    7
    1587    6
    1588    5
    1589    6
    1590    6
    1591    6
    1592    6
    1593   12
    1594    8
    1595    7
    1596    7
    1597    6
    1598    1
    1599    6
    1600   12
    1601   12
    1602   12
    1603    7
    1604   12
    1605   10
    1606   10
    1607   10
    1608   10
    1609   12
    1610    6
    1611    1
    1612    1
    1613    1
    1614    1
    1615    1
    1616    1
    1617    1
    1618    1
    1619    6
    1620    6
    1621    3
    1622    3
    1623    3
    1624    1
    1625    1
    1626    1
    1627    1
    1628    1
    1629    1
    1630    1
    1631    6
    1632    5
    1633    3
    1634    1
    1635    1
    1636   12
    1637    7
    1638    7
    1639    6
    1640    6
    1641    6
    1642    6
    1643    6
    1644    5
    1645    1
    1646    1
    1647    5
    1648    6
    1649   12
    1650   12
    1651    8
    1652    8
    1653   12
    1654   12
    1655   12
    1656   12
    1657    7
    1658    1
    1659    1
    1660    1
    1661    1
    1662    1
    1663    1
    1664    1
    1665    1
    1666    1
    1667    1
    1668    1
    1669    1
    1670    1
    1671    1
    1672    1
    1673    1
    1674    1
    1675    3
    1676    5
    1677    4
    1678    5
    1679    5
    1680    5
    1681    5
    1682    6
    1683    7
    1684    8
    1685   12
    1686   12
    1687    8
    1688    8
    1689    8
    1690    7
    1691    8
    1692    7
    1693    8
    1694    6
    1695    8
    1696   12
    1697    4
    1698    4
    1699    6
    1700    6
    1701    8
    1702   12
    1703   12
    1704    1
    1705    6
    1706    1
    1707    3
    1708    3
    1709    3
    1710    1
    1711    6
    1712    6
    1713    6
    1714    6
    1715    7
    1716   12
    1717    6
    1718    5
    1719    3
    1720    1
    1721    1
    1722   12
    1723   12
    1724    8
    1725   12
    1726   12
    1727   12
    1728   12
    1729   12
    1730    7
    1731    6
    1732    3
    1733   12
    1734   12
    1735   12
    1736   12
    1737   12
    1738    8
    1739    6
    1740    5
    1741    4
    1742    4
    1743    4
    1744    4
    1745    4
    1746    4
    1747    3
    1748    6
    1749    1
    1750    5
    1751    3
    1752    6
    1753    5
    1754    3
    1755    3
    1756    3
    1757    1
    1758    1
    1759    1
    1760    1
    1761    1
    1762    1
    1763    1
    1764    1
    1765    1
    1766    6
    1767    6
    1768    7
    1769    6
    1770    3
    1771    3
    1772    1
    1773    1
    1774    1
    1775    6
    1776    6
    1777    1
    1778    1
    1779    1
    1780    5
    1781    6
    1782    7
    1783    7
    1784   12
    1785    5
    1786    1
    1787    1
    1788    1
    1789    1
    1790    1
    1791    1
    1792    1
    1793    6
    1794    6
    1795    7
    1796   12
    1797   12
    1798    7
    1799    6
    1800    4
    1801    1
    1802    1
    1803    1
    1804    1
    1805    1
    1806    1
    1807    1
    1808    1
    1809   12
    1810   12
    1811   12
    1812    6
    1813    5
    1814    5
    1815    5
    1816    5
    1817    3
    1818    3
    1819    1
    1820    7
    1821   12
    1822    8
    1823   12
    1824   12
    1825   12
    1826   10
    1827   10
    1828   10
    1829   10
    1830   10
    1831   10
    1832   10
    1833   10
    1834   10
    1835   10
    1836   10
    1837   10
    1838   10
    1839   12
    1840   12
    1841    8
    1842    6
    1843    5
    1844    3
    1845    1
    1846   12
    1847   12
    1848    6
    1849    4
    1850    6
    1851    4
    1852    4
    1853   12
    1854   12
    1855   12
    1856   12
    1857   12
    1858   12
    1859   12
    1860   12
    1861   12
    1862   12
    1863   12
    1864   12
    1865   12
    1866   12
    1867   12
    1868    1
    1869    1
    1870    1
    1871    1
    1872    1
    1873    1
    1874    1
    1875    1
    1876    1
    1877    1
    1878    1
    1879    1
    1880   12
    1881   12
    1882   12
    1883   12
    1884    1
    1885    1
    1886    1
    1887    1
    1888    1
    1889    9
    1890    9
    1891   12
    1892   12
    1893   12
    1894    1
    1895    2
    1896    3
    1897    3
    1898    3
    1899    5
    1900    5
    1901    6
    1902   12
    1903   12
    1904    1
    1905    1
    1906    1
    1907    5
    1908    1
    1909    1
    1910    1
    1911    6
    1912    9
    1913   10
    1914   10
    1915   10
    1916   11
    1917   10
    1918   10
    1919   10
    1920   10
    1921   10
    1922    8
    1923   10
    1924   10
    1925   10
    1926   10
    1927   10
    1928   10
    1929   10
    1930   10
    1931   10
    1932   10
    1933   10
    1934   10
    1935   10
    1936   10
    1937   10
    1938   10
    1939   10
    1940   10
    1941   10
    1942   10
    1943   10
    1944   10
    1945   10
    1946   10
    1947   10
    1948   10
    1949   10
    1950   10
    1951   10
    1952   10
    1953   10
    1954   10
    1955   10
    1956   10
    1957   10
    1958   10
    1959   10
    1960   10
    1961   10
    1962   10
    1963   10
    1964   10
    1965   10
    1966   10
    1967   10
    1968   10
    1969   10
    1970   10
    1971   10
    1972   10
    1973   10
    1974   10
    1975   13
    1976   13
    1977   13
    1978   13
    1979   13
    1980   13
    1981   13
    1982   13
    1983   13
    1984   13
    1985   13
    1986   13
    1987   13
    1988   13
    1989   13
    1990   13
    1991   13
    1992   13
    1993   13
    1994   13
    1995   13
    1996   13
    1997   13
    1998   13
    1999   13
    2000   13
    2001   13
    2002   13
    2003   13
    2004   13
    2005   13
    2006   10
    2007   10
    2008   10
    2009   10
    2010   10
    2011   10
    2012   10
    2013   10
    2014   10
    2015   10
    2016   10
    2017   10
    2018   10
    2019   10
    2020   10
    2021   12
    2022   12
    2023   12
    2024    8
    2025    8
    2026   12
    2027   12
    2028   12
    2029   12
    2030   12
    2031   12
    2032    8
    2033    8
    2034   10
    2035   10
    2036    8
    2037   12
    2038   12
    2039   12
    2040   12
    2041   11
    2042   11
    2043   11
    2044   10
    2045   10
    2046   10
    2047   10
    2048   10
    2049   10
    2050   10
    2051   10
    2052   10
    2053   10
    2054   10
    2055   10
    2056   10
    2057   10
    2058   10
    2059   10
    2060   10
    2061   10
    2062   10
    2063   10
    2064   10
    2065   10
    2066   10
    2067   10
    2068   10
    2069   10
    2070   10
    2071   10
    2072   10
    2073   10
    2074   10
    2075   10
    2076   10
    2077   10
    2078   10
    2079   10
    2080   10
    2081   10
    2082   10
    2083   13
    2084   13
    2085   13
    2086   13
    2087   13
    2088   13
    2089   13
    2090   13
    2091   13
    2092   13
    2093   13
    2094   13
    2095   13
    2096   13
    2097   13
    2098   13
    2099   10
    2100   10
    2101   10
    2102   10
    2103   10
    2104   10
    2105   10
    2106   10
    2107   10
    2108   10
    2109   10
    2110   10
    2111   10
    2112   10
    2113   10
    2114   10
    2115   10
    2116   10
    2117   10
    2118   10
    2119   10
    2120   10
    2121   10
    2122   10
    2123   10
    2124   10
    2125   10
    2126   10
    2127   10
    2128   10
    2129   10
    2130   10
    2131   10
    2132   10
    2133   10
    2134   10
    2135   10
    2136   10
    2137   10
    2138   10
    2139   10
    2140   10
    2141   10
    2142   10
    2143   10
    2144   10
    2145   10
    2146   10
    2147   10
    2148   10
    2149   10
    2150   10
    2151   10
    2152   10
    2153   10
    2154   10
    2155   10
    2156   10
    2157   10
    2158   10
    2159   10
    2160   10
    2161   10
    2162   10
    2163   10
    2164   10
    2165   10
    2166   10
    2167   10
    2168   10
    2169   10
    2170   11
    2171   11
    2172   11
    2173   11
    2174   11
    2175   11
    2176   11
    2177   11
    2178   11
    2179   11
    2180   11
    2181   10
    2182   10
    2183   10
    2184   10
    2185   10
    2186   10
    2187   10
    2188   10
    2189   10
    2190   10
    2191   10
    2192   10
    2193   10
    2194   10
    2195   10
    2196   10
    2197   10
    2198   10
    2199   10
    2200   10
    2201   10
    2202   10
    2203   10
    2204   10
    2205   10
    2206   10
    2207   10
    2208   10
    2209   10
    2210   10
    2211   10
    2212   10
    2213   10
    2214   10
    2215   10
    2216   10
    2217   10
    2218   10
    2219   10
    2220   10
    2221   10
    2222   10
    2223   10
    2224   10
    2225   10
    2226   10
    2227   10
    2228   10
    2229   10
    2230   10
    2231   10
    2232   10
    2233   10
    2234    8
    2235   10
    2236   10
    2237    8
    2238    6
    2239    1
    2240    5
    2241    5
    2242    5
    2243    6
    2244    6
    2245    6
    2246    6
    2247    6
    2248    8
    2249    8
    2250    7
    2251    8
    2252    8
    2253   12
    2254   11
    2255   11
    2256   11
    2257   11
    2258   11
    2259    9
    2260   11
    2261   11
    2262   11
    2263   11
    2264   11
    2265   11
    2266   11
    2267   11
    2268   11
    2269   11
    2270   11
    2271   11
    2272   11
    2273   11
    2274   11
    2275   11
    2276   11
    2277   12
    2278   12
    2279   12
    2280   12
    2281    2
    2282    1
    2283    1
    2284    1
    2285    5
    2286    3
    2287    3
    2288    3
    2289    3
    2290    3
    2291    3
    2292    3
    2293    3
    2294    3
    2295    5
    2296    5
    2297    5
    2298    3
    2299    3
    2300    5
    2301    5
    2302    3
    2303    5
    2304    5
    2305    5
    2306    5
    2307    6
    2308   12
    2309   12
    2310   12
    2311   12
    2312   12
    2313   10
    2314   10
    2315   10
    2316   10
    2317   12
    2318   12
    2319   12
    2320   12
    2321   12
    2322   12
    2323   12
    2324   12
    2325    7
    2326   12
    2327   12
    2328    8
    2329   12
    2330   11
    2331   11
    2332   12
    2333   12
    2334   12
    2335   12
    2336   12
    2337   12
    2338   12
    2339   12
    2340   12
    2341   12
    2342   12
    2343   12
    2344   12
    2345   12
    2346    1
    2347    1
    2348    1
    2349    1
    2350    1
    2351    1
    2352    1
    2353    6
    2354    6
    2355    3
    2356    3
    2357    1
    2358    1
    2359    1
    2360    1
    2361    1
    2362    1
    2363    1
    2364    1
    2365    1
    2366    1
    2367    1
    2368    1
    2369    8
    2370   12
    2371   12
    2372   12
    2373    7
    2374   12
    2375   12
    2376   11
    2377    9
    2378   11
    2379    9
    2380    2
    2381   12
    2382   14
    2383   14
    2384   14
    2385   14
    2386   14
    2387   14
    2388   14
    2389   12
    2390    8
    2391    7
    2392   12
    2393   12
    2394    7
    2395   12
    2396   10
    2397   10
    2398   10
    2399   10
    2400   10
    2401   10
    2402    8
    2403    7
    2404   12
    2405   12
    2406   11
    2407   11
    2408   11
    2409   11
    2410   11
    2411   11
    2412   12
    2413    8
    2414    7
    2415   12
    2416    9
    2417   12
    2418    1
    2419    1
    2420    5
    2421    6
    2422    6
    2423   12
    2424   12
    2425   12
    2426   10
    2427   10
    2428   11
    2429   11
    2430   11
    2431   12
    2432   12
    2433    7
    2434    7
    2435   10
    2436    9
    2437   11
    2438   11
    2439   10
    2440   10
    2441   10
    2442    9
    2443   11
    2444   11
    2445    9
    2446   11
    2447    9
    2448   11
    2449   12
    2450    7
    2451   11
    2452   11
    2453   11
    2454   12
    2455   12
    2456   12
    2457   12
    2458    8
    2459   12
    2460   12
    2461   12
    2462    8
    2463   12
    2464   12
    2465   12
    2466    8
    2467   12
    2468    8
    2469    7
    2470    8
    2471    7
    2472   12
    2473   12
    2474    3
    2475    5
    2476    5
    2477    5
    2478    6
    2479    6
    2480    6
    2481    6
    2482    6
    2483    8
    2484    6
    2485    6
    2486   12
    2487   12
    2488   12
    2489    7
    2490    7
    2491   12
    2492   12
    2493    8
    2494    8
    2495    6
    2496    6
    2497    5
    2498    5
    2499    5
    2500    3
    2501    3
    2502    1
    2503    2
    2504    2
    2505    2
    2506    2
    2507    6
    2508    5
    2509    1
    2510    1
    2511    1
    2512    1
    2513    1
    2514    6
    2515    6
    2516    4
    2517    5
    2518    3
    2519    3
    2520    3
    2521    3
    2522    3
    2523    3
    2524    1
    2525    1
    2526    1
    2527    1
    2528    7
    2529    6
    2530    5
    2531    2
    2532    2
    2533    6
    2534    6
    2535    1
    2536    1
    2537    6
    2538    3
    2539    1
    2540   12
    2541    7
    2542    7
    2543    6
    2544    6
    2545    5
    2546    5
    2547    5
    2548    1
    2549    1
    2550    1
    2551    6
    2552    5
    2553    3
    2554    5
    2555    5
    2556    5
    2557    6
    2558    3
    2559    6
    2560    6
    2561    6
    2562    8
    2563    6
    2564   12
    2565    8
    2566    1
    2567    1
    2568    1
    2569    1
    2570    1
    2571    6
    2572    7
    2573   12
    2574   12
    2575    8
    2576   10
    2577   10
    2578   10
    2579    8
    2580   12
    2581   12
    2582   12
    2583   12
    2584   12
    2585   10
    2586    9
    2587   10
    2588   10
    2589   10
    2590   10
    2591   10
    2592    8
    2593    7
    2594   12
    2595   12
    2596   12
    2597    7
    2598   12
    2599   12
    2600    9
    2601    9
    2602   12
    2603   12
    2604   12
    2605   12
    2606   12
    2607   12
    2608   12
    2609   12
    2610   12
    2611   12
    2612   12
    2613   12
    2614   12
    2615    7
    2616    1
    2617    6
    2618    6
    2619    3
    2620    3
    2621    3
    2622    5
    2623    6
    2624    5
    2625    3
    2626    3
    2627    1
    2628    1
    2629    1
    2630    1
    2631   12
    2632   12
    2633    9
    2634   12
    2635    8
    2636    8
    2637   12
    2638    8
    2639   12
    2640   12
    2641    9
    2642   10
    2643    9
    2644   11
    2645    8
    2646   12
    2647   12
    2648    1
    2649    1
    2650    1
    2651    1
    2652    1
    2653    1
    2654    3
    2655    5
    2656    6
    2657    6
    2658    3
    2659    3
    2660    1
    2661    1
    2662    1
    2663    1
    2664    1
    2665    1
    2666    1
    2667    9
    2668    9
    2669   11
    2670   11
    2671    9
    2672   11
    2673   11
    2674   12
    2675   12
    2676   12
    2677   12
    2678    8
    2679   12
    2680    1
    2681    1
    2682    1
    2683    5
    2684    5
    2685    6
    2686    7
    2687    8
    2688   12
    2689    6
    2690    7
    2691    7
    2692    8
    2693    1
    2694    5
    2695    1
    2696    1
    2697    3
    2698    5
    2699    6
    2700    6
    2701   12
    2702   12
    2703   12
    2704    8
    2705   12
    2706   12
    2707   12
    2708   12
    2709    9
    2710    8
    2711   12
    2712    8
    2713    8
    2714   12
    2715   12
    2716   12
    2717    7
    2718    6
    2719    7
    2720   12
    2721   12
    2722   12
    2723   12
    2724   12
    2725   12
    2726   12
    2727   12
    2728    2
    2729    9
    2730   10
    2731   10
    2732   10
    2733   10
    2734   10
    2735   10
    2736   10
    2737   10
    2738   10
    2739    9
    2740   10
    2741   10
    2742   12
    2743   12
    2744    6
    2745    6
    2746    3
    2747    2
    2748    2
    2749    1
    2750    1
    2751    1
    2752    2
    2753   12
    2754   10
    2755   12
    2756   10
    2757   12
    2758    1
    2759    1
    2760    3
    2761    6
    2762    6
    2763    6
    2764   12
    2765   12
    2766   10
    2767   10
    2768    9
    2769    9
    2770   11
    2771   11
    2772   11
    2773   11
    2774   11
    2775   11
    2776   11
    2777   11
    2778    9
    2779    9
    2780   10
    2781   10
    2782   12
    2783   12
    2784    7
    2785    6
    2786    8
    2787    6
    2788    3
    2789    1
    2790    1
    2791    1
    2792    1
    2793   12
    2794   12
    2795   12
    2796   10
    2797   10
    2798   10
    2799   10
    2800   10
    2801   10
    2802   10
    2803   10
    2804   10
    2805   10
    2806   10
    2807   10
    2808   10
    2809   10
    2810   10
    2811   10
    2812   10
    2813   10
    2814   10
    2815   10
    2816   10
    2817   10
    2818   10
    2819   10
    2820   10
    2821   10
    2822   10
    2823   10
    2824   10
    2825   10
    2826   10
    2827   10
    2828   10
    2829   10
    2830   10
    2831   10
    2832   10
    2833   10
    2834   10
    2835   10
    2836   10
    2837   10
    2838   10
    2839   10
    2840   10
    2841   10
    2842   10
    2843   10
    2844   10
    2845   10
    2846   10
    2847   10
    2848   10
    2849   10
    2850   10
    2851   10
    2852   10
    2853   10
    2854   10
    2855   10
    2856   10
    2857   10
    2858   10
    2859   10
    2860   10
    2861   10
    2862   10
    2863   10
    2864   10
    2865   10
    2866   10
    2867   10
    2868   10
    2869   10
    2870   10
    2871   10
    2872   12
    2873   12
    2874   12
    2875   12
    2876   12
    2877   12
    2878   10
    2879   10
    2880   10
    2881   10
    2882   10
    2883   10
    2884   10
    2885   10
    2886   10
    2887   10
    2888   10
    2889   10
    2890   10
    2891   10
    2892   10
    2893   10
    2894   10
    2895   10
    2896   10
    2897   10
    2898   10
    2899   10
    2900   10
    2901   10
    2902   10
    2903   10
    2904   10
    2905   10
    2906   10
    2907   10
    2908   10
    2909   10
    2910   10
    2911   10
    2912   10
    2913   10
    2914   10
    2915   10
    2916   10
    2917   10
    2918   10
    2919   10
    2920   10
    2921   11
    2922   11
    2923   11
    2924   11
    2925   11
    2926   11
    2927   11
    2928   11
    2929   11
    2930    9
    2931   10
    2932   10
    2933   10
    2934   10
    2935   10
    2936   10
    2937   10
    2938   10
    2939   10
    2940   10
    2941   10
    2942   10
    2943   10
    2944   10
    2945   10
    2946   10
    2947   10
    2948   10
    2949   10
    2950   10
    2951   10
    2952   10
    2953   10
    2954   10
    2955   10
    2956   10
    2957   10
    2958   10
    2959    8
    2960   10
    2961   10
    2962   12
    2963   12
    2964   12
    2965    7
    2966    8
    2967   10
    2968   10
    2969   10
    2970   10
    2971   10
    2972   10
    2973   10
    2974   10
    2975   10
    2976   10
    2977   10
    2978   10
    2979   10
    2980   10
    2981   10
    2982   10
    2983   10
    2984   10
    2985   10
    2986   10
    2987   10
    2988   10
    2989   10
    2990   10
    2991   10
    2992   10
    2993   10
    2994   12
    2995   12
    2996   12
    2997   12
    2998    8
    2999    7
    3000    7
    3001   15
    3002   15
    3003   15
    3004   15
    3005   15
    3006   15
    3007   15
    3008   15
    3009   15
    3010   15
    3011    7
    3012    8
    3013   10
    3014   10
    3015   10
    3016   10
    3017   10
    3018   10
    3019   10
    3020   10
    3021   10
    3022   10
    3023   10
    3024   10
    3025   10
    3026   10
    3027   10
    3028   10
    3029   10
    3030   10
    3031   11
    3032   11
    3033   11
    3034   11
    3035   11
    3036   11
    3037   11
    3038   11
    3039   11
    3040   11
    3041   11
    3042   11
    3043   11
    3044   11
    3045   11
    3046   11
    3047   11
    3048   11
    3049   11
    3050   11
    3051    9
    3052    8
    3053    8
    3054   12
    3055   12
    3056   12
    3057   12
    3058   12
    3059   12
    3060   12
    3061   12
    3062    2
    3063    2
    3064    6
    3065    6
    3066    7
    3067   10
    3068   10
    3069   10
    3070   10
    3071   10
    3072   10
    3073   10
    3074   10
    3075   10
    3076   10
    3077   10
    3078   10
    3079   10
    3080   10
    3081   10
    3082   12
    3083   12
    3084   12
    3085   12
    3086   12
    3087   12
    3088    1
    3089    5
    3090    6
    3091    1
    3092    1
    3093    1
    3094    1
    3095    1
    3096    1
    3097    1
    3098    3
    3099    6
    3100   12
    3101   12
    3102   12
    3103   12
    3104   12
    3105    8
    3106   12
    3107   12
    3108    7
    3109    7
    3110   12
    3111   12
    3112   12
    3113   12
    3114   12
    3115   12
    3116   12
    3117    7
    3118   12
    3119   12
    3120   12
    3121   12
    3122    8
    3123   12
    3124   12
    3125   12
    3126   12
    3127   12
    3128    2
    3129    5
    3130    5
    3131    6
    3132   15
    3133   15
    3134   15
    3135   15
    3136   15
    3137   15
    3138   15
    3139    8
    3140   12
    3141   12
    3142   12
    3143   12
    3144   12
    3145   12
    3146    6
    3147    6
    3148    3
    3149    3
    3150    3
    3151    3
    3152    5
    3153    3
    3154    3
    3155    1
    3156    1
    3157    3
    3158    3
    3159    1
    3160    3
    3161    4
    3162    4
    3163    3
    3164    1
    3165    5
    3166    5
    3167    1
    3168    1
    3169    1
    3170    1
    3171    1
    3172    1
    3173    1
    3174    1
    3175    1
    3176    1
    3177    1
    3178    1
    3179    1
    3180    1
    3181    1
    3182    1
    3183    5
    3184    5
    3185    5
    3186    1
    3187    1
    3188    1
    3189    1
    3190    1
    3191    1
    3192    1
    3193    3
    3194    6
    3195    5
    3196    1
    3197   12
    3198    1
    3199    3
    3200    6
    3201    6
    3202    5
    3203    3
    3204    6
    3205    5
    3206    2
    3207    9
    3208    7
    3209    8
    3210   12
    3211   12
    3212    1
    3213    1
    3214    3
    3215    3
    3216    3
    3217    3
    3218    3
    3219    3
    3220    6
    3221    6
    3222   10
    3223   10
    3224   10
    3225   10
    3226   10
    3227   10
    3228   10
    3229   10
    3230   10
    3231   10
    3232   10
    3233   10
    3234    9
    3235    2
    3236    6
    3237    1
    3238    1
    3239    1
    3240    1
    3241    1
    3242    1
    3243    1
    3244    3
    3245    5
    3246    6
    3247    7
    3248    8
    3249   12
    3250   12
    3251   12
    3252    8
    3253   12
    3254    7
    3255    8
    3256   12
    3257   12
    3258    1
    3259    1
    3260    1
    3261    1
    3262    1
    3263    1
    3264   12
    3265   12
    3266   12
    3267   12
    3268   12
    3269    6
    3270    6
    3271    2
    3272    1
    3273    1
    3274    1
    3275    1
    3276    1
    3277    1
    3278    1
    3279    6
    3280    5
    3281    3
    3282    3
    3283    3
    3284    1
    3285    3
    3286    3
    3287    1
    3288    1
    3289    1
    3290    1
    3291    1
    3292    1
    3293    1
    3294    1
    3295    1
    3296    1
    3297    6
    3298    1
    3299    1
    3300    1
    3301    1
    3302    1
    3303    1
    3304    1
    3305    1
    3306   12
    3307   12
    3308   12
    3309   12
    3310    6
    3311    6
    3312    2
    3313   12
    3314   12
    3315   12
    3316   12
    3317    8
    3318   12
    3319   12
    3320    1
    3321    6
    3322    6
    3323    6
    3324    6
    3325    6
    3326    5
    3327    3
    3328    2
    3329    2
    3330    8
    3331   12
    3332   12
    3333   12
    3334    8
    3335   12
    3336   12
    3337    7
    3338    6
    3339    5
    3340    3
    3341    3
    3342    3
    3343    3
    3344    5
    3345    3
    3346    3
    3347    3
    3348    3
    3349    3
    3350    3
    3351    3
    3352    1
    3353    1
    3354    6
    3355   12
    3356   12
    3357    7
    3358   12
    3359   12
    3360   12
    3361    2
    3362    5
    3363    5
    3364    1
    3365    3
    3366    5
    3367    6
    3368    6
    3369    6
    3370    6
    3371    6
    3372    6
    3373    7
    3374   12
    3375   12
    3376   12
    3377    8
    3378   12
    3379   12
    3380   12
    3381   12
    3382   12
    3383    7
    3384    1
    3385    6
    3386    7
    3387    8
    3388    8
    3389   12
    3390    8
    3391   12
    3392   10
    3393   10
    3394   10
    3395   10
    3396   10
    3397   10
    3398   10
    3399   10
    3400   10
    3401   10
    3402   10
    3403   10
    3404   10
    3405   10
    3406   10
    3407   10
    3408   10
    3409   10
    3410   10
    3411   10
    3412   10
    3413   10
    3414   10
    3415   10
    3416   10
    3417   10
    3418   10
    3419   10
    3420   10
    3421   11
    3422   11
    3423   11
    3424   11
    3425   11
    3426   10
    3427   10
    3428   10
    3429   10
    3430   10
    3431   10
    3432   10
    3433   10
    3434   10
    3435   10
    3436   10
    3437   10
    3438   10
    3439   10
    3440   10
    3441   10
    3442   10
    3443   10
    3444   10
    3445   10
    3446   10
    3447   10
    3448   10
    3449   10
    3450   10
    3451   10
    3452   11
    3453   11
    3454   11
    3455   11
    3456   11
    3457   11
    3458   11
    3459   11
    3460   11
    3461   11
    3462   11
    3463   11
    3464   11
    3465   11
    3466   11
    3467   11
    3468   11
    3469   11
    3470   11
    3471   10
    3472   10
    3473   10
    3474   10
    3475    8
    3476   12
    3477   11
    3478   11
    3479   11
    3480   11
    3481   11
    3482   11
    3483   11
    3484   10
    3485   10
    3486   10
    3487   10
    3488   10
    3489   10
    3490   10
    3491   10
    3492   10
    3493   10
    3494   10
    3495   10
    3496   10
    3497   10
    3498   10
    3499   11
    3500   11
    3501   11
    3502   11
    3503   11
    3504   11
    3505   11
    3506   11
    3507   11
    3508   10
    3509   10
    3510   10
    3511   10
    3512   10
    3513   10
    3514   10
    3515   10
    3516   10
    3517   10
    3518   10
    3519   10
    3520   10
    3521   10
    3522   10
    3523   10
    3524   10
    3525   10
    3526   10
    3527   10
    3528   10
    3529   10
    3530   10
    3531   10
    3532   10
    3533   10
    3534   10
    3535   10
    3536   10
    3537   10
    3538   10
    3539   10
    3540   10
    3541   10
    3542   10
    3543   10
    3544   10
    3545   10
    3546   10
    3547   10
    3548   10
    3549   10
    3550    7
    3551    7
    3552   10
    3553   10
    3554   10
    3555   10
    3556   10
    3557   10
    3558   10
    3559   10
    3560   10
    3561   10
    3562   10
    3563   10
    3564   10
    3565   10
    3566   10
    3567   10
    3568   10
    3569   10
    3570   10
    3571   10
    3572   10
    3573   10
    3574   10
    3575   12
    3576   12
    3577   12
    3578   12
    3579   12
    3580   12
    3581   12
    3582   12
    3583   12
    3584   12
    3585   12
    3586   12
    3587    7
    3588    6
    3589    6
    3590    2
    3591    2
    3592    2
    3593    2
    3594    5
    3595    6
    3596    7
    3597   12
    3598   12
    3599   12
    3600    1
    3601    1
    3602    1
    3603    6
    3604    8
    3605    1
    3606    1
    3607    1
    3608    1
    3609    1
    3610    1
    3611    5
    3612    6
    3613   10
    3614   10
    3615   10
    3616   10
    3617   10
    3618   10
    3619   10
    3620   10
    3621   10
    3622   12
    3623   12
    3624   12
    3625   12
    3626   12
    3627   12
    3628    7
    3629    1
    3630    5
    3631    6
    3632    6
    3633    1
    3634    1
    3635    1
    3636   12
    3637   12
    3638   10
    3639   10
    3640   10
    3641   10
    3642   10
    3643   10
    3644   11
    3645   11
    3646   11
    3647   12
    3648   12
    3649   12
    3650   12
    3651    9
    3652    9
    3653    2
    3654    6
    3655    5
    3656    1
    3657    1
    3658    1
    3659    1
    3660    1
    3661    3
    3662    6
    3663    5
    3664    6
    3665    6
    3666    1
    3667    1
    3668    1
    3669    1
    3670    1
    3671    5
    3672    4
    3673    6
    3674    3
    3675    3
    3676    3
    3677    6
    3678    6
    3679    6
    3680    1
    3681    1
    3682    6
    3683    1
    3684    1
    3685    1
    3686    1
    3687    1
    3688    1
    3689    1
    3690    5
    3691    6
    3692    1
    3693    6
    3694    6
    3695    6
    3696    6
    3697    2
    3698    5
    3699    7
    3700   12
    3701   10
    3702    9
    3703    6
    3704   12
    3705    7
    3706   12
    3707   12
    3708   12
    3709   12
    3710   12
    3711   12
    3712   12
    3713   12
    3714   12
    3715   12
    3716   12
    3717   12
    3718   12
    3719   10
    3720   10
    3721   10
    3722   10
    3723    8
    3724   12
    3725   12
    3726   12
    3727    7
    3728    8
    3729   12
    3730   12
    3731   12
    3732   12
    3733   10
    3734   10
    3735    9
    3736   11
    3737   10
    3738   10
    3739   10
    3740   10
    3741   10
    3742   10
    3743   10
    3744   10
    3745   10
    3746   10
    3747   10
    3748   10
    3749   10
    3750   10
    3751   10
    3752    8
    3753   10
    3754   10
    3755   10
    3756   10
    3757   10
    3758   10
    3759   10
    3760   10
    3761   10
    3762   10
    3763   10
    3764   10
    3765   10
    3766   10
    3767   10
    3768   10
    3769   10
    3770   10
    3771   10
    3772   10
    3773   10
    3774   10
    3775   10
    3776   10
    3777   10
    3778   10
    3779   10
    3780   10
    3781   10
    3782   12
    3783   12
    3784   12
    3785   12
    3786   12
    3787    8
    3788    6
    3789    8
    3790   15
    3791   15
    3792   15
    3793    8
    3794   12
    3795   12
    3796   12
    3797   12
    3798    7
    3799   12
    3800   12
    3801    8
    3802   12
    3803   12
    3804    7
    3805    6
    3806   12
    3807   12
    3808    8
    3809   12
    3810    8
    3811   12
    3812   12
    3813   12
    3814   12
    3815   12
    3816   10
    3817   10
    3818   10
    3819   10
    3820   10
    3821   10
    3822   10
    3823   10
    3824   10
    3825   10
    3826   10
    3827   10
    3828   10
    3829   10
    3830   10
    3831   10
    3832   10
    3833   10
    3834   10
    3835   10
    3836   10
    3837   10
    3838   10
    3839   10
    3840   10
    3841   10
    3842   10
    3843   10
    3844   10
    3845   10
    3846   10
    3847   10
    3848   10
    3849   10
    3850   10
    3851   10
    3852   10
    3853   10
    3854   10
    3855   10
    3856    9
    3857   11
    3858   11
    3859   11
    3860    1
    3861    1
    3862    5
    3863    5
    3864    6
    3865    6
    3866    3
    3867    6
    3868   12
    3869   12
    3870   12
    3871   12
    3872   12
    3873   12
    3874   12
    3875   12
    3876   12
    3877   13
    3878   13
    3879   13
    3880   13
    3881   13
    3882   12
    3883   12
    3884   12
    3885   12
    3886   12
    3887   12
    3888   12
    3889   12
    3890   12
    3891    6
    3892    5
    3893    5
    3894    1
    3895    1
    3896   12
    3897   12
    3898    6
    3899    5
    3900    5
    3901    1
    3902    8
    3903   12
    3904   12
    3905   12
    3906   12
    3907   12
    3908   12
    3909    9
    3910    8
    3911    8
    3912    8
    3913    6
    3914    6
    3915    5
    3916    5
    3917    3
    3918    3
    3919    3
    3920    4
    3921    4
    3922    4
    3923    4
    3924    4
    3925    4
    3926    4
    3927    4
    3928    4
    3929    4
    3930    4
    3931    6
    3932    6
    3933    4
    3934    6
    3935    4
    3936    6
    3937    3
    3938    3
    3939    5
    3940    3
    3941    3
    3942    3
    3943    3
    3944    3
    3945    5
    3946    5
    3947    6
    3948    5
    3949    3
    3950    1
    3951    1
    3952    1
    3953    1
    3954    1
    3955    1
    3956    1
    3957    5
    3958    1
    3959    1
    3960    1
    3961    1
    3962    1
    3963    1
    3964    1
    3965    1
    3966    1
    3967    1
    3968    1
    3969    1
    3970    1
    3971    3
    3972    5
    3973    3
    3974    6
    3975    5
    3976    1
    3977    3
    3978    1
    3979    1
    3980    1
    3981    1
    3982    1
    3983    1
    3984    1
    3985    1
    3986    1
    3987    1
    3988    1
    3989    1
    3990    1
    3991    7
    3992   12
    3993   12
    3994    8
    3995    7
    3996    9
    3997   12
    3998    7
    3999    1
    4000    1
    4001    1
    4002    1
    4003    1
    4004    1
    4005    3
    4006    5
    4007    5
    4008    6
    4009    8
    4010   12
    4011   12
    4012    7
    4013    8
    4014    7
    4015   12
    4016   12
    4017   12
    4018   10
    4019   10
    4020   10
    4021    9
    4022   12
    4023   12
    4024   12
    4025    8
    4026    7
    4027    9
    4028   10
    4029   10
    4030   10
    4031    9
    4032   10
    4033   10
    4034   10
    4035   10
    4036   10
    4037   10
    4038    8
    4039   12
    4040    6
    4041    5
    4042    1
    4043    1
    4044    1
    4045   12
    4046   12
    4047    7
    4048    7
    4049   12
    4050    7
    4051    7
    4052    8
    4053    7
    4054   12
    4055   12
    4056    7
    4057    8
    4058    7
    4059   12
    4060    1
    4061    1
    4062    5
    4063    3
    4064    3
    4065    3
    4066    3
    4067    3
    4068    6
    4069    6
    4070   12
    4071    9
    4072   11
    4073    9
    4074    7
    4075   12
    4076   12
    4077    8
    4078    8
    4079   12
    4080   12
    4081   12
    4082    8
    4083   12
    4084    6
    4085    6
    4086    2
    4087    2
    4088   12
    4089   12
    4090    8
    4091    8
    4092    7
    4093    7
    4094    8
    4095   12
    4096   12
    4097   12
    4098   12
    4099    8
    4100    7
    4101    6
    4102    6
    4103    5
    4104    6
    4105    6
    4106    6
    4107    1
    4108    1
    4109    1
    4110    1
    4111    3
    4112    6
    4113   12
    4114   12
    4115   12
    4116   12
    4117   12
    4118   12
    4119   12
    4120   12
    4121   12
    4122   12
    4123    7
    4124   12
    4125    6
    4126    5
    4127    5
    4128    4
    4129    5
    4130    6
    4131    3
    4132    3
    4133    3
    4134    3
    4135    3
    4136    3
    4137    3
    4138    3
    4139    5
    4140    3
    4141    5
    4142   12
    4143   12
    4144    6
    4145    5
    4146    3
    4147    1
    4148    1
    4149    1
    4150    1
    4151    1
    4152    1
    4153    1
    4154    1
    4155    6
    4156    9
    4157   12
    4158   12
    4159   12
    4160    8
    4161    8
    4162    8
    4163    8
    4164   12
    4165    8
    4166   12
    4167    6
    4168    6
    4169    6
    4170    6
    4171    6
    4172    5
    4173    6
    4174    5
    4175    3
    4176    1
    4177    1
    4178    1
    4179   12
    4180   12
    4181   12
    4182   12
    4183    6
    4184   14
    4185   14
    4186   14
    4187   14
    4188    6
    4189   14
    4190   14
    4191   14
    4192   14
    4193   14
    4194    6
    4195    5
    4196    2
    4197   14
    4198   14
    4199    6
    4200    1
    4201    1
    4202    1
    4203   12
    4204   12
    4205   12
    4206   12
    4207   12
    4208   12
    4209   12
    4210   12
    4211   12
    4212   12
    4213   12
    4214   12
    4215   12
    4216   12
    4217   12
    4218    8
    4219    8
    4220   12
    4221   12
    4222   12
    4223   12
    4224   12
    4225   12
    4226    7
    4227   12
    4228   12
    4229   12
    4230    1
    4231    6
    4232    6
    4233    6
    4234    6
    4235    6
    4236    3
    4237    3
    4238    3
    4239    3
    4240    3
    4241    3
    4242    3
    4243    6
    4244    3
    4245    6
    4246    6
    4247    2
    4248    1
    4249    8
    4250   12
    4251   12
    4252    7
    4253    7
    4254    8
    4255    8
    4256    7
    4257   12
    4258    8
    4259   12
    4260   12
    4261   12
    4262    8
    4263    8
    4264   10
    4265    9
    4266   12
    4267   12
    4268    8
    4269   12
    4270    8
    4271   12
    4272    8
    4273   12
    4274   12
    4275   10
    4276   10
    4277   10
    4278   10
    4279   10
    4280   10
    4281   10
    4282   12
    4283   12
    4284   12
    4285   12
    4286   12
    4287   12
    4288    7
    4289    6
    4290    5
    4291    2
    4292    2
    4293    2
    4294    2
    4295    1
    4296    1
    4297    1
    4298    1
    4299    1
    4300    1
    4301    1
    4302    1
    4303    1
    4304    1
    4305    1
    4306    1
    4307    1
    4308    1
    4309   12
    4310   12
    4311   12
    4312    1
    4313    1
    4314    1
    4315    1
    4316    1
    4317    1
    4318    1
    4319    1
    4320    1
    4321    1
    4322    1
    4323    1
    4324    1
    4325    1
    4326    5
    4327    5
    4328    1
    4329    1
    4330    3
    4331    3
    4332    3
    4333    3
    4334    1
    4335    3
    4336    3
    4337    5
    4338    3
    4339    3
    4340    6
    4341    6
    4342   12
    4343   12
    4344   12
    4345   12
    4346   12
    4347   10
    4348   10
    4349   10
    4350   10
    4351   10
    4352   10
    4353   10
    4354   10
    4355   12
    4356   12
    4357   12
    4358   12
    4359   12
    4360   12
    4361   12
    4362    8
    4363    8
    4364    8
    4365    9
    4366    9
    4367   11
    4368   11
    4369   11
    4370   10
    4371   10
    4372   10
    4373   10
    4374   10
    4375   10
    4376   10
    4377   10
    4378   10
    4379   10
    4380   10
    4381   10
    4382   10
    4383   10
    4384   10
    4385   10
    4386   10
    4387   10
    4388   10
    4389    8
    4390    7
    4391   12
    4392    9
    4393   12
    4394   12
    4395   12
    4396    9
    4397   12
    4398   12
    4399   12
    4400   12
    4401   12
    4402   12
    4403   12
    4404   12
    4405   12
    4406   12
    4407    1
    4408    1
    4409    1
    4410   12
    4411   12
    4412   12
    4413   12
    4414   12
    4415   12
    4416    1
    4417    6
    4418    4
    4419    4
    4420    5
    4421    6
    4422    4
    4423    4
    4424    5
    4425    6
    4426    7
    4427    7
    4428    8
    4429    7
    4430    7
    4431   12
    4432    7
    4433    8
    4434   12
    4435   12
    4436    8
    4437    7
    4438    6
    4439    8
    4440    7
    4441    7
    4442    8
    4443    7
    4444    8
    4445   12
    4446    8
    4447   12
    4448   12
    4449   12
    4450   12
    4451    7
    4452    8
    4453    6
    4454    6
    4455    7
    4456    8
    4457    8
    4458   12
    4459   12
    4460   12
    4461   12
    4462   12
    4463    8
    4464   12
    4465    8
    4466    8
    4467    8
    4468    7
    4469    7
    4470   12
    4471    6
    4472    8
    4473   12
    4474    8
    4475   12
    4476    7
    4477    7
    4478   12
    4479   12
    4480   12
    4481   12
    4482   12
    4483    7
    4484    6
    4485    4
    4486    4
    4487    4
    4488    4
    4489   12
    4490   12
    4491   12
    4492    4
    4493    5
    4494    6
    4495    5
    4496    6
    4497    4
    4498    4
    4499    5
    4500    6
    4501   12
    4502   10
    4503   10
    4504   10
    4505   10
    4506   10
    4507   10
    4508   11
    4509   11
    4510   11
    4511   12
    4512   12
    4513   12
    4514   12
    4515   12
    4516   10
    4517   10
    4518   10
    4519   10
    4520   10
    4521   10
    4522   10
    4523   10
    4524   12
    4525   12
    4526   12
    4527    2
    4528    2
    4529    1
    4530    1
    4531    1
    4532    1
    4533    1
    4534    3
    4535    3
    4536    3
    4537    3
    4538    3
    4539    3
    4540    3
    4541    3
    4542    3
    4543    3
    4544    5
    4545    6
    4546    5
    4547    3
    4548    3
    4549    3
    4550    3
    4551    3
    4552    3
    4553    3
    4554    3
    4555    3
    4556    3
    4557    5
    4558    5
    4559    6
    4560    6
    4561   10
    4562   10
    4563   10
    4564   10
    4565   10
    4566   10
    4567   10
    4568   10
    4569    9
    4570   12
    4571   12
    4572   12
    4573   12
    4574   12
    4575   12
    4576   12
    4577   12
    4578   12
    4579   12
    4580   12
    4581   12
    4582   12
    4583   12
    4584    6
    4585    7
    4586   12
    4587   12
    4588   12
    4589   12
    4590   12
    4591   13
    4592   13
    4593   13
    4594   14
    4595   14
    4596   14
    4597   13
    4598   13
    4599   13
    4600   13
    4601   13
    4602   13
    4603   13
    4604   13
    4605   13
    4606   13
    4607   13
    4608   13
    4609   13
    4610   13
    4611   13
    4612   13
    4613   13
    4614   13
    4615   13
    4616   13
    4617   13
    4618   13
    4619   13
    4620   13
    4621   10
    4622   10
    4623   10
    4624    6
    4625    5
    4626    1
    4627    1
    4628    1
    4629    6
    4630    6
    4631    6
    4632    3
    4633    3
    4634    1
    4635    1
    4636    1
    4637   12
    4638   12
    4639   12
    4640    8
    4641   12
    4642    1
    4643    1
    4644    2
    4645    2
    4646    6
    4647    5
    4648    1
    4649    1
    4650   12
    4651   12
    4652   12
    4653   12
    4654   12
    4655   12
    4656    6
    4657   12
    4658   12
    4659    8
    4660    8
    4661    1
    4662    6
    4663    5
    4664   12
    4665   12
    4666   12
    4667   12
    4668   10
    4669   10
    4670   10
    4671   10
    4672   10
    4673   10
    4674   10
    4675    8
    4676   12
    4677    7
    4678    6
    4679    6
    4680    6
    4681    6
    4682    6
    4683    6
    4684    6
    4685    6
    4686   12
    4687   12
    4688   12
    4689   12
    4690   12
    4691   12
    4692   12
    4693   12
    4694   10
    4695   10
    4696   10
    4697   10
    4698   10
    4699   10
    4700   10
    4701   10
    4702   10
    4703   10
    4704    8
    4705   12
    4706    8
    4707    8
    4708   12
    4709   10
    4710   10
    4711   10
    4712   10
    4713   10
    4714    9
    4715   10
    4716   10
    4717   10
    4718   10
    4719   10
    4720   10
    4721   10
    4722   10
    4723   12
    4724   12
    4725    1
    4726    1
    4727    6
    4728   12
    4729   12
    4730   12
    4731   12
    4732    7
    4733    6
    4734    6
    4735   12
    4736   12
    4737    7
    4738    8
    4739   12
    4740    8
    4741    8
    4742   15
    4743   15
    4744   15
    4745   15
    4746   15
    4747   15
    4748   15
    4749   15
    4750   15
    4751   15
    4752    7
    4753   12
    4754   12
    4755   12
    4756   12
    4757   12
    4758   12
    4759   12
    4760   12
    4761   12
    4762   12
    4763    7
    4764    6
    4765    6
    4766    6
    4767    1
    4768    1
    4769    1
    4770    6
    4771    6
    4772    3
    4773    1
    4774    1
    4775    1
    4776    2
    4777    2
    4778    1
    4779    1
    4780    1
    4781    1
    4782    1
    4783    6
    4784    9
    4785   12
    4786    8
    4787    8
    4788   15
    4789   15
    4790   15
    4791   15
    4792   15
    4793   15
    4794   15
    4795    8
    4796   12
    4797   10
    4798   10
    4799    9
    4800   12
    4801   12
    4802   12
    4803   12
    4804   12
    4805   12
    4806    8
    4807   12
    4808   12
    4809    8
    4810   12
    4811   12
    4812   11
    4813   11
    4814   11
    4815   11
    4816   11
    4817   11
    4818   12
    4819   12
    4820   12
    4821   12
    4822    8
    4823    6
    4824    5
    4825    5
    4826    5
    4827    3
    4828    3
    4829    3
    4830    1
    4831    1
    4832    1
    4833    1
    4834    6
    4835    5
    4836    4
    4837    4
    4838    4
    4839    1
    4840    1
    4841    1
    4842    1
    4843    1
    4844    1
    4845    4
    4846    6
    4847    5
    4848    1
    4849    5
    4850    5
    4851    1
    4852    1
    4853    1
    4854    1
    4855    1
    4856    1
    4857    1
    4858    1
    4859    6
    4860    6
    4861    8
    4862    8
    4863    7
    4864   12
    4865   12
    4866    7
    4867   12
    4868   12
    4869   12
    4870   12
    4871   12
    4872    1
    4873    1
    4874   12
    4875   12
    4876   12
    4877   12
    4878   12
    4879    7
    4880    7
    4881    1
    4882    6
    4883    3
    4884    1
    4885    1
    4886    1
    4887    6
    4888    6
    4889    5
    4890    2
    4891    7
    4892   12
    4893   12
    4894   12
    4895   12
    4896   12
    4897   12
    4898    8
    4899    7
    4900    8
    4901    8
    4902    8
    4903   10
    4904   10
    4905   10
    4906    7
    4907    8
    4908   10
    4909   10
    4910   10
    4911   10
    4912   10
    4913   10
    4914   10
    4915   10
    4916   10
    4917   10
    4918   10
    4919   10
    4920   10
    4921   12
    4922   12
    4923   12
    4924   12
    4925   12
    4926   12
    4927   12
    4928   12
    4929   12
    4930   12
    4931   12
    4932   12
    4933   12
    4934   12
    4935    6
    4936    5
    4937    1
    4938    1
    4939    1
    4940    1
    4941    1
    4942    1
    4943    1
    4944    1
    4945    1
    4946    1
    4947    1
    4948    1
    4949    1
    4950    1
    4951    1
    4952    1
    4953    1
    4954    1
    4955    1
    4956    1
    4957    1
    4958    1
    4959    1
    4960    1
    4961    1
    4962    3
    4963    5
    4964    6
    4965    8
    4966   10
    4967   10
    4968   10
    4969   10
    4970   10
    4971   10
    4972   10
    4973   10
    4974    9
    4975   10
    4976   10
    4977   10
    4978   10
    4979   10
    4980   10
    4981   10
    4982   10
    4983   10
    4984   10
    4985   10
    4986   10
    4987   10
    4988   10
    4989   10
    4990   10
    4991   10
    4992   10
    4993   10
    4994   10
    4995   10
    4996   10
    4997   10
    4998   10
    4999    8
    5000   10
