 0.3372375E+00
 0.2303862E+00
 0.2192916E+00
 0.1818684E+00
 0.1574778E+00
 0.1410144E+00
 0.1221305E+00
 0.1101257E+00
 0.9827234E-01
 0.8936156E-01
 0.8053006E-01
 0.7604736E-01
 0.7226835E-01
 0.6942799E-01
 0.6221369E-01
 0.6012111E-01
 0.5548612E-01
 0.4957167E-01
 0.4628196E-01
 0.4395256E-01
 0.4081761E-01
 0.4373073E-01
 0.3925668E-01
 0.3599764E-01
 0.3467942E-01
 0.3253073E-01
 0.3231060E-01
 0.3095855E-01
 0.3222760E-01
 0.2938176E-01
 0.2485818E-01
 0.2688246E-01
 0.2366723E-01
 0.2482187E-01
 0.2440177E-01
 0.1986132E-01
 0.1856779E-01
 0.1727135E-01
 0.1746555E-01
 0.1802053E-01
 0.1766485E-01
 0.1911426E-01
 0.1537511E-01
 0.1613117E-01
 0.1755435E-01
 0.1762202E-01
 0.1578676E-01
 0.1585547E-01
 0.1627216E-01
 0.1605307E-01
 0.1694465E-01
 0.1557613E-01
 0.1564532E-01
 0.1617633E-01
 0.1344455E-01
 0.1335989E-01
 0.1300746E-01
 0.1147051E-01
 0.1132745E-01
 0.1158793E-01
 0.1344623E-01
 0.1203984E-01
 0.1096144E-01
 0.1156249E-01
 0.1007120E-01
 0.1294122E-01
 0.1283891E-01
 0.1147177E-01
 0.1070053E-01
 0.1054146E-01
 0.1102975E-01
 0.1178596E-01
 0.1025989E-01
 0.1207615E-01
 0.1284718E-01
 0.1138459E-01
 0.1144208E-01
 0.1208582E-01
 0.1206789E-01
 0.1024659E-01
 0.9210414E-02
 0.1053281E-01
 0.1144136E-01
 0.1112523E-01
 0.1072741E-01
 0.1000677E-01
 0.1183882E-01
 0.1246463E-01
 0.1234137E-01
 0.1271812E-01
 0.1286518E-01
 0.1091687E-01
 0.1227273E-01
 0.1196830E-01
 0.1217612E-01
 0.1291772E-01
 0.1214263E-01
 0.1194546E-01
 0.1095477E-01
 0.1205924E-01
 0.1210509E-01
 0.1020089E-01
 0.1201397E-01
 0.1157293E-01
 0.1164129E-01
 0.9597792E-02
 0.9452767E-02
 0.9625211E-02
 0.8465662E-02
 0.9329960E-02
 0.9363446E-02
 0.1117405E-01
 0.1142641E-01
 0.9212036E-02
 0.1037039E-01
 0.8946104E-02
 0.9564430E-02
 0.9178972E-02
 0.1015077E-01
 0.1032225E-01
 0.1010360E-01
 0.9211016E-02
 0.7870120E-02
 0.8537116E-02
 0.9207781E-02
 0.8937504E-02
 0.8579844E-02
 0.7986609E-02
 0.6592808E-02
 0.6674071E-02
 0.7482488E-02
 0.7303293E-02
 0.8930724E-02
 0.8601919E-02
 0.8657930E-02
 0.8273095E-02
 0.6902390E-02
 0.5811017E-02
 0.6447472E-02
 0.4729599E-02
 0.5203464E-02
 0.5759379E-02
 0.4561215E-02
 0.5286786E-02
 0.5337704E-02
 0.4385112E-02
 0.4446440E-02
 0.5702795E-02
 0.4311812E-02
 0.4036115E-02
 0.4599434E-02
 0.4467425E-02
 0.5192282E-02
 0.5696306E-02
 0.4835089E-02
 0.5398382E-02
 0.6150413E-02
 0.6926878E-02
 0.6471748E-02
 0.4979480E-02
 0.5861930E-02
 0.7217249E-02
 0.7184150E-02
 0.6518178E-02
 0.6064285E-02
 0.6528343E-02
 0.6906349E-02
 0.6998774E-02
 0.6160098E-02
 0.5014168E-02
 0.6352728E-02
 0.7490027E-02
 0.6675064E-02
 0.6325630E-02
 0.6726845E-02
 0.7660598E-02
 0.7122901E-02
 0.7295947E-02
 0.6239839E-02
 0.6299008E-02
 0.6844633E-02
 0.7917011E-02
 0.6209389E-02
 0.6626110E-02
 0.7024984E-02
 0.7668446E-02
 0.7353144E-02
 0.6403596E-02
 0.6765688E-02
 0.8764329E-02
 0.9713518E-02
 0.8314760E-02
 0.8226764E-02
 0.9051532E-02
 0.8307340E-02
 0.8647000E-02
 0.8931194E-02
 0.7931597E-02
 0.7295480E-02
 0.5629769E-02
 0.6130348E-02
 0.7570041E-02
 0.6743950E-02
 0.6654007E-02
 0.6145080E-02
 0.7337480E-02
 0.6136394E-02
 0.5726260E-02
 0.4851582E-02
 0.5661075E-02
 0.5478657E-02
 0.5295868E-02
 0.5089399E-02
 0.4908845E-02
 0.5290948E-02
 0.5238697E-02
 0.6197164E-02
 0.6224625E-02
 0.6510001E-02
 0.6840077E-02
 0.6698791E-02
 0.6943970E-02
 0.5909382E-02
 0.5974576E-02
 0.5753258E-02
 0.6124522E-02
 0.5088741E-02
 0.4985086E-02
 0.5840642E-02
 0.5770879E-02
 0.4537392E-02
 0.4661076E-02
 0.4510235E-02
 0.5796745E-02
 0.5536094E-02
 0.6061091E-02
 0.6132030E-02
 0.6459695E-02
 0.7052917E-02
 0.7200274E-02
 0.6363778E-02
 0.5888140E-02
 0.7042228E-02
 0.7225098E-02
 0.7108314E-02
 0.6596285E-02
 0.6892904E-02
 0.7023851E-02
 0.7706486E-02
 0.8035976E-02
 0.9141454E-02
 0.8266450E-02
 0.8762885E-02
 0.9216006E-02
 0.8632703E-02
 0.8237936E-02
 0.7589669E-02
 0.8309657E-02
 0.7227545E-02
 0.7106588E-02
 0.8380280E-02
 0.7228045E-02
 0.9080173E-02
 0.7488516E-02
 0.7127628E-02
 0.8226500E-02
 0.8699848E-02
 0.8371979E-02
 0.8101907E-02
 0.6125912E-02
 0.5662846E-02
 0.5939243E-02
 0.5788370E-02
 0.6009722E-02
 0.6999421E-02
 0.6720969E-02
 0.6371668E-02
 0.5982749E-02
 0.6120983E-02
 0.6446931E-02
 0.6792876E-02
 0.6092155E-02
 0.5761587E-02
 0.6005773E-02
 0.6171882E-02
 0.6897808E-02
 0.6325775E-02
 0.4657256E-02
 0.4341924E-02
 0.4815704E-02
 0.4620990E-02
 0.5399999E-02
 0.3957936E-02
 0.4744508E-02
 0.5477697E-02
 0.5656066E-02
 0.4912646E-02
 0.5260858E-02
 0.5472976E-02
 0.4750825E-02
 0.5149301E-02
 0.5394684E-02
 0.6073031E-02
 0.5893265E-02
 0.5066740E-02
 0.6279621E-02
 0.5427484E-02
 0.5287295E-02
 0.5849119E-02
 0.4911569E-02
 0.5112501E-02
 0.5783759E-02
 0.6002895E-02
 0.4772606E-02
 0.5258014E-02
 0.4110522E-02
 0.5166427E-02
 0.4944922E-02
 0.4332514E-02
 0.3693692E-02
 0.4137586E-02
 0.4256988E-02
 0.4946265E-02
 0.4792735E-02
 0.4881070E-02
 0.4519652E-02
 0.5795143E-02
 0.4563834E-02
 0.4341346E-02
 0.4042911E-02
 0.4084135E-02
 0.3696081E-02
 0.4217791E-02
 0.3971986E-02
 0.3530313E-02
 0.3889084E-02
 0.4153506E-02
 0.3681872E-02
 0.3649946E-02
 0.4192263E-02
 0.4421155E-02
 0.3948967E-02
 0.5919260E-02
 0.4974944E-02
 0.4445581E-02
 0.4690372E-02
 0.3932444E-02
 0.3985314E-02
 0.4558447E-02
 0.4148893E-02
 0.3872055E-02
 0.3961636E-02
 0.4834870E-02
 0.5066069E-02
 0.4655051E-02
 0.4872683E-02
 0.4584909E-02
 0.5066027E-02
 0.4501566E-02
 0.4978132E-02
 0.4464857E-02
 0.4009970E-02
 0.3398445E-02
 0.3852174E-02
 0.3965491E-02
 0.4531846E-02
 0.4103815E-02
 0.4883344E-02
 0.5295442E-02
 0.7304215E-02
 0.6838877E-02
 0.5557017E-02
 0.4810370E-02
 0.5703056E-02
 0.5519522E-02
 0.6270115E-02
 0.6498334E-02
 0.5667111E-02
 0.6825308E-02
 0.5254753E-02
 0.3859587E-02
 0.5452400E-02
 0.5467159E-02
 0.5702222E-02
 0.5581951E-02
 0.4401318E-02
 0.5137360E-02
 0.5670043E-02
 0.6422630E-02
 0.7029527E-02
 0.6196672E-02
 0.5852930E-02
 0.5014228E-02
 0.4671019E-02
 0.4394669E-02
 0.4528270E-02
 0.4947830E-02
 0.5194901E-02
 0.4901745E-02
 0.4359692E-02
 0.4119967E-02
 0.3343049E-02
 0.3335463E-02
 0.3138799E-02
 0.2596065E-02
 0.3636404E-02
 0.3273591E-02
 0.4146993E-02
 0.3058787E-02
 0.3122109E-02
 0.2719803E-02
 0.3638604E-02
 0.3356447E-02
 0.3362962E-02
 0.3181538E-02
 0.4397682E-02
 0.4733946E-02
 0.4753462E-02
 0.4833878E-02
 0.4060222E-02
 0.4338057E-02
 0.4151590E-02
 0.4226467E-02
 0.3727617E-02
 0.3657947E-02
 0.2575106E-02
 0.3025600E-02
 0.2906200E-02
 0.3206032E-02
 0.3030163E-02
 0.3425768E-02
 0.3178502E-02
 0.3020855E-02
 0.2841184E-02
 0.3639906E-02
 0.3136715E-02
 0.2673593E-02
 0.2589970E-02
 0.2459253E-02
 0.3081072E-02
 0.2829356E-02
 0.3023226E-02
 0.3820690E-02
 0.3736220E-02
 0.3676119E-02
 0.3232339E-02
 0.3707290E-02
 0.4652157E-02
 0.3620626E-02
 0.3679874E-02
 0.4168156E-02
 0.4917394E-02
 0.4966828E-02
 0.4855995E-02
 0.4423261E-02
 0.4043106E-02
 0.4663845E-02
 0.5165106E-02
 0.4843661E-02
 0.4349771E-02
 0.5015334E-02
 0.5034291E-02
 0.5103603E-02
 0.4061640E-02
 0.5653086E-02
 0.4793844E-02
 0.5203618E-02
 0.4351339E-02
 0.4230876E-02
 0.4896521E-02
 0.4586108E-02
 0.5027120E-02
 0.4925919E-02
 0.6264210E-02
 0.4864985E-02
 0.3611762E-02
 0.3658646E-02
 0.3353942E-02
 0.4314539E-02
 0.4776363E-02
 0.3666429E-02
 0.4989712E-02
 0.5370091E-02
 0.3889669E-02
 0.4043180E-02
 0.3179809E-02
 0.3782708E-02
 0.3415909E-02
 0.4155509E-02
 0.3426838E-02
 0.2715368E-02
 0.2823559E-02
 0.2683536E-02
 0.2909323E-02
 0.3073811E-02
 0.3142847E-02
 0.4661412E-02
 0.4101810E-02
 0.3518446E-02
 0.2760070E-02
 0.3030928E-02
 0.3529508E-02
 0.3593231E-02
 0.3859248E-02
 0.4216360E-02
 0.3539051E-02
 0.3450980E-02
 0.3284337E-02
 0.3986499E-02
 0.3357700E-02
 0.3127748E-02
 0.3104922E-02
 0.2924816E-02
 0.3096396E-02
 0.4713377E-02
 0.5657499E-02
 0.4596877E-02
 0.4585860E-02
 0.4128386E-02
 0.3562346E-02
 0.3559306E-02
 0.3720355E-02
 0.4372326E-02
 0.3962657E-02
 0.4210657E-02
 0.3668278E-02
 0.3927923E-02
 0.3682915E-02
 0.3811500E-02
 0.3506072E-02
 0.3335053E-02
 0.4167637E-02
 0.4268122E-02
 0.4455340E-02
 0.3801529E-02
 0.3481502E-02
 0.2962954E-02
 0.3380988E-02
 0.2408020E-02
 0.2244928E-02
 0.2588411E-02
 0.2853478E-02
 0.2395484E-02
 0.1777863E-02
 0.1836320E-02
 0.2251420E-02
 0.2173236E-02
 0.2365624E-02
 0.2204499E-02
 0.1999436E-02
 0.2351410E-02
 0.2211000E-02
 0.2236007E-02
 0.1683064E-02
 0.1444635E-02
 0.1798085E-02
 0.1956657E-02
 0.1837047E-02
 0.2042898E-02
 0.2143434E-02
 0.1649248E-02
 0.3167037E-02
 0.3473597E-02
 0.3675270E-02
 0.3497557E-02
 0.2555677E-02
 0.2398330E-02
 0.2788697E-02
 0.2032085E-02
 0.2459891E-02
 0.2477964E-02
 0.2889160E-02
 0.3116756E-02
 0.3016424E-02
 0.2463836E-02
 0.2531508E-02
 0.2417257E-02
 0.3217480E-02
 0.2497941E-02
 0.1982700E-02
 0.2066732E-02
 0.2419426E-02
 0.2602150E-02
 0.2447047E-02
 0.2638606E-02
 0.2998662E-02
 0.3323192E-02
 0.3070513E-02
 0.2422174E-02
 0.2303112E-02
 0.2532269E-02
 0.2536324E-02
 0.3004625E-02
 0.3812246E-02
 0.4020562E-02
 0.2921086E-02
 0.2875435E-02
 0.2656571E-02
 0.2953453E-02
 0.2812647E-02
 0.3764432E-02
 0.2695059E-02
 0.3018413E-02
 0.2611110E-02
 0.2625354E-02
 0.2770971E-02
 0.3056063E-02
 0.2097462E-02
 0.2425285E-02
 0.2284182E-02
 0.2213765E-02
 0.2622605E-02
 0.2997528E-02
 0.2663309E-02
 0.3023582E-02
 0.3730073E-02
 0.3416310E-02
 0.3838587E-02
 0.3063455E-02
 0.2790215E-02
 0.2510068E-02
 0.2137295E-02
 0.2463765E-02
 0.2674150E-02
 0.2575494E-02
 0.2195652E-02
 0.2044655E-02
 0.2149567E-02
 0.2415059E-02
 0.2509914E-02
 0.2581563E-02
 0.2938293E-02
 0.2920871E-02
 0.2233398E-02
 0.3059244E-02
 0.2236127E-02
 0.2228352E-02
 0.2259269E-02
 0.2164557E-02
 0.2307954E-02
 0.2294154E-02
 0.2563937E-02
 0.2999512E-02
 0.3592443E-02
 0.3834704E-02
 0.2819967E-02
 0.2266360E-02
 0.2570143E-02
 0.2408385E-02
 0.3679082E-02
 0.3749436E-02
 0.3480725E-02
 0.3506494E-02
 0.4146897E-02
 0.4450308E-02
 0.4481286E-02
 0.3394274E-02
 0.2848209E-02
 0.3194596E-02
 0.2756507E-02
 0.3203333E-02
 0.3761142E-02
 0.4037367E-02
 0.4324945E-02
 0.3746386E-02
 0.2329659E-02
 0.3051725E-02
 0.3170065E-02
 0.3069048E-02
 0.4224038E-02
 0.3164474E-02
 0.3195785E-02
 0.3723658E-02
 0.3391247E-02
 0.3610503E-02
 0.3765979E-02
 0.2645734E-02
 0.3237659E-02
 0.2848285E-02
 0.4271290E-02
 0.3815428E-02
 0.5296356E-02
 0.5149764E-02
 0.4769150E-02
 0.5168953E-02
 0.4997186E-02
 0.5534251E-02
 0.5175080E-02
 0.5421519E-02
 0.4471302E-02
 0.5058976E-02
 0.4104551E-02
 0.4463659E-02
 0.4259625E-02
 0.4346599E-02
 0.3359626E-02
 0.5668802E-02
 0.5779343E-02
 0.6412966E-02
 0.5479802E-02
 0.4697285E-02
 0.4685414E-02
 0.4048314E-02
 0.4462145E-02
 0.4396492E-02
 0.4538803E-02
 0.4722895E-02
 0.4178269E-02
 0.3945969E-02
 0.3117708E-02
 0.3646143E-02
 0.3606314E-02
 0.3056010E-02
 0.2945686E-02
 0.3724354E-02
 0.2616811E-02
 0.2871652E-02
 0.2245929E-02
 0.2821511E-02
 0.2413956E-02
 0.2361054E-02
 0.2458828E-02
 0.2171785E-02
 0.2902639E-02
 0.2365973E-02
 0.2807275E-02
 0.2370458E-02
 0.1635306E-02
 0.1874648E-02
 0.2502306E-02
 0.3095630E-02
 0.2539773E-02
 0.2118814E-02
 0.2443230E-02
 0.3046163E-02
 0.2898395E-02
 0.2867318E-02
 0.2097364E-02
 0.1709631E-02
 0.2112081E-02
 0.1591664E-02
 0.1935969E-02
 0.1706331E-02
 0.2425410E-02
 0.2042971E-02
 0.1884443E-02
 0.1565372E-02
 0.2283116E-02
 0.3190515E-02
 0.3019970E-02
 0.2195452E-02
 0.2864022E-02
 0.2603606E-02
 0.2425007E-02
 0.2831483E-02
 0.1748667E-02
 0.1970676E-02
 0.2686592E-02
 0.2348118E-02
 0.2949332E-02
 0.2309287E-02
 0.2407452E-02
 0.2493626E-02
 0.2495560E-02
 0.2783841E-02
 0.3119911E-02
 0.3195343E-02
 0.2279470E-02
 0.2708849E-02
 0.2115075E-02
 0.3070893E-02
 0.3264825E-02
 0.4059482E-02
 0.4391289E-02
 0.3857781E-02
 0.3363737E-02
 0.2301404E-02
 0.2188416E-02
 0.2240455E-02
 0.2433933E-02
 0.2630212E-02
 0.2332577E-02
 0.2609059E-02
 0.1676991E-02
 0.1947729E-02
 0.1631130E-02
 0.1880601E-02
 0.2418578E-02
 0.1623135E-02
 0.1967207E-02
 0.2360856E-02
 0.1968292E-02
 0.1804633E-02
 0.2087852E-02
 0.1800418E-02
 0.2441827E-02
 0.2460486E-02
 0.2769305E-02
 0.2055625E-02
 0.2714943E-02
 0.1691052E-02
 0.1914473E-02
 0.2084650E-02
 0.2282594E-02
 0.1962887E-02
 0.2150944E-02
 0.1937018E-02
 0.2440040E-02
 0.2118420E-02
 0.3034177E-02
 0.2980692E-02
 0.2618853E-02
 0.2398036E-02
 0.2246026E-02
 0.2152808E-02
 0.1956446E-02
 0.2080915E-02
 0.2072359E-02
 0.1864406E-02
 0.1933591E-02
 0.1614715E-02
 0.1872022E-02
 0.1994614E-02
 0.1475648E-02
 0.1208763E-02
 0.1444604E-02
 0.1736852E-02
 0.1379310E-02
 0.1609573E-02
 0.1052739E-02
 0.1156923E-02
 0.9231127E-03
 0.1371288E-02
 0.1136304E-02
 0.1751387E-02
 0.1934015E-02
 0.1556333E-02
 0.1606703E-02
 0.1502002E-02
 0.1465968E-02
 0.2619442E-02
 0.1703438E-02
 0.2568636E-02
 0.2157611E-02
 0.1486575E-02
 0.1388708E-02
 0.1425991E-02
 0.9258255E-03
 0.1130826E-02
 0.8761216E-03
 0.1093953E-02
 0.1081612E-02
 0.7949175E-03
 0.6919308E-03
 0.7347495E-03
 0.1001256E-02
 0.1049651E-02
 0.1103671E-02
 0.8151513E-03
 0.6511055E-03
 0.6244354E-03
 0.8792710E-03
 0.9149859E-03
 0.9218700E-03
 0.8587410E-03
 0.7604693E-03
 0.1129502E-02
 0.1165758E-02
 0.8861189E-03
 0.7502535E-03
 0.1062315E-02
 0.1087490E-02
 0.9277313E-03
 0.1001340E-02
 0.1048600E-02
 0.1038231E-02
 0.7267180E-03
 0.6989354E-03
 0.7747954E-03
 0.8966703E-03
 0.1108627E-02
 0.9678066E-03
 0.7036359E-03
 0.6095804E-03
 0.5228356E-03
 0.4937415E-03
 0.5109689E-03
 0.5091351E-03
 0.5637423E-03
 0.4800041E-03
 0.4713494E-03
 0.4436039E-03
 0.4310789E-03
 0.5249929E-03
 0.5344138E-03
 0.5078659E-03
 0.6352836E-03
 0.5433180E-03
 0.6048343E-03
 0.7473270E-03
 0.5302390E-03
 0.4279926E-03
 0.3892788E-03
 0.3962492E-03
 0.4569116E-03
 0.4536460E-03
 0.5260226E-03
 0.5848557E-03
 0.4820311E-03
 0.5710698E-03
 0.7768505E-03
 0.5875752E-03
 0.4914959E-03
 0.4873904E-03
 0.4824206E-03
 0.5053917E-03
 0.5720875E-03
 0.6963095E-03
 0.8244848E-03
 0.1139569E-02
 0.7038283E-03
 0.5954897E-03
 0.5942182E-03
 0.4799987E-03
 0.5027174E-03
 0.4590596E-03
 0.4934682E-03
 0.5380197E-03
 0.6154786E-03
 0.6597133E-03
 0.7975252E-03
 0.7294806E-03
 0.8118552E-03
 0.7386914E-03
 0.6968911E-03
 0.6509594E-03
 0.8004561E-03
 0.7008567E-03
 0.8267585E-03
 0.6927928E-03
 0.5599709E-03
 0.7087472E-03
 0.6963419E-03
 0.8472151E-03
 0.9341311E-03
 0.6918771E-03
 0.7361328E-03
 0.1067305E-02
 0.7889704E-03
 0.1000615E-02
 0.1058564E-02
 0.9904211E-03
 0.7418792E-03
 0.7207121E-03
 0.8696669E-03
 0.8838766E-03
 0.6133527E-03
 0.8354110E-03
 0.6130273E-03
 0.8743922E-03
 0.6076308E-03
 0.5605608E-03
 0.5194047E-03
 0.5617005E-03
 0.5776475E-03
 0.6220847E-03
 0.4938581E-03
 0.5572648E-03
 0.4728831E-03
 0.4651227E-03
 0.5016640E-03
 0.6617290E-03
 0.6444975E-03
 0.5729714E-03
 0.8945397E-03
 0.6712906E-03
 0.9201406E-03
 0.8799524E-03
 0.8993497E-03
 0.9113658E-03
 0.7543368E-03
 0.1110445E-02
 0.1408444E-02
 0.8994875E-03
 0.1226884E-02
 0.1406274E-02
 0.1340295E-02
 0.1152699E-02
 0.9307985E-03
 0.1332402E-02
 0.1182036E-02
 0.2102386E-02
 0.1988174E-02
 0.1663964E-02
 0.1830000E-02
 0.1634813E-02
 0.1268335E-02
 0.1216152E-02
 0.1473477E-02
 0.1743111E-02
 0.1975211E-02
 0.1506929E-02
 0.1387098E-02
 0.1073690E-02
 0.1187285E-02
 0.1538037E-02
 0.1228286E-02
 0.1149264E-02
 0.1330415E-02
 0.1436337E-02
 0.1242978E-02
 0.9505703E-03
 0.9354386E-03
 0.1069908E-02
 0.6772258E-03
 0.1225792E-02
 0.8863849E-03
 0.1813769E-02
 0.1821423E-02
 0.9836241E-03
 0.1467920E-02
 0.1542885E-02
 0.1024536E-02
 0.1316914E-02
 0.1243376E-02
 0.9999352E-03
 0.1031321E-02
 0.7836482E-03
 0.5995036E-03
 0.5942953E-03
 0.5753853E-03
 0.8392969E-03
 0.1197195E-02
 0.8316238E-03
 0.5456662E-03
 0.7679310E-03
 0.5744579E-03
 0.6932016E-03
 0.5372604E-03
 0.6105332E-03
 0.5854268E-03
 0.6305447E-03
 0.7841693E-03
 0.5773975E-03
 0.7187931E-03
 0.1018082E-02
 0.7656428E-03
 0.7014358E-03
 0.6028815E-03
 0.7558147E-03
 0.6610875E-03
 0.8357956E-03
 0.8150923E-03
 0.7214048E-03
 0.5760545E-03
 0.5325608E-03
 0.5559588E-03
 0.5401277E-03
 0.5908312E-03
 0.6671964E-03
 0.5299054E-03
 0.7732931E-03
 0.8380902E-03
 0.5118773E-03
 0.5000589E-03
 0.5948502E-03
 0.5923432E-03
 0.5993638E-03
 0.6613750E-03
 0.1136169E-02
 0.9075872E-03
 0.6606933E-03
 0.1034199E-02
 0.8994858E-03
 0.1130973E-02
 0.1329631E-02
 0.8628498E-03
 0.1515668E-02
 0.1318678E-02
 0.1394812E-02
 0.1771890E-02
 0.1627516E-02
 0.1302444E-02
 0.1490080E-02
 0.1375007E-02
 0.1562988E-02
 0.1384862E-02
 0.1057716E-02
 0.1389838E-02
 0.1427711E-02
 0.1393619E-02
 0.1804131E-02
 0.2545342E-02
 0.1709091E-02
 0.1437111E-02
 0.1088052E-02
 0.1986805E-02
 0.1498914E-02
 0.1029532E-02
 0.1124015E-02
 0.9503657E-03
 0.1069310E-02
 0.8827703E-03
 0.1066322E-02
 0.9512807E-03
 0.1492102E-02
 0.1273826E-02
 0.9841355E-03
 0.1603350E-02
 0.1285993E-02
 0.1702426E-02
 0.1438107E-02
 0.1529791E-02
 0.1391602E-02
 0.1843257E-02
 0.1742719E-02
 0.1754703E-02
 0.2388252E-02
 0.1471878E-02
 0.1355904E-02
 0.1864823E-02
 0.1970842E-02
 0.1838532E-02
 0.1951723E-02
 0.1641954E-02
 0.1402233E-02
 0.1057775E-02
 0.1237031E-02
 0.1128901E-02
 0.1212143E-02
 0.2088051E-02
 0.1887783E-02
 0.1438112E-02
 0.1835468E-02
 0.1206510E-02
 0.8495921E-03
 0.1074040E-02
 0.1434009E-02
 0.1436217E-02
 0.1272074E-02
 0.1557532E-02
 0.1535888E-02
 0.1060112E-02
 0.1237138E-02
 0.8272978E-03
 0.9241259E-03
 0.6503299E-03
 0.1132257E-02
 0.1171434E-02
 0.8386802E-03
 0.9100931E-03
 0.6695298E-03
 0.8638425E-03
 0.8424096E-03
 0.7394539E-03
 0.8000452E-03
 0.1142976E-02
 0.1180080E-02
 0.9242387E-03
 0.6921132E-03
 0.1064445E-02
 0.1098150E-02
 0.8433763E-03
 0.9938914E-03
 0.9449433E-03
 0.1290620E-02
 0.9331782E-03
 0.7699961E-03
 0.6480280E-03
 0.6522749E-03
 0.9750317E-03
 0.6547834E-03
 0.5238914E-03
 0.6298639E-03
 0.6177122E-03
 0.8255900E-03
 0.6977166E-03
 0.9632544E-03
 0.1195650E-02
 0.6892794E-03
 0.8427737E-03
 0.6984317E-03
 0.9274589E-03
 0.9140371E-03
 0.5763949E-03
 0.4876229E-03
 0.5781551E-03
 0.8591149E-03
 0.6206911E-03
 0.5714683E-03
 0.6111969E-03
 0.8171774E-03
 0.7736916E-03
 0.7558069E-03
 0.1044193E-02
 0.1542261E-02
 0.1049396E-02
 0.1377624E-02
 0.1325514E-02
 0.1384529E-02
 0.1917598E-02
 0.1669068E-02
 0.1588043E-02
 0.1276838E-02
 0.9861654E-03
 0.1153000E-02
 0.8047652E-03
 0.7281697E-03
 0.5849172E-03
 0.7096331E-03
 0.7599273E-03
 0.9937964E-03
 0.9264513E-03
 0.1488507E-02
 0.1707218E-02
 0.1438907E-02
 0.1735245E-02
 0.1713733E-02
 0.2349745E-02
 0.1274603E-02
 0.1219668E-02
 0.1599356E-02
 0.1129131E-02
 0.1581389E-02
 0.1506398E-02
 0.1573364E-02
 0.8328570E-03
 0.9255130E-03
 0.1350989E-02
 0.1036273E-02
 0.1424734E-02
 0.1183082E-02
 0.1042100E-02
 0.1236761E-02
 0.6156812E-03
 0.6364184E-03
 0.8667039E-03
 0.1327154E-02
 0.8073450E-03
 0.8077832E-03
 0.6033807E-03
 0.9602671E-03
 0.7875558E-03
 0.1047658E-02
 0.1161001E-02
 0.8464844E-03
 0.7787394E-03
 0.9810304E-03
 0.8336164E-03
 0.1271762E-02
 0.1584404E-02
 0.1849989E-02
 0.1432555E-02
 0.1535826E-02
 0.1475266E-02
 0.1549307E-02
 0.1185941E-02
 0.1606278E-02
 0.7436029E-03
 0.1010423E-02
 0.9965321E-03
 0.8054108E-03
 0.1152434E-02
 0.1408344E-02
 0.1491511E-02
 0.1356804E-02
 0.1207469E-02
 0.1286515E-02
 0.1317960E-02
 0.1089853E-02
 0.1830493E-02
 0.2013088E-02
 0.1376806E-02
 0.1311412E-02
 0.8084855E-03
 0.7005700E-03
 0.1104861E-02
 0.1243544E-02
 0.1127943E-02
 0.1057209E-02
 0.1236212E-02
 0.1169833E-02
 0.1442675E-02
 0.1001265E-02
 0.7530413E-03
 0.7284716E-03
 0.9220789E-03
 0.6386958E-03
 0.8778438E-03
 0.6939222E-03
 0.9266883E-03
 0.6138533E-03
 0.9094993E-03
 0.1288761E-02
 0.1104919E-02
 0.9769825E-03
 0.9205650E-03
 0.1030865E-02
 0.6386335E-03
 0.1214112E-02
 0.8673262E-03
 0.6091484E-03
 0.6214480E-03
 0.4756450E-03
 0.4382489E-03
 0.5004898E-03
 0.4455814E-03
 0.7634573E-03
 0.4072146E-03
 0.4881853E-03
 0.9021398E-03
 0.4524031E-03
 0.8087161E-03
 0.5836124E-03
 0.4775780E-03
 0.6031272E-03
 0.9568425E-03
 0.7401171E-03
 0.5760444E-03
 0.7393888E-03
 0.8840721E-03
 0.1159872E-02
 0.8539202E-03
 0.8421989E-03
 0.1170271E-02
 0.8245923E-03
 0.8628186E-03
 0.1116622E-02
 0.9823507E-03
 0.9689139E-03
 0.8221398E-03
 0.6591743E-03
 0.7447100E-03
 0.6199418E-03
 0.6057208E-03
 0.8316911E-03
 0.5672726E-03
 0.6303700E-03
 0.5655032E-03
 0.5007360E-03
 0.4882679E-03
 0.5230539E-03
 0.4302003E-03
 0.5013170E-03
 0.4384600E-03
 0.4266001E-03
 0.5858736E-03
 0.7956066E-03
 0.9215062E-03
 0.6275975E-03
 0.6042882E-03
 0.8262527E-03
 0.5871345E-03
 0.1170776E-02
 0.6816963E-03
 0.4948404E-03
 0.4757497E-03
 0.5454298E-03
 0.7060918E-03
 0.9316959E-03
 0.9030468E-03
 0.8842420E-03
 0.6077139E-03
 0.7029894E-03
 0.9201999E-03
 0.1180137E-02
 0.1443912E-02
 0.9735029E-03
 0.1205846E-02
 0.1058304E-02
 0.2239940E-02
 0.1516058E-02
 0.1419060E-02
 0.1017359E-02
 0.1140562E-02
 0.1575487E-02
 0.1428329E-02
 0.1586675E-02
 0.1983362E-02
 0.1654725E-02
 0.1422741E-02
 0.1681916E-02
 0.2396586E-02
 0.2709547E-02
 0.1253220E-02
 0.1546919E-02
 0.1692397E-02
 0.2226873E-02
 0.1859125E-02
 0.2162928E-02
 0.1965263E-02
 0.2237895E-02
 0.1194004E-02
 0.1562781E-02
 0.1420891E-02
 0.1044880E-02
 0.1404993E-02
 0.2099890E-02
 0.1623143E-02
 0.1466473E-02
 0.1751118E-02
 0.1358236E-02
 0.1264414E-02
 0.1903972E-02
 0.1245464E-02
 0.1287140E-02
 0.9927529E-03
 0.1103690E-02
 0.2056723E-02
 0.1810381E-02
 0.1120921E-02
 0.1727514E-02
 0.1995060E-02
 0.1819368E-02
 0.1368536E-02
 0.1270683E-02
 0.1388122E-02
 0.1501019E-02
 0.1855042E-02
 0.2767494E-02
 0.2315762E-02
 0.2045276E-02
 0.1761437E-02
 0.1565620E-02
 0.9148730E-03
 0.8379620E-03
 0.1254912E-02
 0.1131402E-02
 0.1352639E-02
 0.9678822E-03
 0.1965382E-02
 0.1140945E-02
 0.9957443E-03
 0.1252099E-02
 0.9986036E-03
 0.1063239E-02
 0.9585445E-03
 0.1438640E-02
 0.1602794E-02
 0.1529549E-02
 0.1281312E-02
 0.7656662E-03
 0.8927112E-03
 0.1115315E-02
 0.1237655E-02
 0.1409137E-02
 0.1238212E-02
 0.1442405E-02
 0.1475605E-02
 0.1135745E-02
 0.1280554E-02
 0.8699823E-03
 0.1056108E-02
 0.6399539E-03
 0.5287958E-03
 0.5247064E-03
 0.8790497E-03
 0.1119838E-02
 0.1515880E-02
 0.1328394E-02
 0.8562950E-03
 0.8014959E-03
 0.8586043E-03
 0.6992747E-03
 0.7839370E-03
 0.7325380E-03
 0.1133120E-02
 0.7319975E-03
 0.9296053E-03
 0.6000499E-03
 0.4930107E-03
 0.4176586E-03
 0.4126704E-03
 0.3940613E-03
 0.3853229E-03
 0.4420094E-03
 0.4181945E-03
 0.5339668E-03
 0.7866900E-03
 0.9823690E-03
 0.1094968E-02
 0.7512164E-03
 0.1112932E-02
 0.1196599E-02
 0.1132256E-02
 0.1685473E-02
 0.1201704E-02
 0.9022197E-03
 0.1677071E-02
 0.1039037E-02
 0.1060025E-02
 0.8189382E-03
 0.1492454E-02
 0.9870764E-03
 0.1104475E-02
 0.9141107E-03
 0.1253885E-02
 0.1030888E-02
 0.1063360E-02
 0.7837392E-03
 0.6982368E-03
 0.9872787E-03
 0.1077858E-02
 0.1892488E-02
 0.1097142E-02
 0.1351127E-02
 0.8369014E-03
 0.8204335E-03
 0.1220918E-02
 0.8347466E-03
 0.1304120E-02
 0.1322211E-02
 0.1092390E-02
 0.1229317E-02
 0.1402420E-02
 0.1451468E-02
 0.1198927E-02
 0.9171129E-03
 0.1031534E-02
 0.8020640E-03
 0.9312372E-03
 0.5368912E-03
 0.4549336E-03
 0.3993337E-03
 0.4586712E-03
 0.4566744E-03
 0.4052504E-03
 0.4213435E-03
 0.3563585E-03
 0.3778630E-03
 0.3601074E-03
 0.3579390E-03
 0.3046202E-03
 0.3031349E-03
 0.3453193E-03
 0.3341059E-03
 0.3426331E-03
 0.3529464E-03
 0.3906113E-03
 0.3642250E-03
 0.3642633E-03
 0.3591011E-03
 0.3333481E-03
 0.3337511E-03
 0.3247399E-03
 0.4002730E-03
 0.3035917E-03
 0.2908584E-03
 0.3056752E-03
 0.3489665E-03
 0.4226185E-03
 0.7691667E-03
 0.8410077E-03
 0.8297038E-03
 0.9936550E-03
 0.4393330E-03
 0.2904448E-03
 0.2753233E-03
 0.2985939E-03
 0.4033364E-03
 0.6305837E-03
 0.4018324E-03
 0.3680545E-03
 0.3884980E-03
 0.4440472E-03
 0.4287145E-03
 0.3718845E-03
 0.7264364E-03
 0.7722196E-03
 0.7373808E-03
 0.4299982E-03
 0.4562731E-03
 0.3525265E-03
 0.4165393E-03
 0.5828002E-03
 0.5659662E-03
 0.4103379E-03
 0.9271947E-03
 0.9033360E-03
 0.5971690E-03
 0.8804469E-03
 0.6307658E-03
 0.1213458E-02
 0.9384421E-03
 0.9366856E-03
 0.8603272E-03
 0.1441885E-02
 0.1172261E-02
 0.7605060E-03
 0.4568087E-03
 0.6531976E-03
 0.8041659E-03
 0.5510894E-03
 0.4441053E-03
 0.3758500E-03
 0.3718098E-03
 0.4281224E-03
 0.3470555E-03
 0.3167565E-03
 0.3307555E-03
 0.3352941E-03
 0.3594581E-03
 0.4782947E-03
 0.4736325E-03
 0.3865973E-03
 0.3197739E-03
 0.3212984E-03
 0.3940039E-03
 0.3273413E-03
 0.3209016E-03
 0.2701559E-03
 0.2736335E-03
 0.4252696E-03
 0.6946508E-03
 0.3570406E-03
 0.3665823E-03
 0.2766552E-03
 0.2376042E-03
 0.2754394E-03
 0.2326553E-03
 0.2341730E-03
 0.2490580E-03
 0.2417799E-03
 0.2276384E-03
 0.2342485E-03
 0.2306447E-03
 0.2291457E-03
 0.2613997E-03
 0.2843061E-03
 0.2781890E-03
 0.3806776E-03
 0.3271823E-03
 0.4535401E-03
 0.4034903E-03
 0.3599933E-03
 0.3226762E-03
 0.2907337E-03
 0.2567317E-03
 0.3049813E-03
 0.4808347E-03
 0.5328398E-03
 0.3937121E-03
 0.5547439E-03
 0.3289411E-03
 0.3037584E-03
 0.3153880E-03
 0.3070357E-03
 0.4114452E-03
 0.8472149E-03
 0.9442174E-03
 0.5469407E-03
 0.5699749E-03
 0.5969788E-03
 0.1035857E-02
 0.8076971E-03
 0.7483895E-03
 0.4645385E-03
 0.3611939E-03
 0.3467215E-03
 0.2585535E-03
 0.2403131E-03
 0.3306423E-03
 0.5989751E-03
 0.3138536E-03
 0.2575625E-03
 0.3027146E-03
 0.2673856E-03
 0.5399524E-03
 0.2508533E-03
 0.2281477E-03
 0.3017231E-03
 0.2406488E-03
 0.5932535E-03
 0.2334236E-03
 0.2221475E-03
 0.2560686E-03
 0.2470712E-03
 0.3208244E-03
 0.2706742E-03
 0.2572227E-03
 0.3109698E-03
 0.3073800E-03
 0.2657106E-03
 0.2244932E-03
 0.3444124E-03
 0.3243563E-03
 0.3268350E-03
 0.3169683E-03
 0.5378811E-03
 0.4720007E-03
 0.1010918E-02
 0.5153585E-03
 0.7545674E-03
 0.7931094E-03
 0.4099550E-03
 0.4464209E-03
 0.5833575E-03
 0.7895435E-03
 0.8568535E-03
 0.3626714E-03
 0.3426370E-03
 0.2779515E-03
 0.3870087E-03
 0.3006037E-03
 0.3324060E-03
 0.4505978E-03
 0.4214565E-03
 0.7523453E-03
 0.5768711E-03
 0.3924026E-03
 0.3503826E-03
 0.3209549E-03
 0.3041000E-03
 0.3036569E-03
 0.2500939E-03
 0.2766375E-03
 0.2864104E-03
 0.2782829E-03
 0.2852620E-03
 0.2559524E-03
 0.3341882E-03
 0.2969663E-03
 0.5021568E-03
 0.2218439E-03
 0.1917924E-03
 0.2220476E-03
 0.2095812E-03
 0.2107608E-03
 0.1764296E-03
 0.1672306E-03
 0.1579469E-03
 0.1579022E-03
 0.1572902E-03
 0.1635820E-03
 0.1697808E-03
 0.1763774E-03
 0.1781197E-03
 0.1770088E-03
 0.1753697E-03
 0.1839425E-03
 0.1926577E-03
 0.1941880E-03
 0.1995574E-03
 0.1858374E-03
 0.1865483E-03
 0.1846186E-03
 0.1827098E-03
 0.1851995E-03
 0.2115102E-03
 0.2159412E-03
 0.2481741E-03
 0.2782533E-03
 0.2187449E-03
 0.2058855E-03
 0.2042616E-03
 0.2013883E-03
 0.1963691E-03
 0.1921401E-03
 0.2113211E-03
 0.2256788E-03
 0.2126242E-03
 0.2067224E-03
 0.2273792E-03
 0.2371714E-03
 0.2404487E-03
 0.2470090E-03
 0.2524589E-03
 0.2687226E-03
 0.2682991E-03
 0.2574830E-03
 0.3269749E-03
 0.4822100E-03
 0.3769356E-03
 0.3085247E-03
 0.3590142E-03
 0.3632842E-03
 0.3543405E-03
 0.3672662E-03
 0.3891050E-03
 0.4851781E-03
 0.8331666E-03
 0.4724022E-03
 0.1184941E-02
 0.1028974E-02
 0.6179376E-03
 0.6768662E-03
 0.6451528E-03
 0.6791878E-03
 0.4227869E-03
 0.6935980E-03
 0.8915775E-03
 0.1017361E-02
 0.5389918E-03
 0.4099133E-03
 0.3695817E-03
 0.3951696E-03
 0.3685675E-03
 0.3808510E-03
 0.4418207E-03
 0.4384463E-03
 0.4529205E-03
 0.4740359E-03
 0.4655970E-03
 0.4548482E-03
 0.4814089E-03
 0.4559180E-03
 0.4692532E-03
 0.4799062E-03
 0.4370406E-03
 0.4730999E-03
 0.4749751E-03
 0.4258778E-03
 0.3733585E-03
 0.3900419E-03
 0.4312724E-03
 0.7480386E-03
 0.4631481E-03
 0.4270541E-03
 0.4811280E-03
 0.4536610E-03
 0.3603172E-03
 0.3864931E-03
 0.5278679E-03
 0.6300057E-03
 0.9890468E-03
 0.6308941E-03
 0.4442993E-03
 0.7488019E-03
 0.6406468E-03
 0.9639061E-03
 0.1586105E-02
 0.1350171E-02
 0.2380074E-02
 0.1535167E-02
 0.1174258E-02
 0.8157523E-03
 0.5358776E-03
 0.5900115E-03
 0.1068657E-02
 0.1063489E-02
 0.1429699E-02
 0.7791099E-03
 0.8733331E-03
 0.9387220E-03
 0.6425547E-03
 0.8459525E-03
 0.9142300E-03
 0.8286505E-03
 0.6745779E-03
 0.4820449E-03
 0.7602756E-03
 0.8895724E-03
 0.1083630E-02
 0.9982354E-03
 0.1417219E-02
 0.9926134E-03
 0.1007149E-02
 0.5826364E-03
 0.7109356E-03
 0.8037980E-03
 0.1204894E-02
 0.1062316E-02
 0.1096800E-02
 0.9759708E-03
 0.8197433E-03
 0.1189678E-02
 0.8711625E-03
 0.1043245E-02
 0.7253549E-03
 0.8416730E-03
 0.1090198E-02
 0.1215093E-02
 0.9517380E-03
 0.2270935E-02
 0.1094581E-02
 0.5363670E-03
 0.5535045E-03
 0.1050070E-02
 0.8417732E-03
 0.6126975E-03
 0.1012633E-02
 0.5939100E-03
 0.4331671E-03
 0.4934646E-03
 0.9376116E-03
 0.5810974E-03
 0.8418901E-03
 0.5440492E-03
 0.3609200E-03
 0.3688079E-03
 0.3312453E-03
 0.3449549E-03
 0.4253744E-03
 0.6920820E-03
 0.6442240E-03
 0.4267539E-03
 0.3824582E-03
 0.3538993E-03
 0.3864830E-03
 0.4719948E-03
 0.3628959E-03
 0.3889619E-03
 0.2511789E-03
 0.2406097E-03
 0.2184202E-03
 0.2142366E-03
 0.2119177E-03
 0.2453119E-03
 0.2181834E-03
 0.2053771E-03
 0.1875259E-03
 0.1841520E-03
 0.1814004E-03
 0.1745573E-03
 0.1722111E-03
 0.1714296E-03
 0.1748588E-03
 0.1726409E-03
 0.1727806E-03
 0.1779253E-03
 0.1825315E-03
 0.1786966E-03
 0.1747446E-03
 0.1785319E-03
 0.1764575E-03
 0.1806058E-03
 0.1859613E-03
 0.1759629E-03
 0.1739883E-03
 0.1685709E-03
 0.1642191E-03
 0.1692699E-03
 0.1718207E-03
 0.1810218E-03
 0.1792159E-03
 0.1753709E-03
 0.1743923E-03
 0.1750961E-03
 0.1752343E-03
 0.1778981E-03
 0.1770880E-03
 0.1833854E-03
 0.1722342E-03
 0.1654872E-03
 0.1655910E-03
 0.1666018E-03
 0.1691430E-03
 0.1719008E-03
 0.1760408E-03
 0.1737843E-03
 0.1705089E-03
 0.1745854E-03
 0.1857501E-03
 0.1876076E-03
 0.1826999E-03
 0.1865528E-03
 0.1889537E-03
 0.2001837E-03
 0.2218307E-03
 0.2386869E-03
 0.2843002E-03
 0.2764609E-03
 0.3370230E-03
 0.2689272E-03
 0.2512808E-03
 0.2866672E-03
 0.5312661E-03
 0.7406317E-03
 0.3982564E-03
 0.4019318E-03
 0.2965311E-03
 0.2720508E-03
 0.2731333E-03
 0.2454111E-03
 0.2537653E-03
 0.3041861E-03
 0.3538190E-03
 0.4242409E-03
 0.3012840E-03
 0.2508330E-03
 0.2709356E-03
 0.2545185E-03
 0.2512065E-03
 0.2261597E-03
 0.2426552E-03
 0.2344746E-03
 0.2235983E-03
 0.2236795E-03
 0.2179027E-03
 0.2296395E-03
 0.2834571E-03
 0.2973721E-03
 0.2464851E-03
 0.2551850E-03
 0.2965036E-03
 0.2431684E-03
 0.2255041E-03
 0.2296731E-03
 0.2281733E-03
 0.2243749E-03
 0.2250636E-03
 0.2361959E-03
 0.2252921E-03
 0.2147852E-03
 0.2144338E-03
 0.2153497E-03
 0.2171362E-03
 0.2223740E-03
 0.2230760E-03
 0.2166148E-03
 0.2116380E-03
 0.2083585E-03
 0.2059482E-03
 0.2053946E-03
 0.2081150E-03
 0.2239435E-03
 0.2183774E-03
 0.2028385E-03
 0.1982123E-03
 0.1967689E-03
 0.1924726E-03
 0.1885440E-03
 0.1838416E-03
 0.1871213E-03
 0.1858703E-03
 0.1887396E-03
 0.1794934E-03
 0.1737931E-03
 0.1782828E-03
 0.1838396E-03
 0.1942179E-03
 0.1930384E-03
 0.1967044E-03
 0.1920374E-03
 0.2329202E-03
 0.2085864E-03
 0.2248621E-03
 0.2437732E-03
 0.2930643E-03
 0.2743000E-03
 0.2888718E-03
 0.2257800E-03
 0.2286069E-03
 0.2129902E-03
 0.2049479E-03
 0.2170970E-03
 0.2417669E-03
 0.1810592E-03
 0.1735703E-03
 0.1715776E-03
 0.1683177E-03
 0.1651655E-03
 0.1690937E-03
 0.1668702E-03
 0.1620237E-03
 0.1583361E-03
 0.1582584E-03
 0.1613508E-03
 0.1638469E-03
 0.1697774E-03
 0.1752090E-03
 0.1759565E-03
 0.1742376E-03
 0.1750230E-03
 0.1739712E-03
 0.1775482E-03
 0.1796001E-03
 0.1866694E-03
 0.2034037E-03
 0.1922573E-03
 0.1885778E-03
 0.1953600E-03
 0.2179039E-03
 0.1993770E-03
 0.2041569E-03
 0.2141887E-03
 0.2268759E-03
 0.2481413E-03
 0.2265872E-03
 0.2431396E-03
 0.2496413E-03
 0.2891747E-03
 0.2779321E-03
 0.2615086E-03
 0.2939047E-03
 0.2337453E-03
 0.2317002E-03
 0.2210605E-03
 0.2208779E-03
 0.2163616E-03
 0.2406742E-03
 0.2478850E-03
 0.2208233E-03
 0.2087981E-03
 0.2189804E-03
 0.2258675E-03
 0.2915044E-03
 0.2435677E-03
 0.2287677E-03
 0.2277767E-03
 0.2232247E-03
 0.2263818E-03
 0.2489677E-03
 0.2977716E-03
 0.2968266E-03
 0.3642902E-03
 0.2866608E-03
 0.2553772E-03
 0.2597425E-03
 0.3397673E-03
 0.3764190E-03
 0.4504969E-03
 0.3221374E-03
 0.3083427E-03
 0.2957037E-03
 0.3504853E-03
 0.3255938E-03
 0.3918807E-03
 0.4237999E-03
 0.3545535E-03
 0.3299254E-03
 0.3545133E-03
 0.3056473E-03
 0.3459155E-03
 0.6011014E-03
 0.5501169E-03
 0.3536665E-03
 0.3197116E-03
 0.3601722E-03
 0.3688445E-03
 0.3530116E-03
 0.3393113E-03
 0.2980721E-03
 0.3988956E-03
 0.9732798E-03
 0.8471729E-03
 0.8328544E-03
 0.4979275E-03
 0.7174915E-03
 0.2832980E-03
 0.2649818E-03
 0.2996930E-03
 0.2341962E-03
 0.2261075E-03
 0.2224742E-03
 0.2382519E-03
 0.2192119E-03
 0.2109286E-03
 0.2090183E-03
 0.2038218E-03
 0.2045023E-03
 0.2166217E-03
 0.2081031E-03
 0.2287549E-03
 0.2762823E-03
 0.2232440E-03
 0.2318384E-03
 0.2379030E-03
 0.2074477E-03
 0.2019597E-03
 0.2226510E-03
 0.2311649E-03
 0.2237255E-03
 0.2191096E-03
 0.2359102E-03
 0.2569093E-03
 0.2286994E-03
 0.2094619E-03
 0.2013373E-03
 0.1968921E-03
 0.1861278E-03
 0.1770351E-03
 0.1817032E-03
 0.1898736E-03
 0.1863528E-03
 0.1854304E-03
 0.1866692E-03
 0.2062430E-03
 0.2084716E-03
 0.1996868E-03
 0.1972224E-03
 0.2021081E-03
 0.1986184E-03
 0.1918618E-03
 0.1928169E-03
 0.1989244E-03
 0.2180914E-03
 0.1981126E-03
 0.1977565E-03
 0.2012878E-03
 0.1935945E-03
 0.2050380E-03
 0.2093202E-03
 0.2257209E-03
 0.2160318E-03
 0.2236017E-03
 0.2267239E-03
 0.2281947E-03
 0.2353359E-03
 0.2756740E-03
 0.2922217E-03
 0.3592138E-03
 0.2442226E-03
 0.2368822E-03
 0.2153499E-03
 0.3430685E-03
 0.2748851E-03
 0.3580568E-03
 0.2331318E-03
 0.2170617E-03
 0.1773059E-03
 0.1655685E-03
 0.1567575E-03
 0.1485112E-03
 0.1495917E-03
 0.1484145E-03
 0.1426857E-03
 0.1399979E-03
 0.1392519E-03
 0.1378781E-03
 0.1364757E-03
 0.1411566E-03
 0.1495441E-03
 0.1828969E-03
 0.1715405E-03
 0.1606187E-03
 0.2176444E-03
 0.3211691E-03
 0.3093754E-03
 0.3988434E-03
 0.3078584E-03
 0.2653836E-03
 0.8896285E-03
 0.8268869E-03
 0.7583696E-03
 0.3795312E-03
 0.3648449E-03
 0.2823467E-03
 0.2626018E-03
 0.2328301E-03
 0.3628780E-03
 0.4460121E-03
 0.3221441E-03
 0.2803105E-03
 0.4018852E-03
 0.4214786E-03
 0.8188626E-03
 0.4094729E-03
 0.8189397E-03
 0.4180020E-03
 0.3200059E-03
 0.5196054E-03
 0.5049043E-03
 0.7969102E-03
 0.3081032E-03
 0.3032169E-03
 0.2481272E-03
 0.2254828E-03
 0.2354302E-03
 0.2518872E-03
 0.3037606E-03
 0.2360474E-03
 0.2624348E-03
 0.2423483E-03
 0.2309787E-03
 0.2490185E-03
 0.3179036E-03
 0.3329274E-03
 0.3060082E-03
 0.3251514E-03
 0.8785012E-03
 0.9124352E-03
 0.3885915E-03
 0.2663882E-03
 0.2467177E-03
 0.2347288E-03
 0.2401517E-03
 0.2616541E-03
 0.2735443E-03
 0.4099081E-03
 0.4438578E-03
 0.4179638E-03
 0.7106514E-03
 0.1412970E-02
 0.9873277E-03
 0.6423038E-03
 0.3617049E-03
 0.3547296E-03
 0.5520760E-03
 0.5542770E-03
 0.9458334E-03
 0.7246736E-03
 0.4366698E-03
 0.3737211E-03
 0.4243907E-03
 0.7912381E-03
 0.4156728E-03
 0.6061367E-03
 0.3128918E-03
 0.3701558E-03
 0.2772894E-03
 0.3681454E-03
 0.3298823E-03
 0.2358471E-03
 0.2384219E-03
 0.4564888E-03
 0.4421389E-03
 0.3846066E-03
 0.2387736E-03
 0.1958229E-03
 0.1890073E-03
 0.1693055E-03
 0.1645411E-03
 0.1715061E-03
 0.1797212E-03
 0.1819511E-03
 0.1696131E-03
 0.1723737E-03
 0.1759665E-03
 0.1749765E-03
 0.1717666E-03
 0.1723937E-03
 0.1597582E-03
 0.1580282E-03
 0.1618894E-03
 0.1689420E-03
 0.1700089E-03
 0.1724582E-03
 0.1730128E-03
 0.1756146E-03
 0.1824945E-03
 0.2103895E-03
 0.2092145E-03
 0.2184033E-03
 0.2185085E-03
 0.2291293E-03
 0.2279503E-03
 0.2135475E-03
 0.2169175E-03
 0.2237709E-03
 0.2603753E-03
 0.3635575E-03
 0.2692533E-03
 0.2626452E-03
 0.2716070E-03
 0.2664635E-03
 0.2451000E-03
 0.2660125E-03
 0.2981085E-03
 0.3728587E-03
 0.3479748E-03
 0.3091297E-03
 0.4653062E-03
 0.2895373E-03
 0.2579653E-03
 0.2536611E-03
 0.2466405E-03
 0.2652124E-03
 0.2927293E-03
 0.4098283E-03
 0.4093584E-03
 0.5413354E-03
 0.1224470E-02
 0.5026494E-03
 0.6001317E-03
 0.3853137E-03
 0.2976561E-03
 0.3024263E-03
 0.3798949E-03
 0.4753515E-03
 0.3709571E-03
 0.3987868E-03
 0.8367053E-03
 0.7808920E-03
 0.5959070E-03
 0.3558250E-03
 0.3354153E-03
 0.3862026E-03
 0.9189964E-03
 0.1095331E-02
 0.1057699E-02
 0.5370818E-03
 0.8132348E-03
 0.1497916E-02
 0.8255803E-03
 0.1086763E-02
 0.1159187E-02
 0.6796423E-03
 0.7538458E-03
 0.1031986E-02
 0.1595529E-02
 0.7857326E-03
 0.1013665E-02
 0.6692818E-03
 0.1136631E-02
 0.6663118E-03
 0.5027764E-03
 0.5312312E-03
 0.4957901E-03
 0.5156555E-03
 0.5346137E-03
 0.5910018E-03
 0.5075127E-03
 0.4980559E-03
 0.5302632E-03
 0.4170381E-03
 0.4747304E-03
 0.4235394E-03
 0.4363782E-03
 0.5178458E-03
 0.7987548E-03
 0.5910715E-03
 0.5180242E-03
 0.6022544E-03
 0.7917313E-03
 0.8329988E-03
 0.6830716E-03
 0.1042586E-02
 0.7443877E-03
 0.8870344E-03
 0.1068421E-02
 0.2138940E-02
 0.3482086E-02
 0.4604233E-02
 0.3518725E-02
 0.4978201E-02
 0.4217151E-02
 0.2742614E-02
 0.2452418E-02
 0.1943455E-02
 0.2096349E-02
 0.2159927E-02
 0.2311699E-02
 0.1837864E-02
 0.1784066E-02
 0.1605246E-02
 0.2134022E-02
 0.3046652E-02
 0.1530908E-02
 0.1158173E-02
 0.1085149E-02
 0.1020165E-02
 0.1938174E-02
 0.1997016E-02
 0.2712891E-02
 0.1750837E-02
 0.1090997E-02
 0.1825120E-02
 0.2038148E-02
 0.9943380E-03
 0.6443923E-03
 0.6282613E-03
 0.5992227E-03
 0.7269108E-03
 0.1331396E-02
 0.9850939E-03
 0.1622593E-02
 0.7211364E-03
 0.5637400E-03
 0.7831107E-03
 0.9626760E-03
 0.8087701E-03
 0.6332239E-03
 0.1303294E-02
 0.6278609E-03
 0.6144111E-03
 0.6569292E-03
 0.1682714E-02
 0.1633064E-02
 0.1090971E-02
 0.1304277E-02
 0.1416319E-02
 0.1315961E-02
 0.9500350E-03
 0.4182493E-03
 0.3792826E-03
 0.3716299E-03
 0.3849657E-03
 0.5251711E-03
 0.7545371E-03
 0.3735491E-03
 0.3662034E-03
 0.3920830E-03
 0.3545926E-03
 0.3641153E-03
 0.3260937E-03
 0.3268006E-03
 0.2917811E-03
 0.2791659E-03
 0.2950722E-03
 0.2986295E-03
 0.3063191E-03
 0.3156278E-03
 0.2952055E-03
 0.3261962E-03
 0.4862382E-03
 0.6731774E-03
 0.6882188E-03
 0.3122446E-03
 0.3522553E-03
 0.2876001E-03
 0.3414026E-03
 0.2959141E-03
 0.2802626E-03
 0.2718259E-03
 0.2361670E-03
 0.2237572E-03
 0.2286417E-03
 0.2645444E-03
 0.2340293E-03
 0.2171599E-03
 0.2222075E-03
 0.2298948E-03
 0.2302621E-03
 0.2291943E-03
 0.2206905E-03
 0.2290165E-03
 0.2467343E-03
 0.2609380E-03
 0.2728246E-03
 0.2589377E-03
 0.2901882E-03
 0.3880774E-03
 0.4196017E-03
 0.5684214E-03
 0.8155686E-03
 0.5866129E-03
 0.1152855E-02
 0.1510351E-02
 0.1282757E-02
 0.1621112E-02
 0.8066417E-03
 0.1077663E-02
 0.4952925E-03
 0.3561358E-03
 0.3514469E-03
 0.3961891E-03
 0.3530489E-03
 0.3616754E-03
 0.3677882E-03
 0.5396618E-03
 0.4386541E-03
 0.3901116E-03
 0.3675649E-03
 0.3433938E-03
 0.3446542E-03
 0.3630765E-03
 0.3801830E-03
 0.4059987E-03
 0.4092674E-03
 0.4503141E-03
 0.7505672E-03
 0.4080152E-03
 0.3874379E-03
 0.4165958E-03
 0.4385728E-03
 0.4446381E-03
 0.3990136E-03
 0.3913978E-03
 0.4778220E-03
 0.4087762E-03
 0.3988327E-03
 0.4463148E-03
 0.7248370E-03
 0.4805185E-03
 0.4443786E-03
 0.4368203E-03
 0.4412903E-03
 0.5040041E-03
 0.5237498E-03
 0.6808416E-03
 0.4415377E-03
 0.4256931E-03
 0.4722970E-03
 0.4765490E-03
 0.5263296E-03
 0.5380994E-03
 0.4874355E-03
 0.5742486E-03
 0.5505854E-03
 0.5192959E-03
 0.5132011E-03
 0.5528383E-03
 0.6420725E-03
 0.6524354E-03
 0.4944468E-03
 0.6055717E-03
 0.7132948E-03
 0.5580373E-03
 0.7092265E-03
 0.7932135E-03
 0.2019540E-02
 0.1379373E-02
 0.2250268E-02
 0.1449191E-02
 0.2407030E-02
 0.1463696E-02
 0.1242226E-02
 0.1065261E-02
 0.1596635E-02
 0.2181010E-02
 0.2417315E-02
 0.3061903E-02
 0.1852895E-02
 0.1819839E-02
 0.1646649E-02
 0.1030364E-02
 0.2057143E-02
 0.3490371E-02
 0.3636566E-02
 0.2476101E-02
 0.3556636E-02
 0.1296924E-02
 0.1150726E-02
 0.1108266E-02
 0.9827453E-03
 0.1028967E-02
 0.1120530E-02
 0.1231975E-02
 0.1774989E-02
 0.1962488E-02
 0.1692551E-02
 0.2698711E-02
 0.2941083E-02
 0.1917602E-02
 0.1373699E-02
 0.1532992E-02
 0.2395423E-02
 0.1765817E-02
 0.1711921E-02
 0.1750141E-02
 0.1293413E-02
 0.1540976E-02
 0.2173622E-02
 0.2107912E-02
 0.3280109E-02
 0.2769770E-02
 0.3084185E-02
 0.2276740E-02
 0.2425306E-02
 0.2542297E-02
 0.2281580E-02
 0.2446738E-02
 0.1834470E-02
 0.1717107E-02
 0.1835913E-02
 0.1717121E-02
 0.1914211E-02
 0.1848451E-02
 0.2169417E-02
 0.2604070E-02
 0.3546168E-02
 0.3279921E-02
 0.3022670E-02
 0.3578851E-02
 0.4523648E-02
 0.3422072E-02
 0.2608053E-02
 0.1671630E-02
 0.2868205E-02
 0.1620875E-02
 0.1960387E-02
 0.1167610E-02
 0.1064242E-02
 0.1045568E-02
 0.1596097E-02
 0.1387877E-02
 0.2839733E-02
 0.2661059E-02
 0.1806214E-02
 0.1698657E-02
 0.1793531E-02
 0.1046424E-02
 0.9141515E-03
 0.1090320E-02
 0.1159938E-02
 0.1056030E-02
 0.1473554E-02
 0.2311290E-02
 0.2120295E-02
 0.1438061E-02
 0.2497711E-02
 0.1928141E-02
 0.2275421E-02
 0.2952639E-02
 0.2528048E-02
 0.3111568E-02
 0.2789019E-02
 0.2566324E-02
 0.1445917E-02
 0.1895492E-02
 0.1386209E-02
 0.1761837E-02
 0.2019051E-02
 0.2811736E-02
 0.3605053E-02
 0.1727440E-02
 0.1667562E-02
 0.2797941E-02
 0.2012178E-02
 0.1814911E-02
 0.3795354E-02
 0.4042958E-02
 0.3765176E-02
 0.3777520E-02
 0.3760061E-02
 0.3034725E-02
 0.2194500E-02
 0.1792625E-02
 0.1962717E-02
 0.1746045E-02
 0.1390290E-02
 0.1850622E-02
 0.2158795E-02
 0.2636670E-02
 0.1800799E-02
 0.1713972E-02
 0.1453879E-02
 0.1474306E-02
 0.8211908E-03
 0.7148671E-03
 0.8796423E-03
 0.1300366E-02
 0.1180324E-02
 0.1342941E-02
 0.1148925E-02
 0.8666723E-03
 0.8975924E-03
 0.1054048E-02
 0.1467674E-02
 0.9622330E-03
 0.1177365E-02
 0.9165961E-03
 0.9400174E-03
 0.1096945E-02
 0.1240139E-02
 0.8763417E-03
 0.9007089E-03
 0.9378169E-03
 0.1648599E-02
 0.1068347E-02
 0.8357121E-03
 0.8359617E-03
 0.7704837E-03
 0.9171336E-03
 0.1936765E-02
 0.1076767E-02
 0.1529235E-02
 0.2929801E-02
 0.2161086E-02
 0.2167578E-02
 0.2597825E-02
 0.2223028E-02
 0.2194433E-02
 0.1876890E-02
 0.1310490E-02
 0.1048468E-02
 0.1178101E-02
 0.1578792E-02
 0.2740116E-02
 0.1316493E-02
 0.7507471E-03
 0.8378010E-03
 0.9876063E-03
 0.8648600E-03
 0.1497071E-02
 0.7865714E-03
 0.8053485E-03
 0.1390808E-02
 0.8990730E-03
 0.7331075E-03
 0.5807582E-03
 0.4984013E-03
 0.5007747E-03
 0.4482030E-03
 0.4073930E-03
 0.4305355E-03
 0.4282323E-03
 0.4738098E-03
 0.5399820E-03
 0.4845670E-03
 0.6130229E-03
 0.5231104E-03
 0.6287922E-03
 0.4748454E-03
 0.4142465E-03
 0.4186964E-03
 0.4452219E-03
 0.4621971E-03
 0.5762470E-03
 0.5809714E-03
 0.1159782E-02
 0.5973552E-03
 0.3967048E-03
 0.3082476E-03
 0.3220457E-03
 0.3416127E-03
 0.3098623E-03
 0.3005850E-03
 0.3017006E-03
 0.2915887E-03
 0.2719123E-03
 0.2761715E-03
 0.3325797E-03
 0.3590182E-03
 0.2969385E-03
 0.2605712E-03
 0.2527924E-03
 0.2554333E-03
 0.2702038E-03
 0.3340995E-03
 0.3127367E-03
 0.2480228E-03
 0.2581863E-03
 0.4335648E-03
 0.2714978E-03
 0.2320520E-03
 0.2233937E-03
 0.2192786E-03
 0.2310996E-03
 0.2105662E-03
 0.1986107E-03
 0.1942231E-03
 0.1920325E-03
 0.1998609E-03
 0.2040876E-03
 0.1914994E-03
 0.1943955E-03
 0.2008507E-03
 0.1848927E-03
 0.1719863E-03
 0.1711443E-03
 0.1791957E-03
 0.1826824E-03
 0.1701553E-03
 0.1621504E-03
 0.1566559E-03
 0.1567350E-03
 0.1634966E-03
 0.1651606E-03
 0.1623451E-03
 0.1712046E-03
 0.1865391E-03
 0.1876878E-03
 0.1863993E-03
 0.1896530E-03
 0.1842951E-03
 0.1795984E-03
 0.2034521E-03
 0.5524866E-03
 0.2379788E-03
 0.1975131E-03
 0.2043979E-03
 0.1920291E-03
 0.2122466E-03
 0.2064581E-03
 0.1607139E-03
 0.1499023E-03
 0.1676073E-03
 0.1389279E-03
 0.1311356E-03
 0.1294792E-03
 0.1313252E-03
 0.1307707E-03
 0.1296534E-03
 0.1303648E-03
 0.1330095E-03
 0.1360468E-03
 0.1403486E-03
 0.1435678E-03
 0.1476883E-03
 0.1507242E-03
 0.1543960E-03
 0.1582145E-03
 0.1662477E-03
 0.1676671E-03
 0.1699207E-03
 0.1728170E-03
 0.1779489E-03
 0.1857906E-03
 0.1965345E-03
 0.2093751E-03
 0.2131087E-03
 0.2096208E-03
 0.2103741E-03
 0.1949970E-03
 0.1807222E-03
 0.1990925E-03
 0.2111087E-03
 0.1879784E-03
 0.1887748E-03
 0.2101741E-03
 0.2318433E-03
 0.2426935E-03
 0.2391937E-03
 0.2403806E-03
 0.2767876E-03
 0.2912119E-03
 0.4374115E-03
 0.2636608E-03
 0.2449080E-03
 0.2684126E-03
 0.3049699E-03
 0.3794936E-03
 0.4600659E-03
 0.4721263E-03
 0.4037840E-03
 0.4393398E-03
 0.5227569E-03
 0.1261184E-02
 0.1527649E-02
 0.4830857E-03
 0.3979254E-03
 0.5662620E-03
 0.6468287E-03
 0.4692439E-03
 0.4355169E-03
 0.3973829E-03
 0.4330984E-03
 0.3659362E-03
 0.2885153E-03
 0.2639379E-03
 0.2490900E-03
 0.2468636E-03
 0.3145239E-03
 0.2235618E-03
 0.2062712E-03
 0.2235752E-03
 0.2156377E-03
 0.2176687E-03
 0.2225514E-03
 0.2100302E-03
 0.2027427E-03
 0.1995802E-03
 0.1975371E-03
 0.2014167E-03
 0.2019081E-03
 0.2022344E-03
 0.2077811E-03
 0.2038184E-03
 0.2201422E-03
 0.2259249E-03
 0.2382216E-03
 0.2780345E-03
 0.2148474E-03
 0.1944902E-03
 0.1915577E-03
 0.2006700E-03
 0.1861068E-03
 0.1784850E-03
 0.1884424E-03
 0.2069111E-03
 0.1950813E-03
 0.1965015E-03
 0.2007981E-03
 0.2238227E-03
 0.2101852E-03
 0.2205251E-03
 0.2358402E-03
 0.2487624E-03
 0.2233101E-03
 0.2059555E-03
 0.2197438E-03
 0.2890768E-03
 0.1084878E-02
 0.3684306E-03
 0.3758381E-03
 0.6249473E-03
 0.3297922E-03
 0.2600476E-03
 0.2610989E-03
 0.3461774E-03
 0.2828550E-03
 0.2722917E-03
 0.2599691E-03
 0.2424668E-03
 0.2622083E-03
 0.2579318E-03
 0.2571135E-03
 0.2883273E-03
 0.6384403E-03
 0.3140679E-03
 0.3631339E-03
 0.3490855E-03
 0.2522613E-03
 0.2501032E-03
 0.5289269E-03
 0.4913800E-03
 0.3191613E-03
 0.2840496E-03
 0.2054018E-03
 0.1814149E-03
 0.1844256E-03
 0.2549668E-03
 0.9387705E-03
 0.3014202E-03
 0.2121071E-03
 0.1816835E-03
 0.1605502E-03
 0.1727244E-03
 0.1984941E-03
 0.1905608E-03
 0.1794827E-03
 0.1765319E-03
 0.1793416E-03
 0.1816456E-03
 0.1806165E-03
 0.1706813E-03
 0.1587551E-03
 0.1516786E-03
 0.1468488E-03
 0.1458729E-03
 0.1457257E-03
 0.1435135E-03
 0.1456592E-03
 0.1559308E-03
 0.1624730E-03
 0.1685375E-03
 0.1720575E-03
 0.1869922E-03
 0.1728375E-03
 0.1941660E-03
 0.2207439E-03
 0.5192192E-03
 0.2405632E-03
 0.1928804E-03
 0.1996047E-03
 0.2199522E-03
 0.2466156E-03
 0.2280180E-03
 0.2238097E-03
 0.2527090E-03
 0.2782216E-03
 0.2674563E-03
 0.2366362E-03
 0.2659955E-03
 0.2254792E-03
 0.2146443E-03
 0.2239548E-03
 0.2154327E-03
 0.2077770E-03
 0.1931207E-03
 0.2184087E-03
 0.1931156E-03
 0.1759494E-03
 0.1705217E-03
 0.1726831E-03
 0.1769027E-03
 0.1793762E-03
 0.1975630E-03
 0.2451289E-03
 0.3308149E-03
 0.2773011E-03
 0.2888703E-03
 0.2656795E-03
 0.2802632E-03
 0.3031106E-03
 0.2383034E-03
 0.2399406E-03
 0.2691342E-03
 0.2423724E-03
 0.2526929E-03
 0.2746126E-03
 0.2993535E-03
 0.2543961E-03
 0.2127707E-03
 0.2195574E-03
 0.2135407E-03
 0.1904684E-03
 0.1755425E-03
 0.1823711E-03
 0.1895361E-03
 0.1910513E-03
 0.1889028E-03
 0.1977939E-03
 0.2563829E-03
 0.2470797E-03
 0.2357759E-03
 0.2566426E-03
 0.2721044E-03
 0.3341331E-03
 0.2458661E-03
 0.2757467E-03
 0.2760312E-03
 0.2711637E-03
 0.2760429E-03
 0.2511235E-03
 0.2305481E-03
 0.1994555E-03
 0.1824558E-03
 0.1770849E-03
 0.1750001E-03
 0.1724557E-03
 0.1727494E-03
 0.1801852E-03
 0.1683214E-03
 0.1547269E-03
 0.1650222E-03
 0.1590257E-03
 0.1438572E-03
 0.1360695E-03
 0.1285734E-03
 0.1265546E-03
 0.1243958E-03
 0.1237871E-03
 0.1202974E-03
 0.1193786E-03
 0.1227346E-03
 0.1190412E-03
 0.1186431E-03
 0.1194992E-03
 0.1189815E-03
 0.1234649E-03
 0.1224595E-03
 0.1161035E-03
 0.1152856E-03
 0.1178680E-03
 0.1227605E-03
 0.1237859E-03
 0.1242719E-03
 0.1227865E-03
 0.1271003E-03
 0.1294284E-03
 0.1240161E-03
 0.1228000E-03
 0.1243961E-03
 0.1265469E-03
 0.1293697E-03
 0.1320336E-03
 0.1326193E-03
 0.1380744E-03
 0.1488766E-03
 0.1575151E-03
 0.1520361E-03
 0.1490886E-03
 0.1549197E-03
 0.1626655E-03
 0.1654706E-03
 0.1752660E-03
 0.1865918E-03
 0.1848490E-03
 0.1905181E-03
 0.2066611E-03
 0.1939206E-03
 0.1996745E-03
 0.2116099E-03
 0.2043556E-03
 0.2074373E-03
 0.2151008E-03
 0.2377520E-03
 0.2489780E-03
 0.2706690E-03
 0.2881362E-03
 0.3312006E-03
 0.4792330E-03
 0.9839720E-03
 0.5314519E-03
 0.7599345E-03
 0.4900149E-03
 0.6996246E-03
 0.1757347E-02
 0.2442943E-02
 0.1611582E-02
 0.1078425E-02
 0.9120487E-03
 0.8940994E-03
 0.6387961E-03
 0.8808017E-03
 0.1212965E-02
 0.6388752E-03
 0.6303492E-03
 0.6889979E-03
 0.8991551E-03
 0.1020544E-02
 0.1079396E-02
 0.1670227E-02
 0.9858719E-03
 0.1993084E-02
 0.7807715E-03
 0.7116656E-03
 0.5713945E-03
 0.1013797E-02
 0.4929371E-03
 0.4129327E-03
 0.3699022E-03
 0.3615614E-03
 0.3128156E-03
 0.3441073E-03
 0.7166936E-03
 0.3715335E-03
 0.5093672E-03
 0.5633410E-03
 0.3331326E-03
 0.3102711E-03
 0.3643682E-03
 0.3792084E-03
 0.3264107E-03
 0.3222180E-03
 0.3607373E-03
 0.5027276E-03
 0.1361330E-02
 0.7336401E-03
 0.1048292E-02
 0.1899750E-02
 0.5539023E-03
 0.1302107E-02
 0.6344653E-03
 0.4191991E-03
 0.3210421E-03
 0.3816322E-03
 0.4825537E-03
 0.3062401E-03
 0.2802357E-03
 0.3345837E-03
 0.2767861E-03
 0.2575610E-03
 0.2538257E-03
 0.2601335E-03
 0.2478365E-03
 0.2305940E-03
 0.2196828E-03
 0.2300072E-03
 0.2361936E-03
 0.2216820E-03
 0.2093968E-03
 0.2156862E-03
 0.2088752E-03
 0.2029354E-03
 0.1987952E-03
 0.2230413E-03
 0.2424560E-03
 0.2333224E-03
 0.2202036E-03
 0.2046130E-03
 0.2163411E-03
 0.2499604E-03
 0.2461507E-03
 0.2669703E-03
 0.2276211E-03
 0.2155983E-03
 0.2206935E-03
 0.2363150E-03
 0.2459057E-03
 0.2458184E-03
 0.2500488E-03
 0.2461986E-03
 0.2441783E-03
 0.2292226E-03
 0.2414078E-03
 0.2414844E-03
 0.2645100E-03
 0.2581221E-03
 0.2852960E-03
 0.2736756E-03
 0.4136669E-03
 0.2927265E-03
 0.3417580E-03
 0.3421546E-03
 0.4046205E-03
 0.4590020E-03
 0.4407428E-03
 0.3412637E-03
 0.3611282E-03
 0.3361593E-03
 0.3646876E-03
 0.3631083E-03
 0.3306876E-03
 0.3252306E-03
 0.3338994E-03
 0.3468220E-03
 0.8716583E-03
 0.4484712E-03
 0.4675746E-03
 0.4814749E-03
 0.4488116E-03
 0.3365999E-03
 0.3220871E-03
 0.3234882E-03
 0.3027103E-03
 0.3658123E-03
 0.3267127E-03
 0.3307922E-03
 0.2857765E-03
 0.2673169E-03
 0.2551559E-03
 0.2481428E-03
 0.2417480E-03
 0.2417479E-03
 0.2280545E-03
 0.2260578E-03
 0.2409559E-03
 0.2278846E-03
 0.2389029E-03
 0.2484250E-03
 0.2699959E-03
 0.2555563E-03
 0.2417421E-03
 0.2551165E-03
 0.2631806E-03
 0.3394720E-03
 0.3132118E-03
 0.3743507E-03
 0.3321480E-03
 0.3179759E-03
 0.3038194E-03
 0.3007326E-03
 0.3357914E-03
 0.3744774E-03
 0.3781492E-03
 0.3862503E-03
 0.4171247E-03
 0.4328330E-03
 0.3772431E-03
 0.4144390E-03
 0.4413362E-03
 0.3966180E-03
 0.4656201E-03
 0.3850642E-03
 0.3519359E-03
 0.4277365E-03
 0.4072513E-03
 0.3370225E-03
 0.3532489E-03
 0.3726171E-03
 0.3568188E-03
 0.3473515E-03
 0.3700427E-03
 0.3557497E-03
 0.3211678E-03
 0.3041209E-03
 0.2962584E-03
 0.3045673E-03
 0.3020829E-03
 0.3068904E-03
 0.2932680E-03
 0.2651501E-03
 0.2746429E-03
 0.2965259E-03
 0.3184500E-03
 0.3337025E-03
 0.2498180E-03
 0.1980403E-03
 0.1836405E-03
 0.1856356E-03
 0.1930029E-03
 0.1971256E-03
 0.1938879E-03
 0.1934612E-03
 0.2093272E-03
 0.2305276E-03
 0.2298678E-03
 0.2282259E-03
 0.2203288E-03
 0.2215529E-03
 0.2110811E-03
 0.2114672E-03
 0.1966926E-03
 0.1793578E-03
 0.1699401E-03
 0.1798810E-03
 0.2069097E-03
 0.2162655E-03
 0.2201397E-03
 0.1974297E-03
 0.1674498E-03
 0.1603804E-03
 0.1630108E-03
 0.1628989E-03
 0.1748848E-03
 0.1806558E-03
 0.1592404E-03
 0.1493597E-03
 0.1438711E-03
 0.1426317E-03
 0.1400084E-03
 0.1441733E-03
 0.1701276E-03
 0.2230565E-03
 0.1808569E-03
 0.1822472E-03
 0.1712618E-03
 0.1645742E-03
 0.1749377E-03
 0.2230646E-03
 0.2139636E-03
 0.4133758E-03
 0.2676954E-03
 0.2053824E-03
 0.1965184E-03
 0.1618518E-03
 0.1539709E-03
 0.1588177E-03
 0.1754263E-03
 0.1889709E-03
 0.1866207E-03
 0.1620785E-03
 0.1800078E-03
 0.2130108E-03
 0.2014094E-03
 0.1953798E-03
 0.2357671E-03
 0.2128473E-03
 0.2424250E-03
 0.2147577E-03
 0.2446749E-03
 0.2717126E-03
 0.2777167E-03
 0.2609251E-03
 0.2345142E-03
 0.2487382E-03
 0.3024555E-03
 0.7301079E-03
 0.6059112E-03
 0.3665883E-03
 0.3755829E-03
 0.6243755E-03
 0.1120929E-02
 0.7982846E-03
 0.7943652E-03
 0.1566757E-02
 0.7896057E-03
 0.2612918E-02
 0.2134591E-02
 0.1393837E-02
 0.3047607E-02
 0.2700402E-02
 0.1391959E-02
 0.1464862E-02
 0.4051469E-02
 0.2373490E-02
 0.1118318E-02
 0.3345015E-02
 0.2892303E-02
 0.7876850E-03
 0.2891561E-02
 0.9351155E-03
 0.8957524E-03
 0.1713479E-02
 0.6702775E-03
 0.4031984E-03
 0.3319682E-03
 0.3461055E-03
 0.3607696E-03
 0.3041146E-03
 0.3624265E-03
 0.3716526E-03
 0.4391093E-03
 0.3230366E-03
 0.4678287E-03
 0.4212519E-03
 0.3814740E-03
 0.3220945E-03
 0.2858233E-03
 0.3786019E-03
 0.3317655E-03
 0.3161129E-03
 0.3455088E-03
 0.4322090E-03
 0.4408592E-03
 0.4403116E-03
 0.8383390E-03
 0.1319212E-02
 0.4061566E-03
 0.1127417E-02
 0.3957405E-03
 0.3225591E-03
 0.3527369E-03
 0.3152445E-03
 0.3011805E-03
 0.2136477E-03
 0.2407422E-03
 0.1913966E-03
 0.1929039E-03
 0.2026164E-03
 0.1769846E-03
 0.1816148E-03
 0.1670263E-03
 0.1652094E-03
 0.1485708E-03
 0.1399037E-03
 0.1590028E-03
 0.3042967E-03
 0.3279793E-03
 0.2078169E-03
 0.1713155E-03
 0.1815867E-03
 0.1650024E-03
 0.1567931E-03
 0.1872808E-03
 0.1920050E-03
 0.1698979E-03
 0.1554266E-03
 0.1409089E-03
 0.1263669E-03
 0.1436357E-03
 0.1345427E-03
 0.1222543E-03
 0.1230294E-03
 0.1154062E-03
 0.1058234E-03
 0.1040998E-03
 0.1061788E-03
 0.1054626E-03
 0.1098796E-03
 0.1110696E-03
 0.1177595E-03
 0.1117496E-03
 0.1078702E-03
 0.1094259E-03
 0.1147042E-03
 0.1184391E-03
 0.1216289E-03
 0.1315807E-03
 0.1396769E-03
 0.1278648E-03
 0.1271306E-03
 0.1323624E-03
 0.1520311E-03
 0.1788726E-03
 0.1875811E-03
 0.1726391E-03
 0.1648813E-03
 0.1579763E-03
 0.1889124E-03
 0.3149339E-03
 0.1977797E-03
 0.1516730E-03
 0.1298280E-03
 0.1227503E-03
 0.1245315E-03
 0.1260416E-03
 0.1210084E-03
 0.1131455E-03
 0.1077238E-03
 0.1060004E-03
 0.1064766E-03
 0.1071268E-03
 0.1074005E-03
 0.1058267E-03
 0.1063001E-03
 0.1068082E-03
 0.1056091E-03
 0.1033185E-03
 0.1003077E-03
 0.9697829E-04
 0.9256163E-04
 0.9022437E-04
 0.8871976E-04
 0.8904029E-04
 0.9023826E-04
 0.8975165E-04
 0.8971278E-04
 0.8929623E-04
 0.8990845E-04
 0.9009682E-04
 0.9183646E-04
 0.9626743E-04
 0.9948997E-04
 0.9960536E-04
 0.1015689E-03
 0.1042097E-03
 0.1054306E-03
 0.1051914E-03
 0.1066165E-03
 0.1086282E-03
 0.1096889E-03
 0.1111310E-03
 0.1133367E-03
 0.1161657E-03
 0.1155915E-03
 0.1149157E-03
 0.1175172E-03
 0.1216904E-03
 0.1272785E-03
 0.1327470E-03
 0.1324135E-03
 0.1294070E-03
 0.1351144E-03
 0.1436858E-03
 0.1450084E-03
 0.1367871E-03
 0.1296684E-03
 0.1233606E-03
 0.1214546E-03
 0.1228228E-03
 0.1221915E-03
 0.1193995E-03
 0.1154414E-03
 0.1128082E-03
 0.1119395E-03
 0.1096185E-03
 0.1071446E-03
 0.1052279E-03
 0.1049882E-03
 0.1059623E-03
 0.1087644E-03
 0.1121049E-03
 0.1125949E-03
 0.1107935E-03
 0.1094818E-03
 0.1112786E-03
 0.1139744E-03
 0.1144896E-03
 0.1123907E-03
 0.1059672E-03
 0.1046915E-03
 0.1032037E-03
 0.1014454E-03
 0.9898829E-04
 0.9824156E-04
 0.9684061E-04
 0.9481360E-04
 0.9483072E-04
 0.9699542E-04
 0.9721170E-04
 0.9657660E-04
 0.9652856E-04
 0.9895798E-04
 0.1025145E-03
 0.1027951E-03
 0.1004660E-03
 0.9799403E-04
 0.9632196E-04
 0.9690615E-04
 0.9886096E-04
 0.9891209E-04
 0.9730029E-04
 0.9836779E-04
 0.9927649E-04
 0.1003993E-03
 0.9995156E-04
 0.9898139E-04
 0.9733806E-04
 0.9801916E-04
 0.1003367E-03
 0.1020646E-03
 0.1029184E-03
 0.1036243E-03
 0.1037200E-03
 0.1051810E-03
 0.1053987E-03
 0.1053151E-03
 0.1036033E-03
 0.1027438E-03
 0.1019692E-03
 0.1034438E-03
 0.1084939E-03
 0.1101766E-03
 0.1089458E-03
 0.1083731E-03
 0.1082411E-03
 0.1097786E-03
 0.1098208E-03
 0.1084842E-03
 0.1070583E-03
 0.1080670E-03
 0.1099361E-03
 0.1097066E-03
 0.1105320E-03
 0.1159348E-03
 0.1204468E-03
 0.1151236E-03
 0.1114076E-03
 0.1097089E-03
 0.1051414E-03
 0.1043727E-03
 0.1052834E-03
 0.1039784E-03
 0.1046175E-03
 0.1042926E-03
 0.1039635E-03
 0.1033618E-03
 0.1022646E-03
 0.1032262E-03
 0.1035665E-03
 0.1012731E-03
 0.9866607E-04
 0.1000277E-03
 0.9985880E-04
 0.9505697E-04
 0.9222827E-04
 0.9223371E-04
 0.9024418E-04
 0.8903499E-04
 0.8877635E-04
 0.8816768E-04
 0.8918107E-04
 0.9251954E-04
 0.9338162E-04
 0.9151806E-04
 0.9166908E-04
 0.9150401E-04
 0.8942254E-04
 0.8737240E-04
 0.8611033E-04
 0.8453095E-04
 0.8609368E-04
 0.8700201E-04
 0.8848968E-04
 0.8751367E-04
 0.8843307E-04
 0.8678914E-04
 0.8346225E-04
 0.7978848E-04
 0.7707264E-04
 0.7634525E-04
 0.7397101E-04
 0.7069522E-04
 0.7033707E-04
 0.7046311E-04
 0.6931411E-04
 0.7117661E-04
 0.7465607E-04
 0.7276916E-04
 0.7240299E-04
 0.7523926E-04
 0.7127389E-04
 0.6625100E-04
 0.6449790E-04
 0.6305506E-04
 0.6153955E-04
 0.5957861E-04
 0.5795850E-04
 0.5830902E-04
 0.5844729E-04
 0.5854570E-04
 0.5813411E-04
 0.5834127E-04
 0.5830298E-04
 0.5684280E-04
 0.5663616E-04
 0.5585455E-04
 0.5466029E-04
 0.5438195E-04
 0.5415285E-04
 0.5414394E-04
 0.5450797E-04
 0.5473364E-04
 0.5573226E-04
 0.5658877E-04
 0.5701384E-04
 0.5580178E-04
 0.5673822E-04
 0.5712898E-04
 0.5531675E-04
 0.5389107E-04
 0.5423822E-04
 0.5469619E-04
 0.5469899E-04
 0.5523511E-04
 0.5555517E-04
 0.5558014E-04
 0.5704834E-04
 0.5925438E-04
 0.5771255E-04
 0.5564186E-04
 0.5289360E-04
 0.5141286E-04
 0.5144409E-04
 0.5159772E-04
 0.5197444E-04
 0.5276836E-04
 0.5312353E-04
 0.5368794E-04
 0.5457393E-04
 0.5648010E-04
 0.5750873E-04
 0.5789045E-04
 0.5701869E-04
 0.5647489E-04
 0.5693811E-04
 0.5771454E-04
 0.5776592E-04
 0.5705242E-04
 0.5741234E-04
 0.5745445E-04
 0.5799325E-04
 0.5929047E-04
 0.6184005E-04
 0.6221429E-04
 0.6167014E-04
 0.6225915E-04
 0.6155039E-04
 0.6166634E-04
 0.6202610E-04
 0.6130254E-04
 0.6226299E-04
 0.6205072E-04
 0.6132013E-04
 0.6104520E-04
 0.6253445E-04
 0.6560451E-04
 0.6850645E-04
 0.6840473E-04
 0.6946411E-04
 0.6859759E-04
 0.6824356E-04
 0.6859521E-04
 0.6981329E-04
 0.7014098E-04
 0.6974287E-04
 0.6797618E-04
 0.6606457E-04
 0.6611226E-04
 0.6589882E-04
 0.6459163E-04
 0.6339279E-04
 0.6296084E-04
 0.6258431E-04
 0.6245540E-04
 0.6305592E-04
 0.6188228E-04
 0.6195410E-04
 0.6319228E-04
 0.6237477E-04
 0.6150565E-04
 0.6095366E-04
 0.6123736E-04
 0.6021518E-04
 0.6077152E-04
 0.6111234E-04
 0.6031865E-04
 0.5935705E-04
 0.5933159E-04
 0.6035998E-04
 0.6181107E-04
 0.6241155E-04
 0.6267080E-04
 0.6620209E-04
 0.6678847E-04
 0.6637653E-04
 0.6551340E-04
 0.6503789E-04
 0.6380883E-04
 0.6436800E-04
 0.6577803E-04
 0.6539491E-04
 0.6524309E-04
 0.6391807E-04
 0.6318368E-04
 0.6311959E-04
 0.6369699E-04
 0.6243862E-04
 0.6062858E-04
 0.5933460E-04
 0.5871567E-04
 0.5894087E-04
 0.5845280E-04
 0.5868299E-04
 0.5784432E-04
 0.5798524E-04
 0.5808963E-04
 0.5831449E-04
 0.5972948E-04
 0.6210380E-04
 0.6370630E-04
 0.6285978E-04
 0.6306664E-04
 0.6298530E-04
 0.6460323E-04
 0.6721779E-04
 0.7002394E-04
 0.7173456E-04
 0.7250185E-04
 0.7283418E-04
 0.7113099E-04
 0.6942201E-04
 0.6818722E-04
 0.6622960E-04
 0.6706446E-04
 0.6687004E-04
 0.6544809E-04
 0.6385947E-04
 0.6236508E-04
 0.6254704E-04
 0.6318121E-04
 0.6427489E-04
 0.6504349E-04
 0.6457690E-04
 0.6320912E-04
 0.6154586E-04
 0.6123214E-04
 0.6087317E-04
 0.6017264E-04
 0.5970685E-04
 0.5880742E-04
 0.5888850E-04
 0.5879878E-04
 0.6040944E-04
 0.6245953E-04
 0.6321725E-04
 0.6493860E-04
 0.6575739E-04
 0.6733168E-04
 0.6780256E-04
 0.6948476E-04
 0.7169255E-04
 0.7321992E-04
 0.7801695E-04
 0.8072653E-04
 0.8146906E-04
 0.8210406E-04
 0.8474700E-04
 0.8819232E-04
 0.8873774E-04
 0.8786484E-04
 0.9143128E-04
 0.9032879E-04
 0.9272569E-04
 0.8980515E-04
 0.8932163E-04
 0.9174265E-04
 0.9218525E-04
 0.9344909E-04
 0.9141657E-04
 0.9195565E-04
 0.9111979E-04
 0.9345762E-04
 0.9734041E-04
 0.9566149E-04
 0.9006743E-04
 0.8756413E-04
 0.8754274E-04
 0.9062441E-04
 0.9136930E-04
 0.9269802E-04
 0.9360340E-04
 0.8584624E-04
 0.8915245E-04
 0.8413530E-04
 0.8492416E-04
 0.8545344E-04
 0.8114279E-04
 0.7853556E-04
 0.7702587E-04
 0.7771984E-04
 0.7645471E-04
 0.7779122E-04
 0.8034799E-04
 0.8112288E-04
 0.8177597E-04
 0.8133838E-04
 0.8439006E-04
 0.8567595E-04
 0.8715112E-04
 0.8642934E-04
 0.8328414E-04
 0.8455979E-04
 0.8473108E-04
 0.8567666E-04
 0.8234730E-04
 0.8050485E-04
 0.8075937E-04
 0.8024777E-04
 0.7845908E-04
 0.7947464E-04
 0.8136932E-04
 0.8182804E-04
 0.7914897E-04
 0.7791265E-04
 0.8183787E-04
 0.7888337E-04
 0.8223286E-04
 0.8406698E-04
 0.8648472E-04
 0.8494373E-04
 0.8577970E-04
 0.9144018E-04
 0.9343335E-04
 0.9744547E-04
 0.1002897E-03
 0.9891066E-04
 0.1004911E-03
 0.9463176E-04
 0.9069461E-04
 0.8642950E-04
 0.8412664E-04
 0.8286981E-04
 0.8243976E-04
 0.7632375E-04
 0.7256733E-04
 0.7474439E-04
 0.7688838E-04
 0.7609620E-04
 0.6817003E-04
 0.6370740E-04
 0.6416382E-04
 0.7280620E-04
 0.8179310E-04
 0.9487259E-04
 0.7986420E-04
 0.7607270E-04
 0.6991143E-04
 0.5934364E-04
 0.6036629E-04
 0.6016689E-04
 0.7494688E-04
 0.1146543E-03
 0.2002436E-03
