91815066	91815322
30934503	30934796
44706594	44706878
178029363	178029610
223555359	223555637
118571967	118572230
220507252	220507557
85152884	85153218
47214213	47214470
46688607	46688832
85647823	85648054
170681339	170681609
220159574	220159865
42890339	42890588
25584860	25585113
99001612	99001849
42067852	42068107
114361687	114361913
74619154	74619392
65058925	65059162
3427721	3427968
86448282	86448512
239892241	239892463
7237448	7237671
232571767	232572004
114737125	114737492
113357678	113357888
65100655	65100891
9939845	9940103
85906362	85906609
91816692	91816867
220163489	220163729
219741394	219741630
153032438	153032681
99265961	99266183
47550317	47550552
220142454	220142695
95540003	95540226
231766926	231767157
28789659	28789896
75867711	75867946
95688118	95688327
241453331	241453557
234160042	234160288
27906419	27906656
113017066	113017309
113484392	113484585
43056057	43056276
171729809	171730028
228336664	228336890
217531413	217531643
216979454	216979666
178976992	178977210
31556534	31556739
231921164	231921382
219712447	219712689
37641639	37641856
70369861	70370084
152882441	152882640
71089040	71089255
73089741	73089944
232542416	232542632
65144831	65145041
31393066	31393256
120460480	120460702
175206285	175206500
75836297	75836486
7184506	7184716
109252890	109253123
129494228	129494450
37012408	37012617
44105117	44105315
120399229	120399433
60901795	60902002
47995132	47995334
102857360	102857583
10972526	10972736
114147979	114148207
220406346	220406725
74007222	74007429
121070808	121071051
196933083	196933276
100175603	100175797
20298011	20298207
23535974	23536183
68349585	68349798
160778398	160778592
228749206	228749422
171829971	171830189
172430668	172430891
70875093	70875308
99185749	99185967
143791967	143792172
218654004	218654189
65291917	65292129
69792563	69792763
26800789	26800981
113699410	113699613
110267781	110267981
10549325	10549536
20861313	20861506
97175212	97175418
190525849	190526069
158184149	158184328
206812898	206813100
149267115	149267305
161067288	161067445
129079460	129079657
9954041	9954230
135208517	135208729
110303740	110303972
21265792	21266007
85956169	85956349
232277165	232277356
231476183	231476394
38342480	38342664
218650255	218650464
60809059	60809237
40065069	40065272
37623127	37623274
179343814	179344017
127535026	127535248
179279480	179279688
230931823	230931973
25050562	25050759
74710367	74710569
25565341	25565524
106720902	106721102
219513280	219513497
47499585	47499771
119640278	119640477
71228301	71228508
231917647	231917861
7343166	7343380
232578620	232578796
96840356	96840554
73439697	73439900
24149900	24150098
220267718	220267922
216796059	216796274
84542032	84542223
15044004	15044209
10575153	10575342
128349112	128349313
69152540	69152723
216898800	216898970
171785331	171785724
113507325	113507508
44314396	44314580
73404598	73404813
219166065	219166261
48647964	48648169
73312843	73313026
102637164	102637341
211367810	211367996
219763046	219763234
232477322	232477536
20850833	20851036
48338363	48338550
238480732	238480917
228103071	228103257
18569056	18569241
38830666	38830844
27184651	27184847
89131285	89131455
12003820	12004035
136555155	136555353
85512669	85512872
97466820	97467002
86041401	86041592
179387760	179387934
59252374	59252581
44271397	44271591
16790385	16790624
27321540	27321740
65267918	65268100
29532065	29532248
103232419	103232575
219968946	219969114
178013725	178013903
75292174	75292353
241790710	241790894
202097058	202097252
237981079	237981258
105986341	105986520
218578315	218578492
8825996	8826177
74942223	74942409
11919432	11919563
101769358	101769530
96054997	96055188
114006842	114007032
231714875	231715046
71212098	71212226
174267225	174267401
30338678	30338823
163077600	163077744
233918767	233918946
57987052	57987245
113642595	113642790
75904525	75904716
10237616	10237777
232466415	232466627
219157249	219157430
235459267	235459441
11724476	11724667
220024848	220025050
135169661	135169857
64873583	64873732
26173973	26174158
26968689	26968892
97617008	97617165
98423296	98423448
26552978	26553174
72364695	72364876
97626221	97626395
24307268	24307456
69137055	69137232
97220243	97220387
68668972	68669115
135761915	135762076
178589515	178589687
1554590	1554765
68822412	68822615
212320057	212320240
1821376	1821558
20611292	20611471
87035546	87035726
89039631	89039787
64558070	64558238
3307500	3307672
219844827	219845044
238653777	238653954
28675455	28675639
97173851	97174035
233476465	233476621
232770868	232771029
68519399	68519571
237421677	237421879
9282959	9283141
68978973	68979128
76826974	76827127
137181080	137181271
178770921	178771097
208905595	208905794
147840544	147840696
131090225	131090416
240961002	240961171
121834622	121834802
74562080	74562264
131911663	131911830
220394993	220395171
3466108	3466304
100879419	100879601
203453440	203453633
175562008	175562186
120233905	120234049
85779293	85779478
85527534	85527725
180083819	180083982
27926719	27926873
219894498	219894663
73115038	73115206
25419406	25419552
25500261	25500363
179565660	179565859
73200873	73200972
43054833	43055024
173892285	173892462
84530182	84530327
113384217	113384390
33700798	33700992
17081789	17081957
71147039	71147181
241377784	241377947
119613355	119613510
25599680	25599863
222438339	222438523
30064392	30064549
57948052	57948222
55065800	55065978
159610651	159610835
64715233	64715409
209040135	209040322
128821092	128821259
88971421	88971615
209238295	209238473
46691706	46691897
97523856	97524006
238421502	238421691
6913378	6913508
70529216	70529376
208610894	208611051
62684134	62684295
219922802	219922968
75855148	75855310
118790092	118790252
238832401	238832556
30146067	30146236
232552011	232552179
30431338	30431491
212022696	212022843
224835092	224835280
27977086	27977266
96782851	96783005
178199765	178199964
48333778	48333965
70298118	70298215
216784982	216785145
30387962	30388141
97073169	97073340
20842277	20842401
26726376	26726539
118960360	118960560
219137479	219137641
205010057	205010217
11822288	11822436
174904735	174904825
15717306	15717481
179756144	179756504
159975213	159975378
85154214	85154393
107159293	107159475
103422831	103422956
230645601	230645769
121837849	121838023
241853844	241854023
163010260	163010391
219051122	219051267
169966417	169966552
71175674	71175853
98207315	98207542
234620177	234620349
113961591	113961750
60666593	60666953
120022844	120022997
103089510	103089646
46877801	46877962
29419787	29419939
217642538	217642681
113716535	113716626
64276836	64277196
232539641	232539819
43086214	43086337
174075429	174075609
170384837	170385001
45182881	45183042
232092141	232092285
58133385	58133546
190008012	190008135
42722238	42722379
171217934	171218078
152855608	152855757
210199171	210199531
98357091	98357242
233157442	233157600
223803955	223804315
45870917	45871059
153782480	153782632
101601427	101601599
178128343	178128438
231851951	231852311
88301464	88301589
50629609	50629779
15777506	15777655
11828695	11828807
71174137	71174239
136467493	136467853
119639211	119639366
219575490	219575614
113837727	113837906
73119943	73120081
242893040	242893207
18011917	18012072
75539234	75539337
130154892	130155032
223836585	223836686
201766280	201766437
43456775	43456938
100997738	100997894
128991183	128991323
231712703	231712812
192623746	192623910
161920332	161920470
18033106	18033227
118761014	118761151
71737451	71737598
202228799	202228947
119932161	119932251
220324202	220324379
173326867	173326984
30937044	30937183
20335533	20335666
182321957	182322125
73391003	73391168
69951903	69952054
61653549	61653657
74426145	74426505
11833127	11833309
17827457	17827590
137136489	137136593
86307035	86307395
109544939	109545114
137142344	137142522
101958776	101958895
169998404	169998537
206750440	206750612
232347517	232347614
178848023	178848175
234352287	234352465
190539018	190539378
21185966	21186078
239693766	239693871
172968698	172968828
127807847	127807991
74814940	74815074
11264719	11264889
103059821	103059968
236655089	236655257
172272780	172272870
98313852	98313943
241083315	241083469
218858681	218858847
171181168	171181336
27392787	27392973
171265648	171265790
35635687	35635781
20063259	20063367
23574484	23574648
238330177	238330537
120417796	120417887
200604646	200604806
132431635	132431732
213551020	213551380
149873909	149874269
135002955	135003315
60379492	60379632
113238695	113238855
166810737	166810833
206790591	206790951
30462237	30462404
234312887	234313247
43397220	43397339
207854217	207854330
71558705	71558863
43839703	43839864
26692104	26692228
219033709	219033880
11272840	11272981
165871690	165871783
226147705	226147828
228631035	228631395
217547278	217547436
144041782	144041920
18701785	18702145
73120853	73121013
69064526	69064616
131555126	131555292
74477229	74477589
6966647	6966788
173836842	173837007
197615837	197615963
150454181	150454325
233191931	233192110
73517488	73517588
127729680	127729830
128407407	128407575
231577419	231577567
172992118	172992258
95742473	95742833
101223391	101223553
43173985	43174345
95622682	95622813
10975595	10975695
99953523	99953883
30295133	30295493
71098730	71098860
111874710	111874828
233309246	233309380
176962421	176962556
27309413	27309557
173671142	173671502
37007484	37007637
27165580	27165704
11722833	11723193
33808476	33808576
132250253	132250424
85864710	85864855
227994624	227994771
172455267	172455627
637144	637238
219260622	219260982
85493706	85493858
120934834	120935194
226525295	226525415
236674849	236675209
86054672	86054763
62220695	62220788
209119162	209119264
38059735	38060095
71775879	71776004
9279851	9280211
233305391	233305526
157192016	157192376
10212817	10212960
43354403	43354520
131130054	131130414
70044204	70044301
232161875	232162001
235453588	235453948
18360146	18360279
158348831	158348973
200844848	200844971
122893668	122894028
65780510	65780613
158354233	158354383
75280664	75281024
149684301	149684458
201374773	201374881
199174528	199174663
49173725	49173858
24387294	24387654
191545160	191545274
193027260	193027403
71222036	71222182
227898092	227898452
36734606	36734735
235197679	235197809
134601872	134602232
75063584	75063944
198033395	198033755
208937148	208937252
96807963	96808323
221551955	221552315
232575102	232575222
68589243	68589402
218853365	218853460
98326333	98326693
71192014	71192374
68478360	68478450
95781253	95781346
202969125	202969251
131555552	131555912
714295	714655
107199132	107199276
232665346	232665488
232395055	232395415
96658664	96658756
66656264	66656384
236504075	236504435
239172145	239172505
120511033	120511176
163157811	163157938
214018508	214018607
63416101	63416461
177005357	177005452
178628411	178628771
218751574	218751692
39455359	39455482
218375587	218375691
182331374	182331734
20835572	20835932
220217191	220217551
169630209	169630569
232765178	232765538
223478467	223478827
100859522	100859637
234766256	234766352
7177867	7178227
41925948	41926308
219860691	219861051
102439727	102440087
225866774	225867134
150169970	150170330
206631490	206631850
27526420	27526587
131678016	131678376
186603638	186603998
85934480	85934616
203438661	203438830
148695436	148695558
151908139	151908499
25745131	25745250
20155707	20155806
70568309	70568669
11925078	11925438
46290181	46290291
238062806	238062947
60777514	60777874
20526068	20526165
70844833	70844954
200353541	200353901
238384055	238384415
72151083	72151443
85618373	85618733
42323180	42323305
177517080	177517440
28817155	28817515
99029424	99029514
120275139	120275236
166150358	166150464
68412705	68413065
154335274	154335634
176991758	176992118
22578700	22579060
33598157	33598289
218933582	218933741
134875847	134876207
1136236	1136353
216319167	216319527
27593091	27593451
228523091	228523232
46220671	46220792
237252212	237252572
113895968	113896328
220035880	220036240
76123911	76124271
135218101	135218461
18559336	18559696
30929875	30930235
27414411	27414771
212610034	212610394
23683134	23683494
69786828	69787188
223426563	223426923
219122478	219122655
179778992	179779352
47145978	47146338
201577674	201578034
54730353	54730713
197318317	197318677
230872893	230873253
149897101	149897216
24632956	24633059
56410781	56410887
232382350	232382502
27502859	27503019
26367967	26368327
218515572	218515728
71772834	71773194
38118083	38118443
202725396	202725505
242549611	242549971
239165209	239165569
25388919	25389279
38735625	38735762
161851038	161851167
232422604	232422964
179626523	179626883
38763225	38763585
27069304	27069394
217268860	217269019
88459428	88459788
241519172	241519532
160966448	160966808
45208745	45209105
72552987	72553347
152893358	152893718
127825613	127825973
183903118	183903478
109200575	109200675
192555685	192556045
134965301	134965400
40781850	40782210
75631103	75631463
3828393	3828753
198243157	198243517
192431012	192431372
238581676	238582036
223572959	223573319
90108139	90108499
36891269	36891629
165456485	165456845
16938568	16938675
65414543	65414639
96011373	96011487
43251607	43251967
236688067	236688427
199161421	199161781
86116243	86116335
74494289	74494385
42096978	42097071
152095389	152095749
38209242	38209602
80465819	80466179
68942575	68942935
206544825	206544922
110273973	110274333
64115959	64116319
240931267	240931385
71327712	71327842
25923030	25923390
203043207	203043323
19549838	19550198
150417934	150418066
218621287	218621647
61922029	61922389
169818124	169818484
239481958	239482318
164917797	164917926
69170620	69170980
232789953	232790313
230665869	230666229
99134575	99134935
60869454	60869814
47615529	47615674
102447753	102448113
79206904	79207019
91818642	91819002
85765844	85765934
103456385	103456745
153492185	153492545
103777887	103778247
172290281	172290641
130939683	130939833
68073590	68073950
172386478	172386838
39174800	39175160
173728954	173729314
54892536	54892896
102972034	102972394
33171314	33171674
110914759	110915119
220340983	220341343
57724783	57724877
187506474	187506834
105852207	105852301
237478228	237478588
225511096	225511201
74051074	74051434
13071511	13071603
73220207	73220567
177319668	177320028
113448457	113448817
231789127	231789487
225643139	225643499
109744394	109744754
42009725	42010085
179171084	179171444
88890544	88890904
34321649	34322009
237261685	237262045
97136283	97136643
7812209	7812569
204647027	204647387
202047572	202047932
208898836	208899196
64749897	64750257
98885666	98886026
228270805	228271165
230138477	230138837
197876777	197877137
175327498	175327858
158880827	158881187
211442263	211442623
39956106	39956209
175470588	175470679
97778124	97778237
198667711	198668071
38692899	38693259
88359889	88360249
121278819	121279179
149846425	149846785
55945472	55945562
169988565	169988696
43804420	43804780
213432348	213432708
113894466	113894826
121828550	121828910
169203141	169203501
232579930	232580290
233470878	233471049
219717691	219717800
180275759	180275873
74374908	74375268
163747221	163747581
42313607	42313967
88969197	88969557
103370037	103370397
26828314	26828674
241496336	241496429
31749073	31749175
23422209	23422569
32778914	32779274
205042654	205043014
46768891	46769251
175613620	175613980
105466000	105466360
96804414	96804774
226533464	226533571
231968974	231969098
36873378	36873738
225515573	225515933
122159882	122160242
217383896	217384256
153046432	153046792
216878173	216878533
96079902	96079992
112645307	112645667
153572359	153572719
121842522	121842882
224592215	224592575
105730939	105731299
43021619	43021979
9910511	9910871
176231481	176231841
55395707	55396067
173330462	173330822
181923395	181923755
29461390	29461750
192020354	192020714
161180694	161181054
106162204	106162564
167395888	167396248
204348980	204349340
210937614	210937974
242017809	242018169
239048224	239048584
26310921	26311281
85525909	85526269
201346260	201346381
45721839	45722199
216887783	216888143
143919808	143920168
192419820	192420180
179884894	179885254
201336024	201336384
71384716	71384827
224858350	224858710
111569320	111569680
62637159	62637519
76424979	76425339
134537704	134538064
136498860	136499220
207256842	207257202
227971825	227972185
138224836	138225196
131631299	131631659
103136468	103136828
3698689	3698823
216693297	216693657
17491021	17491381
47003875	47004235
205190126	205190486
112459721	112460081
144016962	144017322
74917708	74918068
120165284	120165644
101629116	101629476
127643905	127644265
219271198	219271558
163154615	163154705
192676841	192677201
71526533	71526893
4006901	4007261
173796798	173796893
102622703	102623063
213727864	213728224
46163524	46163884
88650477	88650837
175468056	175468416
69941797	69942157
203735389	203735749
112806395	112806755
143980005	143980365
75691700	75692060
191895284	191895644
62145125	62145216
238683416	238683776
34237783	34238143
109224194	109224554
190615818	190616178
191247604	191247964
141343967	141344327
24835914	24836274
158192685	158193045
54749988	54750085
216134572	216134932
42316486	42316846
13147061	13147421
72377483	72377843
27473029	27473389
31085037	31085142
37395518	37395878
96688434	96688794
95652131	95652491
68585097	68585457
11586814	11587174
237969436	237969796
165594152	165594512
177502872	177503232
156672403	156672763
218938671	218939031
206640792	206641152
182579801	182580161
134644206	134644566
153597242	153597602
191237120	191237480
231024858	231025218
75693859	75694219
65867649	65868009
182818978	182819338
121433122	121433482
11005014	11005374
1773522	1773882
63651979	63652339
127391861	127392221
180286891	180286995
176953026	176953386
235044298	235044658
196525019	196525379
63306011	63306371
144270649	144271009
166257796	166258156
202545444	202545804
7224024	7224384
97429405	97429765
142312386	142312746
1900905	1901265
239371460	239371820
201348382	201348742
177419176	177419536
207665236	207665596
118818963	118819323
70368181	70368541
143868417	143868777
75146877	75147237
242820203	242820563
7567411	7567771
27239725	27240085
120583962	120584322
121852864	121853224
201770440	201770800
149571283	149571643
48134003	48134363
160824813	160825173
200715973	200716333
60934821	60935181
68509980	68510340
73907322	73907682
153717857	153718217
176554850	176555210
86595412	86595772
69534631	69534760
121453154	121453514
130607154	130607514
27946153	27946513
170789631	170789991
18330942	18331302
58989346	58989706
209331079	209331439
240065573	240065933
223182660	223183020
225314141	225314501
170623794	170624154
119622725	119623085
85293917	85294277
203696258	203696618
71016720	71017080
25887559	25887919
231663520	231663880
219984184	219984544
45812410	45812770
79446537	79446897
122288457	122288817
230451850	230452210
50973653	50974013
24047544	24047904
132170740	132171100
218899450	218899810
188446177	188446537
152803730	152804090
166060479	166060839
33605092	33605452
84249960	84250320
11618057	11618417
183105509	183105869
204680030	204680390
138623537	138623897
232259427	232259787
192083032	192083392
50756749	50757109
68690434	68690794
24605265	24605625
241089610	241089970
225222081	225222441
175022728	175023088
11969330	11969690
233386798	233387158
121437855	121438215
39456996	39457356
18298942	18299302
232316691	232317051
26074779	26075139
118593486	118593846
290154	290514
197141769	197142129
1549774	1550134
36997862	36998222
154375803	154376163
29181482	29181842
72098728	72099088
201934028	201934388
217563557	217563917
105489900	105490260
20981444	20981804
27303963	27304323
125561605	125561965
202042215	202042330
228726984	228727344
122113643	122114003
2124554	2124914
7037294	7037654
75426672	75427032
105028859	105029219
128112990	128113350
122476317	122476677
166730969	166731329
217148258	217148618
122655139	122655499
189234116	189234476
206678260	206678620
171672251	171672611
38542867	38543227
32997688	32998048
102035515	102035875
181969243	181969603
62125957	62126317
237218201	237218561
26407564	26407924
174313926	174314286
204318607	204318967
128236819	128237179
200850362	200850722
80300188	80300548
127954502	127954862
239956940	239957300
39957856	39958216
129512983	129513343
78900145	78900505
201827885	201828245
168975174	168975534
151344150	151344510
72025467	72025827
20425058	20425418
114457761	114458121
25532256	25532616
241505705	241506065
160568714	160569074
175975866	175976226
45179312	45179672
177518598	177518958
95536128	95536488
238766945	238767305
101226756	101227116
23126982	23127342
208337878	208338238
122732613	122732973
176975952	176976312
168068583	168068943
237936095	237936455
38265215	38265575
59503170	59503530
188364670	188365030
227850067	227850427
68936544	68936904
111611112	111611472
99453556	99453916
53650050	53650410
242331527	242331887
232513283	232513643
240873916	240874276
24644501	24644861
218764274	218764634
43836463	43836823
77180871	77181231
183531667	183532027
49717942	49718302
126229653	126230013
10808588	10808948
210072891	210073251
181941863	181942223
1890175	1890535
69602884	69603244
85092290	85092650
36198234	36198594
128615667	128616027
178280903	178281263
119785956	119786316
25047896	25048256
202023075	202023435
206950745	206951105
105904199	105904559
241000404	241000764
74734283	74734643
235409085	235409445
160796492	160796852
10124327	10124687
127285677	127286037
68258704	68259064
46592033	46592393
210825742	210826102
128173451	128173811
160041817	160042177
96926474	96926834
71757873	71758233
99795636	99795996
219874863	219875223
95897387	95897747
43358650	43359010
60787920	60788280
122568809	122569169
69664483	69664843
241922764	241923124
89203262	89203622
171943336	171943696
43202178	43202538
65092721	65093081
233006782	233007142
223768348	223768708
3775732	3776092
50719606	50719966
171092450	171092810
191184605	191184965
181845312	181845672
72998022	72998382
126274097	126274457
70528309	70528669
227677890	227678250
70531020	70531380
88991062	88991422
200350672	200351032
12856079	12856439
38104641	38105001
99218036	99218396
207558381	207558741
55659154	55659514
38501785	38502145
62020454	62020814
73857853	73858213
220554406	220554766
95688865	95689225
232428065	232428425
65938174	65938534
120963836	120964196
220374403	220374763
161108797	161109157
16734512	16734872
176193836	176194196
179994387	179994747
198919035	198919395
105593315	105593675
8833383	8833743
42613821	42614181
148747356	148747716
21540038	21540398
27145594	27145954
198572333	198572693
37763333	37763693
86991853	86992213
169805137	169805497
97534654	97535014
71381970	71382330
173575220	173575580
231689213	231689573
42740381	42740741
120932608	120932968
85109214	85109574
225233773	225234133
228904504	228904864
71012453	71012813
175442716	175443076
132559368	132559728
214111398	214111758
102500319	102500679
80162866	80163226
108966475	108966835
219938130	219938490
119129081	119129441
63715269	63715629
225873687	225874047
139603793	139604153
190953600	190953960
136671309	136671669
192029806	192030166
30313684	30314044
48827364	48827724
162443073	162443433
15299849	15300209
31954770	31955130
71204503	71204863
105854411	105854771
164202505	164202865
113956676	113957036
147802621	147802981
238380117	238380477
178469202	178469562
208556944	208557304
118979570	118979930
204090172	204090532
206540650	206541010
238030851	238031211
232537577	232537937
84968580	84968940
231627055	231627415
172397748	172398108
171669261	171669621
161126498	161126858
179145032	179145392
6666364	6666724
74626993	74627353
135800945	135801305
80163447	80163807
74347269	74347629
186155794	186156154
54334090	54334450
146510063	146510423
204937160	204937520
158159008	158159368
33666336	33666696
208094954	208095314
70781277	70781637
107203856	107204216
29044247	29044607
164735254	164735614
164011805	164012165
5506031	5506391
205556674	205557034
98280819	98281179
21644937	21645297
38808704	38809064
165698544	165698904
99682508	99682868
231778149	231778509
199239105	199239465
178026400	178026760
33620741	33621101
167038099	167038459
127955363	127955723
850115	850475
159321163	159321523
25198320	25198680
47562172	47562532
61886030	61886390
23847239	23847599
239279408	239279768
216814686	216815046
10188819	10189179
16794724	16795084
98316617	98316977
8665584	8665944
133304671	133305031
191044846	191045206
132430238	132430598
17900833	17901193
233926309	233926669
75103426	75103786
240821660	240822020
25790290	25790650
105350072	105350432
211900298	211900658
40140720	40141080
119884158	119884518
110493816	110494176
15198190	15198550
23553133	23553493
239265993	239266353
172015788	172016148
74135070	74135430
232790844	232791204
208491885	208492245
199179273	199179633
219552177	219552537
102868087	102868447
69239948	69240308
143044172	143044532
103065846	103066206
50718680	50719040
148089626	148089986
25451686	25452046
7154521	7154881
208339625	208339985
217087287	217087647
4402214	4402574
16789810	16790170
114737443	114737588
103592491	103592851
13334064	13334424
102387151	102387511
178974588	178974948
41641574	41641934
124784729	124785089
114723237	114723597
134318625	134318985
178197101	178197461
102918353	102918713
158050620	158050980
165416723	165417083
227080631	227080991
86524562	86524922
207646300	207646660
237089527	237089887
191916862	191917222
85977587	85977947
71222546	71222906
227667257	227667617
210288430	210288790
118804240	118804600
122645807	122646167
219523275	219523635
139544665	139545025
240189119	240189479
155480334	155480694
149431653	149432013
209120049	209120409
202101089	202101449
55276054	55276414
9346305	9346665
118543292	118543652
232794707	232795067
113403031	113403391
175564705	175565065
3875236	3875596
101653009	101653369
162129678	162130038
99683116	99683476
144920257	144920617
58675188	58675548
211949763	211950123
219221281	219221641
153599536	153599896
11552135	11552495
233180180	233180540
205124811	205125171
55126970	55127330
190277096	190277456
65492208	65492568
46005746	46006106
201677092	201677452
103457693	103458053
61226053	61226413
190986706	190987066
194449357	194449717
198056169	198056529
166984430	166984790
42080793	42081153
233200029	233200389
50371427	50371787
26993909	26994269
180615940	180616300
26685378	26685738
172970960	172971320
46238003	46238363
182942399	182942759
178664286	178664646
198677924	198678284
30249317	30249677
152904565	152904925
184159744	184160104
226754067	226754427
241779911	241780271
208490085	208490445
64814006	64814366
89173592	89173952
182768776	182769136
169204579	169204939
48816325	48816685
24283758	24284118
64282450	64282810
198650660	198651020
135223731	135224091
58798376	58798736
43711463	43711823
163190499	163190859
228804258	228804618
236044622	236044982
16706546	16706906
175640959	175641319
108800894	108801254
72972905	72973265
96932871	96933231
12188724	12189084
16954349	16954709
86070671	86071031
73086902	73087262
20877223	20877583
169777079	169777439
176068356	176068716
63926200	63926560
176983637	176983997
44895485	44895845
182043530	182043890
138596078	138596438
68067603	68067963
17852343	17852703
198992402	198992762
135002231	135002591
222833833	222834193
159602154	159602514
201982066	201982426
95872814	95873174
8901725	8902085
175411668	175412028
73917823	73918183
64555094	64555454
55242116	55242476
190935054	190935414
180988961	180989321
157446130	157446490
86305901	86306261
134986024	134986384
59409421	59409781
196942979	196943339
100794522	100794882
20490822	20491182
28378489	28378849
242641973	242642333
120581343	120581703
80114912	80115272
168976048	168976408
231729301	231729661
37232171	37232531
169568490	169568850
28976250	28976610
200461307	200461667
218007380	218007740
80726273	80726633
217381464	217381824
238041467	238041827
7006560	7006920
170335964	170336324
74378555	74378915
228344798	228345158
160663973	160664333
61021423	61021783
191861072	191861432
162980359	162980719
179669470	179669830
19562754	19563114
63002224	63002584
138847967	138848327
100877204	100877564
139585013	139585373
47116153	47116513
211309853	211310213
75325921	75326281
9012997	9013357
220253182	220253542
119027010	119027370
55402730	55403090
47748322	47748682
45956822	45957182
188002982	188003342
85413307	85413667
30370659	30371019
100106858	100107218
207421077	207421437
156107337	156107697
178011869	178012229
211060203	211060563
207029007	207029367
84722692	84723052
242598709	242599069
121194809	121195169
156967359	156967719
179261721	179262081
169615725	169616085
11507	11867
192386364	192386724
207125056	207125416
156080322	156080682
180942048	180942408
1754595	1754955
121310480	121310840
144444141	144444501
128936754	128937114
170784941	170785301
241929218	241929578
130011047	130011407
45201260	45201620
155309437	155309797
9126804	9127164
10264651	10265011
231791151	231791511
176174522	176174882
43451251	43451611
36579133	36579493
215175634	215175994
233626042	233626402
89179868	89180228
239422018	239422378
197940471	197940831
121100908	121101268
138705313	138705673
246524	246884
243153626	243153986
27205237	27205597
178637200	178637560
54884731	54885091
150571726	150572086
39740786	39741146
122055059	122055419
176116191	176116551
142156868	142157228
189389255	189389615
72806738	72807098
228190215	228190575
69253110	69253470
190627754	190628114
196931535	196931895
213641656	213642016
57776656	57777016
89977629	89977989
39286525	39286885
220360093	220360453
31913403	31913763
182607568	182607928
99104351	99104711
114344794	114345154
86263093	86263453
222889625	222889985
86477183	86477543
65547566	65547926
211958457	211958817
201990322	201990682
164047912	164048272
212869829	212870189
162432981	162433341
88490945	88491305
16079786	16080146
136231152	136231512
164026018	164026378
165849341	165849701
217552363	217552723
172560136	172560496
71297453	71297813
105911371	105911731
101535795	101536155
232651365	232651725
20595758	20596118
3383500	3383860
175636293	175636653
165394777	165395137
71687982	71688342
46116268	46116628
96068986	96069346
97426694	97427054
20441942	20442302
9511564	9511924
149944270	149944630
85875743	85876103
183628035	183628395
106192820	106193180
152861244	152861604
109605550	109605910
2847960	2848320
163183612	163183972
25829791	25830151
47891969	47892329
65140406	65140766
55847319	55847679
187121337	187121697
192893856	192894216
84858238	84858598
183050848	183051208
199522234	199522594
106536332	106536692
74730065	74730425
195031528	195031888
169193355	169193715
218901076	218901436
139131576	139131936
238490347	238490707
54990794	54991154
96930600	96930960
214116271	214116631
70139140	70139500
47164527	47164887
101857158	101857518
44619507	44619867
182295146	182295506
48828509	48828869
40987229	40987589
101655098	101655458
196183204	196183564
33495654	33496014
63281316	63281676
17352720	17353080
180990233	180990593
128082240	128082600
60782138	60782498
230580630	230580990
206868975	206869335
159757783	159758143
71299015	71299375
134642311	134642671
118227824	118228184
133106659	133107019
72833005	72833365
196996079	196996439
211063915	211064275
242801537	242801897
11878615	11878975
8685062	8685422
220406346	220406725
200569333	200569693
143746876	143747236
162079664	162080024
10442534	10442894
98641996	98642356
173458434	173458794
46884103	46884463
172203633	172203993
176052140	176052500
96394684	96395044
38603802	38604162
69066377	69066737
32111778	32112138
230775499	230775859
90246329	90246689
43040269	43040629
10282468	10282828
11558093	11558453
114128103	114128463
188707979	188708339
152266412	152266772
180763627	180763987
175499540	175499900
9918084	9918444
42423853	42424213
175895720	175896080
200725895	200726255
114359663	114359754
130693930	130694290
198642549	198642909
158866798	158867158
235519872	235520232
233304168	233304528
26214402	26214762
12172532	12172892
18616723	18617083
38782395	38782755
220425048	220425408
115923101	115923461
224625875	224626235
173037171	173037531
211482445	211482805
241673263	241673623
128568738	128569098
154019572	154019932
53203497	53203857
191668972	191669332
39606808	39607168
114055128	114055488
226530060	226530420
101805152	101805512
241543721	241544081
112655455	112655815
120867362	120867722
56188456	56188816
54279965	54280325
46782176	46782536
96899608	96899968
85241895	85242255
209259946	209260306
156167162	156167522
166095678	166096038
68452396	68452756
158453936	158454296
231679349	231679709
127002529	127002889
148668518	148668878
223662007	223662367
35653627	35653987
214799309	214799669
130913612	130913972
35568250	35568610
84651343	84651703
61032551	61032911
75937665	75938025
27356679	27357039
238877093	238877453
232717010	232717370
206188672	206189032
180305383	180305743
164039263	164039623
16463162	16463522
43832252	43832612
223183838	223184198
65244531	65244891
157749029	157749389
215175051	215175411
162107354	162107714
70913910	70914270
45878038	45878398
120068451	120068811
123208654	123209014
228638967	228639327
61066499	61066859
68714882	68715242
139586907	139587267
122080403	122080763
64088414	64088774
15888865	15889225
234837259	234837619
187727573	187727933
165286692	165287052
187325206	187325566
119976380	119976740
222921983	222922343
176279663	176280023
190663456	190663816
228755206	228755566
190331396	190331756
20215261	20215621
181468792	181469152
86600018	86600378
195183955	195184315
88486620	88486980
75468849	75469209
197977918	197978278
236845133	236845493
241535105	241535465
177679502	177679862
74560297	74560657
208599001	208599361
218031000	218031360
29518729	29519089
210290196	210290556
111952353	111952713
88754332	88754692
23622424	23622784
239068949	239069309
182756981	182757341
65577926	65578286
158310349	158310709
177005397	177005757
142669292	142669652
44787500	44787860
215452189	215452549
59528980	59529340
230207110	230207470
25015647	25016007
219757428	219757788
119992128	119992488
9278720	9279080
63014485	63014845
10054824	10055184
9695655	9696015
57743928	57744288
111611940	111612300
98364899	98365259
228913609	228913969
133928986	133929346
169562087	169562447
224724744	224725104
39351524	39351884
101346743	101347103
43769445	43769805
136502353	136502713
95989117	95989477
63771167	63771527
171253595	171253955
196362898	196363258
54931855	54932215
166635579	166635939
238231217	238231577
224644619	224644979
9473740	9474100
215867236	215867596
106724031	106724391
165873313	165873673
65800278	65800638
102342280	102342640
141621347	141621707
216418681	216419041
127117067	127117427
11049790	11050150
236502710	236503070
142938789	142939149
88607379	88607739
10800101	10800461
232270539	232270899
242824542	242824902
115308908	115309268
74759375	74759735
161775458	161775818
25144031	25144391
187368844	187369204
212368580	212368940
201983226	201983586
86315087	86315447
179660797	179661157
233401702	233402062
107189005	107189365
233927905	233928265
231067575	231067935
80209599	80209959
216974871	216975231
113191108	113191468
11213424	11213784
219381315	219381675
175552804	175553164
239015856	239016216
99251236	99251596
191715262	191715622
201443556	201443916
137931098	137931458
130681392	130681752
233893583	233893943
56236946	56237306
239628785	239629145
84304639	84304999
65166816	65167176
20876148	20876508
198464335	198464695
64882365	64882725
74799302	74799662
112879263	112879623
223316056	223316416
18585994	18586354
97677923	97678283
183844779	183845139
38968060	38968420
132904391	132904751
113841849	113842209
86471452	86471812
89542763	89543123
217004620	217004980
143962760	143963120
56359325	56359685
100862666	100863026
147491655	147492015
18931196	18931556
195732103	195732463
225987586	225987946
181848495	181848855
180801394	180801754
62138662	62139022
15728479	15728839
229265756	229266116
9983488	9983848
40471744	40472104
208490619	208490979
183514020	183514380
122505747	122506107
96932137	96932497
30931723	30932083
73162120	73162480
189959030	189959390
63919183	63919543
143738372	143738732
152664882	152665242
202660623	202660983
158757826	158758186
121444372	121444732
186493835	186494195
207846422	207846782
23627237	23627597
206768467	206768827
206585703	206586063
118529828	118530188
158890718	158891078
158608307	158608667
152294115	152294475
74078364	74078724
201567886	201568246
175901237	175901597
236701935	236702295
31577732	31578092
168992895	168993255
242604795	242605155
220600949	220601309
149315666	149316026
3201850	3202210
241504231	241504591
229522526	229522886
10927662	10928022
105796218	105796578
6056169	6056529
178160849	178161209
112505248	112505608
26394355	26394715
144040287	144040647
190888626	190888986
113339840	113340200
165573543	165573903
169017376	169017736
159036192	159036552
192167194	192167554
238595214	238595574
216924205	216924565
147419095	147419455
76014687	76015047
28030350	28030710
191208897	191209257
242089801	242090161
54433703	54434063
19065336	19065696
101044122	101044482
242882462	242882822
11040323	11040683
217971432	217971792
33899049	33899409
106406240	106406600
231187920	231188280
225224323	225224683
42997694	42998054
165554201	165554561
103209077	103209437
136576780	136577140
162863981	162864341
217080689	217081049
74702059	74702419
56418754	56419114
87456273	87456633
131134008	131134368
168406947	168407307
20578803	20579163
188362598	188362958
178354435	178354795
186144786	186145146
97025056	97025416
238602938	238603298
161209713	161210073
8561933	8562293
69128297	69128657
232274896	232275256
220019769	220020129
27308403	27308763
43333065	43333425
108786488	108786848
189889958	189890318
190562994	190563354
96779104	96779464
109618406	109618766
17652065	17652425
182437881	182438241
208837922	208838282
192733991	192734351
27487863	27488223
66240611	66240971
48432605	48432965
122948937	122949297
207018958	207019318
64789306	64789666
158485663	158486023
216735761	216736121
162283265	162283625
217561448	217561808
219330788	219331148
192403788	192404148
65357343	65357703
137690322	137690682
161285771	161286131
79226583	79226943
191179475	191179835
49843955	49844315
159314419	159314779
207911560	207911920
183935875	183936235
236025567	236025927
219095551	219095911
223558591	223558951
235392533	235392893
119296891	119297251
65206002	65206362
175209747	175210107
20642981	20643341
227661587	227661947
44570028	44570388
166555127	166555487
241172302	241172662
11270067	11270427
180707203	180707563
124751334	124751694
234292690	234293050
101822008	101822368
56357562	56357922
198224615	198224975
7057231	7057591
38712862	38713222
26744072	26744432
109013341	109013701
232226949	232227309
60792622	60792982
122353760	122354120
62639181	62639541
225795617	225795977
20303295	20303655
69534068	69534428
21341214	21341574
113931993	113932353
70725150	70725510
236015769	236016129
44471211	44471571
106714577	106714937
97481848	97482208
64782775	64783135
198175398	198175758
108553242	108553602
206428365	206428725
113482394	113482754
183632336	183632696
65609813	65610173
49998037	49998397
86031750	86032110
135415256	135415616
135450117	135450477
73383768	73384128
183649413	183649773
65396437	65396797
207648502	207648862
153483898	153484258
202780167	202780527
183515500	183515860
31456553	31456913
174943009	174943369
85470832	85471192
160878669	160879029
59812100	59812460
96987641	96988001
239213609	239213969
200838435	200838795
105961458	105961818
95719374	95719734
28619647	28620007
3739970	3740330
174265485	174265845
85829581	85829941
24244251	24244611
224171119	224171479
89218866	89219226
237085106	237085466
223779931	223780291
210442089	210442449
152489759	152490119
55538705	55539065
229182958	229183318
51937468	51937828
132440055	132440415
96809895	96810255
204774410	204774770
177894220	177894580
227656180	227656540
232585678	232586038
225148880	225149240
158633972	158634332
132589465	132589825
70882312	70882672
192435807	192436167
56976316	56976676
19512735	19513095
162948218	162948578
29552762	29553122
198017076	198017436
80553380	80553740
80758467	80758827
46859494	46859854
27653200	27653560
23789594	23789954
188039319	188039679
55276556	55276916
162803086	162803446
202924948	202925308
202209698	202210058
190847494	190847854
117267689	117268049
237086704	237087064
191812656	191813016
191646390	191646750
234885340	234885700
112493747	112494107
119768959	119769319
104575619	104575979
240318859	240319219
151405069	151405429
32288471	32288831
242744058	242744418
177970960	177971320
154143669	154144029
74406113	74406473
111513092	111513452
187645709	187646069
98792325	98792685
64836372	64836732
131113505	131113865
204972938	204973298
172978379	172978739
5765707	5766067
161826752	161827112
106071230	106071590
128028245	128028605
91947548	91947908
233717815	233718175
68423246	68423606
95745738	95746098
30908929	30909289
86623571	86623931
179283885	179284245
230933472	230933832
173940372	173940732
168188022	168188382
172667661	172668021
13663310	13663670
235790354	235790714
201936182	201936542
109877325	109877685
201828089	201828449
123058355	123058715
106701841	106702201
110420467	110420827
65215776	65216136
69947586	69947946
147684860	147685220
228228489	228228849
61045554	61045914
172176609	172176969
200328144	200328504
41724103	41724463
171626707	171627067
239867431	239867791
191500586	191500946
55844838	55845198
162426948	162427308
17329587	17329947
74771803	74772163
217908719	217909079
121886330	121886690
174749154	174749514
234823821	234824181
74692172	74692532
79219554	79219914
127622432	127622792
106137701	106138061
79088699	79089059
71451057	71451417
112493984	112494344
38953134	38953494
233198098	233198458
227663109	227663469
15171906	15172266
220861948	220862308
7259144	7259504
21250369	21250729
88512023	88512383
201440678	201441038
20586398	20586758
189378650	189379010
234774526	234774886
137631860	137632220
95980825	95981185
25424181	25424541
73587453	73587813
136673823	136674183
219592590	219592950
197162798	197163158
188163860	188164220
158429235	158429595
230296069	230296429
86902794	86903154
238533198	238533558
86268079	86268439
238074027	238074387
45241226	45241586
68337297	68337657
11674857	11675217
153611527	153611887
12466948	12467308
47881439	47881799
70870874	70871234
27524278	27524638
198479808	198480168
233230273	233230633
239082344	239082704
121493257	121493617
200336169	200336529
194105524	194105884
7005476	7005836
74688490	74688850
71150545	71150905
204516080	204516440
148958977	148959337
159852879	159853239
74054136	74054496
29537601	29537961
170308569	170308929
44522865	44523225
242158214	242158574
190152637	190152997
65161776	65162136
2702333	2702693
242537938	242538298
174616926	174617286
225751850	225752210
220863606	220863966
129226772	129227132
167217759	167218119
39062159	39062519
159580742	159581102
232406294	232406654
40675628	40675988
228612822	228613182
232110429	232110789
20622652	20623012
120144864	120145224
204890979	204891339
62526870	62527230
121427106	121427466
228410619	228410979
136556331	136556691
3852713	3853073
37515090	37515450
138668105	138668465
46717704	46718064
74366089	74366449
43249438	43249798
21618266	21618626
232535611	232535971
178129975	178130335
173091062	173091422
86057781	86058141
193150840	193151200
183734907	183735267
127507183	127507543
85173372	85173732
63250653	63251013
194560122	194560482
37875778	37876138
210842367	210842727
23728114	23728474
173065280	173065640
109471691	109472051
18635	18995
9022221	9022581
102018393	102018753
32551572	32551932
130055059	130055419
45837667	45838027
106586025	106586385
171701846	171702206
106015303	106015663
224557099	224557459
15085201	15085561
190498043	190498403
210421107	210421467
120981224	120981584
144560842	144561202
218933689	218934049
31361463	31361823
12307650	12308010
78182083	78182443
145089417	145089777
233095290	233095650
43158619	43158979
63029268	63029628
46828496	46828856
107213321	107213681
34963793	34964153
147170207	147170567
89240690	89241050
176045693	176046053
121856933	121857293
204889244	204889604
242254589	242254949
75209734	75210094
156123146	156123506
43155719	43156079
25352165	25352525
69663909	69664269
45805587	45805947
46843070	46843430
135746577	135746937
128210970	128211330
163989411	163989771
212212144	212212504
12556667	12557027
151467202	151467562
153031740	153032100
185476235	185476595
55241081	55241441
30915274	30915634
19969308	19969668
2105732	2106092
231478739	231479099
53967319	53967679
52022630	52022990
145277638	145277998
189377203	189377563
89948121	89948481
211264181	211264541
242671996	242672356
74222928	74223288
37253224	37253584
106398665	106399025
60886208	60886568
242640585	242640945
198716190	198716550
199884638	199884998
43751404	43751764
70872868	70873228
180205483	180205843
184113606	184113966
231807028	231807388
677246	677606
102490058	102490418
214670876	214671236
10849469	10849829
170646284	170646644
10168425	10168785
233415233	233415593
222903097	222903457
200269918	200270278
174912987	174913347
12190431	12190791
75708114	75708474
43419300	43419660
170078328	170078688
27630906	27631266
97778657	97779017
16689537	16689897
74307430	74307790
54725159	54725519
142897937	142898297
169471229	169471589
186073030	186073390
188317780	188318140
191375865	191376225
119249946	119250306
46521304	46521664
85085273	85085633
131100493	131100853
129949747	129950107
26467306	26467666
157912163	157912523
24451342	24451702
30557501	30557861
119982658	119983018
207423938	207424298
171573299	171573659
10660301	10660661
211227985	211228345
58781125	58781485
14782599	14782959
44843161	44843521
37039359	37039719
130571012	130571372
178059900	178060260
37509053	37509413
133408718	133409078
102801790	102802150
21977039	21977399
220386025	220386385
12044231	12044591
16811712	16812072
31138377	31138737
203143722	203144082
232550053	232550413
71453822	71454182
29276726	29277086
96058474	96058834
42825832	42826192
227664540	227664900
188445412	188445772
75295711	75296071
135535963	135536323
167241219	167241579
74812653	74813013
3183043	3183403
198220910	198221270
175497622	175497982
39347429	39347789
101099226	101099586
85442216	85442576
139473773	139474133
46870686	46871046
208926830	208927190
143635024	143635384
60731315	60731675
113991727	113992087
43036924	43037284
242728100	242728460
194828263	194828623
59098884	59099244
128458091	128458451
149793422	149793782
178582551	178582911
48084950	48085310
20881951	20882311
220042814	220043174
667372	667732
243153855	243154215
19745274	19745634
232257823	232258183
67808988	67809348
139680512	139680872
169543901	169544261
171678799	171679159
39820877	39821237
11239273	11239633
220364890	220365250
135548082	135548442
172424624	172424984
58110100	58110460
33258599	33258959
894050	894410
172797423	172797783
178119197	178119557
166162889	166163249
223966477	223966837
106505096	106505456
73980970	73981330
187919195	187919555
111915291	111915651
98390899	98391259
156059738	156060098
75957024	75957384
54983057	54983417
85359922	85360282
223180168	223180528
197269017	197269377
22849527	22849887
112658510	112658870
42465884	42466244
42555603	42555963
209133854	209134214
136557288	136557648
97671137	97671497
144332931	144333291
106365077	106365437
81551161	81551521
166913874	166914234
38303336	38303696
89996046	89996406
198171995	198172355
69968293	69968653
86451771	86452131
223348211	223348571
209272414	209272774
97011137	97011497
118293745	118294105
166963162	166963522
96045242	96045602
176944548	176944908
11374447	11374807
241165270	241165630
204916213	204916573
229997905	229998265
207114723	207115083
175214750	175215110
47664465	47664825
172960529	172960889
75692698	75693058
74148267	74148627
137553937	137554297
58568238	58568598
242818017	242818377
65483183	65483543
115712658	115713018
64250874	64251234
233926511	233926871
173349091	173349451
132430438	132430798
237086209	237086569
23626292	23626652
87568727	87569087
175002902	175003262
56304647	56305007
209179804	209180164
23637810	23638170
240952757	240953117
86745620	86745980
28843948	28844308
73847087	73847447
7058794	7059154
16399949	16400309
86100791	86101151
15047115	15047475
143886217	143886577
74369552	74369912
31486552	31486912
18182892	18183252
46256393	46256753
238318705	238319065
151766195	151766555
101868606	101868966
55998804	55999164
72343261	72343621
45251883	45252243
54403753	54404113
65865576	65865936
101211303	101211663
36549292	36549652
176147114	176147474
183959132	183959492
113258654	113259014
89249536	89249896
71276725	71277085
71187526	71187886
662535	662895
132092905	132093265
54950779	54951139
80483520	80483880
220144513	220144873
160031671	160032031
184932202	184932562
157049059	157049419
62933126	62933486
183451187	183451547
200123042	200123402
139244402	139244762
204793566	204793926
109576484	109576844
208634197	208634557
54050746	54051106
160944868	160945228
187323761	187324121
60564154	60564514
102448595	102448955
44025416	44025776
18447420	18447780
70321533	70321893
6244077	6244437
96192020	96192380
189843000	189843360
177682044	177682404
135480307	135480667
202663615	202663975
182966008	182966368
23755186	23755546
167373211	167373571
164467763	164468123
208217668	208218028
62424401	62424761
125985588	125985948
126121774	126122134
47766373	47766733
233533859	233534219
103320218	103320578
108798941	108799301
149402657	149403017
218899650	218900010
192096618	192096978
96658723	96659083
89504672	89505032
71837113	71837473
95463021	95463381
11054437	11054797
90126675	90127035
88990417	88990777
129991645	129992005
46052179	46052539
216928729	216929089
156113302	156113662
715864	716224
202615275	202615635
64590959	64591319
196537432	196537792
163175118	163175478
85996776	85997136
221398177	221398537
7504060	7504420
73403420	73403780
233304373	233304733
98774024	98774384
67703962	67704322
60580541	60580901
216873127	216873487
233192689	233193049
173569026	173569386
97485764	97486124
68081965	68082325
41627197	41627557
156922408	156922768
152634006	152634366
202936993	202937353
59981517	59981877
182303017	182303377
161860906	161861266
43467695	43468055
8442451	8442811
162845024	162845384
129472344	129472704
184990626	184990986
111858345	111858705
46063490	46063850
67877976	67878336
53037548	53037908
173332156	173332516
197333148	197333508
98267013	98267373
42588636	42588996
111786325	111786685
131525804	131526164
8768718	8769078
74210418	74210778
241436515	241436875
9613570	9613930
7062475	7062835
172951306	172951666
196398418	196398778
239197763	239198123
213012572	213012932
67960781	67961141
32206117	32206477
64544897	64545257
232797695	232798055
33637991	33638351
169350971	169351331
7650454	7650814
208030989	208031349
169201984	169202344
233190720	233191080
20866592	20866952
232574108	232574468
152585543	152585903
208007157	208007517
71509625	71509985
62650318	62650678
10410663	10411023
218655108	218655468
158449494	158449854
145206653	145207013
178623563	178623923
136289314	136289674
206992385	206992745
172304185	172304545
107254503	107254863
37145506	37145866
85244888	85245248
213459735	213460095
189321235	189321595
44942757	44943117
239061886	239062246
220298583	220298943
200805214	200805574
139572089	139572449
192109799	192110159
224467103	224467463
108549470	108549830
6931794	6932154
83423349	83423709
223447671	223448031
28974469	28974829
235964577	235964937
68587030	68587390
134880200	134880560
16083413	16083773
121010630	121010990
158732747	158733107
98805048	98805408
159403398	159403758
182435788	182436148
80103604	80103964
74756066	74756426
33259799	33260159
68949920	68950280
42970270	42970630
112456730	112457090
46106527	46106887
9516170	9516530
137494762	137495122
99855746	99856106
21595542	21595902
11885222	11885582
155258660	155259020
233963376	233963736
120048450	120048810
142923260	142923620
189841412	189841772
47798448	47798808
237411714	237412074
176950941	176951301
3005368	3005728
240900699	240901059
237477036	237477396
171823184	171823544
212744077	212744437
219546820	219547180
150312759	150313119
202123143	202123503
24211273	24211633
234356869	234357229
241796040	241796400
181224198	181224558
178997013	178997373
66028152	66028512
64926930	64927290
142700002	142700362
102888269	102888629
130783514	130783874
108811264	108811624
175548258	175548618
218958616	218958976
33141237	33141597
8425117	8425477
131185151	131185511
45834885	45835245
47168739	47169099
131722089	131722449
71250745	71251105
151887351	151887711
105860404	105860764
173956068	173956428
133434575	133434935
174262343	174262703
50571627	50571987
65369631	65369991
42301781	42302141
101038780	101039140
230932865	230933225
110472982	110473342
174900662	174901022
178062936	178063296
81616374	81616734
242972101	242972461
86114720	86115080
85097417	85097777
60563498	60563858
163651831	163652191
241556279	241556639
10219958	10220318
131060060	131060420
53994713	53995073
71504660	71505020
42287217	42287577
225867374	225867734
102974976	102975336
59403907	59404267
137854301	137854661
113012144	113012504
174827990	174828350
64872226	64872586
36899347	36899707
102851958	102852318
71091676	71092036
43683438	43683798
222435236	222435596
202897973	202898333
141566405	141566765
123276968	123277328
149569358	149569718
6968395	6968755
62137689	62138049
212809268	212809628
160413938	160414298
21068114	21068474
19036288	19036648
170532923	170533283
128398033	128398393
86599293	86599653
118906425	118906785
135655560	135655920
210327933	210328293
234741504	234741864
89572650	89573010
81493229	81493589
196440810	196441170
6911634	6911994
202921326	202921686
240028041	240028401
232791523	232791883
172783072	172783432
72029181	72029541
174150988	174151348
98704688	98705048
38817261	38817621
132274150	132274510
225149082	225149442
202830286	202830646
25013706	25014066
98486953	98487313
12857598	12857958
175201501	175201861
75384581	75384941
109824607	109824967
233232185	233232545
228443455	228443815
8140975	8141335
242534994	242535354
37642599	37642959
12573757	12574117
31476215	31476575
130915721	130916081
242672199	242672559
220918655	220919015
66201530	66201890
121706997	121707357
48308145	48308505
96676881	96677241
74346462	74346822
61959926	61960286
158163546	158163906
165352116	165352476
190386505	190386865
529420	529780
156233718	156234078
111576728	111577088
24574886	24575246
81079867	81080227
20293415	20293775
65898807	65899167
112608243	112608603
64371323	64371683
31900633	31900993
232475985	232476345
86263574	86263934
165998091	165998451
80087658	80088018
25013927	25014287
175387288	175387648
196712961	196713321
214085707	214086067
46561158	46561518
100106515	100106875
231850042	231850402
220076263	220076623
26838392	26838752
136553332	136553692
197296668	197297028
209121149	209121509
240745921	240746281
68645811	68646171
165770137	165770497
101179234	101179594
67442399	67442759
109033726	109034086
54784794	54785154
135675667	135676027
112676940	112677300
150185643	150186003
169231671	169232031
47982514	47982874
100550406	100550766
189848148	189848508
136542569	136542929
191141967	191142327
118713959	118714319
175501744	175502104
38487522	38487882
62952408	62952768
85132430	85132790
138646480	138646840
105735501	105735861
64684692	64685052
160534244	160534604
142122	142482
242206652	242207012
99771657	99772017
109949879	109950239
215825449	215825809
203499215	203499575
190539217	190539577
207218455	207218815
172562623	172562983
158035397	158035757
79268076	79268436
206628339	206628699
204240912	204241272
201064676	201065036
120068951	120069311
224702652	224703012
217610997	217611357
19946441	19946801
65260371	65260731
114165326	114165686
143398201	143398561
43454705	43455065
33824483	33824843
95743137	95743497
160942205	160942565
153411584	153411944
46554794	46555154
100059292	100059652
53942750	53943110
128459675	128460035
220701430	220701790
97240112	97240472
111827354	111827714
182834917	182835277
228242704	228243064
224662864	224663224
3786022	3786382
44177542	44177902
113799498	113799858
113238039	113238399
7273653	7274013
26277865	26278225
182602756	182603116
192735458	192735818
219742050	219742410
33051153	33051513
214016869	214017229
38755238	38755598
196966533	196966893
13196402	13196762
219867199	219867559
134277274	134277634
121642829	121643189
145943887	145944247
88487467	88487827
165773844	165774204
99701855	99702215
139234507	139234867
71204705	71205065
214013974	214014334
182168651	182169011
170549842	170550202
153322587	153322947
190627200	190627560
46593483	46593843
199794920	199795280
225476670	225477030
166759437	166759797
69003285	69003645
128288942	128289302
229546167	229546527
87766233	87766593
208631389	208631749
6493104	6493464
182104130	182104490
174435963	174436323
106724799	106725159
109213797	109214157
195424702	195425062
137808584	137808944
180219501	180219861
241434385	241434745
177134242	177134602
11168552	11168912
201600426	201600786
7251817	7252177
24766159	24766519
127240379	127240739
231848352	231848712
157013190	157013550
11729725	11730085
239744533	239744893
210196043	210196403
113340925	113341285
28177711	28178071
199187009	199187369
30558879	30559239
19577529	19577889
122237793	122238153
16000959	16001319
86421011	86421371
65132421	65132781
55290643	55291003
42304557	42304917
209684944	209685304
87768816	87769176
30695288	30695648
25937629	25937989
160372968	160373328
20250372	20250732
58821300	58821660
55496294	55496654
170254215	170254575
197623621	197623981
167274201	167274561
171003279	171003639
126984849	126985209
171380045	171380405
217193083	217193443
189630274	189630634
240291963	240292323
174739051	174739411
95787388	95787748
24027123	24027483
70418111	70418471
135109499	135109859
56516317	56516677
105540090	105540450
177695088	177695448
464874	465234
85166945	85167305
79462237	79462597
9250984	9251344
242239510	242239870
10818364	10818724
97748103	97748463
219867777	219868137
61107945	61108305
64994877	64995237
121062844	121063204
203987281	203987641
188523654	188524014
213385073	213385433
236423145	236423505
177250577	177250937
7147964	7148324
96830553	96830913
64852558	64852918
105560962	105561322
217529196	217529556
44317617	44317977
232057178	232057538
170132532	170132892
110873950	110874310
169706116	169706476
232894975	232895335
168120933	168121293
193055109	193055469
25520689	25521049
43823929	43824289
235045157	235045517
222437103	222437463
7707868	7708228
75543119	75543479
65580216	65580576
9710794	9711154
95858665	95859025
175850402	175850762
26178757	26179117
132391883	132392243
156225471	156225831
24565246	24565606
9714045	9714405
181105492	181105852
65662925	65663285
97268311	97268671
74989866	74990226
149362079	149362439
28451316	28451676
232354725	232355085
23517130	23517490
149834569	149834929
151341563	151341923
1550697	1551057
111612140	111612500
216593536	216593896
233388849	233389209
134990883	134991243
67275457	67275817
46277640	46278000
73487431	73487791
48243793	48244153
230576769	230577129
203124855	203125215
216161063	216161423
60115208	60115568
68521340	68521700
16174206	16174566
134938832	134939192
199335980	199336340
47403904	47404264
105915835	105916195
167757182	167757542
130385039	130385399
64553329	64553689
190304031	190304391
132068576	132068936
149322857	149323217
15937726	15938086
220071176	220071536
208323375	208323735
202316404	202316764
234551854	234552214
130643328	130643688
204261512	204261872
109247957	109248317
96783559	96783919
54568832	54569192
63714113	63714473
152447934	152448294
8944112	8944472
6986062	6986422
9877412	9877772
99438947	99439307
73459750	73460110
198318182	198318542
44690617	44690977
179073523	179073883
238603167	238603527
34795592	34795952
135334076	135334436
202530484	202530844
20875572	20875932
128332628	128332988
208966695	208967055
197114642	197115002
70141548	70141908
190566803	190567163
168821457	168821817
68612616	68612976
198669797	198670157
33895566	33895926
125982383	125982743
114030654	114031014
85408343	85408703
136558645	136559005
46457259	46457619
184896546	184896906
218874933	218875293
102690815	102691175
223846678	223847038
119807566	119807926
122493011	122493371
239216849	239217209
8443650	8444010
154078653	154079013
43019644	43020004
17754371	17754731
122140274	122140634
158863897	158864257
34007904	34008264
32360363	32360723
37802939	37803299
196803010	196803370
102003826	102004186
27514885	27515245
96906928	96907288
29434828	29435188
214403833	214404193
45711213	45711573
68993077	68993437
154626890	154627250
43396128	43396488
30447989	30448349
38766122	38766482
182446332	182446692
9697820	9698180
148777811	148778171
104649828	104650188
99539732	99540092
114735294	114735654
113984885	113985245
107479887	107480247
197583779	197584139
32437423	32437783
86452769	86453129
132579969	132580329
221325001	221325361
223824127	223824487
152809992	152810352
224539723	224540083
87444856	87445216
182825875	182826235
150451828	150452188
3709920	3710280
108999589	108999949
159317163	159317523
125673177	125673537
30893392	30893752
203356313	203356673
121046839	121047199
133206388	133206748
7805701	7806061
175010597	175010957
178538906	178539266
89060658	89061018
174327833	174328193
238523053	238523413
232571104	232571464
204259287	204259647
150655810	150656170
175045090	175045450
172081711	172082071
223726891	223727251
40440295	40440655
230613688	230614048
213413133	213413493
45667374	45667734
230690244	230690604
189260667	189261027
59089160	59089520
213114220	213114580
111891712	111892072
71175781	71176141
159612254	159612614
48542356	48542716
74643787	74644147
65019416	65019776
29179110	29179470
168148864	168149224
155232193	155232553
104608051	104608411
172562106	172562466
274575	274935
236958756	236959116
222917575	222917935
75652392	75652752
200349689	200350049
126503092	126503452
232544807	232545167
20817596	20817956
55808586	55808946
10091135	10091495
89459729	89460089
200820095	200820455
111877944	111878304
178076749	178077109
47540924	47541284
153425700	153426060
50763423	50763783
70995144	70995504
143492009	143492369
121766625	121766985
49915025	49915385
68435421	68435781
187767905	187768265
85458354	85458714
16669023	16669383
228364902	228365262
6496455	6496815
158649602	158649962
75278333	75278693
38303752	38304112
136754859	136755219
61362683	61363043
170684038	170684398
75357313	75357673
88853717	88854077
129289395	129289755
111590305	111590665
151456426	151456786
96777609	96777969
233427446	233427806
43498396	43498756
30920126	30920486
87795566	87795926
11970039	11970399
220036086	220036446
66227026	66227386
213990697	213991057
128287839	128288199
231793962	231794322
75787143	75787503
19886978	19887338
174819687	174820047
42268968	42269328
164684953	164685313
50703247	50703607
236460545	236460905
170733933	170734293
16799087	16799447
216975070	216975430
55290843	55291203
236874928	236875288
44475115	44475475
146242007	146242367
81079181	81079541
204808148	204808508
242003020	242003380
44461525	44461885
232597336	232597696
10660501	10660861
91757755	91758115
10933212	10933572
146396264	146396624
153191616	153191976
65217532	65217892
144020828	144021188
59676369	59676729
64539447	64539807
239147494	239147854
156985833	156986193
122446886	122447246
161233691	161234051
180856093	180856453
86129052	86129412
85238909	85239269
211759872	211760232
107161344	107161704
149895227	149895587
21388293	21388653
98914274	98914634
33703678	33704038
219482864	219483224
1542524	1542884
9254532	9254892
180126115	180126475
220322790	220323150
70312209	70312569
31302514	31302874
16817086	16817446
241688012	241688372
90065924	90066284
74459467	74459827
237051812	237052172
73830328	73830688
85375309	85375669
205736304	205736664
192578557	192578917
226421226	226421586
74667396	74667756
47315522	47315882
64977763	64978123
153504887	153505247
70315196	70315556
141498143	141498503
84719729	84720089
107087138	107087498
7949786	7950146
196169108	196169468
91808412	91808772
239527579	239527939
3584340	3584700
237994186	237994546
36560758	36561118
220295495	220295855
85242802	85243162
173539429	173539789
120516974	120517334
134716677	134717037
10176108	10176468
18934318	18934678
209436174	209436534
233190925	233191285
198248476	198248836
106865003	106865363
233924271	233924631
158159216	158159576
178168701	178169061
28642215	28642575
68396450	68396810
31360815	31361175
84044662	84045022
241500451	241500811
42326201	42326561
31657910	31658270
139789316	139789676
24560758	24561118
30557713	30558073
172117159	172117519
13333336	13333696
27601013	27601373
171343254	171343614
120986094	120986454
172813658	172814018
208678277	208678637
101821207	101821567
44518823	44519183
31312526	31312886
8688701	8689061
61770216	61770576
134951343	134951703
144687332	144687692
156229458	156229818
136875922	136876282
221965469	221965829
237532447	237532807
55277281	55277641
204629027	204629387
36586181	36586541
166420392	166420752
18871634	18871994
218990270	218990630
128501196	128501556
106693537	106693897
30394721	30395081
27273256	27273616
158484965	158485325
127942684	127943044
45191921	45192281
38949392	38949752
210800982	210801342
237463175	237463535
38107681	38108041
43370056	43370416
224813912	224814272
89197300	89197660
114782651	114783011
20387209	20387569
101057523	101057883
240225983	240226343
232478769	232479129
98928270	98928630
106386117	106386477
118995059	118995419
172864960	172865320
43392571	43392931
332522	332882
46067488	46067848
35132887	35133247
132337799	132338159
224111790	224112150
218640837	218641197
57780054	57780414
153298489	153298849
103214287	103214647
231286922	231287282
168725742	168726102
220601901	220602261
10588839	10589199
113931079	113931439
169318437	169318797
96045445	96045805
28715830	28716190
24713627	24713987
63821790	63822150
60346919	60347279
177921171	177921531
55298115	55298475
157292390	157292750
204103460	204103820
180105437	180105797
74214635	74214995
154432016	154432376
10523701	10524061
10258277	10258637
113482613	113482973
130661235	130661595
224766495	224766855
127156602	127156962
177686117	177686477
225151595	225151955
91815231	91815591
215695511	215695871
166273501	166273861
53700388	53700748
8248111	8248471
179684250	179684610
233415493	233415853
160612334	160612694
105582387	105582747
85663193	85663553
30429576	30429936
65190922	65191282
107484706	107485066
196169312	196169672
114477789	114478149
132288315	132288675
197036061	197036421
126054338	126054698
232660257	232660617
142943493	142943853
136343158	136343518
7534354	7534714
147811619	147811979
172059	172419
143910373	143910733
240196959	240197319
242157553	242157913
54935757	54936117
136928845	136929205
48757398	48757758
234715817	234716177
46843945	46844305
38123562	38123922
168701604	168701964
217139062	217139422
174868288	174868648
148413031	148413391
100645959	100646319
227737686	227738046
29237984	29238344
102135384	102135744
62524782	62525142
26951155	26951515
54716677	54717037
159990286	159990646
237227707	237228067
142271487	142271847
37407341	37407701
13790696	13791056
21638135	21638495
233924902	233925262
112483373	112483733
73516521	73516881
29539866	29540226
72447384	72447744
39296317	39296677
42033432	42033792
173730107	173730467
100845432	100845792
68284819	68285179
203076751	203077111
81877671	81878031
243040649	243041009
129071218	129071578
219761522	219761882
