56538249	56538541
40566938	40567222
22460995	22461568
75242777	75243038
45410336	45410618
79888445	79888732
74913469	74913704
64445810	64446053
85874411	85874647
77925867	77926124
39109951	39110192
89959610	89959879
45722485	45722730
41196240	41196489
73928825	73929111
34635316	34635561
89750137	89750361
41758073	41758291
77835755	77835992
67196080	67196314
65810007	65810242
76440319	76440524
51178106	51178360
42281777	42281997
80285807	80286045
51169192	51169417
101629019	101629261
70805188	70805407
40337366	40337599
66790106	66790352
67155251	67155468
90863300	90863519
70780451	70780664
89600802	89601024
83679648	83679868
91429318	91429541
89448023	89448251
90418308	90418515
101548684	101548885
65020479	65020686
44955886	44956089
74419926	74420138
41149911	41150133
90304034	90304252
68966415	68966630
33992998	33993199
63779579	63779790
75092547	75092768
75497210	75497410
74731146	74731333
79476832	79477022
40397096	40397260
85471520	85471725
69768171	69768397
74257157	74257378
41151389	41151620
76431929	76432113
51673518	51673713
64237562	64237765
89974012	89974222
80748224	80748433
101458249	101458450
79320776	79320970
102181458	102181668
80145934	80146111
78251782	78251994
60800064	60800276
62126380	62126606
40613175	40613362
72448441	72448648
31421611	31421790
74927579	74927770
69755103	69755304
78715290	78715467
51200693	51200894
53072830	53072969
74674817	74674995
74615003	74615220
40571669	40571849
91475745	91475938
42376685	42376877
65590136	65590334
99322920	99323071
93352374	93352578
49268025	49268202
91477597	91477789
81558260	81558479
65102220	65102411
67749356	67749563
74265337	74265548
67239139	67239322
58024809	58024989
38732565	38732734
35261986	35262199
78488082	78488271
75080179	75080381
41186380	41186559
67143622	67143795
45145618	45145812
65346689	65346866
41522912	41523061
63340249	63340457
31727623	31727799
94663218	94663425
79001815	79001998
22462070	22462485
39872471	39872624
40714204	40714389
75063468	75063662
99620040	99620223
38991983	38992146
34659853	34660025
56783428	56783556
41074942	41075093
74284676	74284839
74200721	74200913
59785176	59785364
45497409	45497619
89901879	89902130
73419769	73419927
90016138	90016304
51484991	51485151
68852023	68852198
40630340	40630531
76483193	76483364
101547265	101547457
78400783	78400928
91790923	91791041
68545342	68545528
72492130	72492303
76443416	76443576
88790138	88790310
89954801	89954966
44870759	44870945
82400935	82401073
42352016	42352208
65197876	65198006
77789238	77789430
98964939	98965092
42103694	42103890
88993529	88993679
90283369	90283553
74924385	74924540
22436133	22436320
32943520	32943711
42066761	42066888
38856293	38856454
44061910	44062097
71741043	71741208
45455317	45455489
64183317	64183472
73557888	73558248
65596700	65596817
101798480	101798647
96900145	96900325
81567475	81567669
75321710	75321836
52500659	52500820
55582734	55582910
62127800	62127982
101413382	101413476
45997953	45998084
90190424	90190606
63902432	63902582
91499843	91500014
52371171	52371348
70752622	70752784
68155843	68156014
81558853	81559033
62352707	62352870
42996706	42996869
40812013	40812189
79272155	79272312
73997253	73997423
92926877	92927055
75127615	75127975
79632491	79632596
75660268	75660362
88817902	88818049
69687034	69687177
65677272	65677434
89560929	89561094
90844568	90844659
31780979	31781105
60813103	60813233
71117582	71117688
43219008	43219180
52068519	52068667
59249692	59249824
86397681	86397845
77316729	77316882
68599090	68599268
100296156	100296302
65128073	65128240
22836832	22836995
84228228	84228400
92640903	92641056
94867584	94867726
83917239	83917411
89089914	89090082
72519142	72519234
45329363	45329542
51455155	51455321
46006813	46006947
73969530	73969639
40971348	40971528
52274571	52274714
45751090	45751254
66149301	66149461
86402133	86402252
63385933	63386058
34354234	34354390
75194035	75194200
99202575	99202690
71407645	71407745
101555485	101555652
34502333	34502495
43668419	43668567
65023584	65023721
38983057	38983193
73992685	73992847
52519708	52519862
90514878	90515020
52432158	52432323
38975969	38976097
58363200	58363310
60878074	60878184
63034699	63034871
57852143	57852285
65611260	65611400
86383910	86384019
78405640	78405793
84811678	84811825
89721075	89721242
90630135	90630257
57834387	57834747
68842907	68843047
31489773	31489886
72072714	72073074
74189824	74189971
55460560	55460920
93631170	93631336
91445517	91445632
41849886	41850024
40882079	40882218
66911561	66911735
80465774	80465915
93461283	93461422
43577767	43578127
81068919	81069045
45459675	45459845
74667647	74667806
59430379	59430739
42196825	42196989
62637263	62637388
29432127	29432228
99753515	99753683
65930939	65931299
31507748	31507892
79673362	79673722
48799777	48799929
57853192	57853552
91475015	91475181
74666062	74666229
78533401	78533529
36793394	36793531
45491055	45491415
92625634	92625770
59825078	59825175
72093633	72093732
56138446	56138563
91599073	91599433
82490469	82490607
84107560	84107707
58519922	58520282
76025267	76025408
91191377	91191530
71735908	71736016
98985725	98985850
93258049	93258409
38682152	38682512
78259132	78259492
34029914	34030274
85839894	85840050
83680400	83680511
78910869	78910977
48644669	48645029
49527776	49528136
32954821	32955181
101167993	101168353
65678037	65678193
40636853	40637013
44196072	44196187
65693084	65693444
35370788	35370932
90441994	90442148
73014541	73014638
69758282	69758642
93573988	93574123
61209241	61209357
44611760	44611894
79032812	79033172
44069704	44069803
75335170	75335530
88874455	88874815
72605078	72605190
66896069	66896169
60619150	60619264
50295966	50296326
40509526	40509624
42426115	42426475
55401100	55401460
78423640	78424000
78162886	78163007
68128865	68129007
69770563	69770923
51425200	51425312
57598822	57599182
79043504	79043650
94707463	94707823
58474753	58475113
55940570	55940930
75061307	75061462
90701182	90701339
99062300	99062660
42942669	42943029
78113833	78114193
29382752	29383112
38646558	38646918
78469842	78469936
90686365	90686725
88787245	88787335
70759272	70759632
29267883	29268243
69351554	69351666
56189924	56190284
70021510	70021870
59793735	59794095
69168295	69168442
89672767	89673127
82232080	82232182
91768009	91768369
53489515	53489875
92620612	92620972
90614582	90614714
52623613	52623973
60017218	60017350
41198684	41198791
80534476	80534836
28331396	28331507
75976192	75976324
31151651	31151754
32160167	32160325
31782361	31782489
37176003	37176105
73533238	73533598
40660263	40660623
81772906	81773266
72022913	72023273
58335433	58335793
60472127	60472236
89985933	89986293
68846351	68846711
41222718	41223078
68503152	68503512
76094429	76094789
81586797	81587157
78292490	78292609
64338612	64338972
100890422	100890575
34880189	34880549
100882220	100882580
38184115	38184226
89437483	89437843
85421792	85422152
49714111	49714471
77265671	77266031
65393887	65394247
75494326	75494686
78600874	78600983
95120301	95120391
69217211	69217571
90836695	90836794
93064753	93065113
98452536	98452896
81693004	81693364
59821114	59821474
39000166	39000270
60651983	60652127
41896017	41896377
35581238	35581598
35000563	35000923
35736823	35737183
69121357	69121717
40322435	40322795
79030450	79030810
100244596	100244956
72963195	72963555
29395955	29396315
22467014	22467374
91593079	91593439
74595251	74595611
86273471	86273831
61487333	61487693
90762785	90763145
91685385	91685745
41314700	41315060
32270023	32270383
89422049	89422155
52069310	52069418
90099920	90100280
53027692	53028052
98854818	98855178
58158363	58158723
78202859	78202980
77478847	77479207
60209721	60210081
64359749	64360109
91814852	91815212
83518390	83518750
72036243	72036603
45471352	45471712
58153260	58153620
52548484	52548844
48542802	48543162
41184041	41184401
79202112	79202472
43517659	43518019
42064928	42065288
66116495	66116855
81398810	81399170
81262384	81262744
92249645	92250005
80527186	80527546
48577947	48578307
95802686	95803046
45691827	45692187
85197948	85198308
66208928	66209288
72565065	72565425
57632866	57633226
52180807	52181167
65903445	65903805
67725884	67726244
80142138	80142498
34402287	34402647
45418741	45419101
69868306	69868666
55509940	55510030
80711245	80711605
79100845	79101205
77411127	77411487
99640776	99641136
22472666	22473026
74243460	74243820
78195212	78195572
43806678	43807038
74613004	74613364
57430485	57430845
99602192	99602552
43496528	43496888
55731894	55732254
69076009	69076369
65504429	65504789
64044304	64044664
42349274	42349634
66483974	66484078
93579160	93579520
85498561	85498921
68675791	68676151
38295096	38295456
44358438	44358798
89902027	89902387
57113905	57114265
71104529	71104619
84049388	84049748
99644984	99645344
51791594	51791954
49154024	49154384
40602234	40602594
65326027	65326387
77926725	77927085
97778593	97778953
63758897	63759257
38766350	38766710
77327421	77327781
45030591	45030951
71303847	71304207
74166249	74166609
33967460	33967820
86408317	86408677
61079946	61080306
50608272	50608632
65325394	65325754
51942123	51942483
67145717	67146077
40799258	40799618
89244826	89245186
66678869	66679229
52758456	52758816
101797022	101797382
74600184	74600544
29394421	29394781
68943443	68943803
85587516	85587876
99813187	99813547
55700439	55700799
73598259	73598619
42677680	42678040
33584929	33585289
52475762	52476122
99394149	99394509
56081249	56081609
81274559	81274919
90764535	90764895
67066687	67067047
34533557	34533917
33228519	33228879
45927563	45927923
91236920	91237280
91846067	91846427
64978353	64978713
47488187	47488547
85113997	85114357
40167178	40167538
89942513	89942873
75086023	75086383
56091952	56092312
40094086	40094446
88787719	88788079
51829166	51829526
54375071	54375431
74782149	74782509
35212440	35212800
37103248	37103608
34256305	34256665
51573581	51573941
76349755	76350115
66859375	66859735
33136347	33136707
65563282	65563642
89714727	89715087
50967757	50968117
81628954	81629314
86029177	86029537
66154959	66155319
77400014	77400374
44876394	44876754
62841584	62841944
68075608	68075968
51675022	51675382
36043819	36044179
84703564	84703924
88998238	88998598
73565716	73566076
31492860	31493220
99826627	99826987
55818673	55819033
56788767	56789127
90216347	90216707
72095049	72095409
32267062	32267422
93340352	93340712
49438231	49438591
68447314	68447674
98835670	98836030
48650339	48650699
84704177	84704537
91576369	91576729
65481471	65481831
49338698	49339058
60621045	60621405
33378704	33379064
89377561	89377921
101829132	101829492
74835943	74836303
90829924	90830284
34027841	34028201
78200523	78200883
89167576	89167936
94870605	94870965
58562161	58562521
64361684	64362044
44511886	44512246
85201498	85201858
69815713	69816073
48280122	48280482
96888760	96889120
78774706	78775066
59983438	59983798
45002802	45003162
76478005	76478365
82432139	82432499
41624219	41624579
45906431	45906791
72892228	72892588
98971553	98971913
90038165	90038525
51694100	51694460
62546550	62546910
45076887	45077247
46604360	46604720
39418130	39418490
42429908	42430268
75135375	75135735
31731522	31731882
84240877	84241237
90905261	90905621
41187085	41187445
83669179	83669539
59539577	59539937
35811743	35812103
39978247	39978607
75940161	75940521
89157744	89158104
89019797	89020157
33313996	33314356
71944043	71944403
102192475	102192835
84642583	84642943
20561624	20561984
84692421	84692781
28368602	28368962
81071277	81071637
75600435	75600795
80061503	80061863
56344993	56345353
81447964	81448324
90293899	90294259
21927237	21927597
100889824	100890184
76221011	76221371
85832961	85833321
86775403	86775763
63580999	63581359
52509346	52509706
79152457	79152817
78167478	78167838
51695489	51695849
92396358	92396718
52093602	52093962
71014980	71015340
76020660	76021020
66544684	66545044
52027440	52027800
22511056	22511416
75986979	75987339
66273198	66273558
90043862	90044222
80860021	80860381
89200580	89200940
76102306	76102666
73089140	73089500
63891779	63892139
59704797	59705157
85712094	85712454
65693659	65694019
78931083	78931443
71777457	71777817
75280397	75280757
38172776	38173136
59914542	59914902
45599314	45599674
62774992	62775352
43479763	43480123
33508478	33508838
37427460	37427820
75978527	75978887
62363925	62364285
81288566	81288926
92769269	92769629
91025621	91025981
100468557	100468917
45750119	45750479
61459610	61459970
85388775	85389135
76527569	76527929
94540301	94540661
37398593	37398953
78192703	78193063
100270156	100270516
38287908	38288268
55727443	55727803
66129070	66129430
50651038	50651398
75248492	75248852
75074062	75074422
66579801	66580161
66121520	66121880
38543617	38543977
86159260	86159620
57210354	57210714
85131221	85131581
85142230	85142590
88148115	88148475
63695008	63695368
101840491	101840851
64302987	64303347
58731123	58731483
75930619	75930979
84506734	84507094
86048332	86048692
68831396	68831756
67373459	67373819
67131017	67131377
77195721	77196081
68126158	68126518
71867819	71868179
79327553	79327913
99447722	99448082
79299478	79299838
42763808	42764168
97789017	97789377
57438613	57438973
27134467	27134827
70271575	70271935
68570505	68570865
28371196	28371556
102042060	102042420
44793997	44794357
37426860	37427220
47763672	47764032
86683111	86683471
41165811	41166171
68608853	68609213
64455379	64455739
26179063	26179423
77835929	77836289
96870457	96870817
99884057	99884417
72077074	72077434
48933626	48933986
72045028	72045388
99424867	99425227
85369544	85369904
72578307	72578667
41988206	41988566
95213664	95214024
95835141	95835501
89182035	89182395
55806056	55806416
77133231	77133591
29227515	29227875
56285712	56286072
44164650	44165010
75801255	75801615
33248206	33248566
101693027	101693387
98628268	98628628
52198076	52198436
84403321	84403681
58513830	58514190
101816673	101817033
70655293	70655653
81400793	81401153
58157516	58157876
72765891	72766251
43663665	43664025
84915287	84915647
92634330	92634690
71825274	71825634
54100297	54100657
64275465	64275825
41234065	41234425
78077304	78077664
79165854	79166214
57506017	57506377
33518795	33519155
64441597	64441957
23887549	23887909
101466484	101466844
62941169	62941529
40049085	40049445
83876943	83877303
73076516	73076876
66161699	66162059
91811825	91812185
92934872	92935232
57161779	57162139
95125596	95125956
75591564	75591924
33601691	33602051
50344049	50344409
48629141	48629501
77159068	77159428
89899918	89900278
44174148	44174508
58043415	58043775
38056862	38057222
90776432	90776792
62599115	62599475
35498502	35498862
58358501	58358861
79603355	79603715
56541279	56541639
60043987	60044347
102195056	102195416
81269872	81270232
67532623	67532983
99949242	99949602
66990730	66991090
50408684	50409044
48377277	48377637
69022754	69023114
77323706	77324066
86374744	86375104
87286543	87286903
66680085	66680445
80188857	80189217
59050361	59050721
78534474	78534834
89207658	89208018
61913305	61913665
64973647	64974007
59063339	59063699
79103852	79104212
40859353	40859713
75745214	75745574
77909857	77910217
67596134	67596494
31186703	31187063
49093264	49093624
59131729	59132089
99190762	99191122
44838080	44838440
33424954	33425314
56066569	56066929
89011426	89011786
49508572	49508932
46082562	46082922
60419778	60420138
40628961	40629321
65187580	65187940
63140108	63140468
46087670	46088030
57032442	57032802
40078666	40079026
89786902	89787262
64183425	64183785
30032898	30033258
100672168	100672528
54255162	54255522
70390238	70390598
56721091	56721451
55489133	55489493
52755791	52756151
56210063	56210423
53879027	53879387
73536685	73537045
33526124	33526484
40599756	40600116
75335853	75336213
40615477	40615837
39145836	39146196
84234332	84234692
62164123	62164483
79048570	79048930
59272532	59272892
44231285	44231645
44885153	44885513
45903539	45903899
91361891	91362251
67215729	67216089
65378661	65379021
75933195	75933555
66526415	66526775
48003875	48004235
45569079	45569439
33534873	33535233
40574643	40575003
41038667	41039027
69557709	69558069
72634736	72635096
74346379	74346739
42358685	42359045
60964602	60964962
66274619	66274979
67793533	67793893
84864320	84864680
91147170	91147530
79317638	79317998
99901827	99902187
92622297	92622657
52052031	52052391
57819710	57820070
62533348	62533708
27262349	27262709
30218043	30218403
93497821	93498181
76626190	76626550
45749743	45750103
66339081	66339441
55933829	55934189
78608003	78608363
41206656	41207016
40994281	40994641
40399101	40399461
48404444	48404804
50168976	50169336
38706567	38706927
74604102	74604462
74358119	74358479
25955262	25955622
66377508	66377868
60843840	60844200
93226726	93227086
71395460	71395820
23742804	23743164
74340661	74341021
27136497	27136857
100450177	100450537
43560945	43561305
76633312	76633672
41229170	41229530
76935072	76935432
90035259	90035619
82339443	82339803
102313977	102314337
25683396	25683756
51575309	51575669
73756956	73757316
52546558	52546918
77952100	77952460
96370081	96370441
74425563	74425923
66693819	66694179
33494136	33494496
48699125	48699485
88801484	88801844
77947345	77947705
90316299	90316659
50437606	50437966
84326270	84326630
81702637	81702997
72754431	72754791
43477938	43478298
48205052	48205412
101212189	101212549
49258204	49258564
90431483	90431843
76013406	76013766
31658024	31658384
50474191	50474551
92597202	92597562
59453402	59453762
76577578	76577938
84662392	84662752
70971963	70972323
71185322	71185682
31747719	31748079
39875651	39876011
89547390	89547750
41477045	41477405
91141421	91141781
92820995	92821355
42883818	42884178
73373710	73374070
51166024	51166384
22833161	22833521
75890078	75890438
72825401	72825761
82513892	82514252
53076091	53076451
60289242	60289602
30953301	30953661
80383243	80383603
76214181	76214541
29960347	29960707
101475082	101475442
68198722	68199082
67081432	67081792
68598494	68598854
51522027	51522387
57795524	57795884
59652500	59652860
33287056	33287416
64385249	64385609
100879196	100879556
63797747	63798107
69323797	69324157
102118793	102119153
60942394	60942754
42229458	42229818
66978016	66978376
75824764	75825124
31595312	31595672
101661782	101662142
38856840	38857200
34286245	34286605
74073651	74074011
43775497	43775857
62358977	62359337
45685988	45686348
101860950	101861310
69328012	69328372
25753584	25753944
57309214	57309574
26028669	26029029
101810095	101810455
31780037	31780397
59062681	59063041
39605196	39605556
66998480	66998840
76351170	76351530
101112600	101112960
74688923	74689283
85114199	85114559
63074205	63074565
79422907	79423267
85957760	85958120
74426801	74427161
22509163	22509523
54161223	54161583
59225970	59226330
75090694	75091054
71732869	71733229
95069322	95069682
52209709	52210069
81148730	81149090
70861480	70861840
32396661	32397021
66791184	66791544
79630928	79631288
58809354	58809714
79588926	79589286
82573626	82573986
89440681	89441041
71418411	71418771
93442788	93443148
80602134	80602494
94711490	94711850
52455742	52456102
79477520	79477880
98721228	98721588
73852913	73853273
85861167	85861527
41230271	41230631
27304768	27305128
45814547	45814907
71678789	71679149
59668937	59669297
50167643	50168003
65032723	65033083
52338241	52338601
26505697	26506057
34902665	34903025
64501918	64502278
45866219	45866579
40646556	40646916
101409795	101410155
68487331	68487691
44487502	44487862
77942654	77943014
31754341	31754701
44828691	44829051
98442227	98442587
61224792	61225152
45005842	45006202
30367485	30367845
40401217	40401577
41877939	41878299
43435828	43436188
45091026	45091386
43733020	43733380
75132344	75132704
73345307	73345667
46007745	46008105
41184249	41184609
32941541	32941901
57933125	57933485
41056057	41056417
52019753	52020113
95569377	95569737
22387474	22387834
93595752	93596112
78689258	78689618
39464261	39464621
69794849	69795209
45545619	45545979
63458427	63458787
52263579	52263939
34913870	34914230
80966144	80966504
96465659	96466019
75566765	75567125
78194284	78194644
67258636	67258996
61476653	61477013
44719125	44719485
100243859	100244219
59467047	59467407
70272696	70273056
51981104	51981464
70552148	70552508
31734852	31735212
64945995	64946355
44591109	44591469
50440566	50440926
75326165	75326525
45911094	45911454
71200098	71200458
40837614	40837974
63823826	63824186
58035680	58036040
61191091	61191451
38364639	38364999
80659461	80659821
72674541	72674901
60033516	60033876
45402459	45402819
58505152	58505512
68522370	68522730
41873275	41873635
93155661	93156021
90319796	90320156
99911715	99912075
60884885	60885245
53676589	53676949
61197781	61198141
100924010	100924370
72920630	72920990
90039429	90039789
69595683	69596043
65133610	65133970
74676047	74676407
101792260	101792620
57834587	57834947
45670275	45670635
61256813	61257173
59924928	59925288
56578440	56578800
32949723	32950083
74329225	74329585
44824965	44825325
98838412	98838772
30040029	30040389
32268035	32268395
74666935	74667295
71761728	71762088
96898285	96898645
27109864	27110224
78731233	78731593
61343703	61344063
43511185	43511545
73063298	73063658
79885483	79885843
70506678	70507038
91329550	91329910
64118711	64119071
69453931	69454291
74220018	74220378
44842543	44842903
65301348	65301708
51579038	51579398
42222667	42223027
102195258	102195618
65579129	65579489
80952465	80952825
71266377	71266737
57933665	57934025
41624419	41624779
31093350	31093710
75871614	75871974
41579595	41579955
79832910	79833270
84788147	84788507
48280753	48281113
44067625	44067985
67906056	67906416
73127652	73128012
45996234	45996594
46596560	46596920
34815981	34816341
100044965	100045325
61012326	61012686
42186898	42187258
70364912	70365272
84864549	84864909
52554014	52554374
45507656	45508016
50914553	50914913
81626229	81626589
23061118	23061478
65888305	65888665
27603995	27604355
66880903	66881263
85997669	85998029
39283383	39283743
45560344	45560704
70647633	70647993
74436733	74437093
72143207	72143567
99348964	99349324
87459029	87459389
65781479	65781839
91234634	91234994
96303721	96304081
61411129	61411489
101389694	101390054
88736648	88737008
40179973	40180333
54009127	54009487
40564885	40565245
25939029	25939389
64679733	64680093
76483721	76484081
68343599	68343959
55856525	55856885
69518138	69518498
25006892	25007252
97436521	97436881
76622655	76623015
74753216	74753576
67198328	67198688
100501255	100501615
70015709	70016069
79510949	79511309
43093251	43093611
58477650	58478010
49517862	49518222
70503001	70503361
44557936	44558296
85181427	85181787
84105346	84105706
91642905	91643265
63340356	63340716
69896367	69896727
44580487	44580847
77263175	77263535
66300049	66300409
46384070	46384430
101173158	101173518
64982791	64983151
48503448	48503808
23712242	23712602
82574740	82575100
98298373	98298733
89875635	89875995
60056970	60057330
68124341	68124701
25746983	25747343
92392922	92393282
89943063	89943423
78287290	78287650
78577106	78577466
27083867	27084227
34650520	34650880
45490427	45490787
52970300	52970660
52074555	52074915
28343892	28344252
79206302	79206662
33915222	33915582
80988766	80989126
29695974	29696334
81549369	81549729
89013884	89014244
23152746	23153106
80767922	80768282
71146988	71147348
85856030	85856390
73448798	73449158
20398188	20398548
94956196	94956556
93584820	93585180
66373410	66373770
67236022	67236382
74010129	74010489
52405963	52406323
89454260	89454620
75101250	75101610
33190611	33190971
89577497	89577857
42208662	42209022
59398080	59398440
100284349	100284709
62314198	62314558
85292720	85293080
35311203	35311563
77386721	77387081
82105521	82105881
41799212	41799572
79199935	79200295
70042102	70042462
50606583	50606943
49763423	49763783
78473308	78473668
77841583	77841943
64648713	64649073
43816624	43816984
45517795	45518155
57371650	57372010
31391502	31391862
81649513	81649873
77306100	77306460
72335174	72335534
93877215	93877575
25985037	25985397
99579134	99579494
69083705	69084065
100052566	100052926
63438879	63439239
75076779	75077139
41095978	41096338
78164379	78164739
70392766	70393126
93481582	93481942
99496141	99496501
73576439	73576799
99111586	99111946
60371416	60371776
31326470	31326830
71167353	71167713
91524998	91525358
29039441	29039801
39446328	39446688
58675957	58676317
89950519	89950879
82101912	82102272
42264826	42265186
67357253	67357613
31047240	31047600
48940167	48940527
52313516	52313876
45018747	45019107
76177443	76177803
101450395	101450755
63798609	63798969
73617590	73617950
64388886	64389246
52404535	52404895
83478563	83478923
22512262	22512622
91440400	91440760
22387686	22388046
102264265	102264625
24123065	24123425
78419032	78419392
86303591	86303951
22423200	22423560
64435499	64435859
39061206	39061566
64719072	64719432
81444698	81445058
75091859	75092219
57372595	57372955
95567680	95568040
70388303	70388663
100337247	100337607
23874361	23874721
66220659	66221019
29636667	29637027
62351275	62351635
81467259	81467619
52228365	52228725
62417016	62417376
79082344	79082704
70557938	70558298
60167313	60167673
74400945	74401305
91073142	91073502
85956608	85956968
66512883	66513243
41487312	41487672
38854478	38854838
77711819	77712179
72765212	72765572
23894061	23894421
63495889	63496249
60286027	60286387
42783040	42783400
22988341	22988701
83349134	83349494
92511879	92512239
31437589	31437949
58601010	58601370
66237989	66238349
55810893	55811253
62983202	62983562
31471936	31472296
33452224	33452584
80150775	80151135
40630449	40630809
62683986	62684346
64752238	64752598
29987699	29988059
42098787	42099147
39886176	39886536
70785060	70785420
52971056	52971416
81203404	81203764
29381889	29382249
82397855	82398215
68664898	68665258
94697458	94697818
102417927	102418287
85414741	85415101
52396989	52397349
43015293	43015653
74504961	74505321
52821287	52821647
99495398	99495758
74588161	74588521
83474822	83475182
100337545	100337905
79502091	79502451
91436335	91436695
89864799	89865159
30918152	30918512
84415828	84416188
79464332	79464692
38273976	38274336
75268467	75268827
34021893	34022253
68923121	68923481
45379730	45380090
70307397	70307757
86345865	86346225
86658400	86658760
44536053	44536413
91536141	91536501
31570340	31570700
38719611	38719971
93237219	93237579
76603965	76604325
101557604	101557964
45314666	45315026
92748727	92749087
93197368	93197728
76917659	76918019
33684694	33685054
40339003	40339363
82374204	82374564
41953200	41953560
33173728	33174088
83002075	83002435
100521374	100521734
51914053	51914413
42663339	42663699
43803718	43804078
35272609	35272969
41099122	41099482
71549298	71549658
78361224	78361584
89670540	89670900
75129808	75130168
79322831	79323191
52121726	52122086
32179356	32179716
31645322	31645682
63796094	63796454
85141446	85141806
91186028	91186388
41136643	41137003
73532130	73532490
101203223	101203583
64278822	64279182
92621582	92621942
60876149	60876509
84444522	84444882
78368514	78368874
42508633	42508993
81491842	81492202
58982963	58983323
85524381	85524741
51694305	51694665
60861348	60861708
73541933	73542293
93456511	93456871
34505983	34506343
79500531	79500891
83419588	83419948
45428639	45428999
60771262	60771622
64429543	64429903
98288770	98289130
54103661	54104021
91088369	91088729
59836126	59836486
74365315	74365675
87167836	87168196
