195577775	195578088
48477449	48477715
46530220	46530485
52481103	52481372
127293884	127294126
50653403	50653659
113006992	113007231
46120396	46120646
46671514	46671769
51976097	51976354
15244250	15244506
128399581	128399843
39329902	39330144
134027277	134027518
64009123	64009383
136751318	136751556
115538683	115538941
185661347	185661583
170131962	170132210
140911153	140911410
3221344	3221574
38692789	38692987
51703348	51703584
16219907	16220147
137787493	137787706
183602637	183602838
52008019	52008255
8811079	8811333
5022028	5022279
158362119	158362340
13692022	13692239
38038419	38038608
185378277	185378472
116489746	116489969
195586254	195586466
192162388	192162578
186332719	186332938
13133713	13133946
14962738	14962939
115503409	115503642
5163749	5163979
53230016	53230221
53106750	53106984
42141361	42141577
50310395	50310639
13689826	13690021
38159548	38159775
52035535	52035787
67164323	67164529
56528832	56529034
139048244	139048470
136471150	136471376
50283682	50283923
13537839	13538056
49059381	49059595
58291774	58292015
40626111	40626321
159706377	159706596
194193094	194193303
50263570	50263784
40622082	40622284
17882821	17883017
40369164	40369372
47462611	47462812
185977391	185977604
49208511	49208705
50557002	50557210
59561205	59561410
134319763	134319954
133931828	133932023
5468129	5468316
69170126	69170324
128336560	128336794
194403409	194403619
141160315	141160526
187457803	187458002
156956980	156957189
141363771	141363956
186334919	186335129
150505639	150505820
25689641	25689824
58518564	58518773
46599864	46600071
156799629	156799812
167098075	167098292
45701610	45701811
126701375	126701582
24040511	24040701
58153166	58153353
141456984	141457163
183968128	183968340
37000307	37000472
120277833	120278028
9012739	9012923
194054560	194054765
194827233	194827459
45970633	45970817
15309517	15309731
73150306	73150504
197325977	197326169
70169605	70169820
141280364	141280581
172384713	172384890
50230111	50230305
194992326	194992501
52157226	52157435
59843569	59843755
9544964	9545175
71924626	71924841
52178418	52178606
48586282	48586421
12176625	12176819
33414457	33414637
169581293	169581480
148991008	148991188
39333418	39333622
12933578	12933776
184521151	184521371
143393285	143393457
126471150	126471325
32509405	32509619
33116057	33116240
187037563	187037739
48193107	48193263
111762570	111762717
12761643	12761809
51008963	51009151
50297473	50297662
185695286	185695496
113871358	113871539
170529872	170530058
126398139	126398344
46746601	46746747
52265618	52265795
124480176	124480351
128327284	128327457
97438144	97438335
52254525	52254705
50609613	50609795
51716214	51716398
38562979	38563165
124187135	124187320
39041569	39041723
197632940	197633110
58163514	58163696
15149694	15149871
42485432	42485618
12748052	12748227
124620255	124620454
45698344	45698529
53148021	53148215
114009787	114009984
9109125	9109309
97758222	97758430
16592396	16592581
196564823	196565021
125156729	125156933
126241234	126241389
111830736	111830920
10385917	10386084
50651609	50651783
195923575	195923757
69210823	69211024
114102712	114102889
69355608	69355792
107646445	107646623
187465853	187466052
42589026	42589203
38044935	38045114
187397513	187397696
195641994	195642163
58449520	58449679
159523038	159523221
129346839	129347039
43810995	43811179
42232765	42232916
112754321	112754505
9394952	9395102
46908311	46908504
112770168	112770312
127794511	127794675
138136431	138136610
182401468	182401658
18336848	18337005
172179422	172179596
58203017	58203185
14675418	14675597
20381908	20382074
16288913	16289084
73551927	73552104
123047745	123047933
40350945	40351120
57134257	57134405
120136117	120136314
137837832	137838009
14302728	14302900
13036540	13036725
184135740	184135920
51536130	51536314
12236234	12236400
111436473	111436663
134513796	134513983
46951126	46951250
194064742	194064936
183735263	183735461
112361872	112362012
25938617	25938796
45079291	45079447
124278786	124278962
183100289	183100471
138642372	138642547
48701558	48701708
187432315	187432473
15419876	15419976
197237016	197237376
122473812	122473965
156391813	156391967
48595677	48595846
38016240	38016412
118960429	118960588
89148247	89148423
11888351	11888536
138313654	138313778
189679452	189679619
133142511	133142697
46936789	46936940
128689184	128689368
150945608	150945717
196756701	196756885
51426859	51427007
118536658	118536819
176590614	176590787
53253995	53254195
125304607	125304738
45082289	45082475
39489505	39489608
48031544	48031707
118347704	118347869
122661821	122661988
39419727	39419863
45980344	45980547
37896991	37897135
47866355	47866502
67022330	67022501
119319697	119319835
101947995	101948158
12909513	12909695
155868367	155868494
131748232	131748409
108634057	108634156
135794191	135794323
123005225	123005397
120514003	120514156
117716414	117716599
50579982	50580160
113557496	113557678
127813980	127814340
123208358	123208525
155524002	155524159
142547673	142547812
49840095	49840233
14245049	14245236
10266735	10266850
49876743	49876929
132071504	132071649
108125554	108125694
172050405	172050565
128880500	128880686
184279115	184279260
149939148	149939323
53168718	53169078
129118530	129118654
8281525	8281689
51428434	51428614
137690148	137690313
129209139	129209277
51671996	51672154
40233432	40233610
141178964	141179324
118603622	118603791
190602102	190602248
158445648	158445800
183613092	183613268
63979404	63979517
49741003	49741115
124283885	124284036
38521451	38521580
123442532	123442712
141170978	141171124
49709251	49709419
27175787	27175915
115533797	115533926
10206408	10206573
172428940	172429117
136829330	136829499
49577171	49577350
38537637	38537808
123361395	123361514
129102199	129102335
121811501	121811603
186857563	186857712
47563678	47563861
64519388	64519540
64470190	64470362
128964663	128964839
159040240	159040393
57204261	57204434
187458612	187458972
170028032	170028187
32989316	32989474
58626343	58626703
4332092	4332190
196255786	196255885
48274262	48274378
150643544	150643687
69459598	69459751
58615963	58616132
169755629	169755790
127263216	127263355
58173541	58173707
172314014	172314159
75241323	75241451
159750109	159750281
184089416	184089582
87820514	87820686
59299184	59299326
66458279	66458468
53409146	53409279
105088707	105088873
121977781	121977875
98062908	98063003
195621586	195621807
87399897	87400013
188466907	188467061
106328674	106328819
178733431	178733561
141030695	141030832
47040180	47040309
50158954	50159314
97742197	97742329
111686645	111686765
101522168	101522300
133103304	133103664
100789126	100789486
46249887	46250028
149198315	149198421
47517466	47517602
9974561	9974723
58554375	58554538
149205548	149205644
12883290	12883465
157583138	157583498
129653355	129653715
151186186	151186354
196336229	196336390
149212094	149212226
38008900	38009055
181419974	181420126
102392460	102392628
149230200	149230323
157324375	157324735
38388096	38388216
179040612	179040751
149654518	149654878
170881101	170881198
48545196	48545324
149111254	149111392
113296822	113296981
54462417	54462573
133382682	133382805
184231640	184231814
194033564	194033726
133537788	133537947
129995138	129995298
119539950	119540119
50473483	50473843
13699432	13699590
56591598	56591958
36742576	36742736
141594324	141594684
48442382	48442500
88252826	88252950
13927023	13927170
85625370	85625488
46317996	46318356
130611853	130612005
45802738	45802856
192185045	192185405
50362010	50362370
53744313	53744461
185025909	185026269
164924630	164924745
9344408	9344528
150863925	150864065
184258979	184259143
32218875	32218965
126108215	126108317
160131552	160131702
196669278	196669429
116477156	116477292
123371315	123371462
44955415	44955775
99527184	99527287
101292515	101292650
159724478	159724569
184072068	184072428
186938079	186938217
24722079	24722210
14822565	14822685
128145160	128145520
164903637	164903763
124407698	124408058
134474128	134474219
172195081	172195441
28709241	28709359
179276693	179276846
64016339	64016699
42872752	42873112
97758529	97758703
71779125	71779241
82182258	82182354
172468262	172468412
131513732	131513857
153486785	153486912
42922573	42922735
187036691	187036836
15671638	15671998
149489581	149489714
138198294	138198412
176656916	176657057
8664610	8664970
54887980	54888087
156258975	156259124
44240246	44240360
10825187	10825277
52968765	52968878
24279650	24279766
167765100	167765248
170408283	170408439
103992000	103992155
15093163	15093272
196411777	196412137
169531505	169531865
150439077	150439437
50311740	50312100
43897295	43897423
132118285	132118416
37821065	37821425
185701433	185701547
32551718	32551870
193290324	193290444
168867097	168867457
56889994	56890123
197228827	197229187
73557505	73557865
149526141	149526235
135613966	135614326
93723274	93723411
48673254	48673372
106954805	106954920
66872716	66873076
156100355	156100488
48236043	48236161
137771161	137771293
53333566	53333926
98048389	98048749
49486547	49486907
128513895	128514255
194294642	194294782
39540099	39540459
32219485	32219633
32823053	32823194
110033402	110033762
33829060	33829153
43419789	43419913
106783421	106783551
150886187	150886304
124869376	124869736
42581387	42581747
8153042	8153145
63804332	63804475
49025376	49025471
193179557	193179690
141173889	141174029
189685054	189685414
107148765	107149125
63336855	63337215
27700800	27700928
56285534	56285651
108800997	108801125
11025021	11025381
4753071	4753431
161569880	161570009
16331934	16332076
181418229	181418589
179529409	179529769
10780661	10780785
65718172	65718272
161277330	161277441
46419993	46420093
120280209	120280300
183103904	183104028
19584749	19585109
49377975	49378335
115411893	115411999
14550502	14550622
108769437	108769797
185959627	185959987
153970850	153971210
122111733	122112093
196913965	196914106
98321046	98321151
31490026	31490386
184495554	184495914
71730420	71730530
172391088	172391189
141079700	141080060
195589939	195590299
45553083	45553189
177495562	177495922
122397988	122398348
19908249	19908609
4675079	4675439
111855935	111856295
116738094	116738203
13503099	13503459
187456738	187456834
133916625	133916759
69021540	69021900
152242339	152242699
53972662	53973022
158635703	158636063
6841120	6841253
13025710	13026070
14967162	14967522
70157243	70157603
184261893	184261983
115858937	115859297
158509126	158509486
128745924	128746284
39072310	39072670
132062003	132062093
87018946	87019306
68925390	68925530
125917113	125917473
135222713	135223073
190040141	190040501
188672410	188672770
48777389	48777749
42288983	42289343
160659731	160660091
14509709	14509807
138655043	138655403
191906025	191906385
185071998	185072149
140718886	140719246
159721355	159721715
179033785	179034145
27353576	27353936
30735167	30735270
34148300	34148660
5178348	5178708
100309533	100309636
196705541	196705901
160638815	160639175
55468798	55469158
143604668	143605028
152192374	152192734
114811097	114811201
39142604	39142964
93968361	93968721
49051642	49051767
81631161	81631521
127689830	127690190
137511515	137511875
72871529	72871889
103821160	103821520
30810216	30810576
127174388	127174748
12851520	12851880
113631916	113632013
46410120	46410480
47879281	47879415
139146387	139146747
136732749	136733109
47555152	47555512
65658573	65658933
155869627	155869987
18799616	18799976
32217126	32217486
183945262	183945394
33925068	33925182
49131932	49132292
184998561	184998921
136840710	136840815
36885150	36885510
101355200	101355298
148661363	148661723
10983753	10984113
25482744	25483104
62174670	62174769
191134928	191135027
16090189	16090549
52505971	52506331
15160239	15160334
99973054	99973414
23001859	23002219
124714269	124714629
3242456	3242558
25074932	25075292
140730355	140730715
45634623	45634983
40358567	40358927
111387771	111388131
172393386	172393746
4039875	4040235
187459811	187460171
98891903	98892263
185960349	185960709
145907371	145907731
127371008	127371368
56481148	56481508
182840141	182840501
131753745	131754105
191848327	191848687
124647566	124647710
51753139	51753499
131268211	131268571
193505911	193506271
185394994	185395354
40220470	40220830
64449235	64449595
149901946	149902306
58980630	58980724
99218049	99218409
188988020	188988380
4392510	4392870
52016461	52016821
81539628	81539988
141632074	141632434
67040245	67040605
32338220	32338580
50587665	50587788
2197949	2198309
186784464	186784824
48315103	48315463
197669868	197670228
49943724	49944084
114137567	114137927
99787614	99787974
61922034	61922394
51833918	51834278
50264918	50265020
128157367	128157727
195980431	195980791
14589785	14590145
183187235	183187358
58477618	58477722
42785743	42786103
129661071	129661431
109450718	109451078
36910361	36910721
56836155	56836515
113463986	113464346
69373512	69373872
156855231	156855591
128594411	128594771
5347069	5347429
5099461	5099821
67840497	67840857
143670241	143670601
78694911	78695271
98376315	98376675
138047947	138048307
193323685	193324045
186258303	186258663
108208538	108208898
120137741	120138101
130478694	130478824
396055	396415
180629937	180630297
99405860	99406220
74316758	74317118
151556802	151557162
75692130	75692490
178103137	178103497
42160264	42160624
140824622	140824982
9542217	9542577
50231925	50232285
88162745	88163105
12217355	12217715
149945560	149945920
139847414	139847774
32185647	32186007
133930679	133931039
23930116	23930476
61356960	61357053
48646974	48647334
63335274	63335634
52462551	52462911
99809194	99809554
142712817	142713177
158512756	158513116
8459088	8459448
58400344	58400704
73135173	73135533
19390418	19390778
44364861	44365221
128772216	128772576
42613827	42614187
161023166	161023526
118601221	118601581
122279499	122279859
197894373	197894733
111258585	111258945
33173150	33173510
160992482	160992842
112453566	112453926
50628314	50628674
179646856	179647216
46414018	46414378
121820422	121820782
131929641	131930001
132760081	132760441
13457970	13458330
188865822	188866182
129369112	129369472
196696744	196697104
147079628	147079988
39231293	39231653
184007190	184007550
112238286	112238646
14503244	14503604
139656530	139656890
66428674	66429034
148665065	148665425
157290366	157290726
190529581	190529941
18600884	18601244
188759298	188759658
185973420	185973780
137665251	137665611
157250377	157250737
27753693	27753794
51409406	51409766
150874448	150874808
66988787	66989147
141998859	141999219
57993921	57994017
171490261	171490621
137411666	137412026
149070259	149070619
131972109	131972469
27399156	27399516
124269285	124269645
130257872	130258232
136110464	136110824
138634354	138634467
69474428	69474788
99472244	99472604
112012177	112012537
55215009	55215369
24306162	24306522
111707943	111708303
138830673	138831033
195800128	195800488
113455318	113455678
52446097	52446457
185486287	185486647
194722675	194723035
139935102	139935462
183484819	183485179
123277902	123278262
85616249	85616609
38045884	38046244
170767627	170767987
127786923	127787283
146909580	146909940
62651503	62651863
107872232	107872592
120226037	120226397
10800250	10800610
158377475	158377835
119278331	119278691
59038560	59038920
187334096	187334456
135969011	135969371
81959404	81959764
96581982	96582342
34302112	34302472
158152212	158152572
97512278	97512638
133646428	133646788
136824111	136824471
47365792	47366152
100181903	100182000
140998152	140998512
54864713	54865073
97907393	97907753
39249960	39250320
141088929	141089289
132378148	132378508
44277451	44277811
151157402	151157762
39002490	39002850
45034094	45034454
56736533	56736893
127945652	127946012
56337642	56338002
32975652	32976012
171332303	171332663
52325445	52325805
129047526	129047886
108381017	108381377
10987366	10987726
57029437	57029797
25574259	25574619
124487668	124488028
12521356	12521716
17454475	17454835
156166102	156166462
108196392	108196752
194354043	194354403
170905538	170905898
141022245	141022605
156167807	156168167
108742556	108742916
52776442	52776802
127550703	127551063
24227396	24227756
48199594	48199954
72004610	72004970
9828536	9828896
101414611	101414971
155040861	155041221
81715695	81716055
57022918	57023278
114759531	114759891
156848415	156848775
151901238	151901598
96531998	96532358
11845455	11845815
46491303	46491663
48723340	48723509
17300341	17300701
129035428	129035788
181427316	181427676
48774355	48774715
143152606	143152966
172207921	172208281
9029617	9029977
122102860	122103220
5017836	5018196
119963079	119963439
14832820	14833180
15373933	15374293
194392175	194392535
111732383	111732743
15599082	15599442
52419224	52419584
194125392	194125752
52833083	52833443
10024622	10024982
42881159	42881519
20553273	20553633
181044429	181044789
24815279	24815639
37254504	37254864
87309349	87309709
101528058	101528418
15030451	15030811
182428384	182428744
72715310	72715670
99364172	99364532
105405163	105405523
169684315	169684675
138634769	138635129
50690221	50690581
5068555	5068915
73481590	73481950
79135590	79135950
52885410	52885770
70139490	70139850
64384877	64385237
65327758	65328118
27722695	27723055
25898442	25898802
136477323	136477683
48693529	48693889
13938065	13938425
112046213	112046573
49195526	49195886
193498544	193498904
35949899	35950259
30240595	30240955
17274881	17275241
99508230	99508590
153735901	153736261
674256	674616
182431849	182432209
179367383	179367743
46256156	46256516
118864233	118864593
28958129	28958489
112156467	112156827
114245918	114246278
59197855	59198215
48989947	48990307
16870287	16870647
44155678	44156038
116583200	116583560
152760837	152761197
127852353	127852713
88229568	88229928
173246871	173247231
49756738	49757098
134192796	134193156
67160185	67160545
153688553	153688913
67432116	67432476
8343708	8344068
70113337	70113697
158981545	158981905
119529024	119529384
151097145	151097505
42822282	42822642
114546346	114546706
184186208	184186568
129543803	129544163
38173099	38173459
45252050	45252410
36582416	36582776
193687952	193688312
149248440	149248800
194315426	194315786
182335917	182336277
118817477	118817837
184894575	184894935
172341021	172341381
118993778	118994138
79410943	79411303
31592201	31592561
139938898	139939258
13494254	13494614
149435244	149435604
123270952	123271312
190102062	190102422
171421842	171422202
142647975	142648335
63947510	63947870
66304423	66304783
158390377	158390737
123965874	123966234
167883440	167883800
149008954	149009314
38669459	38669819
150102700	150103060
46889958	46890318
13271133	13271493
36770956	36771316
123798201	123798561
171284643	171285003
180397840	180398200
100035408	100035768
87217024	87217384
186539249	186539609
170128249	170128609
44574300	44574660
71760067	71760427
65736787	65737147
189666264	189666624
39709930	39710290
167402199	167402559
114936429	114936789
38780148	38780508
87553070	87553430
167458780	167459140
47206113	47206473
155761642	155762002
169772025	169772385
15446938	15447298
41922752	41923112
158563574	158563934
61367484	61367844
112301100	112301460
197180904	197181264
141193075	141193435
70408158	70408518
158847906	158848266
194991447	194991807
123437979	123438339
133649195	133649555
69488866	69489226
42270287	42270647
28358949	28359309
11278306	11278666
132445158	132445518
115555838	115556198
66623803	66624163
107379245	107379605
16642770	16643130
141899630	141899990
121714370	121714730
28370057	28370417
172554214	172554574
158970605	158970965
108537260	108537620
169480683	169481043
21525827	21526187
158977875	158978235
50226741	50227101
150583076	150583436
184445262	184445622
113874265	113874625
13535934	13536294
52478963	52479323
52854804	52855164
182906692	182907052
148673254	148673614
156919468	156919828
46129373	46129733
127125079	127125439
152189789	152190149
148027209	148027569
98536312	98536672
25635546	25635906
55756177	55756537
184988332	184988692
170217374	170217734
119610798	119611158
125691234	125691594
113345629	113345989
45029598	45029958
81351129	81351489
107140063	107140423
172059306	172059666
141681382	141681742
157335919	157336279
62608267	62608627
132254845	132255205
195285347	195285707
140950404	140950764
33185972	33186332
11102400	11102760
39106703	39107063
14715254	14715614
50384646	50385006
75601273	75601633
168582733	168583093
169906926	169907286
52373578	52373938
150021552	150021912
30083766	30084126
186882885	186883245
158031137	158031497
3057209	3057569
509875	510235
152161845	152162205
72924673	72925033
56374517	56374877
196264204	196264564
192534065	192534425
163208031	163208391
48514583	48514943
53080568	53080928
98742410	98742770
98078878	98079238
185276836	185277196
128506126	128506486
150548121	150548481
10364007	10364367
145494555	145494915
186567166	186567526
3237834	3238194
179468551	179468911
99251130	99251490
88052330	88052690
171364162	171364522
169386879	169387239
17073922	17074282
131725466	131725826
50648863	50649223
192284479	192284839
49878593	49878953
184081036	184081396
53144206	53144566
168338648	168339008
16290856	16291216
162774692	162775052
119400152	119400512
87347267	87347627
135797641	135798001
122977682	122978042
53547654	53548014
56381242	56381602
194980762	194981122
101944242	101944602
19926886	19927246
10925203	10925563
26753914	26754274
22605594	22605954
124000589	124000949
124910927	124911287
159602586	159602946
153313023	153313383
130752338	130752698
53194512	53194872
185293217	185293577
22929182	22929542
117617614	117617974
107565107	107565467
99562100	99562460
103710285	103710645
125852978	125853338
129548434	129548794
83572644	83573004
128564743	128565103
13349999	13350359
58571049	58571409
34725367	34725727
152292283	152292643
197281489	197281849
167758420	167758780
75471245	75471605
167806154	167806514
70599893	70600253
122018721	122019081
71635700	71636060
16968988	16969348
42543138	42543498
135761485	135761845
128503102	128503462
187396686	187397046
42791464	42791824
104315438	104315798
8705174	8705534
150213387	150213747
178864930	178865290
113563509	113563869
171547764	171548124
123698659	123699019
134211338	134211698
39748821	39749181
197476442	197476802
148838054	148838414
102255354	102255714
66124348	66124708
176532078	176532438
58285838	58286198
117438205	117438565
31737025	31737385
55519135	55519495
48506786	48507146
73046869	73047229
34056995	34057355
75478789	75479149
117245341	117245701
157211436	157211796
124860771	124861131
160204194	160204554
134198390	134198750
49332882	49333242
13541639	13541999
64561175	64561535
40032075	40032435
81809991	81810351
122017071	122017431
106924984	106925344
67408276	67408636
93755785	93756145
98315773	98316133
58293372	58293732
14257703	14258063
32775119	32775479
137899472	137899832
196983706	196984066
151636061	151636421
196729552	196729912
47841253	47841613
171552007	171552367
16360839	16361199
71975358	71975718
46887334	46887694
140617178	140617538
195906727	195907087
64230048	64230408
8809446	8809806
127509949	127510309
53955370	53955730
11101235	11101595
65770751	65771111
143691904	143692264
155100208	155100568
104347073	104347433
142705943	142706303
66327100	66327460
30821191	30821551
32060559	32060919
192633081	192633441
72867292	72867652
58159554	58159914
125647999	125648359
38688077	38688437
118753650	118754010
113212944	113213304
138698568	138698928
86612532	86612892
69062650	69063010
57146353	57146713
16925522	16925882
127092848	127093208
167929084	167929444
48723037	48723127
143363357	143363717
151000724	151001084
136936570	136936930
57213623	57213983
150004331	150004691
51137695	51138055
64516131	64516491
105085454	105085814
57947708	57948068
43920665	43921025
58200691	58201051
19188077	19188437
58809944	58810304
173301911	173302271
105237675	105238035
132361123	132361483
79570400	79570760
149684894	149685254
25952508	25952868
97377515	97377875
148579055	148579415
62187117	62187477
30054439	30054799
143494225	143494585
128216722	128217082
119408941	119409301
98292318	98292678
122075287	122075647
61516020	61516380
87131976	87132336
190142188	190142548
32376202	32376562
69720281	69720641
8483706	8484066
178786932	178787292
170075920	170076280
158257209	158257569
34021788	34022148
137427875	137428235
183310057	183310417
111056928	111057288
139280963	139281323
71119019	71119379
129042772	129043132
3130744	3131104
56833482	56833842
185451670	185452030
152553053	152553413
182877180	182877540
46538240	46538600
9768688	9769048
28517702	28518062
167599883	167600243
159546257	159546617
17935936	17936296
71979752	71980112
184592845	184593205
156393250	156393610
183846873	183847233
45874223	45874583
145783315	145783675
76619623	76619983
152184502	152184862
76157137	76157497
20081286	20081646
38697241	38697601
88268417	88268777
89163741	89164101
52879685	52880045
129817046	129817406
32416577	32416937
27509078	27509438
184187152	184187512
14473105	14473465
68927502	68927862
124921066	124921426
33677550	33677910
42577956	42578316
85409968	85410328
142305658	142306018
151789743	151790103
186182244	186182604
10305584	10305944
186830970	186831330
45588144	45588504
134359787	134360147
98531670	98532030
35988033	35988393
106990623	106990983
153008862	153009222
40547179	40547539
84597003	84597363
196246043	196246403
150784840	150785200
182208415	182208775
127266643	127267003
49044846	49045206
139072839	139073199
182627035	182627395
138051312	138051672
142650120	142650480
32281578	32281938
111340433	111340793
62318436	62318796
125803043	125803403
133096259	133096619
45706646	45707006
159204335	159204695
23802930	23803290
52087540	52087900
175659257	175659617
161126813	161127173
28328111	28328471
47830593	47830953
2806671	2807031
28768399	28768759
77304418	77304778
10992503	10992863
165572408	165572768
63214290	63214650
55754668	55755028
33957303	33957663
139995518	139995878
67040813	67041173
152743831	152744191
10234547	10234907
131899113	131899473
113254758	113255118
146359098	146359458
112698134	112698494
5772793	5773153
129070888	129071248
145936684	145937044
106837081	106837441
183278366	183278726
171178303	171178663
4763743	4764103
195249040	195249400
178154464	178154824
158249934	158250294
15282850	15283210
127415005	127415365
182902402	182902762
189229828	189230188
8744229	8744589
50336553	50336913
12179484	12179844
179281210	179281570
125485089	125485449
943865	944225
7186405	7186765
101532594	101532954
128303274	128303634
168229219	168229579
115641559	115641919
22130714	22131074
197807433	197807793
113213879	113214239
13922085	13922445
186647845	186648205
107471503	107471863
4762352	4762712
44037736	44038096
170527297	170527657
2963553	2963913
129062759	129063119
131757076	131757436
38339680	38340040
124884051	124884411
183198155	183198515
107472324	107472684
41244471	41244831
155470876	155471236
75692336	75692696
12864502	12864862
194408482	194408842
107293496	107293856
71055980	71056340
190231513	190231873
49452982	49453342
27295318	27295678
36833846	36834206
100322298	100322658
126194305	126194665
46736694	46737054
123751850	123752210
32440522	32440882
1123705	1124065
45097063	45097423
98331469	98331829
129824854	129825214
8366460	8366820
18168663	18169023
17686566	17686926
180894396	180894756
26159738	26160098
136024722	136025082
172435314	172435674
151045387	151045747
47292084	47292444
52273452	52273812
43741414	43741774
43112767	43113127
133943394	133943754
142563223	142563583
186232115	186232475
79546658	79547018
47323061	47323421
149376145	149376505
55780836	55781196
104282903	104283263
188674671	188675031
35701308	35701668
195283175	195283535
149470303	149470663
44571452	44571812
184529691	184530051
115705406	115705766
138660136	138660496
14317065	14317425
73897320	73897680
101943061	101943421
188990531	188990891
68942807	68943167
113898473	113898833
197529060	197529420
46759327	46759687
121248208	121248568
169647967	169648327
42623742	42624102
161141725	161142085
52038220	52038580
15568475	15568835
112854920	112855280
183959659	183960019
171171036	171171396
128291375	128291735
116333656	116334016
129721848	129722208
149206864	149207224
85870322	85870682
71446239	71446599
196950881	196951241
186868411	186868771
192520766	192521126
43003108	43003468
51348490	51348850
25005261	25005621
167645794	167646154
14443647	14444007
127678742	127679102
160674552	160674912
156059840	156060200
183622217	183622577
33294228	33294588
39424603	39424963
79895710	79896070
143067760	143068120
11420715	11421075
67435215	67435575
66866568	66866928
9266201	9266561
8755588	8755948
130418614	130418974
190854152	190854512
57040853	57041213
5268462	5268822
77369723	77370083
53208432	53208792
156227539	156227899
157072482	157072842
39447787	39448147
142735179	142735539
124070556	124070916
192758899	192759259
127730084	127730444
127309692	127310052
85392093	85392453
191220389	191220749
170679330	170679690
123595689	123596049
11197109	11197469
14591065	14591425
124295450	124295810
129961740	129962100
30154399	30154759
141295293	141295653
9768895	9769255
93953046	93953406
144406736	144407096
159647163	159647523
128881575	128881935
112250191	112250551
184933677	184934037
192908293	192908653
33106462	33106822
196019415	196019775
53231133	53231493
128564947	128565307
160425209	160425569
147663772	147664132
70580251	70580611
150804445	150804805
191930162	191930522
29322208	29322568
193855625	193855985
78790200	78790560
3212678	3213038
52312738	52313098
141741174	141741534
125832654	125833014
31766205	31766565
76634963	76635323
21332078	21332438
31503431	31503791
13089012	13089372
168565070	168565430
152882929	152883289
125640512	125640872
134557470	134557830
149597665	149598025
137833769	137834129
38749240	38749600
38704116	38704476
127468522	127468882
189058470	189058830
139238939	139239299
54408488	54408848
52516134	52516494
31810268	31810628
51676460	51676820
140641480	140641840
160814572	160814932
112997069	112997429
167211068	167211428
46964964	46965324
20267244	20267604
41012589	41012949
86751517	86751877
123420933	123421293
23801834	23802194
15404019	15404379
39168050	39168410
107395567	107395927
100429487	100429847
114166400	114166760
136754502	136754862
81388251	81388611
158984582	158984942
11876505	11876865
155853696	155854056
46715694	46716054
62653367	62653727
22159251	22159611
133176318	133176678
43585654	43586014
178684364	178684724
190418838	190419198
170889860	170890220
167068065	167068425
194971594	194971954
149483542	149483902
160991420	160991780
180312792	180313152
100480070	100480430
150127742	150128102
125964917	125965277
18889079	18889439
190414991	190415351
50390152	50390512
49645348	49645708
96857999	96858359
119901771	119902131
169282728	169283088
72987857	72988217
44956432	44956792
134604804	134605164
49726721	49727081
43680053	43680413
52926569	52926929
155070702	155071062
155713362	155713722
523393	523753
139347888	139348248
58319245	58319605
119865972	119866332
134396124	134396484
111434834	111435194
11696692	11697052
23908917	23909277
76094150	76094510
46901767	46902127
132449922	132450282
44460096	44460456
107574563	107574923
156192828	156193188
116236187	116236547
29806177	29806537
71908322	71908682
134077342	134077702
100369604	100369964
171046462	171046822
15247295	15247655
75343322	75343682
62544252	62544612
36946176	36946536
161278032	161278392
180520630	180520990
160646128	160646488
113544062	113544422
188951058	188951418
24681771	24682131
128040939	128041299
182803424	182803784
181976381	181976741
58223238	58223598
184023385	184023745
51990507	51990867
139038620	139038980
48970366	48970726
167967557	167967917
73504955	73505315
94581548	94581908
40823609	40823969
15440355	15440715
62819199	62819559
101412445	101412805
186247104	186247464
139770246	139770606
148177753	148178113
19030144	19030504
123026558	123026918
153758075	153758435
31173692	31174052
1317165	1317525
127572502	127572862
37856120	37856480
143694412	143694772
33758273	33758633
50359107	50359467
52089189	52089549
11376471	11376831
37034224	37034584
189838621	189838981
142759131	142759491
155728632	155728992
4313555	4313915
134959283	134959643
192490283	192490643
111837105	111837465
38081463	38081823
108817128	108817488
141929884	141930244
73105507	73105867
42797201	42797561
159704969	159705329
176768574	176768934
179039384	179039744
75629394	75629754
115631958	115632318
97978637	97978997
43544574	43544934
176231977	176232337
192166834	192167194
140833928	140834288
171825326	171825686
114081629	114081989
169756585	169756945
58121424	58121784
149286767	149287127
107361883	107362243
125635345	125635705
122747375	122747735
172938763	172939123
53702952	53703312
24130278	24130638
25905065	25905425
39448302	39448662
53711443	53711803
69358977	69359337
155419690	155420050
100515457	100515817
42158680	42159040
2755645	2756005
111296637	111296997
112023454	112023814
49491919	49492279
107460155	107460515
121265539	121265899
155588226	155588586
5610145	5610505
41935488	41935848
42702438	42702798
98833376	98833736
49738889	49739249
125461731	125462091
187148391	187148751
18430628	18430988
143367565	143367925
50922946	50923306
27763029	27763389
147795107	147795467
58515258	58515618
30975655	30976015
83977553	83977913
54180653	54181013
47891504	47891864
111579231	111579591
189919567	189919927
140455946	140456306
190056941	190057301
69997422	69997782
32381590	32381950
156189968	156190328
186762939	186763299
33817965	33818325
183863015	183863375
189369876	189370236
133206767	133207127
23875513	23875873
79081903	79082263
111410187	111410547
140582567	140582927
138417983	138418343
147101436	147101796
17237287	17237647
87194669	87195029
148675468	148675828
152226511	152226871
72900481	72900841
133551344	133551704
185720898	185721258
46118142	46118502
45948341	45948701
169462403	169462763
39302443	39302803
93788087	93788447
107409364	107409724
10459504	10459864
128582444	128582804
42256110	42256470
152679030	152679390
17472467	17472827
98713028	98713388
9291217	9291577
127576174	127576534
37493275	37493635
127409695	127410055
136453236	136453596
125403034	125403394
148445025	148445385
115655906	115656266
9824413	9824773
13234372	13234732
160438193	160438553
196249503	196249863
23225227	23225587
47412627	47412987
108271407	108271767
177802034	177802394
37065621	37065981
12828853	12829213
125117802	125118162
13714735	13715095
124882625	124882985
39854039	39854399
53090475	53090835
42039431	42039791
142840152	142840512
81468362	81468722
178822866	178823226
101426195	101426555
161226634	161226994
418759	419119
42654987	42655347
53763665	53764025
189676255	189676615
15642894	15643254
30361237	30361597
138145084	138145444
171752898	171753258
186648983	186649343
50665191	50665551
21058673	21059033
173271482	173271842
169322402	169322762
154052715	154053075
144304271	144304631
59795525	59795885
117126206	117126566
172007379	172007739
150481701	150482061
16875728	16876088
98543149	98543509
67869865	67870225
10814357	10814717
63218501	63218861
114055008	114055368
161571920	161572280
12180785	12181145
55709364	55709724
166750096	166750456
156161556	156161916
57896744	57897104
33773905	33774265
75772702	75773062
8378142	8378502
146307684	146308044
62172618	62172978
185655855	185656215
122746621	122746981
893735	894095
93560472	93560832
17728136	17728496
188913206	188913566
187692595	187692955
139812023	139812383
167770909	167771269
126715001	126715361
179128132	179128492
61843742	61844102
50294425	50294785
70357905	70358265
157069796	157070156
123375557	123375917
18913980	18914340
42560315	42560675
191486219	191486579
186327272	186327632
137768423	137768783
197480147	197480507
148708889	148709249
147334825	147335185
24538028	24538388
178152249	178152609
184063434	184063794
150246263	150246623
103159358	103159718
21212476	21212836
15857194	15857554
197057971	197058331
196213142	196213502
72314534	72314894
136471775	136472135
51853780	51854140
142839708	142840068
12923453	12923813
121574425	121574785
78708545	78708905
62479091	62479451
139283164	139283524
165613709	165614069
127192062	127192422
151143853	151144213
15346810	15347170
71561173	71561533
34052759	34053119
179600882	179601242
173089642	173090002
127538981	127539341
49937276	49937636
117074424	117074784
148668579	148668939
183947159	183947519
179164299	179164659
184466354	184466714
36856248	36856608
187923875	187924235
16016143	16016503
195752902	195753262
176148052	176148412
42871885	42872245
133583996	133584356
56288928	56289288
171813032	171813392
6246554	6246914
72704955	72705315
31608546	31608906
32943445	32943805
133297461	133297821
135455606	135455966
70589113	70589473
68305802	68306162
4712009	4712369
99550831	99551191
25873058	25873418
160404754	160405114
133540735	133541095
24190529	24190889
66551770	66552130
53879578	53879938
121964339	121964699
180046941	180047301
122024657	122025017
50452512	50452872
67644337	67644697
127275435	127275795
119072138	119072498
118582850	118583210
126721054	126721414
4613422	4613782
57419801	57420161
30793109	30793469
183967321	183967681
15995429	15995789
115502763	115503123
194947818	194948178
39583314	39583674
36878566	36878926
180573238	180573598
197529568	197529928
72941982	72942342
129201572	129201932
143671539	143671899
48282395	48282755
21794279	21794639
195621752	195622112
42484216	42484576
56076412	56076772
9757465	9757825
57568537	57568897
37595850	37596210
55933855	55934215
182399973	182400333
37349770	37350130
124211644	124212004
168185142	168185502
190768736	190769096
190595805	190596165
194361625	194361985
123600001	123600361
193031970	193032330
42676651	42677011
5274307	5274667
52408221	52408581
124642689	124643049
101100710	101101070
13301753	13302113
130771880	130772240
135790085	135790445
38601931	38602291
9120248	9120608
171585727	171586087
111335448	111335808
1481127	1481487
53384732	53385092
114168857	114169217
51425958	51426318
2208250	2208610
152257157	152257517
43732381	43732741
179139300	179139660
157065563	157065923
185979455	185979815
53233824	53234184
122577248	122577608
184002575	184002935
100495565	100495925
149488047	149488407
9464839	9465199
127480117	127480477
61550170	61550530
86823267	86823627
52312000	52312360
100325763	100326123
125800330	125800690
90231642	90232002
134097194	134097554
116777888	116778248
150928915	150929275
14194164	14194524
180363993	180364353
134172542	134172902
52090023	52090383
8797279	8797639
157164841	157165201
167590741	167591101
188382618	188382978
57021598	57021958
134245904	134246264
42643413	42643773
127413301	127413661
140974830	140975190
146356537	146356897
100456203	100456563
178764817	178765177
196172274	196172634
12872320	12872680
69969124	69969484
195748936	195749296
103129122	103129482
39765756	39766116
72236191	72236551
17844609	17844969
153553342	153553702
8724637	8724997
72142002	72142362
155577690	155578050
153573581	153573941
123084610	123084970
143482425	143482785
183852985	183853345
156880421	156880781
892775	893135
90142189	90142549
183543385	183543745
188548701	188549061
106543630	106543990
179803166	179803526
112691024	112691384
155761852	155762212
13696817	13697177
185178538	185178898
113271751	113272111
182665701	182666061
190962055	190962415
126973493	126973853
61880553	61880913
28389996	28390356
138553187	138553547
31652190	31652550
55516115	55516475
55439513	55439873
185216102	185216462
81292045	81292405
140691677	140692037
148097552	148097912
170201246	170201606
32915197	32915557
39458812	39459172
55033231	55033591
17218276	17218636
62117344	62117704
133183402	133183762
49603726	49604086
169379827	169380187
119549856	119550216
191808421	191808781
58306779	58307139
27004851	27005211
4697664	4698024
167124700	167125060
134168112	134168472
59312426	59312786
10897642	10898002
114183493	114183853
103513554	103513914
156831581	156831941
146295465	146295825
44702720	44703080
25063308	25063668
151296307	151296667
11889080	11889440
195721259	195721619
28390539	28390899
60740892	60741252
195926302	195926662
47460339	47460699
185986882	185987242
125822620	125822980
112373854	112374214
153231022	153231382
58517680	58518040
123735354	123735714
48450164	48450524
107262630	107262990
101403609	101403969
38204635	38204995
195474807	195475167
121602384	121602744
177096824	177097184
111613924	111614284
71701967	71702327
61280440	61280800
146358619	146358979
22963802	22964162
136265584	136265944
180821417	180821777
50899624	50899984
128563986	128564346
172993628	172993988
9975984	9976344
19255073	19255433
165730912	165731272
166555362	166555722
148598493	148598853
138181678	138182038
36998518	36998878
149620516	149620876
37875302	37875662
32944529	32944889
36007404	36007764
159943311	159943671
10376257	10376617
159484362	159484722
197185195	197185555
16570749	16571109
84528	84888
58318298	58318658
137128403	137128763
44902781	44903141
192543584	192543944
62037272	62037632
13068782	13069142
153503716	153504076
119917204	119917564
142756733	142757093
111805434	111805794
8649236	8649596
135637443	135637803
153715181	153715541
50425813	50426173
63777651	63778011
66909122	66909482
100353705	100354065
49364902	49365262
155129632	155129992
149956788	149957148
153161738	153162098
114089660	114090020
124505594	124505954
134349333	134349693
159881032	159881392
137758485	137758845
114018297	114018657
163503468	163503828
31573209	31573569
33840140	33840500
31198797	31199157
100914957	100915317
127889773	127890133
51572529	51572889
134956205	134956565
51423905	51424265
13109837	13110197
193383152	193383512
71466157	71466517
78115420	78115780
137816256	137816616
45541034	45541394
138407888	138408248
8979726	8980086
98424568	98424928
23842238	23842598
4985262	4985622
158507376	158507736
127465292	127465652
42271367	42271727
130766396	130766756
19730300	19730660
15853721	15854081
87356964	87357324
194674875	194675235
90140786	90141146
50191841	50192201
9153105	9153465
193845996	193846356
133381070	133381430
183259042	183259402
170913539	170913899
15468635	15468995
134964892	134965252
142085316	142085676
138921199	138921559
171256224	171256584
126456397	126456757
69740255	69740615
125851666	125852026
101568535	101568895
17182572	17182932
45586195	45586555
57583103	57583463
5847928	5848288
133619919	133620279
150321147	150321507
32706279	32706639
157299582	157299942
182339734	182340094
33481293	33481653
159590101	159590461
43203596	43203956
58292747	58293107
43801036	43801396
145905168	145905528
149061760	149062120
14905258	14905618
170566111	170566471
11862152	11862512
163497788	163498148
191106610	191106970
180996462	180996822
13432810	13433170
39679317	39679677
32195623	32195983
38885435	38885795
131245577	131245937
107656866	107657226
150558538	150558898
186470962	186471322
5083031	5083391
28957556	28957916
5023493	5023853
34196601	34196961
168936170	168936530
169780498	169780858
54985371	54985731
154476047	154476407
47706024	47706384
147793909	147794269
192606619	192606979
176368231	176368591
59050036	59050396
173450853	173451213
39194388	39194748
165342561	165342921
141845029	141845389
57740974	57741334
133095651	133096011
53020971	53021331
9868934	9869294
148680366	148680726
38192664	38193024
12932572	12932932
11693458	11693818
182621945	182622305
16441037	16441397
4626177	4626537
129862509	129862869
113251259	113251619
173129454	173129814
119354668	119355028
72636517	72636877
100850701	100851061
197653295	197653655
149693765	149694125
16309583	16309943
10557823	10558183
44107337	44107697
73917807	73918167
133162842	133163202
164927921	164928281
159928737	159929097
159708006	159708366
59411572	59411932
4356368	4356728
40629939	40630299
49066699	49067059
88054241	88054601
14440199	14440559
49162718	49163078
112532420	112532780
6721186	6721546
178990146	178990506
46134253	46134613
72973212	72973572
16765519	16765879
455708	456068
151008468	151008828
4560602	4560962
148084560	148084920
14467536	14467896
17852337	17852697
39144725	39145085
114804097	114804457
183269670	183270030
17192922	17193282
84126685	84127045
122640490	122640850
48955693	48956053
171506881	171507241
56336452	56336812
113276175	113276535
125461950	125462310
29710276	29710636
75220773	75221133
138739753	138740113
102189828	102190188
143691291	143691651
4930835	4931195
47463838	47464198
15839470	15839830
107346810	107347170
25703232	25703592
52965919	52966279
156877082	156877442
150421513	150421873
168850961	168851321
183233666	183234026
27270321	27270681
171993953	171994313
73026269	73026629
52716023	52716383
101356969	101357329
19674192	19674552
135969953	135970313
152655018	152655378
102464753	102465113
16030936	16031296
133293220	133293580
166819855	166820215
102248314	102248674
114303865	114304225
122177784	122178144
186306983	186307343
176381655	176382015
194031478	194031838
143023601	143023961
76418395	76418755
129154264	129154624
151139758	151140118
62539961	62540321
62545536	62545896
180351538	180351898
170736188	170736548
195634353	195634713
30670704	30671064
19106512	19106872
39127625	39127985
38042942	38043302
52274489	52274849
119381433	119381793
15546543	15546903
112533136	112533496
120286575	120286935
122025134	122025494
48463602	48463962
156784854	156785214
192140827	192141187
52048679	52049039
156795966	156796326
46949597	46949957
19270556	19270916
103014821	103015181
36173734	36174094
125416888	125417248
45987804	45988164
186868617	186868977
93834321	93834681
47008356	47008716
12990922	12991282
175658681	175659041
48802828	48803188
46939174	46939534
13343711	13344071
194325586	194325946
72004819	72005179
119243776	119244136
20082234	20082594
65422298	65422658
183253959	183254319
14589985	14590345
106051656	106052016
139925551	139925911
65900414	65900774
192530560	192530920
85851132	85851492
152628085	152628445
120341871	120342231
159628968	159629328
22727074	22727434
170086699	170087059
27763711	27764071
68066205	68066565
155891982	155892342
71738441	71738801
82213033	82213393
13395543	13395903
152552261	152552621
127473230	127473590
82546318	82546678
142877613	142877973
189540531	189540891
132993317	132993677
68255684	68256044
79566936	79567296
177200913	177201273
10745597	10745957
12525545	12525905
142694196	142694556
77087546	77087906
197358821	197359181
81222686	81223046
141448085	141448445
49377410	49377770
186143727	186144087
171287359	171287719
108943247	108943607
52079210	52079570
186232315	186232675
54904380	54904740
51306916	51307276
11985534	11985894
55658266	55658626
101396080	101396440
174073251	174073611
45266629	45266989
40151424	40151784
9291931	9292291
72059230	72059590
46974105	46974465
58621195	58621555
23852347	23852707
119269478	119269838
197777625	197777985
169491307	169491667
75679133	75679493
131987794	131988154
126411765	126412125
150883937	150884297
168759450	168759810
171281068	171281428
52333886	52334246
173843136	173843496
50413002	50413362
152431793	152432153
172051869	172052229
75307982	75308342
195380326	195380686
72151305	72151665
187635285	187635645
43265183	43265543
114130687	114131047
63574603	63574963
151743977	151744337
31011707	31012067
146312724	146313084
9842272	9842632
99594814	99595174
55758150	55758510
147556468	147556828
192054080	192054440
48956258	48956618
12537293	12537653
188887530	188887890
38066051	38066411
129657273	129657633
119759099	119759459
189504371	189504731
144489707	144490067
181966105	181966465
169834984	169835344
181666114	181666474
113666855	113667215
20971565	20971925
61158384	61158744
54467796	54468156
31603340	31603700
152413575	152413935
195576505	195576865
189735487	189735847
194234601	194234961
36449660	36450020
108308648	108309008
43257180	43257540
38323422	38323782
81055232	81055592
9862615	9862975
151130801	151131161
136581056	136581416
52485691	52486051
170885973	170886333
56745426	56745786
126067159	126067519
141024300	141024660
139174704	139175064
48935780	48936140
194206834	194207194
64210852	64211212
179371030	179371390
189942902	189943262
9972679	9973039
12642514	12642874
27366954	27367314
69069592	69069952
94055179	94055539
12988980	12989340
13380533	13380893
33360532	33360892
42568037	42568397
147102551	147102911
86196285	86196645
69500664	69501024
43624940	43625300
122790106	122790466
192634694	192635054
192635928	192636288
150090579	150090939
110599936	110600296
14472472	14472832
129874301	129874661
179485802	179486162
46436584	46436944
195622003	195622363
112449090	112449450
44118812	44119172
38569945	38570305
55521621	55521981
125691437	125691797
130199609	130199969
6174697	6175057
49966759	49967119
97690615	97690975
56953212	56953572
113724272	113724632
72281909	72282269
160402983	160403343
73042516	73042876
169941035	169941395
156534919	156535279
133003076	133003436
170995550	170995910
55931652	55932012
128742779	128743139
67914300	67914660
23485927	23486287
137065954	137066314
115099799	115100159
61862981	61863341
24725271	24725631
10729811	10730171
108737727	108738087
31406201	31406561
194909270	194909630
178633279	178633639
46143905	46144265
12620228	12620588
11685182	11685542
4927170	4927530
186508387	186508747
46625039	46625399
27285857	27286217
53196659	53197019
127609882	127610242
113058501	113058861
14453447	14453807
189676478	189676838
55643455	55643815
133629285	133629645
13054798	13055158
14898971	14899331
107630488	107630848
23740460	23740820
196674447	196674807
179736451	179736811
52009928	52010288
127203977	127204337
41904563	41904923
39187512	39187872
62215554	62215914
82061965	82062325
128839363	128839723
171758493	171758853
16850282	16850642
170831502	170831862
138763698	138764058
196715026	196715386
184782894	184783254
107513534	107513894
182897028	182897388
116845959	116846319
27063542	27063902
98710281	98710641
23986659	23987019
70114867	70115227
51016797	51017157
159640828	159641188
53730775	53731135
187550059	187550419
82378502	82378862
27183144	27183504
53897524	53897884
47285323	47285683
84992562	84992922
125978254	125978614
141871175	141871535
94004761	94005121
118131400	118131760
32726987	32727347
156173577	156173937
55688421	55688781
25831176	25831536
153813632	153813992
133495918	133496278
10340895	10341255
141989249	141989609
72128671	72129031
37217177	37217537
177075386	177075746
66689192	66689552
167631023	167631383
46715893	46716253
120139659	120140019
136668558	136668918
49756937	49757297
194406469	194406829
77397285	77397645
138003812	138004172
195501809	195502169
31734170	31734530
119213501	119213861
169380029	169380389
37906393	37906753
127266860	127267220
6130091	6130451
150030052	150030412
189405311	189405671
183153539	183153899
131376990	131377350
10386024	10386384
41616429	41616789
15511793	15512153
132927078	132927438
120871395	120871755
50250011	50250371
39222133	39222493
81920922	81921282
98517729	98518089
136070747	136071107
13034425	13034785
33996415	33996775
43327546	43327906
33009828	33010188
148436824	148437184
116912238	116912598
169012925	169013285
172526899	172527259
46334804	46335164
112970656	112971016
120076682	120077042
33482402	33482762
182508041	182508401
75653679	75654039
48457098	48457458
122106628	122106988
110799233	110799593
100929801	100930161
74932775	74933135
76073781	76074141
146221131	146221491
51756356	51756716
160167352	160167712
30969658	30970018
177617049	177617409
185957153	185957513
174839057	174839417
72089236	72089596
150308505	150308865
156479577	156479937
153644993	153645353
125301586	125301946
47417936	47418296
127542071	127542431
24520226	24520586
182555625	182555985
86229806	86230166
64007604	64007964
2310450	2310810
113251461	113251821
57675110	57675470
9446344	9446704
97904022	97904382
73241134	73241494
23926116	23926476
32382437	32382797
33925716	33926076
21881166	21881526
4376193	4376553
11703881	11704241
126824541	126824901
157605860	157606220
128339081	128339441
56741475	56741835
52260363	52260723
12917437	12917797
34436892	34437252
62645418	62645778
187426982	187427342
125655062	125655422
32511253	32511613
194590222	194590582
195582748	195583108
185597637	185597997
43880323	43880683
53263962	53264322
105555227	105555587
63350597	63350957
50503680	50504040
44847449	44847809
50712768	50713128
143614673	143615033
17207947	17208307
122296701	122297061
178161398	178161758
133758322	133758682
189461978	189462338
196331399	196331759
138286214	138286574
156794855	156795215
111837306	111837666
31286857	31287217
16408103	16408463
195932162	195932522
42168597	42168957
44517528	44517888
114864660	114865020
119791705	119792065
57127459	57127819
160060965	160061325
190161065	190161425
52423030	52423390
140218001	140218361
170105891	170106251
169899366	169899726
184787409	184787769
113464460	113464820
118479806	118480166
97540273	97540633
196359378	196359738
87949224	87949584
184788278	184788638
108224681	108225041
101409836	101410196
124794525	124794885
129312090	129312450
122880035	122880395
165057557	165057917
121379410	121379770
46973203	46973563
11608451	11608811
150126039	150126399
13140575	13140935
31728876	31729236
9904294	9904654
45640344	45640704
113609158	113609518
101405218	101405578
153008087	153008447
180320183	180320543
115377283	115377643
193170086	193170446
167111826	167112186
98817685	98818045
123626558	123626918
69047053	69047413
36913209	36913569
99863041	99863401
52444492	52444852
149118040	149118400
138638168	138638528
19526166	19526526
69841303	69841663
141564276	141564636
184007396	184007756
104706766	104707126
188767287	188767647
46649229	46649589
194854189	194854549
14957354	14957714
22771509	22771869
52086916	52087276
125438979	125439339
120067755	120068115
37944274	37944634
186745313	186745673
77864602	77864962
49737869	49738229
127061595	127061955
141121669	141122029
11684498	11684858
31899962	31900322
32440723	32441083
116172810	116173170
153387353	153387713
55583187	55583547
186676745	186677105
185926411	185926771
137820429	137820789
104179614	104179974
5841150	5841510
141859510	141859870
121957978	121958338
186501257	186501617
180927998	180928358
155587564	155587924
140472973	140473333
12912425	12912785
14802514	14802874
42940810	42941170
72036248	72036608
55605891	55606251
42774338	42774698
121732207	121732567
139307255	139307615
66886798	66887158
58005560	58005920
99979901	99980261
173711139	173711499
4380457	4380817
113932554	113932914
32726184	32726544
119187775	119188135
98731972	98732332
132522651	132523011
42599218	42599578
136264482	136264842
