137688066	137688368
139348413	139348679
110493871	110494136
111496324	111496595
43105820	43106120
176540951	176541189
96204641	96204894
175875133	175875382
174961131	174961363
140904362	140904643
139012931	139013165
55566427	55566647
157170539	157170794
177591260	177591494
95194471	95194692
141348447	141348661
107009440	107009653
141258807	141259029
71314089	71314300
173213829	173214068
172571325	172571553
134240297	134240508
1641762	1642002
76070476	76070690
140998727	140998924
68303671	68303878
131400437	131400677
129103649	129103867
169765985	169766195
172386255	172386479
138897567	138897791
131399211	131399408
167913271	167913519
40904898	40905114
79154038	79154256
176087864	176088090
7816472	7816653
179720538	179720747
140943772	140944039
188751	188963
50258826	50259049
43065062	43065277
148110587	148110808
151031679	151031895
139742840	139743045
176736745	176736954
87986862	87987055
172359505	172359687
107978100	107978284
158122596	158122813
73088647	73088855
149924365	149924569
179742775	179742980
317339	317531
141071705	141071923
176538947	176539165
180586377	180586568
150880366	150880590
174362952	174363168
134901947	134902165
122759116	122759324
68389531	68389749
176817560	176817775
176928063	176928239
139737304	139737481
142035354	142035529
137371740	137371919
14352282	14352469
171533933	171534122
10284189	10284396
169862074	169862269
159865436	159865637
133481618	133481814
175156887	175157080
43040509	43040679
156680561	156680740
114970449	114970665
99766079	99766270
4879887	4880093
132759560	132759774
36739861	36740044
149829564	149829737
80490972	80491173
76788311	76788516
95182797	95182991
147202393	147202542
122946898	122947114
55610475	55610680
53813316	53813503
148822190	148822373
116283710	116283884
137785723	137785885
106907808	106907982
32613303	32613472
150494967	150495142
107596362	107596552
33934911	33935090
139536795	139536995
171720606	171720766
139167111	139167315
39217988	39218137
156755514	156755696
149047182	149047368
132446982	132447181
143204776	143204965
153452013	153452151
136680521	136680693
80461425	80461595
153990002	153990159
153847335	153847506
159866211	159866379
60954453	60954635
141340386	141340568
138758092	138758261
53525095	53525276
133375291	133375522
139154780	139154959
71907052	71907239
14727518	14727710
42995081	42995273
8184698	8184871
138728330	138728529
149541260	149541449
167646897	167647081
153344710	153344883
150695668	150695868
129188542	129188700
173846633	173846822
150826965	150827171
98103892	98104093
141044652	141044835
142078780	142078967
149509613	149509776
176744971	176745152
90680762	90680952
170171564	170171732
10864047	10864140
33970055	33970211
10628094	10628293
133519949	133520123
38441914	38442048
18394420	18394581
145912915	145913094
150544450	150544630
72815596	72815785
135313195	135313345
118747863	118748022
125936478	125936637
140699804	140699976
102475082	102475276
142093017	142093228
151729351	151729512
35003555	35003734
138677373	138677560
36690518	36690714
178157730	178157911
112331826	112332003
42909067	42909236
159772428	159772617
159935857	159936043
131722367	131722521
95672209	95672346
134793252	134793423
140891983	140892177
87077100	87077208
106583898	106584034
101897944	101898139
172199040	172199214
173000183	173000363
168414679	168414853
116790481	116790632
89561210	89561362
177547955	177548101
139145351	139145552
172141804	172141969
176085114	176085277
134094310	134094471
81521526	81521645
176498913	176499101
139523894	139524071
170060144	170060299
156575958	156576114
10988115	10988290
101014399	101014586
177707049	177707199
148751038	148751211
167150373	167150548
172124629	172124727
160971378	160971469
42057475	42057625
158942922	158943110
80802881	80803053
159626447	159626603
58182556	58182733
171797748	171797934
176881534	176881671
149370469	149370609
82726347	82726446
42889536	42889688
65602297	65602482
37413176	37413356
35926673	35926854
137915052	137915222
168729635	168729776
132165715	132165856
172759110	172759277
154191553	154191679
151522524	151522677
132155954	132156101
140800461	140800651
95116864	95116985
150431334	150431482
179190247	179190388
139731463	139731560
172721034	172721207
150505686	150506046
170845827	170845939
7755242	7755369
87976338	87976515
179898073	179898255
76164007	76164154
127537062	127537422
34474708	34474860
55232032	55232182
37379234	37379389
115911825	115912018
149232673	149232821
923627	923777
9361996	9362127
82769478	82769643
72750380	72750504
158533818	158534178
139224119	139224267
135547997	135548105
177503206	177503388
108017102	108017256
94073688	94073867
42583516	42583622
151120384	151120487
37837589	37837679
169008738	169008894
148414966	148415103
113785711	113785819
176883466	176883639
78320894	78321032
133913591	133913689
54442570	54442679
179095544	179095653
38193236	38193596
142260170	142260351
177573129	177573285
173754404	173754550
136965378	136965509
111828131	111828222
134527188	134527331
147237230	147237373
137799887	137799991
149940585	149940737
138598430	138598588
38922317	38922478
140971685	140971869
153784883	153785038
94980145	94980250
174337337	174337489
180608942	180609302
75552237	75552373
149815667	149816027
98396184	98396314
59105904	59106028
131862563	131862709
176001126	176001281
78195778	78195894
135585483	135585629
148761534	148761668
102017205	102017325
169611193	169611313
40755227	40755346
148337303	148337455
671821	671958
151205059	151205152
154029848	154030012
167541574	167541674
171906092	171906251
75698856	75699216
121751315	121751452
71604235	71604595
1479825	1479961
35925013	35925373
133922562	133922772
168374274	168374634
162835558	162835713
172140140	172140287
133747624	133747729
1645118	1645289
61064561	61064921
137404582	137404719
170065806	170065936
151038624	151038757
145921928	145922080
6837738	6837915
179228813	179229173
162774719	162774851
167696439	167696568
131574096	131574190
72114886	72115018
125992203	125992373
134896582	134896723
79777241	79777336
171615764	171615899
173042884	173043244
76440466	76440626
174378168	174378528
148747159	148747258
140792435	140792560
78852102	78852238
130925225	130925585
9544766	9544860
177662140	177662289
16550459	16550819
57756592	57756952
173400294	173400423
173008785	173008878
59583136	59583289
102560429	102560563
133280081	133280221
105457842	105457952
146833417	146833777
137839578	137839725
65603493	65603853
38383037	38383142
156739556	156739688
169694966	169695079
74532544	74532904
162991424	162991529
131755347	131755707
98107244	98107604
75937360	75937720
136105783	136106143
68338772	68338884
43389981	43390136
32329599	32329724
136996128	136996263
133476179	133476539
133205020	133205129
75471039	75471166
16552969	16553097
96497801	96497949
174220813	174220966
78429567	78429691
176831377	176831737
1140571	1140664
149597818	149597975
133437774	133437931
133863235	133863595
173046027	173046164
157375915	157376029
5497370	5497503
122335816	122335924
176830726	176831086
137087569	137087929
168175419	168175574
71053775	71054135
157502408	157502506
13987933	13988293
17189652	17189795
179755767	179755921
95297011	95297102
137977636	137977781
140947084	140947444
129107147	129107299
126649556	126649916
131608555	131608678
131836997	131837118
90079659	90079791
2038661	2039021
149208089	149208233
70897127	70897269
139752459	139752819
180033056	180033185
40688374	40688468
10857148	10857508
139243680	139244040
4942537	4942666
148520847	148521207
54467879	54468239
17216341	17216480
148998276	148998636
134801807	134802167
134887548	134887908
56946224	56946368
32232543	32232903
7928014	7928125
143583307	143583667
149016371	149016731
158583874	158584010
172143896	172144004
103144296	103144428
131721054	131721414
1737925	1738285
146956634	146956776
39080855	39080971
115166987	115167112
145826461	145826821
173744442	173744532
176796083	176796443
172411276	172411636
163931310	163931403
112258058	112258195
132888783	132888881
96632784	96633144
150427384	150427744
157602057	157602175
53785214	53785574
98368318	98368426
66461968	66462328
168106595	168106696
83222975	83223335
94999967	95000076
141524906	141525266
66283800	66284160
36693249	36693609
145061288	145061380
7746251	7746611
43484321	43484681
14270359	14270719
169652845	169653205
34486285	34486645
135165793	135166153
52244328	52244688
110614547	110614907
118127744	118128104
92917200	92917293
118324143	118324329
21919540	21919900
55496945	55497305
94185987	94186347
66452921	66453020
158743808	158744168
155370956	155371073
38265779	38265892
139069651	139070011
114433923	114434013
31186784	31187144
149778232	149778592
6820982	6821342
10452818	10453178
156904081	156904198
75370472	75370577
126011901	126012033
170911558	170911674
17190597	17190957
148494376	148494498
111755980	111756340
6745750	6746110
50046910	50047270
102568102	102568462
129000051	129000411
159414516	159414625
72251593	72251953
15003685	15003804
174891800	174891892
180211626	180211733
67548516	67548876
81470458	81470818
125879829	125880189
98132060	98132420
34523216	34523576
149036159	149036519
135418162	135418522
156361902	156362262
71662195	71662555
138893256	138893396
136656128	136656488
18305449	18305809
79967998	79968358
66110245	66110605
133362395	133362496
108804498	108804858
52391890	52392020
131343529	131343889
56795209	56795569
171334755	171335115
136835012	136835172
118806661	118806786
171889341	171889438
77304211	77304571
153900484	153900844
139624054	139624414
74345634	74345994
132795870	132796230
134761809	134762169
130752974	130753334
146345619	146345979
149730093	149730453
135760558	135760918
142382620	142382980
5492496	5492856
151940066	151940426
149338928	149339288
175843481	175843841
127244808	127245168
180097569	180097929
5887105	5887240
159507794	159508154
157421944	157422304
157095929	157096289
90005155	90005515
171339147	171339507
153353957	153354317
148814025	148814385
154996359	154996719
6780904	6781264
137412909	137412999
14648808	14648903
59020345	59020705
135223060	135223420
81647727	81647835
14108618	14108978
154519169	154519529
131841806	131842166
95931219	95931579
1168378	1168480
18466212	18466572
112942245	112942605
146568405	146568765
147862421	147862781
153559671	153560031
77763702	77763811
21459310	21459670
180295987	180296347
142246582	142246942
148507614	148507974
151150969	151151329
149155374	149155734
140937427	140937787
34898392	34898752
90227930	90228290
36305840	36306200
148067020	148067380
150677635	150677995
53715492	53715852
54640213	54640573
139015238	139015598
15105915	15106275
112714652	112715012
56594164	56594285
56196664	56197024
171467174	171467534
141531432	141531792
431074	431434
141990635	141990995
118771160	118771520
112093420	112093515
125674903	125675263
150226660	150227020
139619413	139619773
35089780	35090140
148696769	148697129
90098543	90098903
70771642	70772002
96566745	96567105
125874867	125875227
11267389	11267749
4868261	4868621
14685785	14686145
148931255	148931615
121851822	121852182
176882332	176882692
121793971	121794331
72832767	72832895
41856757	41857117
140014709	140014830
140796982	140797342
173052709	173053069
33435996	33436356
159448857	159449217
130718068	130718428
36507574	36507678
142396350	142396710
148120828	148121188
83014034	83014394
81608153	81608513
102116171	102116531
171878207	171878567
53607639	53607999
23209017	23209377
36696196	36696556
158560178	158560538
149213804	149214164
119079692	119080052
95937437	95937797
145205265	145205625
66505021	66505381
41843619	41843979
150618823	150619183
80595350	80595710
71564989	71565349
150902942	150903302
140705563	140705923
172405749	172406109
72497757	72498117
71690533	71690893
72747118	72747478
173472413	173472773
170030970	170031330
43306071	43306431
135509749	135510109
127548968	127549328
669210	669570
1174551	1174911
78405665	78406025
158758314	158758674
131525908	131526268
75897299	75897659
172878038	172878398
160112709	160113069
173352502	173352862
36744674	36745034
72886921	72887281
446900	447260
173738986	173739346
16934161	16934521
141081679	141082039
130445690	130446050
149381277	149381637
6765816	6766176
123006635	123006995
172710846	172711206
142128124	142128484
96478377	96478737
64080251	64080611
147754323	147754683
53539317	53539677
71078738	71079098
141191059	141191419
14364724	14365084
32489805	32490165
36079271	36079631
138954629	138954989
179223112	179223472
1594552	1594912
147007628	147007988
115403753	115404113
5419481	5419841
118603637	118603997
134073859	134074219
89825900	89826260
169838076	169838436
126828644	126829004
125835691	125836051
139050234	139050594
142268078	142268438
141371931	141372291
126899867	126900227
73198387	73198747
157188974	157189334
58187557	58187917
36242066	36242426
147823474	147823834
61756309	61756669
38809925	38810285
107857551	107857911
106211512	106211872
32093340	32093700
143521869	143522229
81461756	81462116
170769395	170769755
67756002	67756362
129477417	129477777
156559044	156559404
75840134	75840494
8908190	8908550
151885027	151885387
180611112	180611472
133332375	133332735
135280660	135281020
42005656	42006016
101277942	101278302
58484266	58484626
137078740	137079100
63258964	63259324
73944633	73944993
39376356	39376716
177034416	177034776
95178817	95179177
133467965	133468325
133090258	133090618
73331347	73331707
1763748	1764108
169847832	169848192
95680447	95680807
162506636	162506996
35183324	35183684
109024291	109024651
131515845	131516205
156454073	156454433
63908219	63908579
68319990	68320350
152876321	152876681
33997497	33997857
109026718	109027078
177711063	177711423
118323804	118323999
32076829	32077189
137883694	137884054
114582123	114582483
62074787	62075147
76373395	76373755
111865264	111865624
80404234	80404594
174871688	174872048
136410883	136411243
180145733	180146093
156898762	156899122
78316829	78317189
101313475	101313835
82089649	82090009
175123571	175123931
140855264	140855624
143571623	143571983
37774994	37775354
141330832	141331192
56433955	56434315
157167259	157167619
153955403	153955763
98104741	98105101
142393571	142393931
138586928	138587288
59591250	59591610
38420749	38421109
142295395	142295755
71819823	71820183
140018706	140019066
49621094	49621454
32709820	32710180
58663600	58663960
36729080	36729440
111482645	111483005
43073988	43074348
54522264	54522624
165057231	165057591
92943504	92943864
79379369	79379729
140809921	140810281
96869826	96870186
31232414	31232774
149838362	149838722
150663971	150664331
41925160	41925520
134797917	134798277
152527952	152528312
99814794	99815154
56516787	56517147
79378630	79378990
149501715	149502075
54201793	54202153
68630601	68630961
31809173	31809533
83007821	83008181
114884824	114885184
65038364	65038724
135398274	135398634
35815670	35816030
89729957	89730317
145945314	145945674
113014630	113014990
16160835	16161195
130207190	130207550
40755963	40756323
43557070	43557430
179554021	179554381
90397609	90397969
128010536	128010896
149818743	149819103
146041706	146042066
101559546	101559906
78760561	78760921
73937858	73938218
112183950	112184310
36073697	36074057
56594743	56595103
16456351	16456711
177888120	177888480
32942535	32942895
111887119	111887479
150080020	150080380
141017627	141017987
111510726	111511086
169853420	169853780
128241228	128241588
134241309	134241669
126115970	126116330
135170132	135170492
151122367	151122727
125570271	125570631
145076816	145077176
139525396	139525756
72892515	72892875
58792608	58792968
145671048	145671408
52211224	52211584
179402239	179402599
75182043	75182403
115893385	115893745
74062182	74062542
62697275	62697635
176432717	176433077
58969289	58969649
157344981	157345341
40736404	40736764
78998757	78999117
115473481	115473841
137515909	137516269
93860562	93860922
45038492	45038852
17203481	17203841
148944327	148944687
99959449	99959809
175267250	175267610
60351241	60351601
75031020	75031380
59945151	59945511
100235844	100236204
132218953	132219313
86176619	86176979
169527366	169527726
147558808	147559168
145806751	145807111
171429345	171429705
1380451	1380811
94304224	94304584
150785912	150786272
141193626	141193986
102005930	102006290
81937196	81937556
167503718	167504078
137114671	137115031
77833619	77833979
67582142	67582502
131762453	131762813
121412355	121412715
133625230	133625590
176884573	176884933
170050568	170050928
154347009	154347369
41270519	41270879
72989406	72989766
68660276	68660636
172197522	172197882
59095934	59096294
101631885	101632245
90795758	90796118
149903332	149903692
170589583	170589943
143562867	143563227
131746615	131746975
162932740	162933100
173447388	173447748
128462370	128462730
177489018	177489378
112299671	112300031
161103146	161103506
39948989	39949349
118651350	118651710
140787294	140787654
56633913	56634273
88025399	88025759
142097091	142097451
163440092	163440452
72511863	72512223
117947073	117947433
56292072	56292432
7897149	7897509
18698650	18699010
31929351	31929711
122039934	122040294
42949375	42949735
43020128	43020488
145510034	145510394
39547678	39548038
111522097	111522457
148644281	148644641
96088172	96088532
54240085	54240445
138160948	138161308
44952393	44952753
110092827	110093187
179517447	179517807
36875953	36876313
33588847	33589207
144617500	144617860
66541904	66542264
163123319	163123679
171285347	171285707
14946936	14947296
131401046	131401406
58470081	58470441
39283439	39283799
148200367	148200727
44536771	44537131
140777249	140777609
52774172	52774532
173019071	173019431
111826978	111827338
119793950	119794310
54620642	54621002
136556144	136556504
63443680	63444040
156769804	156770164
31825612	31825972
110886231	110886591
150806791	150807151
138125383	138125743
79174537	79174897
36688843	36689203
146477702	146478062
126625603	126625963
36870550	36870910
139726225	139726585
88124848	88125208
63525011	63525371
169643275	169643635
73508163	73508523
59973542	59973902
77517923	77518283
143347619	143347979
9339331	9339691
138729821	138730181
95228489	95228849
34958200	34958560
16690343	16690703
172631275	172631635
122680530	122680890
17132648	17133008
37006057	37006417
60256472	60256832
63930936	63931296
10695159	10695519
115174713	115175073
93136997	93137357
1011249	1011609
52466581	52466941
33379947	33380307
14142940	14143300
44332476	44332836
173056735	173057095
15598417	15598777
38551541	38551901
118357641	118358001
115367833	115368193
65056712	65057072
77616310	77616670
96023578	96023938
121528586	121528946
59109506	59109866
148377753	148378113
139422775	139423135
125689625	125689985
14399148	14399508
78551805	78552165
65732615	65732975
41433658	41434018
141394716	141395076
138738298	138738658
74977109	74977469
2017730	2018090
110201425	110201785
55565397	55565757
107484328	107484688
137469141	137469501
81152714	81153074
24633835	24634195
7857005	7857365
64106877	64107237
138529644	138530004
58330235	58330595
110399457	110399817
13957211	13957571
16791158	16791518
156858809	156859169
75604899	75605259
43609906	43610266
50254677	50255037
139927120	139927480
78182426	78182786
109776754	109777114
5141784	5142144
41708199	41708559
180594852	180595212
78496437	78496797
171486669	171487029
112253164	112253524
164636145	164636505
153801428	153801788
94244629	94244989
55560236	55560596
76941286	76941646
81134385	81134745
52082712	52083072
102811349	102811709
35202456	35202816
151098852	151099212
38994443	38994803
36265533	36265893
145770085	145770445
148648549	148648909
90937584	90937944
74199265	74199625
56134310	56134670
140709760	140710120
131146587	131146947
43631409	43631769
178921072	178921432
90521917	90522277
175128020	175128380
41696084	41696444
59882165	59882525
132082558	132082918
35963384	35963744
16585418	16585778
82859980	82860340
32590283	32590643
104136156	104136516
64372185	64372545
53513710	53514070
114125464	114125824
121828393	121828753
170218333	170218693
77268548	77268908
111546154	111546514
154134419	154134779
149145499	149145859
50676443	50676803
35777734	35778094
95775648	95776008
148113153	148113513
35436561	35436921
150158708	150159068
71540757	71541117
44862907	44863267
58676330	58676690
1134685	1135045
59457176	59457536
122232695	122233055
15014004	15014364
96761235	96761595
157247674	157248034
125171307	125171667
39714202	39714562
72466385	72466745
134668255	134668615
60179057	60179417
150180597	150180957
91854063	91854423
30040618	30040978
63370364	63370724
1008644	1009004
156243022	156243382
121285526	121285886
78056572	78056932
95170603	95170963
70993776	70994136
58167495	58167855
125951108	125951468
149942453	149942813
10111665	10112025
87898532	87898892
85975297	85975657
53739088	53739448
172571865	172572225
112947686	112948046
141928378	141928738
177623984	177624344
141205750	141206110
98440263	98440623
157145504	157145864
142096502	142096862
53530397	53530757
74561500	74561860
34538077	34538437
13108	13468
42423307	42423667
167474365	167474725
140099794	140100154
52331606	52331966
79641875	79642235
74215344	74215704
126137670	126138030
61229831	61230191
121437410	121437770
54140995	54141355
153569510	153569870
171033445	171033805
62015763	62016123
154383931	154384291
2151430	2151790
147329278	147329638
67957083	67957443
141966930	141967290
94597028	94597388
6577023	6577383
127211186	127211546
113436861	113437221
72378921	72379281
136021983	136022343
154022050	154022410
123860269	123860629
137688670	137689030
90715441	90715801
134540017	134540377
93250806	93251166
79125095	79125455
164024298	164024658
160214285	160214645
79571255	79571615
157282429	157282789
25544757	25545117
81403119	81403479
146771406	146771766
137558477	137558837
10521622	10521982
44808665	44809025
12023768	12024128
83570714	83571074
176918461	176918821
68344045	68344405
7887186	7887546
78673	79033
170700305	170700665
137968853	137969213
54990032	54990392
114645450	114645810
133315601	133315961
114922245	114922605
68855760	68856120
142783127	142783487
80721322	80721682
142593294	142593654
53287803	53288163
86365812	86366172
8340874	8341234
151841700	151842060
145854760	145855120
40879471	40879831
35651282	35651642
39599933	39600293
13250808	13251168
125936910	125937270
89735516	89735876
66053075	66053435
75699584	75699944
137400831	137401191
89431726	89432086
23812809	23813169
79387545	79387905
78260752	78261112
98241583	98241943
51303095	51303455
137618864	137619224
118744960	118745320
153536975	153537335
77458115	77458475
49736423	49736783
127213875	127214235
73936320	73936680
115106168	115106528
64396919	64397279
112027384	112027744
35617720	35618080
148810629	148810989
59984065	59984425
41755005	41755365
93234706	93235066
137157863	137158223
54702884	54703244
168133589	168133949
57758497	57758857
170792361	170792721
114369590	114369950
77071823	77072183
170634310	170634670
134539259	134539619
159392605	159392965
116412851	116413211
54163209	54163569
162930118	162930478
28014911	28015271
75633761	75634121
150036016	150036376
36090164	36090524
179106063	179106423
108774500	108774860
38831921	38832281
166476092	166476452
54987671	54988031
93230443	93230803
31664786	31665146
68258756	68259116
59678596	59678956
111940718	111941078
36944746	36945106
39570529	39570889
76534962	76535322
61439494	61439854
81555028	81555388
102710995	102711355
156751254	156751614
98162897	98163257
145429010	145429370
57075211	57075571
158867238	158867598
110867408	110867768
159378380	159378740
161675082	161675442
112999609	112999969
145420939	145421299
101489037	101489397
40798309	40798669
43110899	43111259
59964568	59964928
38667129	38667489
109925936	109926296
31270547	31270907
121630843	121631203
124060647	124061007
58685894	58686254
51652172	51652532
78277121	78277481
100926162	100926522
71852699	71853059
180515268	180515628
177496962	177497322
129444838	129445198
95949733	95950093
161635997	161636357
114405097	114405457
126015223	126015583
64779588	64779948
176513942	176514302
28344920	28345280
169497842	169498202
180617798	180618158
122791394	122791754
128697128	128697488
101426502	101426862
50218474	50218834
144726572	144726932
140766989	140767349
157243690	157244050
111574183	111574543
130832064	130832424
65221455	65221815
150827075	150827435
39578997	39579357
176988262	176988622
71433615	71433975
137930387	137930747
172337850	172338210
172134194	172134554
98086412	98086772
71576549	71576909
151894397	151894757
142588791	142589151
176005352	176005712
138427434	138427794
149341630	149341990
103514821	103515181
102918078	102918438
154429335	154429695
76011700	76012060
59995411	59995771
76925996	76926356
180287602	180287962
94166214	94166574
101785984	101786344
76856493	76856853
65519489	65519849
135219161	135219521
6526070	6526430
126365198	126365558
178017628	178017988
149339127	149339487
133922675	133923035
77829217	77829577
179293679	179294039
156262951	156263311
163753241	163753601
121531495	121531855
79603390	79603750
41636699	41637059
36178071	36178431
154325267	154325627
83018149	83018509
89902359	89902719
101880921	101881281
91225045	91225405
171710382	171710742
77564972	77565332
169005027	169005387
151912180	151912540
82903985	82904345
23139714	23140074
64333650	64334010
61649882	61650242
74230703	74231063
142303690	142304050
72431307	72431667
982613	982973
43010741	43011101
130601138	130601498
160962771	160963131
68180748	68181108
111702703	111703063
42767611	42767971
10424267	10424627
65467147	65467507
152805500	152805860
71074520	71074880
149666430	149666790
140201645	140202005
112379256	112379616
21802998	21803358
113641307	113641667
157078534	157078894
169407613	169407973
122707307	122707667
134905865	134906225
151064135	151064495
178594094	178594454
60653607	60653967
135709598	135709958
140749547	140749907
217927	218287
126144332	126144692
9499090	9499450
94304867	94305227
41524267	41524627
174887077	174887437
75441788	75442148
124747753	124748113
321556	321916
119991550	119991910
156896078	156896438
44935306	44935666
123272878	123273238
35229353	35229713
103165311	103165671
140718101	140718461
175300074	175300434
150764246	150764606
164884912	164885272
133923041	133923144
107817074	107817434
142301740	142302100
14208805	14209165
1468392	1468752
92245207	92245567
154019828	154020188
132700994	132701354
68041380	68041740
85600790	85601150
144480822	144481182
129534610	129534970
10701659	10702019
86696161	86696521
37723558	37723918
1654069	1654429
7261103	7261463
110062613	110062973
100726036	100726396
96333003	96333363
86308897	86309257
149969306	149969666
70751894	70752254
39716599	39716959
64254599	64254959
162900668	162901028
6480274	6480634
5881475	5881835
133082520	133082880
18314326	18314686
154352031	154352391
42745548	42745908
58146178	58146538
70743094	70743454
145432347	145432707
162733435	162733795
10689923	10690283
135699992	135700352
173483038	173483398
156319106	156319466
176171680	176172040
132623228	132623588
62421624	62421984
134187050	134187410
133476992	133477352
145267603	145267963
90515601	90515961
132682769	132683129
118670721	118671081
146938460	146938820
150599372	150599732
147266576	147266936
39074890	39075250
124563020	124563380
130982716	130983076
94619679	94620039
171277573	171277933
160076347	160076707
146603781	146604141
176829507	176829867
51989124	51989484
133115537	133115897
61739591	61739951
138922925	138923285
154407616	154407976
57794192	57794552
170832571	170832931
171354400	171354760
116926656	116927016
176449606	176449966
172957593	172957953
141268856	141269216
95987675	95988035
94028761	94029121
79952330	79952690
80007774	80008134
159343287	159343647
64509775	64510135
116791301	116791661
140739340	140739700
73241324	73241684
96237126	96237486
10576543	10576903
149555115	149555475
16489340	16489700
102307425	102307785
112846574	112846934
172593251	172593611
79070383	79070743
33423166	33423526
60139918	60140278
158104242	158104602
158197487	158197847
160397795	160398155
121836453	121836813
140857947	140858307
77596322	77596682
10146009	10146369
86720628	86720988
113559644	113560004
126709791	126710151
14259052	14259412
10775761	10776121
149652117	149652477
6292088	6292448
118914645	118915005
5063799	5064159
71616298	71616658
73312245	73312605
36459642	36460002
112666237	112666597
31581593	31581953
77663197	77663557
128031522	128031882
141339580	141339940
60434934	60435294
33890771	33891131
43627134	43627494
55273968	55274328
23978138	23978498
176386104	176386464
113782811	113783171
10357947	10358307
169701373	169701733
145059742	145060102
8864246	8864606
77656156	77656516
97912423	97912783
156750120	156750480
43729960	43730320
18282079	18282439
74632530	74632890
11720011	11720371
1167771	1168131
93949270	93949630
32707528	32707888
139452827	139453187
65976619	65976979
139029955	139030315
175145827	175146187
38208900	38209260
87437271	87437631
108814974	108815334
174243909	174244269
162531519	162531879
97685460	97685820
57183704	57184064
76526582	76526942
133862406	133862766
175662144	175662504
68710644	68711004
132825250	132825610
39005705	39006065
172614401	172614761
11182814	11183174
37555031	37555391
146958002	146958362
176934209	176934569
26700885	26701245
180226161	180226521
111092970	111093330
51953041	51953401
60463283	60463643
131926868	131927228
149217238	149217598
146843807	146844167
122110726	122111086
126908700	126909060
141293655	141294015
14665996	14666356
45797095	45797455
26482854	26483214
172093315	172093675
130500290	130500650
179049694	179050054
147836843	147837203
43043188	43043548
32451074	32451434
110797096	110797456
157256058	157256418
140729401	140729761
132946627	132946987
41722428	41722788
127834602	127834962
52726465	52726825
4862679	4863039
14957544	14957904
146326748	146327108
66066054	66066414
109750099	109750459
125436546	125436906
140753227	140753587
77923102	77923462
81645486	81645846
158713455	158713815
56122905	56123265
173411288	173411648
43661256	43661616
179334838	179335198
80502802	80503162
157117377	157117737
118292424	118292784
127082453	127082813
79220772	79221132
179628258	179628618
158476805	158477165
58802143	58802503
149425077	149425437
67542677	67543037
42912313	42912673
102128457	102128817
117928642	117929002
176730475	176730835
402640	403000
54255526	54255886
9207953	9208313
107681288	107681648
34465436	34465796
65790277	65790637
141391645	141392005
158871472	158871832
7392554	7392914
6435467	6435827
43401895	43402255
95592542	95592902
109390041	109390401
92398217	92398577
153207063	153207423
13478999	13479359
141142433	141142793
132050409	132050769
142362433	142362793
150369250	150369610
140782130	140782490
180216977	180217337
137872305	137872665
109669114	109669474
112672582	112672942
148208045	148208405
89681948	89682308
75505159	75505519
10607760	10608120
180600160	180600520
140420753	140421113
7805501	7805861
61113599	61113959
13278287	13278647
34919213	34919573
150461756	150462116
94574684	94575044
107428863	107429223
131619117	131619477
157440944	157441304
56110646	56111006
73079660	73080020
10201634	10201994
89457304	89457664
138609638	138609998
176788871	176789231
158307498	158307858
77423737	77424097
10364431	10364791
86266798	86267158
85414366	85414726
138604176	138604536
173836090	173836450
162020893	162021253
127419494	127419854
149455312	149455672
159818117	159818477
102376800	102377160
58746101	58746461
130869501	130869861
114725510	114725870
77591442	77591802
927036	927396
176239827	176240187
180644465	180644825
125828567	125828927
138473382	138473742
150667744	150668104
77163175	77163535
138623897	138624257
9898431	9898791
93517673	93518033
31638788	31639148
63680586	63680946
94411512	94411872
74627430	74627790
180240457	180240817
176037096	176037456
143337057	143337417
169128835	169129195
73690392	73690752
91605190	91605550
11494470	11494830
89900310	89900670
75879290	75879650
68663731	68664091
140734369	140734729
1772795	1773155
142784643	142785003
110559783	110560143
150698938	150699298
89770157	89770517
78183625	78183985
54062600	54062960
170737153	170737513
957342	957702
131512758	131513118
60224894	60225254
130758789	130759149
74463213	74463573
58956603	58956963
87989024	87989384
159585145	159585505
95510843	95511203
173116689	173117049
77656968	77657328
176797753	176798113
178957634	178957994
61519196	61519556
76425231	76425591
142388510	142388870
149498944	149499304
173397917	173398277
141523517	141523877
110478629	110478989
150455994	150456354
140566474	140566834
154011380	154011740
162915991	162916351
1511793	1512153
105604924	105605284
136915722	136916082
66789479	66789839
128002869	128003229
176809679	176810039
149867350	149867710
78428888	78429248
128471321	128471681
43227705	43228065
7593043	7593403
33850217	33850577
51878161	51878521
135415116	135415476
180687846	180688206
89025847	89026207
10826325	10826685
96499005	96499365
36414913	36415273
130056063	130056423
157009947	157010307
126777800	126778160
163340521	163340881
6712066	6712426
132757129	132757489
13976984	13977344
131805233	131805593
8993144	8993504
150489922	150490282
76312024	76312384
52239123	52239483
67510914	67511274
74346213	74346573
23820962	23821322
134120172	134120532
33300051	33300411
109961127	109961487
145588727	145589087
6167054	6167414
175274484	175274844
90162104	90162464
168692885	168693245
102367408	102367768
153616540	153616900
11075090	11075450
121427659	121428019
62086941	62087301
77768286	77768646
58109082	58109442
146773460	146773820
37043786	37044146
59306171	59306531
135086261	135086621
128461362	128461722
32690253	32690613
131439337	131439697
122881220	122881580
127093219	127093579
166457537	166457897
49808889	49809249
35852146	35852506
79704005	79704365
150843025	150843385
171025296	171025656
146001988	146002348
101919427	101919787
137417707	137418067
161278684	161279044
159887713	159888073
75867436	75867796
436457	436817
96056123	96056483
167391561	167391921
145282608	145282968
91806491	91806851
155079875	155080235
72514389	72514749
132652025	132652385
139251939	139252299
71610583	71610943
89717001	89717361
177978123	177978483
35922053	35922413
172437539	172437899
156781850	156782210
176937303	176937663
16666968	16667328
143711894	143712254
96379771	96380131
14582299	14582659
156731023	156731383
75839126	75839486
154640407	154640767
131470094	131470454
176763191	176763551
54455581	54455941
165057436	165057796
77851756	77852116
31639211	31639571
133881001	133881361
156251780	156252140
42636528	42636888
137931061	137931421
36777161	36777521
102777244	102777604
57773643	57774003
112459276	112459636
147670133	147670493
176729365	176729725
1494856	1495216
68561787	68562147
174162986	174163346
25119786	25120146
140187038	140187398
32916803	32917163
171880154	171880514
55777545	55777905
124748429	124748789
118676298	118676658
40681065	40681425
1667357	1667717
107786987	107787347
87979395	87979755
43042601	43042961
52497625	52497985
148828808	148829168
175294835	175295195
126872409	126872769
83384789	83385149
89140389	89140749
177635477	177635837
90598136	90598496
36060674	36061034
39149043	39149403
170763977	170764337
156736102	156736462
163902373	163902733
66671443	66671803
158868385	158868745
73935666	73936026
78216452	78216812
137690697	137691057
118591725	118592085
11048929	11049289
70955127	70955487
161393559	161393919
45774685	45775045
131997281	131997641
59984844	59985204
176934907	176935267
176245087	176245447
425910	426270
170236547	170236907
44603992	44604352
104842414	104842774
94890743	94891103
9922806	9923166
54200225	54200585
146749341	146749701
1504148	1504508
145831016	145831376
43008635	43008995
143028262	143028622
147385651	147386011
171761211	171761571
82181798	82182158
130500811	130501171
14326392	14326752
61520826	61521186
135215961	135216321
52721883	52722243
137071701	137072061
149778434	149778794
149110061	149110421
73690951	73691311
150437899	150438259
66160400	66160760
102591919	102592279
106034915	106035275
7762342	7762702
140723172	140723532
64919687	64920047
80339508	80339868
139555081	139555441
134074859	134075219
34452367	34452727
10030588	10030948
88023545	88023905
133406945	133407305
56572919	56573279
137946126	137946486
9156386	9156746
36734535	36734895
45696367	45696727
141380287	141380647
112849166	112849526
142415846	142416206
176127208	176127568
133716809	133717169
21810813	21811173
151303388	151303748
36602817	36603177
903164	903524
73352573	73352933
109179835	109180195
52558183	52558543
71708100	71708460
137031722	137032082
1209073	1209433
106440366	106440726
123401213	123401573
96064911	96065271
14141881	14142241
114505397	114505757
160103034	160103394
175788587	175788947
38404783	38405143
131795935	131796295
160706056	160706416
89481180	89481540
43039489	43039849
115373115	115373475
71699070	71699430
113696644	113697004
33470682	33471042
58303298	58303658
68327822	68328182
176916258	176916618
133561094	133561454
141521089	141521449
95116945	95117305
133638534	133638894
65505309	65505669
93494875	93495235
60626695	60627055
169277437	169277797
160229579	160229939
12292681	12293041
149892928	149893288
52777780	52778140
102983758	102984118
15824420	15824780
61636227	61636587
42927875	42928235
79950524	79950884
121492451	121492811
158916868	158917228
121833882	121834242
171167470	171167830
66037926	66038286
67568156	67568516
177501576	177501936
170197042	170197402
77140712	77141072
149993985	149994345
168975328	168975688
94229462	94229822
40166465	40166825
98070381	98070741
180671801	180672161
172329931	172330291
170819595	170819955
13878514	13878874
145239470	145239830
133242005	133242365
138268154	138268514
64776508	64776868
137227515	137227875
24642114	24642474
174008487	174008847
170653112	170653472
179518200	179518560
65470149	65470509
179988674	179989034
81790791	81791151
54790000	54790360
96691217	96691577
73618769	73619129
150114535	150114895
170601510	170601870
120152695	120153055
44774432	44774792
176102654	176103014
100033675	100034035
55278735	55279095
126897953	126898313
142879321	142879681
74963461	74963821
108255632	108255992
57756036	57756396
100236047	100236407
176923118	176923478
20972466	20972826
179265046	179265406
66445748	66446108
131629500	131629860
118672016	118672376
122703490	122703850
139017204	139017564
142828103	142828463
156693225	156693585
76733107	76733467
57792343	57792703
89600429	89600789
140571725	140572085
149330773	149331133
138629976	138630336
145846331	145846691
176074003	176074363
176921868	176922228
143866830	143867190
80597227	80597587
141057029	141057389
145191819	145192179
113018239	113018599
176948180	176948540
168373397	168373757
6676207	6676567
151100446	151100806
137167156	137167516
174265319	174265679
89267110	89267470
1004684	1005044
10736100	10736460
86282696	86283056
162777018	162777378
54604286	54604646
110495565	110495925
40798509	40798869
128797188	128797548
172073865	172074225
71651499	71651859
141243122	141243482
76113922	76114282
24110132	24110492
149209536	149209896
42264	42624
163372299	163372659
15683352	15683712
173345545	173345905
153576940	153577300
133897427	133897787
10689539	10689899
150899805	150900165
55216595	55216955
161352995	161353355
81150336	81150696
133440677	133441037
414268	414628
140940453	140940813
6202790	6203150
112232299	112232659
138060934	138061294
172708966	172709326
132201935	132202295
76924719	76925079
170174795	170175155
68187549	68187909
134510450	134510810
162886728	162887088
76514126	76514486
180668433	180668793
133317259	133317619
169148814	169149174
14212334	14212694
76916270	76916630
21469860	21470220
74239772	74240132
114709789	114710149
77361504	77361864
14405406	14405766
43232031	43232391
95197963	95198323
151650988	151651348
170797906	170798266
146085849	146086209
93733217	93733577
142345035	142345395
149533815	149534175
175970009	175970369
36214531	36214891
60572965	60573325
133435082	133435442
136797642	136798002
139454964	139455324
88020045	88020405
80508180	80508540
94956206	94956566
171437294	171437654
100176140	100176500
139091037	139091397
93017132	93017492
109679327	109679687
139090497	139090857
148694263	148694623
151841903	151842263
95295646	95296006
114877357	114877717
180230274	180230634
88174791	88175151
179297531	179297891
131813203	131813563
168901277	168901637
138721054	138721414
146777170	146777530
172366086	172366446
162696661	162697021
135400291	135400651
77806315	77806675
137801409	137801769
130970449	130970809
68462462	68462822
142402864	142403224
178922919	178923279
141981042	141981402
41968414	41968774
32057617	32057977
158167059	158167419
132137983	132138343
54528768	54529128
31532393	31532753
66126463	66126823
102855246	102855606
128180073	128180433
54698008	54698368
114234316	114234676
177264403	177264763
74241390	74241750
1599138	1599498
42514873	42515233
137225242	137225602
72138758	72139118
8756573	8756933
137612156	137612516
15995545	15995905
150539115	150539475
72792784	72793144
108085222	108085582
128430393	128430753
166688744	166689104
149103956	149104316
10684727	10685087
64678405	64678765
126378371	126378731
133889999	133890359
111455465	111455825
128877324	128877684
111021654	111022014
36866247	36866607
52778682	52779042
89705778	89706138
114910261	114910621
156496936	156497296
123746817	123747177
179718435	179718795
77862880	77863240
158475344	158475704
132562797	132563157
94982146	94982506
39106460	39106820
164588299	164588659
88568128	88568488
169012030	169012390
138755599	138755959
133968217	133968577
66020595	66020955
140762110	140762470
169830683	169831043
100042567	100042927
102922857	102923217
175378662	175379022
83551178	83551538
59836936	59837296
127830163	127830523
138207224	138207584
108084539	108084899
35939755	35940115
170323746	170324106
1540279	1540639
61601696	61602056
98175488	98175848
35921017	35921377
141697454	141697814
25858188	25858548
180075849	180076209
97365926	97366286
167673956	167674316
71880380	71880740
131831340	131831700
86264332	86264692
59691703	59692063
6574741	6575101
128607011	128607371
16464812	16465172
118787299	118787659
154973803	154974163
100381457	100381817
43387020	43387380
175814540	175814900
172191980	172192340
139493163	139493523
64267369	64267729
176734116	176734476
105790365	105790725
173313190	173313550
59817212	59817572
72682941	72683301
147500622	147500982
140552007	140552367
67557228	67557588
53386493	53386853
180649981	180650341
150032804	150033164
100110523	100110883
81893242	81893602
179636069	179636429
140771938	140772298
165768776	165769136
72608272	72608632
139487000	139487360
176739876	176740236
107614567	107614927
10724843	10725203
40367373	40367733
106179481	106179841
40288935	40289295
133205078	133205438
167766216	167766576
126565411	126565771
126299706	126300066
172981502	172981862
5599702	5600062
86052699	86053059
65534884	65535244
156145994	156146354
68486096	68486456
176952503	176952863
94038719	94039079
85861827	85862187
10612405	10612765
169720435	169720795
171056633	171056993
35213659	35214019
33530748	33531108
127417227	127417587
318733	319093
180614773	180615133
96143602	96143962
154526843	154527203
121297100	121297460
180711328	180711688
164456469	164456829
150536517	150536877
38673669	38674029
150381768	150382128
73968817	73969177
137946835	137947195
134553364	134553724
167849540	167849900
168938807	168939167
143684279	143684639
33995062	33995422
169098615	169098975
81045446	81045806
91206109	91206469
180258476	180258836
151544359	151544719
138892311	138892671
147314604	147314964
142562507	142562867
53357461	53357821
150089758	150090118
56728725	56729085
74902594	74902954
97611613	97611973
112670578	112670938
16776873	16777233
35345294	35345654
153418274	153418634
22889874	22890234
167351400	167351760
151972982	151973342
150620296	150620656
180227578	180227938
138861330	138861690
71759214	71759574
71131882	71132242
21663216	21663576
112419970	112420330
159670283	159670643
101890446	101890806
94120843	94121203
74880492	74880852
127201015	127201375
1488737	1489097
22214192	22214552
39692077	39692437
72591263	72591623
150428125	150428485
167014815	167015175
131617561	131617921
108260042	108260402
35717791	35718151
141021465	141021825
137904290	137904650
60658740	60659100
52539290	52539650
98109933	98110293
154248238	154248598
156243221	156243581
111708212	111708572
33800695	33801055
177361237	177361597
63891061	63891421
9283548	9283908
78629882	78630242
142783617	142783977
158846583	158846943
31251247	31251607
90478535	90478895
172335139	172335499
7881098	7881458
59829614	59829974
43497418	43497778
84344934	84345294
167718506	167718866
132143076	132143436
76382379	76382739
141392468	141392828
94760237	94760597
177028593	177028953
77943854	77944214
89096583	89096943
102811554	102811914
139167220	139167580
154375266	154375626
65794577	65794937
127311659	127312019
109295321	109295681
88377275	88377635
37120368	37120728
142473785	142474145
115420713	115421073
148809815	148810175
140479815	140480175
171789678	171790038
49616002	49616362
14872120	14872480
114139059	114139419
23994633	23994993
7683951	7684311
145386810	145387170
126420353	126420713
112259326	112259686
124080151	124080511
10140532	10140892
110805554	110805914
119868584	119868944
87486247	87486607
90932181	90932541
139621742	139622102
79704219	79704579
