48612067	48612353
53024712	53025018
100089173	100089476
48669211	48669471
77477767	77478002
30687180	30687402
40516976	40517237
49343298	49343560
37573430	37573692
99097673	99097883
29937225	29937457
113597086	113597317
107188855	107189093
20737612	20737827
25861594	25861807
36920859	36921065
100039763	100039991
22051228	22051457
31618627	31618833
30046564	30046779
53542316	53542540
30082345	30082546
33802769	33802971
107857716	107857942
111471888	111472093
51644272	51644472
76123439	76123626
111108302	111108504
96130864	96131045
113528921	113529120
114992287	114992494
30689243	30689393
95844097	95844275
80917105	80917267
52389317	52389516
50510398	50510602
27936202	27936357
45621542	45621736
25688418	25688618
24803063	24803265
21069341	21069545
100308442	100308657
60970968	60971178
75793965	75794162
49875373	49875554
24463586	24463789
51860623	51860815
50550914	50551051
97762221	97762427
99828914	99829078
31439590	31439737
31998373	31998549
32316342	32316522
92001253	92001459
76450626	76450794
111720197	111720375
100568847	100569037
99305759	99305939
20534341	20534549
21872066	21872270
26758936	26759099
96056646	96056805
46700803	46700976
32842082	32842271
45945183	45945352
113260792	113260981
34116881	34117045
46895868	46896031
51486271	51486427
36295210	36295372
27272928	27273104
77554354	77554510
101167201	101167342
30706769	30706922
46758690	46758782
27504492	27504630
107570477	107570631
28400810	28400978
103792735	103792872
52419349	52419507
42033095	42033285
30498411	30498575
111064694	111064834
53726052	53726162
31377142	31377295
96486548	96486733
45885295	45885450
103109807	103109969
97680979	97681339
107863486	107863603
63086410	63086590
45883682	45883849
21517765	21517945
27056843	27056985
29210973	29211104
111875852	111875995
97670360	97670550
99492450	99492648
28404226	28404320
51699976	51700107
28528105	28528282
33224976	33225142
21286828	21287017
49306211	49306379
76056772	76056914
99325289	99325649
61005359	61005538
103244366	103244490
25569457	25569589
100094667	100094761
32484116	32484281
76270024	76270206
41796504	41796641
46275221	46275362
27845177	27845280
45492481	45492633
74614501	74614603
31553637	31553757
46863262	46863423
46085824	46085985
43545022	43545166
26148703	26148832
98011832	98011981
52470547	52470669
107272421	107272568
31773985	31774138
113295167	113295258
80253518	80253647
43543863	43543977
51375483	51375843
50422223	50422377
24627695	24627797
45855322	45855435
33213681	33214041
27933449	27933607
81553286	81553438
25257984	25258344
42908360	42908464
59965910	59966019
113098309	113098669
50571449	50571809
27447012	27447372
27948788	27949148
99495273	99495402
113271316	113271676
101241029	101241191
103568469	103568601
47468198	47468558
101374183	101374543
50243853	50244213
103452611	103452707
31248263	31248623
99921973	99922118
25268222	25268582
95272679	95272792
53226856	53227216
100552750	100552856
95014789	95014891
21684899	21685259
40186321	40186433
50181210	50181570
28898343	28898703
52423810	52424170
30282197	30282295
36994610	36994750
25611506	25611628
40643450	40643565
20771482	20771842
52701890	52702250
78326125	78326228
40190357	40190488
27949895	27950255
47125623	47125983
108302584	108302683
21498940	21499300
92839665	92840025
41548831	41549191
114427771	114428131
73414104	73414217
29370922	29371080
48348391	48348510
28558526	28558616
46292229	46292589
23594396	23594756
43169111	43169471
96672511	96672623
20756413	20756773
41927298	41927436
109613883	109614243
33683947	33684307
25659293	25659653
32820527	32820887
109797895	109798255
41388326	41388686
42479739	42480099
78695650	78696010
75932059	75932419
113683799	113684159
46734606	46734966
98507749	98508109
110768385	110768745
108807848	108808208
33160313	33160673
53383458	53383818
59892480	59892840
91669619	91669979
21402675	21403035
103522914	103523274
95327153	95327513
25302261	25302388
101225297	101225657
110874688	110874794
100269635	100269995
33591755	33592115
96632745	96633105
34297988	34298348
111567468	111567828
32884282	32884642
27521069	27521429
42242304	42242664
60252344	60252704
91965335	91965695
78067018	78067378
25571526	25571886
24794268	24794628
32005923	32006022
114048289	114048649
26083954	26084314
103232923	103233283
24152834	24153194
27559426	27559786
96032953	96033313
30287990	30288350
73217553	73217913
92027398	92027758
39837125	39837485
91786474	91786834
95948807	95949167
97610563	97610923
96276229	96276589
31810343	31810703
52575286	52575646
28107221	28107581
114909169	114909529
114519925	114520285
114216748	114217108
49169777	49170137
47405721	47406081
103499902	103500262
32575406	32575766
52371863	52372223
60254572	60254932
78711771	78712131
105426052	105426412
42684709	42685069
27070745	27071105
39719075	39719435
36856987	36857347
115105296	115105656
23981043	23981403
45544034	45544394
30029237	30029597
49814179	49814539
96146342	96146702
101195087	101195447
77047691	77048051
76444447	76444807
39590942	39591302
99118881	99119241
91519569	91519929
74282528	74282888
79552551	79552911
53436509	53436869
79965438	79965798
74861065	74861425
58198980	58199340
27913469	27913829
41351562	41351922
20531384	20531744
31253889	31254249
28344982	28345342
32593764	32594124
46302951	46303311
25823309	25823669
62932327	62932687
21063369	21063729
24594470	24594830
74328844	74329204
48701019	48701379
88323454	88323814
72453394	72453754
49323856	49324216
80938052	80938412
53824403	53824763
21871135	21871495
61047761	61048121
92058912	92059272
26760632	26760992
61023045	61023405
54356514	54356874
36204823	36205183
100180810	100181170
45453606	45453966
37310292	37310652
100310881	100311241
20161809	20162169
36552658	36553018
32989186	32989546
24040850	24041210
44479588	44479948
21278158	21278518
97996805	97997165
102594382	102594742
24085134	24085494
22212369	22212729
49154366	49154726
101780123	101780483
41242417	41242777
24473732	24474092
35731320	35731680
111245830	111246190
71894605	71894965
47548034	47548394
95841632	95841992
39446840	39447200
27980426	27980786
112081393	112081753
80349915	80350275
61201235	61201595
30909225	30909585
46311588	46311948
76590971	76591331
30982375	30982735
60903746	60904106
36392707	36393067
27954129	27954489
28443307	28443667
47536695	47537055
51824243	51824603
33243201	33243561
75946586	75946946
43052677	43053037
53471555	53471915
92299625	92299985
99918132	99918492
52703084	52703444
96728239	96728599
46381654	46382014
98452543	98452903
24384979	24385339
101808319	101808679
24534691	24535051
103556008	103556368
44765547	44765907
98227187	98227547
108879994	108880354
60480586	60480946
42790275	42790635
25949877	25950237
98563812	98564172
48652306	48652666
32955719	32956079
95269642	95270002
111297154	111297514
108974578	108974938
32738821	32739181
111868584	111868944
72795491	72795851
23662032	23662392
78815461	78815821
28572076	28572436
24495523	24495883
33485670	33486030
21066802	21067162
25245544	25245904
105854803	105855163
31035824	31036184
24316051	24316411
41628352	41628712
20438903	20439263
96881639	96881999
28055919	28056279
49855228	49855588
96313277	96313637
102167076	102167436
39489553	39489913
80115577	80115937
24450441	24450801
74409295	74409655
33017267	33017627
80547546	80547906
91520568	91520928
99681108	99681468
47295293	47295653
102793962	102794322
78052534	78052894
71142722	71143082
45148317	45148677
112056335	112056695
101797191	101797551
111096688	111097048
48369106	48369466
46197625	46197985
49995589	49995949
27281860	27282220
70509170	70509530
110789993	110790353
46645746	46646106
31125363	31125723
51489726	51490086
28534419	28534779
75832328	75832688
41495674	41496034
105792386	105792746
46064271	46064631
71534987	71535347
34651300	34651660
62894240	62894600
102409829	102410189
20193073	20193433
47067065	47067425
24464402	24464762
70431357	70431717
92033653	92034013
103841055	103841415
47479381	47479741
29655189	29655549
22132159	22132519
45057798	45058158
111596629	111596989
106735989	106736349
31155701	31156061
65104007	65104367
30117306	30117666
66212708	66213068
108829044	108829404
38619919	38620279
48908677	48909037
22852475	22852835
42928457	42928817
43877148	43877508
95087869	95088229
33631674	33632034
82904676	82905036
62454962	62455322
50018037	50018397
109549319	109549679
74341866	74342226
25542537	25542897
70139626	70139986
44624615	44624975
42128837	42129197
48807508	48807868
36363464	36363824
37555330	37555690
99134761	99135121
27858302	27858662
42615917	42616277
29943268	29943628
78139794	78140154
25315400	25315760
115045983	115046343
33155355	33155715
79998191	79998551
47566562	47566922
52406583	52406943
101753940	101754300
63200894	63201254
79380641	79381001
96188913	96189273
76593519	76593879
73140038	73140398
24445781	24446141
38991947	38992307
41257106	41257466
26637000	26637360
39337943	39338303
77900599	77900959
20558870	20559230
68878458	68878818
22423490	22423850
60909682	60910042
46038636	46038996
22199521	22199881
45968092	45968452
78167167	78167527
41629424	41629784
44817413	44817773
85470305	85470665
77576750	77577110
20710906	20711266
111699229	111699589
111333183	111333543
73383061	73383421
99853616	99853976
23733354	23733714
50659166	50659526
35738471	35738831
60345423	60345783
22053094	22053454
44448643	44449003
87926473	87926833
43706409	43706769
112126819	112127179
42226924	42227284
30929488	30929848
97865023	97865383
101246995	101247355
23893795	23894155
34505561	34505921
45914574	45914934
76248531	76248891
27546256	27546616
20138950	20139310
30685998	30686358
46015771	46016131
58201721	58202081
29379339	29379699
36849336	36849696
20763293	20763653
37422743	37423103
79820722	79821082
43072674	43073034
22635426	22635786
106062966	106063326
25154473	25154833
37389224	37389584
50365381	50365741
78353596	78353956
92228878	92229238
111269058	111269418
28633364	28633724
103377212	103377572
25807055	25807415
99686108	99686468
113929627	113929987
81591704	81592064
107185383	107185743
76261302	76261662
52810389	52810749
41959272	41959632
24141947	24142307
111702625	111702985
26829896	26830256
25245013	25245373
92374575	92374935
103208300	103208660
37683221	37683581
45491686	45492046
20501277	20501637
81745170	81745530
47338164	47338524
46047807	46048167
109567466	109567826
52009148	52009508
88321657	88322017
20392373	20392733
41649216	41649576
30345325	30345685
47030149	47030509
24145078	24145438
112092874	112093234
74296323	74296683
60051143	60051503
21754846	21755206
50253389	50253749
111366357	111366717
37432328	37432688
82214121	82214481
40250501	40250861
67990433	67990793
70913921	70914281
49673403	49673763
46257940	46258300
109547587	109547947
33041529	33041889
53239493	53239853
42002311	42002671
86402240	86402600
90347929	90348289
33643523	33643883
47177469	47177829
67812442	67812802
99521643	99522003
34374356	34374716
61984845	61985205
52355411	52355771
99100587	99100947
98283473	98283833
96350322	96350682
100266797	100267157
39625258	39625618
59750925	59751285
46626661	46627021
31147165	31147525
39156306	39156666
46453826	46454186
114912098	114912458
91697694	91698054
82531256	82531616
97475136	97475496
51106053	51106413
30732909	30733269
31467104	31467464
43597780	43598140
26611422	26611782
94844896	94845256
52775503	52775863
113164275	113164635
20701896	20702256
92598731	92599091
31027988	31028348
100887511	100887871
53780638	53780998
41985715	41986075
110761263	110761623
89719162	89719522
53144052	53144412
50443647	50444007
23750140	23750500
43690391	43690751
87522631	87522991
100158114	100158474
109261707	109262067
108922253	108922613
45045122	45045482
73225396	73225756
95068752	95069112
62693872	62694232
108994728	108995088
47254001	47254361
97469628	97469988
78384610	78384970
53183456	53183816
69501560	69501920
110443699	110444059
33962338	33962698
25201236	25201596
29679930	29680290
114607366	114607726
91900049	91900409
95952976	95953336
79160817	79161177
37643139	37643499
100230833	100231193
53312898	53313258
43659574	43659934
91730324	91730684
114112585	114112945
48373095	48373455
50226824	50227184
72051916	72052276
91960565	91960925
44482586	44482946
61228535	61228895
22244381	22244741
111335528	111335888
64210326	64210686
48642237	48642597
45695551	45695911
79450382	79450742
24289950	24290310
53419539	53419899
42516860	42517220
46961674	46962034
95201230	95201590
113585784	113586144
22247609	22247969
74423394	74423754
36400781	36401141
103046429	103046789
51723127	51723487
41770755	41771115
114875972	114876332
29834835	29835195
96356772	96357132
108739047	108739407
44378666	44379026
45451078	45451438
44362158	44362518
34062027	34062387
20175947	20176307
29292751	29293111
92827656	92828016
24281872	24282232
76006097	76006457
99848682	99849042
27912930	27913290
37648812	37649172
95926755	95927115
37424964	37425324
27752069	27752429
24283676	24284036
97636467	97636827
25320751	25321111
71815058	71815418
100086469	100086829
98501565	98501925
111005157	111005517
86380733	86381093
95312936	95313296
77396820	77397180
29253745	29254105
107855512	107855872
52533941	52534301
36969485	36969845
60943247	60943607
78394918	78395278
98311874	98312234
109787393	109787753
77891309	77891669
111177989	111178349
99209128	99209488
21297478	21297838
25179905	25180265
41363450	41363810
72553837	72554197
71793128	71793488
104856555	104856915
21608690	21609050
78891159	78891519
114808915	114809275
39104657	39105017
26403861	26404221
112112896	112113256
71538293	71538653
105223986	105224346
49221792	49222152
26951141	26951501
28051369	28051729
108025846	108026206
98462418	98462778
89767544	89767904
31735998	31736358
43769697	43770057
39980850	39981210
24352455	24352815
24896627	24896987
91814432	91814792
45222584	45222944
34252251	34252611
39989536	39989896
79965638	79965998
23375512	23375872
39991265	39991625
99002224	99002584
30376129	30376489
24981986	24982346
78081086	78081446
59836266	59836626
45937070	45937430
58132298	58132658
111723427	111723787
84354402	84354762
31808882	31809242
61699667	61700027
40351946	40352306
76140851	76141211
30419573	30419933
110742187	110742547
51640172	51640532
72328762	72329122
25114994	25115354
23949352	23949712
25129317	25129677
40258655	40259015
20013211	20013571
46951782	46952142
99083356	99083716
20692337	20692697
45012134	45012494
52173895	52174255
95266372	95266732
41623087	41623447
82504102	82504462
50961213	50961573
50091583	50091943
25579331	25579691
111015372	111015732
52917448	52917808
91620826	91621186
95874932	95875292
48033690	48034050
47128767	47129127
74589238	74589598
40176580	40176940
100019914	100020274
51695031	51695391
29211860	29212220
44468574	44468934
30304392	30304752
32399285	32399645
79630855	79631215
113738609	113738969
70159779	70160139
70672820	70673180
50068768	50069128
61860299	61860659
48975027	48975387
50655778	50656138
80913246	80913606
20690408	20690768
86439111	86439471
92575488	92575848
104440392	104440752
63699022	63699382
45547132	45547492
81635375	81635735
41566837	41567197
77459257	77459617
103592471	103592831
72249162	72249522
76334307	76334667
100252474	100252834
103888632	103888992
70111681	70112041
75990858	75991218
49789133	49789493
99138724	99139084
40385799	40386159
87219411	87219771
49794417	49794777
28000231	28000591
104162373	104162733
33859800	33860160
44537892	44538252
66187130	66187490
51871665	51872025
53424513	53424873
36527786	36528146
100258156	100258516
101347287	101347647
80982371	80982731
47326157	47326517
25841826	25842186
103685729	103686089
70884855	70885215
43234534	43234894
28975635	28975995
114444855	114445215
92000473	92000833
38176939	38177299
73633358	73633718
111368189	111368549
62528257	62528617
32833304	32833664
110899827	110900187
28194080	28194440
75940492	75940852
100098503	100098863
43449868	43450228
49049313	49049673
93225670	93226030
37027656	37028016
55819416	55819776
98406200	98406560
102438225	102438585
40339943	40340303
20531587	20531947
99425357	99425717
100011887	100012247
102127046	102127406
52341280	52341640
61821624	61821984
33112983	33113343
25199723	25200083
32541300	32541660
31276153	31276513
62588439	62588799
68835250	68835610
71197444	71197804
33886331	33886691
28196607	28196967
44555269	44555629
41634293	41634653
108872349	108872709
85491368	85491728
39586663	39587023
74572912	74573272
41138511	41138871
51563600	51563960
96137199	96137559
77458384	77458744
75147802	75148162
22250826	22251186
26706931	26707291
98401472	98401832
99739537	99739897
28950785	28951145
47557419	47557779
28712119	28712479
47302998	47303358
110262868	110263228
60800648	60801008
44622455	44622815
42622779	42623139
110764732	110765092
101298612	101298972
49152655	49153015
111328763	111329123
29328774	29329134
31624591	31624951
27231057	27231417
48029718	48030078
22677173	22677533
29393870	29394230
82446694	82447054
25559303	25559663
72830082	72830442
32561737	32562097
100418751	100419111
48172459	48172819
111217666	111218026
48162841	48163201
50395554	50395914
96655659	96656019
79331299	79331659
60900449	60900809
38534570	38534930
95363351	95363711
41227578	41227938
48877512	48877872
113900412	113900772
83054565	83054925
86471211	86471571
25636713	25637073
41603780	41604140
52392251	52392611
115000406	115000766
111481064	111481424
73991254	73991614
24086896	24087256
29329415	29329775
43457952	43458312
111577564	111577924
111805491	111805851
111368397	111368757
39785296	39785656
77460325	77460685
51796348	51796708
25980540	25980900
60708532	60708892
78705961	78706321
50741394	50741754
61564190	61564550
20928165	20928525
113866023	113866383
31983853	31984213
24849255	24849615
101327050	101327410
52600427	52600787
66230840	66231200
80915512	80915872
113875251	113875611
47240843	47241203
50763617	50763977
34441702	34442062
65776984	65777344
94997997	94998357
24040356	24040716
53912945	53913305
24241889	24242249
111806381	111806741
52019024	52019384
109814433	109814793
31586804	31587164
28033808	28034168
48168997	48169357
47268121	47268481
32521233	32521593
85444334	85444694
96793294	96793654
39848067	39848427
51618107	51618467
77591353	77591713
28357264	28357624
73633557	73633917
113343237	113343597
22387292	22387652
75939667	75940027
28848088	28848448
102593746	102594106
111609514	111609874
41635209	41635569
27175804	27176164
24885861	24886221
111997066	111997426
77600346	77600706
76613041	76613401
90577382	90577742
108726807	108727167
43390704	43391064
27735557	27735917
20013461	20013821
31748238	31748598
28286596	28286956
113778095	113778455
42041854	42042214
31774387	31774747
52439951	52440311
69898215	69898575
43386442	43386802
33837166	33837526
52509900	52510260
20541837	20542197
23370231	23370591
37879299	37879659
