114889141	114889474
150951988	150952271
9687028	9687341
17036330	17036601
225662661	225662969
145059036	145059286
155220507	155220811
155034049	155034306
35318302	35318598
20959737	20960009
19239608	19239854
28184607	28184847
47902162	47902418
222638709	222638969
156629779	156630077
154990040	154990288
167772641	167772870
67966191	67966417
33592835	33593083
5574657	5574906
181394089	181394360
32429765	32430023
38455720	38455961
17746377	17746623
26221942	26222196
21596784	21597003
40804449	40804685
155959251	155959485
90228581	90228826
26324685	26324908
36554262	36554489
159130845	159131096
168115100	168115332
33177804	33178076
93297381	93297623
25427991	25428232
16951455	16951706
45251831	45252046
160346371	160346621
66708407	66708647
230777963	230778224
244436422	244436632
95509023	95509254
159861428	159861670
110602769	110603008
205560998	205561256
206785773	206785999
186344521	186344743
15650080	15650322
11779912	11780141
159906255	159906479
11898790	11899001
11097710	11097948
46035806	46036041
34098693	34098919
211871911	211872130
209801058	209801298
155145728	155145974
16382675	16382898
23730504	23730743
23866373	23866580
203238261	203238475
42639073	42639299
20820361	20820597
39052811	39053024
59012442	59012669
204131674	204131899
33560660	33560878
46689208	46689438
9927615	9927824
29529449	29529667
36615178	36615386
116681718	116681951
12289892	12290116
109289020	109289249
181111693	181111911
11954083	11954293
212629294	212629517
27627352	27627574
94279637	94279864
204776406	204776652
28575038	28575257
76619868	76620109
46502777	46502982
180148050	180148271
37953071	37953293
206831879	206832084
15426958	15427180
15757702	15757941
21695052	21695277
27371098	27371294
167684766	167684969
153721968	153722173
9349109	9349353
155163349	155163534
156066454	156066693
205242663	205242867
9241394	9241652
26362505	26362730
153541100	153541298
24136270	24136478
26690387	26690601
156627322	156627537
235257211	235257422
102033245	102033452
212185363	212185578
33238670	33238877
174998918	174999128
111162022	111162228
7727656	7727879
33761163	33761371
110319517	110319735
46993768	46993976
111326023	111326236
203307638	203307847
27714993	27715197
27481582	27481802
6761844	6762093
209921039	209921282
109806264	109806473
44471396	44471605
181159063	181159275
119910227	119910439
112912370	112912602
201482141	201482373
160738176	160738417
201798065	201798267
156415705	156415918
156695643	156695890
201377435	201377621
155063989	155064197
204716072	204716274
109820135	109820325
47641097	47641335
222269579	222269797
226735466	226735663
244462837	244463051
201762250	201762456
1837745	1837966
24098706	24098892
212208505	212208758
60225229	60225416
205304791	205305019
111765548	111765744
16335598	16335778
110527124	110527335
227015877	227016052
222628547	222628753
235267582	235267770
112050909	112051113
156100197	156100397
42039838	42040055
40781037	40781258
12679940	12680178
154971663	154971865
226814249	226814450
45118611	45118819
51762578	51762772
157133513	157133728
212803485	212803678
211496880	211497065
37920529	37920724
235247107	235247309
248100264	248100520
11702571	11702774
27970456	27970663
33833459	33833641
201223764	201223948
155058609	155058817
156195291	156195505
10490307	10490491
206907960	206908163
40439254	40439485
113258927	113259145
32014561	32014780
36348585	36348815
57286806	57286994
228688694	228688887
101704384	101704589
29208635	29208838
38276817	38277003
41733910	41734104
249101428	249101622
37899994	37900197
31895655	31895886
112298249	112298440
111002976	111003175
203242251	203242497
33342308	33342491
204332873	204333096
150532467	150532676
19147364	19147551
201528866	201529072
234634899	234635104
32713858	32714053
45060893	45061070
27115736	27115935
26496233	26496426
24717872	24718051
36886494	36886713
160048479	160048699
32129528	32129719
5805935	5806134
32986084	32986282
27423984	27424172
110182905	110183118
93324495	93324722
147364917	147365110
23961537	23961734
203236479	203236678
11021141	11021353
165336707	165336910
154532069	154532253
16947611	16947793
35208387	35208580
110596552	110596726
45180709	45180928
32059685	32059864
110074980	110075216
31274669	31274845
35063621	35063806
208136995	208137150
47658647	47658827
202284810	202285016
41981841	41982044
201192099	201192295
27684079	27684268
27995718	27995909
25174481	25174682
31252510	31252737
160162966	160163161
9065256	9065444
117279980	117280170
157059998	157060198
35332019	35332235
11002087	11002301
225965268	225965476
212650568	212650757
17820847	17821022
115655494	115655690
226312967	226313127
48176253	48176432
24741961	24742197
205628133	205628320
110648838	110649014
27429262	27429468
16118598	16118765
24194831	24195046
165362211	165362390
12719112	12719268
1307516	1307725
19567821	19568026
161162371	161162567
999273	999435
156326796	156326997
52468087	52468270
24137364	24137561
154836173	154836398
37116177	37116366
88646285	88646498
17662699	17662886
184191802	184192007
151566718	151566896
156036200	156036396
22743185	22743369
186451890	186452086
240139750	240139938
211828670	211828835
154297133	154297327
60413083	60413276
153650239	153650425
46912594	46912803
159976217	159976408
26648119	26648294
205454745	205454939
110036530	110036687
6787619	6787811
154851065	154851251
36653861	36654031
46943170	46943361
16514384	16514485
45301599	45301778
207038376	207038538
146966878	146967076
168054066	168054253
112933538	112933717
62596875	62597072
110316400	110316581
208058485	208058665
16142099	16142297
144918103	144918267
225668706	225668903
167035939	167036132
237032278	237032460
27372481	27372680
201865105	201865293
120154307	120154495
199212714	199212883
19668072	19668256
44502328	44502509
120491318	120491517
41882840	41883039
175726637	175726787
91630930	91631115
209750135	209750320
201451252	201451471
155022983	155023206
152430991	152431170
155035201	155035397
110659145	110659341
79962945	79963128
147727306	147727406
161179676	161179862
10567594	10567742
14286993	14287178
202205550	202205739
24243378	24243586
206663499	206663677
5570017	5570216
27721959	27722174
220950133	220950327
154452379	154452541
95320015	95320216
201417306	201417504
25015105	25015318
119818142	119818312
178971913	178972109
43994873	43995051
20208670	20208838
110186062	110186227
145589408	145589553
43692996	43693185
212838663	212838829
168051612	168051766
155140458	155140631
6535637	6535833
206310456	206310635
160651353	160651574
62548466	62548691
229797090	229797264
158057210	158057395
19210685	19210870
28844600	28844781
156352820	156353015
233926940	233927141
245206056	245206243
3641053	3641262
18923988	18924182
208001987	208002176
23303002	23303181
227730343	227730537
220983531	220983755
67191829	67192015
98516736	98516920
164756656	164756828
111573234	111573406
27324225	27324405
183250673	183250888
45195049	45195199
55276237	55276421
160070889	160071039
156553903	156554096
9170889	9171087
43388729	43388877
6614568	6614758
120286812	120286981
26743610	26743795
155057273	155057457
16767016	16767216
204958498	204958701
85773910	85774119
228318772	228318941
37169429	37169558
226384765	226384942
110855355	110855491
47644918	47645100
55487846	55488029
231347195	231347338
156808739	156808958
2479521	2479742
151974298	151974469
24397411	24397574
211526344	211526493
151507240	151507386
155149173	155149354
6546626	6546817
40123814	40123982
205030797	205030992
226899063	226899204
201354535	201354687
231892621	231892796
214502282	214502439
29203799	29203968
117117323	117117502
240061535	240061715
9675752	9675904
32681313	32681465
20031134	20031310
15455101	15455283
40119294	40119459
203309297	203309450
10554809	10555011
179779098	179779248
23984267	23984457
154642249	154642422
178470975	178471148
205626778	205626971
204176285	204176479
2126689	2126876
167657299	167657467
64602882	64603047
46645308	46645476
167411462	167411674
111173500	111173650
45265450	45265610
27935203	27935385
35325431	35325600
87597508	87597682
204400531	204400706
210580643	210580833
224701495	224701680
8042444	8042619
27524507	27524697
19717891	19718066
205888181	205888353
160645474	160645639
85219336	85219508
165338583	165338755
35667777	35667946
81880210	81880374
152319703	152319881
147112611	147112812
6550022	6550199
235677167	235677312
44683468	44683658
101774866	101775075
158094866	158095054
228353348	228353533
211649658	211649815
110739616	110739775
198125349	198125512
48963864	48964072
109655373	109655580
160696702	160696851
205680340	205680519
6483595	6483774
207106790	207106971
182931711	182931876
16405461	16405640
214434981	214435080
41078025	41078177
113423652	113423820
151224277	151224457
22290574	22290729
9934995	9935178
156659377	156659533
48192024	48192149
209422112	209422286
95271486	95271665
9048229	9048371
206781536	206781706
184951415	184951528
19980315	19980458
94505172	94505351
236135157	236135299
6498166	6498374
44229199	44229383
180221871	180222028
20521779	20521941
156355475	156355657
26137424	26137599
29063207	29063308
15631324	15631469
205760810	205760982
41134656	41134840
230446434	230446601
36181178	36181305
36834724	36834904
227950198	227950350
155176755	155176896
22458478	22458652
85725374	85725498
70953673	70953867
3407862	3408031
101754090	101754273
31192144	31192306
30853334	30853512
203141422	203141642
204910960	204911143
10010463	10010634
247553498	247553656
26611649	26611833
25363772	25363917
26560363	26560546
40004993	40005160
146714153	146714345
55137773	55137972
206757125	206757291
200772147	200772303
53647776	53647971
45480240	45480431
172413211	172413393
200457938	200458107
234445789	234445960
203830479	203830689
235416572	235416736
62054443	62054614
120351668	120351862
35252135	35252333
113683251	113683393
12269022	12269201
20042177	20042352
16570977	16571122
171283084	171283221
20244572	20244774
145542972	145543161
204733026	204733206
17828913	17829082
226821923	226822035
41418248	41418387
1376397	1376561
181448427	181448545
51339328	51339481
23823627	23823800
3481894	3482047
116012325	116012685
223297186	223297330
193090953	193091132
226521239	226521406
10270348	10270496
201012141	201012286
155293169	155293297
203311702	203311879
110075551	110075742
160921273	160921426
91187054	91187235
202153922	202154057
109642586	109642766
111038711	111038884
202540967	202541154
182112371	182112545
35916754	35916894
201978739	201978922
207155561	207155706
15373148	15373302
49162863	49163024
55743319	55743456
90270327	90270477
25224606	25224966
203008558	203008703
46908376	46908596
160588638	160588763
54547452	54547585
212541484	212541606
7707404	7707569
2345915	2346083
182564868	182565033
109736409	109736542
205225428	205225590
160055489	160055675
113351906	113352086
153250472	153250640
152467643	152467812
116138545	116138712
221608864	221609050
26826756	26826939
113346906	113347065
16067961	16068094
116711099	116711254
235667985	235668094
202162049	202162216
150138298	150138474
152432849	152433009
176344202	176344379
78610849	78610999
76796785	76796936
36034603	36034787
102639951	102640064
150533476	150533638
165562290	165562442
74969916	74970082
175288883	175289052
180502740	180502906
8374465	8374583
68808533	68808707
60437144	60437304
154307660	154307803
159184101	159184228
11397693	11397818
151032085	151032210
149204377	149204552
157475562	157475705
17029769	17029948
207178444	207178615
178269157	178269316
9555393	9555520
14140245	14140371
55841475	55841599
207251256	207251410
23425296	23425470
222807879	222808027
117028030	117028121
16408926	16409081
160924014	160924374
60442573	60442745
22602441	22602606
171624735	171624906
44513443	44513618
2313297	2313415
183197213	183197398
97432200	97432369
4712748	4712893
44400001	44400132
165883516	165883698
159102181	159102352
100925178	100925287
167028496	167028673
208267211	208267383
178501545	178501713
53859099	53859254
151128589	151128781
33764370	33764537
45197050	45197226
159167869	159168023
15241934	15242105
44412190	44412293
115681610	115681784
120510729	120510893
111372732	111372848
246862477	246862837
153467502	153467646
98519787	98519951
221651486	221651638
177917576	177917765
171454338	171454698
36982045	36982199
38325868	38326034
41315781	41315940
6265337	6265510
204367759	204367909
19908905	19909025
20703504	20703639
22432258	22432374
78580160	78580330
165894020	165894204
171214709	171214873
968407	968587
32866548	32866638
242161783	242161925
101985870	101986054
147099431	147099532
10398238	10398386
161197236	161197402
48559479	48559623
161011395	161011522
203671342	203671494
209921280	209921493
172419126	172419284
154916275	154916635
223307099	223307273
13992158	13992518
32254923	32255099
71151088	71151248
175124088	175124235
120413631	120413799
214505317	214505436
53744029	53744176
201673448	201673595
231227791	231227954
37074978	37075110
109104489	109104640
12184927	12185101
23871190	23871550
249120808	249120973
235580439	235580799
226163684	226164044
33936203	33936362
206234475	206234611
247844749	247844871
169681267	169681425
16359461	16359621
108668289	108668435
20848943	20849034
41748486	41748620
12178734	12178912
112289992	112290145
27659379	27659552
145713683	145713826
9785162	9785352
156767220	156767374
34078604	34078767
31654385	31654550
85238032	85238392
152161174	152161309
45484299	45484659
175115822	175115973
46813873	46814058
27989782	27989944
224832407	224832506
93770315	93770452
90452877	90453019
145457341	145457466
9256633	9256785
157339816	157339952
154244767	154244916
79083315	79083476
204760984	204761129
206718221	206718361
153483483	153483633
208305522	208305882
111158498	111158662
37041791	37041910
182365976	182366129
94527118	94527209
60747154	60747281
226595803	226595894
206837535	206837895
157465981	157466088
157125919	157126084
151273444	151273618
31867467	31867827
152025136	152025271
41239938	41240105
26431538	26431688
75199506	75199614
214801577	214801753
223936957	223937092
225039322	225039428
210574046	210574214
153545050	153545221
40265470	40265636
85248263	85248400
152413454	152413591
213547791	213547894
48221214	48221328
157961861	157961983
27883341	27883487
226796563	226796688
210547808	210547901
153769780	153769960
153438311	153438464
146644219	146644370
175121233	175121414
27932963	27933113
15353991	15354351
101823077	101823216
24477035	24477188
23964019	23964202
41898486	41898661
78149084	78149444
167503220	167503316
211643485	211643619
54326715	54326833
7130447	7130807
36192548	36192716
20427397	20427757
214506276	214506636
23290695	23291055
6403610	6403726
100173126	100173486
173400450	173400548
208171250	208171423
8621199	8621360
85410715	85410844
111067219	111067330
113250018	113250178
29111705	29111864
57297665	57297822
174967785	174967901
17452320	17452465
201404810	201405170
204944769	204945129
219834408	219834768
42612638	42612771
67461840	67461956
47191020	47191194
16971258	16971371
8909070	8909222
152842400	152842543
206652934	206653053
50737770	50737879
44400524	44400674
108072292	108072452
21581798	21581974
51655237	51655357
184774828	184774971
58628761	58628938
112901413	112901773
22968621	22968755
85086652	85086767
199082411	199082771
151043619	151043796
11845339	11845470
228187153	228187289
109102543	109102693
24528439	24528599
230303159	230303519
186181908	186182036
10092635	10092802
48463404	48463542
150141182	150141542
167525465	167525622
229363204	229363564
66153474	66153625
56167729	56168089
166879755	166879895
181906197	181906366
36565302	36565466
3369692	3370052
206635279	206635444
30176517	30176609
44784054	44784160
171157816	171158176
110955236	110955369
111575019	111575151
237970188	237970333
32211343	32211466
38148168	38148275
20478960	20479080
182751600	182751707
17278267	17278408
26602140	26602292
223705188	223705335
181135829	181135989
223884289	223884408
110750487	110750619
205091309	205091669
165687236	165687404
9202413	9202538
50814499	50814636
110572311	110572472
21543456	21543628
162817742	162817918
9844598	9844958
100929423	100929532
94375220	94375327
18427080	18427202
220948692	220948836
31635635	31635810
107973260	107973620
211751180	211751285
87170099	87170250
178511671	178511884
153482322	153482468
171614049	171614409
159181459	159181575
43539309	43539669
120018577	120018675
185565361	185565458
18626308	18626405
145588541	145588901
118301480	118301840
152626574	152626749
153325017	153325159
111323503	111323863
9515938	9516090
186574989	186575137
208042516	208042646
1227334	1227446
209739532	209739645
173883518	173883661
209508588	209508702
24525901	24526004
9551128	9551488
160577027	160577141
40071947	40072109
201678722	201678870
209527665	209528025
211307462	211307822
208825764	208825878
36030343	36030462
204415508	204415868
19201719	19202079
3535676	3535793
40075301	40075661
115595233	115595367
85402038	85402173
209742888	209743020
246852792	246853152
54955187	54955327
116694745	116694876
39564430	39564569
146714710	146714872
172697236	172697376
17563655	17563783
6306756	6307116
202569385	202569538
210001053	210001413
205110875	205110998
36240280	36240640
205498210	205498337
156595761	156595873
60165059	60165190
153261158	153261518
20088695	20089055
118694083	118694180
78445148	78445269
27004092	27004207
156647835	156648195
9161638	9161998
200479369	200479495
68027445	68027571
78799110	78799470
206807633	206807993
95699535	95699895
225506782	225506920
64157586	64157946
232002548	232002668
6949956	6950316
30705284	30705419
150997040	150997400
32029799	32029893
231451659	231451785
178001058	178001183
48667951	48668094
181007546	181007906
162583579	162583677
53951223	53951372
19670843	19671203
2105728	2106088
155017493	155017628
9327253	9327376
65289980	65290153
160261236	160261375
248406509	248406623
23215847	23215967
24018116	24018256
112024376	112024495
33338349	33338460
86965782	86965945
10488208	10488359
110088881	110089241
161067565	161067724
17933448	17933587
158065668	158065800
23030949	23031309
63793349	63793452
113008756	113009116
49283202	49283562
173389595	173389715
111308796	111308950
34925960	34926069
32782220	32782342
114825441	114825801
150895077	150895187
157459270	157459418
68586002	68586105
9070079	9070439
163144720	163144833
110033342	110033471
25945561	25945921
15058548	15058645
27611289	27611422
167509721	167509848
19233551	19233685
231052982	231053342
94801436	94801796
246917327	246917453
201083352	201083447
205323515	205323662
68001214	68001333
113261283	113261643
168572738	168573098
20137844	20137967
211854068	211854428
27743123	27743219
24718933	24719023
31656809	31657169
110745604	110745964
93426091	93426181
223302777	223302873
27179682	27179820
207223394	207223488
47854437	47854797
161261356	161261716
68582356	68582716
223254865	223254996
156110975	156111335
205493543	205493695
162025875	162026005
151707670	151707768
66719014	66719374
40497970	40498330
210033751	210033900
179837009	179837099
37980211	37980571
48575079	48575439
211687316	211687676
31180977	31181337
17988189	17988283
32879664	32879813
39724452	39724596
21661315	21661471
89823864	89824224
45766080	45766182
208195121	208195481
159750414	159750506
163379770	163380130
165227180	165227540
200948693	200949053
17386145	17386505
2486453	2486572
183592465	183592600
40282561	40282723
24077898	24077997
206898926	206899286
62609920	62610280
147172180	147172299
26868487	26868577
175857195	175857320
61515691	61515783
223263558	223263677
154317855	154317951
165114187	165114308
25475183	25475543
183624618	183624978
177150938	177151043
209866385	209866478
207085965	207086081
226252611	226252723
209996550	209996676
234462368	234462728
68226115	68226205
168204482	168204842
77999393	77999753
179048417	179048558
155907936	155908296
227669242	227669602
151940568	151940680
207672987	207673121
52000797	52000925
67614865	67615225
189828519	189828879
209364103	209364221
24913855	24913978
151906612	151906727
182753813	182753976
211688745	211689105
156860012	156860165
48996534	48996624
153919180	153919321
207970801	207970898
3692626	3692736
27136612	27136747
221376939	221377034
839966	840326
47903554	47903650
156578012	156578117
152898702	152898815
157549993	157550353
6780052	6780412
51657985	51658139
94947023	94947383
59118391	59118522
229694528	229694888
235578633	235578993
220863442	220863802
209376177	209376537
205601074	205601434
71515827	71515944
156115776	156116136
172688788	172689148
55410779	55411139
178737589	178737696
117041695	117042055
95550155	95550515
174231931	174232038
219985978	219986338
206971461	206971821
93487260	93487378
114521394	114521754
173224372	173224732
160800366	160800726
228646913	228647273
63907418	63907538
1057608	1057702
18908065	18908188
156426209	156426569
160053892	160054252
17287131	17287491
50798667	50799027
105323249	105323342
152114465	152114825
30265989	30266101
176850143	176850503
160747380	160747470
35147108	35147468
116563320	116563680
158968581	158968710
247536138	247536237
93214696	93214831
31402256	31402616
32083790	32084150
805232	805351
11809228	11809588
117360240	117360600
39283828	39284188
11380222	11380582
38068718	38069078
167237193	167237346
93283929	93284289
42642730	42642825
231726355	231726715
205457240	205457600
224645244	224645604
182570470	182570830
156060477	156060837
208418572	208418932
99259860	99260220
233088694	233089054
241051331	241051691
173398621	173398981
37019419	37019779
161708548	161708908
25847091	25847185
226150233	226150335
209609039	209609399
120218203	120218563
231942419	231942779
118438257	118438378
182755835	182756195
220469571	220469931
8409175	8409302
167569254	167569614
66912108	66912468
151416307	151416667
226099139	226099258
216394506	216394866
223885901	223886261
3827326	3827686
8731508	8731608
91631688	91632048
179783893	179784253
113044411	113044771
172059371	172059731
100151251	100151611
147113784	147114144
165897350	165897710
174084144	174084236
201088358	201088718
244960243	244960333
213168977	213169091
55267220	55267329
28417726	28418086
28535509	28535611
101972128	101972488
45121220	45121580
112312184	112312544
212464858	212465218
233530621	233530981
203053640	203054000
1875432	1875792
193152275	193152408
39558017	39558377
17600707	17601067
120428795	120429155
20966619	20966979
31384219	31384579
200276616	200276976
147362331	147362691
47898054	47898414
219559178	219559538
110554246	110554606
117267492	117267627
171954042	171954402
184633104	184633464
15599167	15599271
157347138	157347273
201330780	201331140
157933547	157933699
46872104	46872244
55257593	55257953
1610342	1610702
209381009	209381369
210757712	210758072
26928837	26929197
180484960	180485320
175094542	175094673
85190026	85190386
161369111	161369471
97311169	97311259
202104435	202104579
202968389	202968749
76457205	76457565
246166451	246166811
177915103	177915463
75155614	75155711
220906437	220906797
20688288	20688648
158476181	158476541
32800815	32800928
151986122	151986482
179675491	179675851
168312069	168312173
57050611	57050971
41314191	41314551
117598112	117598227
12139652	12140012
215883738	215884098
169555553	169555913
68231935	68232041
88419444	88419804
7812889	7813249
231493567	231493927
89948815	89949175
229650448	229650808
40544325	40544456
52234660	52235020
183654283	183654643
25157205	25157565
15827929	15828289
174186887	174187247
33551961	33552321
33921433	33921793
15105626	15105986
203456952	203457160
3341262	3341622
194264850	194265210
20301301	20301661
6305213	6305337
38157894	38158254
152162296	152162656
201345990	201346350
205399959	205400319
207084435	207084795
39300934	39301294
175307611	175307971
161456811	161457171
43703779	43704139
206899633	206899993
175342918	175343278
229393771	229394131
18311006	18311366
40618689	40619049
200108781	200109141
65541068	65541428
160804763	160805123
226309195	226309555
39568194	39568554
117112912	117113272
157333337	157333697
236922552	236922912
70598750	70598875
21985708	21985866
26123321	26123681
223871942	223872302
150505161	150505281
117855125	117855485
210484485	210484845
93459682	93460042
50799372	50799468
114417192	114417552
196692481	196692841
65152422	65152782
175403433	175403793
32281551	32281911
243912003	243912363
11705757	11706117
23256809	23257169
41469432	41469792
157939551	157939911
213417946	213418306
171770523	171770883
9648473	9648833
113615543	113615682
109055236	109055361
87791668	87792028
26946809	26946940
3612167	3612527
230256609	230256969
152505816	152506176
153505600	153505960
156675757	156676117
176918220	176918580
114447693	114448053
159059128	159059227
26471613	26471973
203473797	203474157
21521682	21522042
45978260	45978620
41957945	41958305
27895038	27895398
168409017	168409377
26865205	26865565
201968747	201969107
77366865	77367225
156450503	156450863
20539345	20539705
37789507	37789618
75669394	75669754
156862033	156862393
176528934	176529294
40385159	40385519
156696368	156696728
86483975	86484335
204534956	204535316
43379155	43379289
89985355	89985715
200248910	200249270
159768587	159768947
87758609	87758969
120092265	120092625
160960170	160960317
7729501	7729861
55606196	55606556
185139545	185139905
93434012	93434372
62107393	62107753
17980253	17980613
17401936	17402296
25566380	25566740
23000630	23000990
157661144	157661504
43222653	43223013
150594011	150594371
99645836	99646196
204098161	204098521
45142840	45143200
52607556	52607916
101903975	101904335
199653808	199654168
46806244	46806604
201499877	201500237
51524432	51524792
39658169	39658529
160514466	160514826
118296707	118297067
149933978	149934338
145421649	145422009
26796798	26797158
53151996	53152128
160221732	160222092
156880141	156880247
234290422	234290782
5976069	5976429
19986449	19986561
40998514	40998874
154518899	154519259
36808308	36808668
17732649	17733009
117664657	117665017
111876808	111877168
201317241	201317601
172714106	172714466
186691852	186692212
12091319	12091679
36600321	36600681
182054168	182054288
176660786	176661146
208412395	208412755
21558483	21558843
26722864	26723029
16689863	16690223
118217193	118217553
152158038	152158398
64081513	64081873
116350374	116350734
162361910	162362270
171195929	171196289
109370733	109371093
25899262	25899622
45769627	45769987
63428868	63429228
43212818	43213178
249152737	249153097
206981975	206982335
86884979	86885339
41788555	41788915
205294558	205294918
32053356	32053716
31255307	31255444
223815894	223816254
158091460	158091820
156597209	156597569
16321039	16321399
6464750	6465110
2071240	2071600
53387282	53387642
84326114	84326474
150436843	150437203
150253654	150254014
168606638	168606998
197893662	197894022
181473429	181473789
172711749	172712109
38955478	38955838
212631110	212631470
165083531	165083891
227918040	227918400
7267966	7268326
11538712	11539072
150022583	150022943
157595930	157596290
29447693	29448053
4645281	4645641
178158978	178159338
47890058	47890418
153327946	153328306
21023000	21023165
234622704	234623064
158173630	158173990
234201629	234201989
21922051	21922411
209686685	209687045
91748266	91748626
62873091	62873451
236266924	236267284
26019099	26019459
193375945	193376305
160078728	160079088
94095032	94095392
165098800	165099160
24716563	24716923
151313340	151313700
202938125	202938485
119829238	119829598
170898921	170899281
7962924	7963041
182023865	182024225
49336301	49336661
97603810	97604170
231739757	231740117
6408000	6408360
157163421	157163781
18629327	18629687
6474389	6474749
156578899	156579259
202688729	202689089
20756893	20757253
229850741	229851101
248850144	248850504
152020303	152020663
78366388	78366748
49142971	49143331
14155321	14155681
90308796	90309156
61919060	61919420
59205521	59205881
41779296	41779656
8035333	8035693
240190293	240190653
78596449	78596809
40609676	40610036
7278305	7278665
183885120	183885480
202123945	202124305
1976289	1976649
63614728	63615088
17803868	17804228
29562770	29563130
220219795	220220155
162824031	162824391
238027569	238027929
90580109	90580469
152007040	152007400
29508386	29508746
182453645	182454005
224888684	224889044
240352701	240353061
58512932	58513292
192475809	192476169
42277651	42278011
120156390	120156750
165112710	165113070
169515640	169516000
86939852	86939963
146861648	146862008
207793666	207794026
221047550	221047910
68908768	68909128
160016471	160016831
47728515	47728875
225040715	225041075
63377695	63378055
93527778	93528138
220977003	220977363
39876607	39876967
116314502	116314862
40870525	40870885
120086765	120087125
11710463	11710823
107739594	107739954
33520745	33521105
52362524	52362884
34100453	34100813
1977908	1978268
52761935	52762295
218694923	218695283
153195555	153195915
160749850	160750210
226175220	226175580
44020110	44020470
1337363	1337723
181053394	181053754
108293019	108293379
3400434	3400794
203840162	203840522
217920544	217920904
34628752	34629112
219589992	219590352
165373125	165373485
101009219	101009579
199432670	199433030
212923218	212923578
213141133	213141493
245316294	245316654
27147213	27147573
249218927	249219287
18561271	18561631
161041606	161041966
155995684	155996044
155698905	155699265
23188596	23188956
154732917	154733277
183578374	183578734
11925562	11925922
94146261	94146621
937216	937576
109112766	109113126
212769190	212769550
85575075	85575435
36751074	36751434
228659504	228659864
41414567	41414927
62641254	62641614
214758523	214758883
154158563	154158923
178279773	178280133
67230690	67231050
9022981	9023341
12027192	12027552
226612206	226612566
43396698	43397058
244964480	244964840
182050125	182050485
112879579	112879939
159791285	159791645
44396145	44396505
113585274	113585634
246859770	246860130
203185339	203185699
202088107	202088467
40138324	40138684
160967102	160967462
32405407	32405767
156389683	156390043
82015209	82015569
183512726	183513086
29658720	29659080
149859953	149860313
202895821	202896181
109743729	109744089
169898061	169898421
209250055	209250415
153959185	153959545
204472314	204472674
2703194	2703554
53166537	53166897
75699022	75699382
117215201	117215561
176866930	176867290
157460365	157460725
241790805	241791165
209775391	209775751
186955049	186955409
36010647	36011007
49038329	49038689
232771504	232771864
156829881	156830241
155196422	155196782
62317806	62318166
246655945	246656305
67678859	67679219
233576598	233576958
226251875	226252235
207997276	207997636
42334264	42334624
12061653	12062013
14256679	14257039
1891493	1891853
27204475	27204835
167189810	167190170
59234931	59235291
206982846	206983206
38492290	38492650
86967822	86968182
34479596	34479956
212933485	212933845
43243537	43243897
22746940	22747300
163041596	163041956
65925076	65925436
38027378	38027738
157743508	157743868
207258029	207258389
40167533	40167893
159760127	159760487
206780231	206780591
207578287	207578647
233654081	233654441
151808914	151809274
52593096	52593456
236006714	236007074
220853421	220853781
204414984	204415344
95582244	95582604
40367926	40368286
10002402	10002762
9781869	9782229
19814223	19814583
204227518	204227878
40550371	40550731
19007894	19008254
145524681	145525041
94511104	94511464
67813356	67813716
166448284	166448644
66969561	66969921
165570859	165571219
25531386	25531746
97991108	97991468
63782606	63782966
86845934	86846294
11967729	11968089
14052354	14052714
8075041	8075401
11724053	11724413
175450272	175450632
234348493	234348853
85720475	85720835
161410059	161410419
159977392	159977752
211123302	211123662
182993035	182993395
172398480	172398840
233376835	233377195
29667522	29667620
19988232	19988592
89202327	89202687
159799061	159799421
54220418	54220778
7102775	7103135
197369188	197369548
115817822	115818182
110630696	110631056
67680069	67680429
32469183	32469543
11301768	11302128
116524024	116524384
55416335	55416695
83963294	83963654
28686140	28686500
46998469	46998829
20901732	20902092
64023062	64023422
73088896	73089256
217507301	217507661
76098053	76098413
94491438	94491798
4886151	4886511
197490267	197490627
61444621	61444981
200941074	200941434
33603422	33603782
21861302	21861662
222340388	222340748
224238513	224238873
227100303	227100663
32913926	32914286
159041805	159042165
10752452	10752812
50834116	50834476
116249444	116249804
161454407	161454767
93545966	93546326
199521113	199521473
210023746	210024106
84899491	84899851
175345307	175345667
161089420	161089780
106336177	106336537
44843873	44844233
207627861	207628221
26717982	26718342
75731389	75731749
115521949	115522309
61508623	61508983
160132071	160132431
211308707	211309067
186373574	186373934
40042477	40042837
48702540	48702900
84588534	84588894
249200496	249200856
234261026	234261386
240114834	240115194
18152617	18152977
229984844	229985204
14137722	14138082
45259323	45259683
206804406	206804766
240167415	240167775
38384965	38385325
23543222	23543582
57269230	57269590
202129666	202130026
111097862	111098222
224521040	224521400
100194385	100194745
205366158	205366518
234458727	234459087
111942450	111942810
27189228	27189588
220392003	220392363
246614078	246614438
207152755	207153115
207752668	207753028
180451589	180451949
203594772	203595132
99946971	99947331
202312908	202313268
51169716	51170076
55462052	55462412
67677284	67677644
158299612	158299972
53370520	53370880
91976961	91977321
167093304	167093664
202158059	202158419
40904100	40904460
15480574	15480934
6035245	6035605
161195343	161195703
44703820	44704180
32529012	32529372
1225536	1225896
225960031	225960391
246175567	246175927
231114765	231115125
161135446	161135806
109440751	109441111
182415169	182415529
12335447	12335807
10437452	10437812
211822350	211822710
158763368	158763728
201315702	201316062
212955781	212956141
153599977	153600337
234733660	234734020
24072062	24072422
10590290	10590650
173171517	173171877
245319743	245320103
151969280	151969640
144535253	144535613
153793800	153794160
116260179	116260539
1334761	1335121
169317685	169318045
154171503	154171863
234250326	234250686
230768041	230768401
54535757	54536117
40185726	40186086
35764192	35764552
64712027	64712387
151168744	151169104
157918361	157918721
64040930	64041290
43231557	43231917
18249352	18249712
146745411	146745771
202433306	202433666
226632597	226632957
3434766	3435126
157140538	157140898
65701573	65701933
156471034	156471394
241774295	241774655
197584265	197584625
92951344	92951704
181645445	181645805
20543119	20543479
70203282	70203642
75237615	75237975
207030143	207030503
71546790	71547150
28266820	28267180
156783550	156783910
180747956	180748316
104057567	104057927
145507660	145508020
203456608	203456756
65525594	65525954
207985211	207985571
118077604	118077964
10574482	10574842
37329824	37330184
192414999	192415359
64734741	64735101
232067602	232067962
70975802	70976162
150228292	150228652
206763810	206764170
120125455	120125815
11771165	11771525
152452599	152452959
242010974	242011334
22643768	22644128
152154906	152155266
39073919	39074279
109825954	109826314
237288190	237288550
45037734	45038094
180137846	180138206
55803787	55804147
226388740	226389100
25814056	25814416
27293377	27293737
228141593	228141953
45825464	45825824
184044548	184044908
67998073	67998433
247650408	247650768
27623222	27623582
161711266	161711626
186274100	186274460
94309825	94310185
8786580	8786940
165840668	165841028
154934288	154934648
10213013	10213373
179090207	179090567
919527	919887
212004021	212004381
26612306	26612666
32403837	32404197
212782664	212783024
180832344	180832704
1237307	1237667
27729467	27729827
45173547	45173907
101333947	101334307
94339644	94340004
10969954	10970314
197838040	197838400
176042698	176043058
15388949	15389309
117610407	117610767
20414186	20414546
53910211	53910571
204777203	204777563
207872240	207872600
152850514	152850874
229617772	229618132
170043829	170044189
59250784	59251144
231860911	231861271
213094273	213094633
58621043	58621403
29706005	29706365
236615277	236615637
216484119	216484479
19977659	19978019
208155340	208155700
2023028	2023388
58981499	58981859
32574943	32575303
111740156	111740516
145014470	145014830
161733317	161733677
25176197	25176557
29839791	29840151
197326102	197326462
8922524	8922884
155246974	155247334
236109861	236110221
32181250	32181610
64383577	64383937
233440246	233440606
246660611	246660971
95507141	95507501
244766725	244767085
24711680	24712040
1597131	1597491
243507276	243507636
90511534	90511894
202594575	202594935
3773730	3774090
111984245	111984605
1235410	1235770
3236527	3236887
86042629	86042989
170640492	170640852
237549900	237550260
153377233	153377593
200527986	200528346
35686593	35686953
10927173	10927533
119870527	119870887
46710574	46710934
2314048	2314408
198434706	198435066
62973845	62974205
33399027	33399387
180157314	180157674
184660868	184661228
193039160	193039520
2838596	2838956
55844175	55844535
214811090	214811450
156023551	156023911
207845886	207846246
88527217	88527577
62857051	62857411
14133710	14134070
54425333	54425693
112113346	112113706
218512601	218512961
154377495	154377855
84397351	84397711
3589869	3590229
190342867	190343227
160520231	160520591
62601409	62601769
46807741	46808101
161535951	161536311
205557816	205558176
158005774	158006134
218344700	218345060
87617576	87617936
211432249	211432609
228800141	228800501
215699923	215700283
9310092	9310452
13843701	13844061
151371739	151372099
153744407	153744767
79725422	79725782
153940121	153940481
177225324	177225684
202128345	202128705
156306065	156306425
156931485	156931845
24044960	24045320
242630842	242631202
47000767	47001127
39649364	39649724
38965972	38966332
179261490	179261850
187020732	187021092
154721541	154721901
101939613	101939973
41979069	41979429
52870413	52870773
25258761	25259121
201847004	201847364
68319313	68319673
61230895	61231255
171971891	171972251
242618079	242618439
163285596	163285956
90064605	90064965
145427401	145427761
12042050	12042410
91483543	91483903
8978145	8978505
26924036	26924396
165042650	165043010
19440147	19440507
59307175	59307535
27438576	27438936
56874754	56875114
220286488	220286848
235764402	235764762
116150774	116151134
110042514	110042874
28929354	28929714
36765484	36765844
162847798	162848158
17372580	17372940
109631822	109632182
150968387	150968747
25830284	25830644
24354553	24354913
46799179	46799539
13897448	13897808
79305386	79305746
240312812	240313172
112257486	112257846
221717029	221717389
150785604	150785964
212872550	212872910
192549581	192549941
66902018	66902378
112058725	112059085
231686108	231686468
150227770	150228130
8919452	8919812
172104221	172104581
89551486	89551846
92756974	92757334
6168882	6169242
179338914	179339274
156589130	156589490
30321938	30322298
113157095	113157455
203242410	203242770
242180936	242181296
101300580	101300940
38537552	38537912
148531945	148532305
247134679	247135039
160398372	160398732
182004524	182004884
45958822	45959182
89920720	89921080
236272662	236273022
110333480	110333840
161351941	161352301
160324194	160324554
117138902	117139262
110880912	110881272
240895601	240895961
166853535	166853895
48204268	48204628
112199046	112199406
9294429	9294789
26124527	26124887
229589003	229589363
68315721	68316081
46879315	46879675
102900056	102900416
8021321	8021681
117477501	117477861
22140978	22141338
202470413	202470773
31197030	31197390
155561636	155561996
79142062	79142422
6094506	6094866
171220859	171221219
245242347	245242707
59755836	59756196
218433114	218433474
108757301	108757661
175712752	175713112
151665540	151665900
89401590	89401950
218524922	218525282
65896785	65897145
163328944	163329304
151072240	151072600
166102509	166102869
54181173	54181533
225110282	225110642
246052126	246052486
112841189	112841549
149192675	149193035
208827563	208827923
2246637	2246997
76374315	76374675
152371541	152371901
38484608	38484968
97061793	97062153
25289994	25290354
200227596	200227956
156897577	156897937
182053506	182053866
89439201	89439561
160854442	160854802
205641273	205641633
111091063	111091423
170658676	170659036
195702975	195703335
226033512	226033872
241649012	241649372
240150477	240150837
63307269	63307629
216923380	216923740
20491923	20492283
18543913	18544273
86973694	86974054
43823732	43824092
207108850	207109210
220390741	220391101
55750463	55750823
32149628	32149988
26490678	26491038
2493341	2493701
228191982	228192342
92463188	92463548
161276047	161276407
174739112	174739472
192443216	192443576
202206267	202206627
149658465	149658825
167026480	167026840
172368677	172369037
54344169	54344529
237725555	237725915
22349359	22349719
89449539	89449899
180889879	180890239
153892756	153893116
6706583	6706943
219740702	219741062
228703002	228703362
152434054	152434414
179162985	179163345
154792117	154792477
212236201	212236561
180851062	180851422
223899880	223900240
197296919	197297279
152595721	152596081
24868476	24868836
108329890	108330250
2361486	2361846
8469244	8469604
105190787	105191147
120369704	120370064
220164344	220164704
47088127	47088487
202821430	202821790
243488617	243488977
161875091	161875451
118696837	118697197
89073842	89074202
202243753	202244113
54414698	54415058
119551306	119551666
245133974	245134334
201118535	201118895
6505190	6505550
48526846	48527206
237977643	237978003
192774901	192775261
43880345	43880705
26910615	26910975
156163661	156164021
14898362	14898722
242183126	242183486
39657274	39657634
45075098	45075458
221082054	221082414
151148443	151148803
153201757	153202117
26163761	26164121
149764473	149764833
109782050	109782410
222912007	222912367
25364252	25364612
92348975	92349335
44119068	44119428
219491118	219491478
101331994	101332354
170851057	170851417
221437108	221437468
210073311	210073671
107684724	107685084
242059674	242060034
224033744	224034104
210621638	210621998
46767706	46768066
153590110	153590470
3643855	3644215
100274206	100274566
102235104	102235464
212244042	212244402
215249658	215250018
155474026	155474386
231558174	231558534
1710369	1710729
27213626	27213986
28306144	28306504
32326990	32327350
185528997	185529357
41588779	41589139
41096178	41096538
65507151	65507511
37642856	37643216
62536113	62536473
223858171	223858531
233500451	233500811
145402011	145402371
175286409	175286769
227636791	227637151
161284507	161284867
149272849	149273209
87299280	87299640
204096781	204097141
220011081	220011441
20559894	20560254
8411747	8412107
236300784	236301144
203562741	203563101
65141428	65141788
245960947	245961307
161617377	161617737
169570314	169570674
205553951	205554311
77591925	77592285
32179931	32180291
91044774	91045134
18700409	18700769
147817777	147818137
94929284	94929644
197149424	197149784
224294451	224294811
12661265	12661625
186775641	186776001
154414866	154415226
12843911	12844271
169519493	169519853
150039501	150039861
31188080	31188440
152933140	152933500
87207641	87208001
28439566	28439926
241694615	241694975
117671201	117671561
156572512	156572872
222344415	222344775
36911950	36912310
164642884	164643244
160807299	160807659
151020917	151021277
89061106	89061466
242149125	242149485
156095744	156096104
33613513	33613873
33358486	33358846
65681265	65681625
59512383	59512743
90598576	90598936
27718712	27719072
192967675	192968035
6269267	6269627
66424558	66424918
950729	951089
21817294	21817654
162597491	162597851
51240446	51240806
21023354	21023714
157044028	157044388
6694679	6695039
169778795	169779155
33466887	33467247
23511167	23511527
59248001	59248361
72503448	72503808
20987864	20988224
30129333	30129693
29360371	29360731
7868347	7868707
65675004	65675364
1440275	1440635
31894253	31894613
51395050	51395410
3702017	3702377
228401162	228401522
241998100	241998460
217834109	217834469
179923003	179923363
35253715	35254075
150979183	150979543
162327462	162327822
108592159	108592519
226831956	226832316
23058379	23058739
203296910	203297270
49018105	49018465
154378195	154378555
156414228	156414588
24853697	24854057
47013673	47014033
16129857	16130217
40648664	40649024
161762459	161762819
24439038	24439398
32098734	32099094
24275623	24275983
90098368	90098728
89121382	89121742
185782521	185782881
196117525	196117885
46877681	46878041
80683809	80684169
86078755	86079115
40829386	40829746
59165680	59166040
225741956	225742316
109942003	109942363
157740273	157740633
109186182	109186542
216165979	216166339
91080417	91080777
28217973	28218333
28736234	28736594
156569618	156569978
47639513	47639873
94979658	94980018
31255745	31256105
22345754	22346114
167312093	167312453
186124745	186125105
28286538	28286898
34106696	34107056
45250458	45250818
110040902	110041262
54587198	54587558
182568523	182568883
51071183	51071543
153165192	153165552
158087557	158087917
33585480	33585840
3537728	3538088
57545447	57545807
169680663	169681023
174227200	174227560
227318970	227319330
18882877	18883237
75233194	75233554
34090564	34090924
214387273	214387633
174952349	174952709
150193903	150194263
210316809	210317169
181455094	181455454
59247387	59247747
22029799	22030159
167370517	167370877
6245858	6246218
42220125	42220485
145585316	145585676
170936205	170936565
96701718	96702078
45390750	45391110
226065363	226065723
1840360	1840720
63372102	63372462
70994450	70994810
169455033	169455393
187234163	187234523
74934700	74935060
51554175	51554535
183275749	183276109
222182458	222182818
103436063	103436423
183602791	183603151
231827438	231827798
103016357	103016717
183287627	183287987
225629235	225629595
113216236	113216596
37562151	37562511
220259529	220259889
66826075	66826435
15910908	15911268
43043582	43043942
21571505	21571865
157847844	157848204
6417310	6417670
28967311	28967671
24961710	24962070
108324798	108325158
21059561	21059921
223418211	223418571
238014523	238014883
19276554	19276914
156594111	156594471
12374385	12374745
156289385	156289745
3531727	3532087
84370989	84371349
149297671	149298031
111506349	111506709
1555465	1555825
188751378	188751738
86360356	86360716
1279954	1280314
100823747	100824107
154118507	154118867
41115705	41116065
206679307	206679667
42809945	42810305
54647387	54647747
100500060	100500420
28907747	28908107
2071440	2071800
236653191	236653551
163498518	163498878
214296529	214296889
118055338	118055698
42192531	42192891
117424449	117424809
236029344	236029704
244816483	244816843
1830638	1830998
64140061	64140421
6268701	6269061
178024262	178024622
22984892	22985252
154506724	154507084
86046896	86047256
204463650	204464010
172795158	172795518
107819606	107819966
30578961	30579321
63212216	63212576
38356069	38356429
93903523	93903883
236588656	236589016
6298699	6299059
110466027	110466387
200504728	200505088
51807621	51807981
25161442	25161802
151880834	151881194
100816677	100817037
210534167	210534527
165045054	165045414
183439213	183439573
157280915	157281275
34579543	34579903
154763757	154764117
152516337	152516697
223999341	223999701
27160103	27160463
101386663	101387023
11132677	11133037
2470787	2471147
3593648	3594008
17313512	17313872
48669016	48669376
84907918	84908278
49154048	49154408
28969537	28969897
79818948	79819308
152458884	152459244
118847584	118847944
200603587	200603947
57174995	57175355
54147801	54148161
175793371	175793731
109654675	109655035
155024959	155025319
57433916	57434276
248567366	248567726
244615277	244615637
174062920	174063280
85706013	85706373
21835480	21835840
185650197	185650557
4716354	4716714
101602367	101602727
90418763	90419123
249135920	249136280
11424260	11424620
198025403	198025763
148000146	148000506
2688869	2689229
244110381	244110741
200859917	200860277
86174063	86174423
151861441	151861801
156890185	156890545
182038097	182038457
105570701	105571061
224962157	224962517
6423075	6423435
203117249	203117609
246280506	246280866
16918286	16918646
52391862	52392222
152853414	152853774
240116306	240116666
28052084	28052444
104003827	104004187
219394365	219394725
71987373	71987733
84049407	84049767
150045056	150045416
43312112	43312472
247070813	247071173
29220235	29220595
208049511	208049871
92392855	92393215
152708144	152708504
21697043	21697403
89266134	89266494
207105083	207105443
207494325	207494685
220454385	220454745
6532475	6532835
32421652	32422012
114220510	114220870
224303834	224304194
173794176	173794536
21544397	21544757
226369732	226370092
176088711	176089071
1720482	1720842
74140670	74141030
47343852	47344212
198057489	198057849
222942505	222942865
183204158	183204518
110523284	110523644
39081362	39081722
181122187	181122547
36690377	36690737
228354144	228354504
201055034	201055394
196342127	196342487
216292978	216293338
228134286	228134646
94097199	94097559
168147993	168148353
172747919	172748279
243572616	243572976
192579257	192579617
223316176	223316536
152469755	152470115
203086941	203087301
55537196	55537556
212842482	212842842
173475643	173476003
165377746	165378106
18648972	18649332
115499215	115499575
97709507	97709867
24285335	24285695
90081492	90081852
1285105	1285465
30179866	30180226
31807885	31808245
185286479	185286839
197662102	197662462
32816740	32817100
187897448	187897808
117306741	117307101
68936055	68936415
29524029	29524389
155248199	155248559
226837481	226837841
220899909	220900269
21815178	21815538
67610410	67610770
33684286	33684646
15364639	15364999
41444811	41445171
232346902	232347262
156918549	156918909
33565197	33565557
145455808	145456168
94200572	94200932
163330949	163331309
21795134	21795494
38968493	38968853
120205816	120206176
200990117	200990477
32170787	32171147
3333682	3334042
169078461	169078821
204796146	204796506
45073866	45074226
180385182	180385542
21028945	21029305
7599749	7600109
60183732	60184092
176435686	176436046
159166331	159166691
42357233	42357593
198328179	198328539
208635043	208635403
156554616	156554976
27692938	27693298
177154368	177154728
111010341	111010701
2509857	2510217
162006752	162007112
119915125	119915485
167378451	167378811
218503392	218503752
181466960	181467320
18650764	18651124
91317028	91317388
101920754	101921114
67955357	67955717
12304150	12304510
53915934	53916294
238401990	238402350
25443913	25444273
149764006	149764366
177324729	177325089
27998831	27999191
207102904	207103264
215779951	215780311
18081600	18081960
54822487	54822847
197488831	197489191
90466531	90466891
166059052	166059412
6101476	6101836
197495882	197496242
39429833	39430193
200231486	200231846
178313597	178313957
41705933	41706293
42044627	42044987
39843978	39844338
231306688	231307048
6583699	6584059
60368845	60369205
26560796	26561156
94215609	94215969
233160951	233161311
12336347	12336707
201941774	201942134
94511307	94511667
154974370	154974730
109251634	109251994
14421510	14421870
94198105	94198465
21900559	21900919
174713130	174713490
93088766	93089126
47467900	47468260
110331733	110332093
118253369	118253729
242161899	242162259
87490901	87491261
99456702	99457062
239472043	239472403
160717956	160718316
114575908	114576268
117636612	117636972
51433661	51434021
1533063	1533423
8434912	8435272
183549543	183549903
92775661	92776021
226069972	226070332
186344659	186345019
3823741	3824101
27152865	27153225
84606866	84607226
46216333	46216693
179851893	179852253
71210849	71211209
58717323	58717683
200994871	200995231
8091239	8091599
35057856	35058216
176812870	176813230
155066862	155067222
25395325	25395685
33577610	33577970
227422644	227423004
155277214	155277574
7815530	7815890
162010407	162010767
60891210	60891570
179074535	179074895
224192296	224192656
115101218	115101578
16678871	16679231
12332123	12332483
166791645	166792005
95267541	95267901
5697241	5697601
38506173	38506533
228424491	228424851
83241109	83241469
198740712	198741072
164587085	164587445
218472793	218473153
167606603	167606963
222828164	222828524
147313051	147313411
184532482	184532842
76080364	76080724
120925381	120925741
16333565	16333925
60622555	60622915
113995576	113995936
236288327	236288687
108019881	108020241
32443343	32443703
56358864	56359224
1241457	1241817
189398669	189399029
173378013	173378373
182167134	182167494
44557873	44558233
1486545	1486905
61314276	61314636
68627580	68627940
33352167	33352527
213088652	213089012
954582	954942
207098670	207099030
205876905	205877265
98933703	98934063
226757647	226758007
27728838	27729198
911434	911794
161109592	161109952
12109613	12109973
11919346	11919706
11632241	11632601
247739817	247740177
98286036	98286396
100921052	100921412
183925761	183926121
6201670	6202030
23991742	23992102
87549956	87550316
177749264	177749624
203409999	203410359
14277133	14277493
152843807	152844167
54776667	54777027
52093358	52093718
212988336	212988696
74305536	74305896
153162883	153163243
196630086	196630446
87586492	87586852
193223960	193224320
179568822	179569182
46347265	46347625
49382191	49382551
207509204	207509564
166402921	166403281
17899152	17899512
147553486	147553846
234715736	234716096
25937428	25937788
176866416	176866776
192446746	192447106
60345241	60345601
202534944	202535304
242815107	242815467
54738592	54738952
16562639	16562999
27935328	27935688
80083464	80083824
87745833	87746193
219377966	219378326
44460475	44460835
3566465	3566825
201140187	201140547
158942666	158943026
87800919	87801279
39595169	39595529
217221699	217222059
213243721	213244081
46309273	46309633
230703725	230704085
26857663	26858023
47201449	47201809
178330947	178331307
159391646	159392006
181392717	181393077
153643494	153643854
32837839	32838199
58531264	58531624
235761400	235761760
31869476	31869836
182687463	182687823
38401703	38402063
192515418	192515778
151991022	151991382
14933103	14933463
54287078	54287438
238415588	238415948
36626686	36627046
30170797	30171157
18085589	18085949
37974794	37975154
216740168	216740528
116307225	116307585
6112976	6113336
233016137	233016497
57045276	57045636
85007397	85007757
26864476	26864836
93250852	93251212
226591142	226591502
47799806	47800166
153326062	153326422
23505448	23505808
25935088	25935448
175194909	175195269
154326089	154326449
54277260	54277620
1310502	1310862
156939824	156940184
4856696	4857056
47995142	47995502
46953401	46953761
235720817	235721177
154320900	154321260
235492430	235492790
179416664	179417024
21308416	21308776
229979542	229979902
69065719	69066079
19772226	19772586
103571895	103572255
17811792	17812152
208166822	208167182
168421581	168421941
86547906	86548266
117612101	117612461
203643178	203643538
222966095	222966455
10094479	10094839
8939344	8939704
102118926	102119286
64239422	64239782
180447346	180447706
151492784	151493144
6854227	6854587
14292301	14292661
161719316	161719676
17236284	17236644
118790307	118790667
27018967	27019327
236117863	236118223
94316253	94316613
162246258	162246618
150159566	150159926
15478802	15479162
80317688	80318048
19506053	19506413
8824064	8824424
116088758	116089118
95186365	95186725
53787054	53787414
230441969	230442329
10750573	10750933
165986634	165986994
228566345	228566705
8458754	8459114
101072038	101072398
28046080	28046440
234225171	234225531
169103456	169103816
105421137	105421497
46039046	46039406
9633801	9634161
110882046	110882406
196287058	196287418
31654476	31654836
6269726	6270086
79073046	79073406
163843402	163843762
13795828	13796188
224691011	224691371
33896484	33896844
78290991	78291351
116903403	116903763
186299950	186300310
36323467	36323827
85133890	85134250
43609325	43609685
205569251	205569611
144972827	144973187
34758073	34758433
208037269	208037629
66869012	66869372
247537196	247537556
47341682	47342042
25828214	25828574
160846995	160847355
22208594	22208954
145293274	145293634
203275715	203276075
32228213	32228573
196712403	196712763
22992277	22992637
55944420	55944780
47213370	47213730
234866485	234866845
85696320	85696680
216774506	216774866
65129383	65129743
182752264	182752624
166134114	166134474
85155447	85155807
7621510	7621870
15655540	15655900
47555051	47555411
110230158	110230518
18558565	18558925
62012958	62013318
220297247	220297607
224358339	224358699
30385269	30385629
29572293	29572653
14440299	14440659
25279039	25279399
167029750	167030110
185689805	185690165
41321193	41321553
1886265	1886625
190053677	190054037
150489158	150489518
30558818	30559178
85493425	85493785
236466896	236467256
228367983	228368343
71431700	71432060
225625722	225626082
43156504	43156864
93049920	93050280
28414358	28414718
1727905	1728265
40633007	40633367
151881777	151882137
176923390	176923750
178722537	178722897
112937103	112937463
157166831	157167191
154908995	154909355
50546591	50546951
17955941	17956301
66840777	66841137
153211007	153211367
185207570	185207930
150186120	150186480
215319632	215319992
198757858	198758218
48438684	48439044
236911756	236912116
159026109	159026469
168291135	168291495
41961232	41961592
204335904	204336264
170095899	170096259
67699658	67700018
229390649	229391009
42945266	42945626
150802212	150802572
203258764	203259124
17697116	17697476
62416056	62416416
171374288	171374648
171685019	171685379
146569979	146570339
30584353	30584713
211798422	211798782
53132005	53132365
144697533	144697893
208070487	208070847
238064589	238064949
110691597	110691957
186294361	186294721
33207031	33207391
32300118	32300478
79019579	79019939
109733962	109734322
3718027	3718387
47915596	47915956
51779155	51779515
152750049	152750409
81121715	81122075
201183565	201183925
144572737	144573097
174134590	174134950
31658514	31658874
8491123	8491483
111020285	111020645
93416620	93416980
194312012	194312372
178512128	178512488
208209567	208209927
87430965	87431325
53794383	53794743
156658723	156659083
235946473	235946833
70166466	70166826
111764648	111765008
198799146	198799506
244374415	244374775
174695683	174696043
150134373	150134733
2040088	2040448
158216434	158216794
158618840	158619200
81771642	81772002
168515178	168515538
64380786	64381146
41728679	41729039
241768493	241768853
17274015	17274375
234752763	234753123
92083019	92083379
57483409	57483769
154879113	154879473
186649373	186649733
200939116	200939476
199923827	199924187
92352221	92352581
232766342	232766702
213295773	213296133
228646151	228646511
203135601	203135961
24125068	24125428
241663220	241663580
204449516	204449876
200245600	200245960
51201059	51201419
230358454	230358814
200059693	200060053
119683627	119683987
212458003	212458363
23892738	23893098
26231397	26231757
24580075	24580435
177882855	177883215
180334191	180334551
117172664	117173024
155043420	155043780
248859562	248859922
157539459	157539819
70578580	70578940
54007423	54007783
32173359	32173719
158466186	158466546
53731684	53732044
167021719	167022079
42780132	42780492
179220865	179221225
52034958	52035318
89343063	89343423
237899948	237900308
200591416	200591776
111888689	111889049
39731926	39732286
57538471	57538831
99791779	99792139
38618425	38618785
197304885	197305245
154724998	154725358
53308252	53308612
6457083	6457443
46645926	46646286
70790364	70790724
24181079	24181439
228827702	228828062
82555777	82556137
156743398	156743758
154439322	154439682
54445471	54445831
110881116	110881476
9762285	9762645
29780006	29780366
65528758	65529118
109235283	109235643
40105558	40105918
62124771	62125131
38440706	38441066
9242278	9242638
20656298	20656658
149379056	149379416
33077666	33078026
168334962	168335322
100743427	100743787
144932285	144932645
104675005	104675365
91867552	91867912
91194984	91195344
65210044	65210404
46663674	46664034
45965332	45965692
149223977	149224337
161150442	161150802
53291567	53291927
16801392	16801752
116049820	116050180
94446048	94446408
160912684	160913044
110460909	110461269
181999058	181999418
89464398	89464758
204593164	204593524
201851768	201852128
19700828	19701188
42501218	42501578
155214154	155214514
166845596	166845956
47557211	47557571
22192494	22192854
91492315	91492675
25274585	25274945
2738562	2738922
243871515	243871875
169435472	169435832
75140332	75140692
213459612	213459972
6500801	6501161
113762052	113762412
230245688	230246048
7514145	7514505
156093128	156093488
24306682	24307042
92927270	92927630
114519494	114519854
58236468	58236828
56655595	56655955
3399077	3399437
155294951	155295311
165655334	165655694
59281791	59282151
118229063	118229423
1656057	1656417
241110248	241110608
178703131	178703491
230108734	230109094
230933597	230933957
192701919	192702279
114378357	114378717
99022109	99022469
160489581	160489941
17289917	17290277
207596929	207597289
58670002	58670362
199514911	199515271
86377420	86377780
167408713	167409073
44170540	44170900
102285655	102286015
37943953	37944313
43201798	43202158
6088620	6088980
111228814	111229174
49139389	49139749
93064758	93065118
119990727	119991087
206557716	206558076
150592258	150592618
203745837	203746197
1590763	1591123
26140541	26140901
170734804	170735164
120688403	120688763
113250122	113250482
205779674	205780034
204183348	204183708
33472829	33473189
18857451	18857811
242292422	242292782
23881420	23881780
100600444	100600804
217892276	217892636
236916861	236917221
873488	873848
31450105	31450465
67390860	67391220
62737587	62737947
174382776	174383136
167645364	167645724
211690219	211690579
45150045	45150405
114506090	114506450
113616090	113616450
64708698	64709058
155157962	155158322
153005384	153005744
55609335	55609695
85968501	85968861
154298670	154299030
201278628	201278988
35014824	35015184
165797211	165797571
243876214	243876574
41090767	41091127
27435634	27435994
212874415	212874775
9887963	9888323
35384721	35385081
117827250	117827610
24018643	24019003
160027830	160028190
2718142	2718502
154451127	154451487
181556995	181557355
181399811	181400171
165667008	165667368
26606026	26606386
247282231	247282591
67751833	67752193
234351975	234352335
169979624	169979984
22366060	22366420
53018232	53018592
180239368	180239728
71809720	71810080
156654038	156654398
115300631	115300991
76500743	76501103
45285115	45285475
12113075	12113435
185639489	185639849
228289959	228290319
78414759	78415119
15309800	15310160
66809589	66809949
113498859	113499219
200807121	200807481
107670103	107670463
80683009	80683369
51086264	51086624
206643767	206644127
244997072	244997432
224828777	224829137
232763415	232763775
154910089	154910449
17026613	17026973
5346300	5346660
171898269	171898629
88768819	88769179
27165148	27165508
3816172	3816532
201845269	201845629
219240380	219240740
180601636	180601996
213737521	213737881
179998034	179998394
33085709	33086069
220363105	220363465
245544125	245544485
54985385	54985745
16283943	16284303
47805069	47805429
162035270	162035630
160189368	160189728
66748001	66748361
215966631	215966991
202857982	202858342
50571104	50571464
17033789	17034149
14761732	14762092
147364224	147364584
8779016	8779376
172578682	172579042
95774535	95774895
115214076	115214436
110192255	110192615
154076912	154077272
89742379	89742739
150402301	150402661
155953559	155953919
94147220	94147580
77882796	77883156
34864540	34864900
27286704	27287064
40504930	40505290
201764185	201764545
224922285	224922645
206641923	206642283
107500411	107500771
35012606	35012966
214996501	214996861
40663346	40663706
92950561	92950921
207055868	207056228
118301683	118302043
162770044	162770404
245027431	245027791
145061803	145062163
46278359	46278719
147137623	147137983
105680036	105680396
235114470	235114830
119768493	119768853
234528949	234529309
168312860	168313220
161612529	161612889
31628124	31628484
42977269	42977629
234324276	234324636
178025028	178025388
18573079	18573439
193000531	193000891
77613917	77614277
46151564	46151924
234205522	234205882
94311723	94312083
181104510	181104870
18325407	18325767
52537234	52537594
104331020	104331380
2242908	2243268
15691272	15691632
154738428	154738788
203000596	203000956
24919981	24920341
39972879	39973239
2529990	2530350
186213959	186214319
20125979	20126339
24635162	24635522
235324479	235324839
160791459	160791819
51215646	51216006
8931605	8931965
243100063	243100423
155056556	155056916
231719867	231720227
30349750	30350110
63529039	63529399
68811852	68812212
77779204	77779564
25525306	25525666
242588567	242588927
156449690	156450050
25574183	25574543
166136832	166137192
8225726	8226086
193159502	193159862
212489181	212489541
67177127	67177487
10233600	10233960
76308153	76308513
19595989	19596349
237963196	237963556
192988552	192988912
119003788	119004148
114970720	114971080
18616126	18616486
152558118	152558478
91968435	91968795
189647927	189648287
8076637	8076997
146968447	146968807
25256798	25257158
151762648	151763008
202531314	202531674
229714470	229714830
233811694	233812054
44569075	44569435
199306474	199306834
16400022	16400382
15921590	15921950
19299011	19299371
99214698	99215058
177402042	177402402
150208755	150209115
9974483	9974843
22108944	22109304
166809268	166809628
150535817	150536177
186241682	186242042
100889667	100890027
111745483	111745843
194071734	194072094
47609371	47609731
69771299	69771659
90159797	90160157
85809907	85810267
12820382	12820742
12984300	12984660
108023274	108023634
221916092	221916452
200885342	200885702
82226203	82226563
159862765	159863125
103733486	103733846
215997577	215997937
156023030	156023390
65327275	65327635
116676798	116677158
63314739	63315099
154970712	154971072
1240613	1240973
218534681	218535041
214491087	214491447
714087	714447
203009285	203009645
40283044	40283404
180471877	180472237
234614258	234614618
38503378	38503738
203095474	203095834
41131538	41131898
30162224	30162584
178781734	178782094
994746	995106
203413463	203413823
25071276	25071636
38869406	38869766
224340517	224340877
192351861	192352221
11120040	11120400
226924878	226925238
88544739	88545099
222560814	222561174
102657302	102657662
35350473	35350833
160963358	160963718
225082688	225083048
91430029	91430389
154745111	154745471
159915398	159915758
161128833	161129193
223798491	223798851
5658625	5658985
43147001	43147361
228651350	228651710
77609245	77609605
16301931	16302291
236332485	236332845
27983128	27983488
182413628	182413988
221347892	221348252
17732853	17733213
241432427	241432787
230412962	230413322
70819990	70820350
194905054	194905414
64003640	64004000
195855162	195855522
12399414	12399774
203025708	203026068
15177124	15177484
13038517	13038877
14057332	14057692
154928048	154928408
27834795	27835155
204683867	204684227
25288714	25289074
163140890	163141250
51425988	51426348
32914797	32915157
40627445	40627805
29119171	29119531
41826753	41827113
27942964	27943324
107518622	107518982
1787083	1787443
245440581	245440941
93201985	93202345
32577285	32577645
17834402	17834762
43833916	43834276
189189935	189190295
25942605	25942965
89149865	89150225
168543469	168543829
8799442	8799802
153934941	153935301
43389953	43390313
220050019	220050379
42623281	42623641
11322783	11323143
110141298	110141658
175713992	175714352
145608567	145608927
71361899	71362259
154249265	154249625
157930576	157930936
245656344	245656704
25253437	25253797
14934902	14935262
25893070	25893430
20693622	20693982
4838047	4838407
8631230	8631590
110950282	110950642
235012642	235013002
32538826	32539186
67727395	67727755
220263330	220263690
6453954	6454314
228414899	228415259
104068600	104068960
246443899	246444259
32593514	32593874
155935922	155936282
38231748	38232108
185123032	185123392
108478034	108478394
199391369	199391729
161199705	161200065
50835476	50835836
29738384	29738744
205908900	205909260
178348948	178349308
5681104	5681464
147196019	147196379
19233664	19234024
56614158	56614518
198655277	198655637
93393485	93393845
45965542	45965902
41889076	41889436
23407900	23408260
91966916	91967276
236772423	236772783
150133476	150133836
244546797	244547157
160575042	160575402
66911145	66911505
40848283	40848643
219347263	219347623
40524906	40525266
43196750	43197110
160675462	160675822
213153299	213153659
207226540	207226900
157094682	157095042
1980831	1981191
234367375	234367735
91995426	91995786
47784100	47784460
225192175	225192535
116775490	116775850
6009545	6009905
2455164	2455524
63655441	63655801
9747131	9747491
16531484	16531844
27901816	27902176
35972230	35972590
17084106	17084466
8761467	8761827
37008507	37008867
22558518	22558878
159805936	159806296
232738371	232738731
228603893	228604253
208911312	208911672
209267765	209268125
90246206	90246566
114472503	114472863
209971414	209971774
183453396	183453756
165912442	165912802
41188313	41188673
57042789	57043149
40562931	40563291
160464410	160464770
232929623	232929983
63609135	63609495
204092511	204092871
45012382	45012742
2347243	2347603
195686828	195687188
180600839	180601199
38992968	38993328
75889396	75889756
59508457	59508817
58501206	58501566
79138847	79139207
119819198	119819558
20597967	20598327
230285780	230286140
45292931	45293291
121189154	121189514
236009116	236009476
94316453	94316813
209171260	209171620
209728360	209728720
221530040	221530400
23345656	23346016
47993354	47993714
21054495	21054855
225601600	225601960
68236938	68237298
166135877	166136237
156717065	156717425
109075969	109076329
160711358	160711718
205198612	205198972
29109838	29110198
65050175	65050535
174122482	174122842
112356402	112356762
153800042	153800402
214444837	214445197
107695744	107696104
22981066	22981426
228528489	228528849
86981330	86981690
21984290	21984650
36562619	36562979
174716809	174717169
157369852	157370212
157044233	157044593
197588145	197588505
24747985	24748345
219157202	219157562
92952287	92952647
48682609	48682969
53829033	53829393
230404638	230404998
27462427	27462787
43229931	43230291
92351480	92351840
106902904	106903264
25850040	25850400
242302752	242303112
28696572	28696932
222880116	222880476
178469539	178469899
230350826	230351186
194778864	194779224
170036292	170036652
2144124	2144484
106564914	106565274
41235464	41235824
26561512	26561872
57758948	57759308
217804261	217804621
45187158	45187518
74464064	74464424
36365541	36365901
203275919	203276279
239568789	239569149
173157041	173157401
118619886	118620246
91189257	91189617
155948361	155948721
180886471	180886831
46713769	46714129
221866405	221866765
28255151	28255511
54866130	54866490
85439224	85439584
151043042	151043402
27699388	27699748
5953798	5954158
37486281	37486641
65486454	65486814
51433077	51433437
161009221	161009581
240618526	240618886
181601763	181602123
85544610	85544970
101040947	101041307
11984755	11985115
37939221	37939581
35920344	35920704
235746964	235747324
7520875	7521235
209722963	209723323
196324367	196324727
66550167	66550527
204450591	204450951
191096016	191096376
231458671	231459031
234904055	234904415
62759871	62760231
41057868	41058228
228379499	228379859
169075350	169075710
53435794	53436154
90941201	90941561
237733867	237734227
40771126	40771486
241130373	241130733
62504568	62504928
97307791	97308151
117012436	117012796
169663435	169663795
207096285	207096645
31228549	31228909
66705578	66705938
116915531	116915891
66183515	66183875
6748324	6748684
1509178	1509538
116220196	116220556
109419472	109419832
66909493	66909853
109570438	109570798
76620365	76620725
51070281	51070641
51434381	51434741
64309528	64309888
149683215	149683575
182360297	182360657
90286781	90287141
111216875	111217235
38595167	38595527
161135645	161136005
83070210	83070570
151861640	151862000
161049562	161049922
111534997	111535357
203320528	203320888
193186071	193186431
120190204	120190564
163505593	163505953
61803842	61804202
101702874	101703234
29557435	29557795
27873758	27874118
41909958	41910318
31769472	31769832
6508249	6508609
91081935	91082295
176847918	176848278
49030204	49030564
42810147	42810507
157141685	157142045
13382563	13382923
14864879	14865239
11346265	11346625
182028173	182028533
208416501	208416861
36939711	36940071
219717551	219717911
235148284	235148644
196796980	196797340
24484318	24484678
15852894	15853254
84854856	84855216
166699855	166700215
31655193	31655553
50513453	50513813
32705957	32706317
27902443	27902803
51435343	51435703
29668410	29668770
160386229	160386589
12123745	12124105
217485160	217485520
2063636	2063996
94528829	94529189
36994010	36994370
195314349	195314709
20435730	20436090
206292847	206293207
236509027	236509387
2487750	2488110
2488703	2489063
26070595	26070955
115583146	115583506
204482519	204482879
95257995	95258355
154965580	154965940
225531408	225531768
120386857	120387217
24481885	24482245
33252534	33252894
23857803	23858163
118766034	118766394
235422408	235422768
167690146	167690506
107599399	107599759
114491777	114492137
235894965	235895325
206976902	206977262
72652393	72652753
22331671	22332031
166227313	166227673
12467507	12467867
193350822	193351182
38987723	38988083
182021062	182021422
44690113	44690473
240332490	240332850
25355603	25355963
152320938	152321298
153651874	153652234
207355220	207355580
43663030	43663390
34885327	34885687
117138070	117138430
216735725	216736085
115212171	115212531
182368223	182368583
161337606	161337966
203578588	203578948
193112443	193112803
52833995	52834355
185287117	185287477
6469133	6469493
53651388	53651748
101783194	101783554
160137463	160137823
209819877	209820237
242956664	242957024
214982210	214982570
206912282	206912642
225843522	225843882
14136274	14136634
173660290	173660650
177928842	177929202
25286692	25287052
53781767	53782127
19422713	19423073
45140396	45140756
172371068	172371428
47400512	47400872
228219258	228219618
43123845	43124205
26516790	26517150
149379561	149379921
202630299	202630659
226865125	226865485
198522178	198522538
24968870	24969230
183891360	183891720
184310141	184310501
28696775	28697135
226875235	226875595
203338271	203338631
246972882	246973242
92764062	92764422
197148177	197148537
204661450	204661810
43326441	43326801
110997863	110998223
40915493	40915853
86048120	86048480
230779660	230780020
7180942	7181302
47434899	47435259
234744100	234744460
78526550	78526910
87916567	87916927
40282719	40283079
15717226	15717586
41949945	41950305
21837759	21838119
156089770	156090130
19558933	19559293
156435516	156435876
158768292	158768652
54953688	54954048
201914339	201914699
25353261	25353621
7712589	7712949
155214372	155214732
230203902	230204262
29172690	29173050
18436704	18437064
226645122	226645482
174043941	174044301
51776612	51776972
182641423	182641783
14741893	14742253
178541781	178542141
37774203	37774563
196701638	196701998
38826495	38826855
12244310	12244670
233627963	233628323
37494534	37494894
15610014	15610374
70687133	70687493
93426634	93426994
185621495	185621855
84348540	84348900
229292618	229292978
190405779	190406139
118223677	118224037
197884917	197885277
18935027	18935387
165259376	165259736
45213607	45213967
24631267	24631627
150457376	150457736
57527112	57527472
87582025	87582385
32936619	32936979
42970073	42970433
155931749	155932109
6661552	6661912
230344224	230344584
23939772	23940132
9632963	9633323
245676335	245676695
202299098	202299458
9711440	9711800
151264909	151265269
31234532	31234892
171952766	171953126
1707313	1707673
34119863	34120223
90900045	90900405
86158450	86158810
99992705	99993065
201432181	201432541
67395755	67396115
14024270	14024630
225997932	225998292
201153990	201154350
181984493	181984853
26356406	26356766
146552330	146552690
205290339	205290699
44435713	44436073
58478929	58479289
89015205	89015565
65019021	65019381
32666546	32666906
32986757	32987117
186886253	186886613
236448561	236448921
183866501	183866861
71559564	71559924
61901661	61902021
10646260	10646620
23854210	23854570
246493370	246493730
210413148	210413508
16975987	16976347
1185623	1185983
184566356	184566716
83244324	83244684
18887159	18887519
91872363	91872723
110246850	110247210
160715018	160715378
97516003	97516363
183708172	183708532
174158840	174159200
81936986	81937346
848092	848452
94161102	94161462
521337	521697
153203086	153203446
110882255	110882615
25729504	25729864
150944620	150944980
33164263	33164623
83986466	83986826
27719322	27719682
15747501	15747861
7347104	7347464
193307219	193307579
16046260	16046620
231473714	231474074
160990396	160990756
51510547	51510907
112098967	112099327
118385482	118385842
25455954	25456314
182373922	182374282
152747362	152747722
54304055	54304415
35362207	35362567
162199994	162200354
229407149	229407509
62899925	62900285
181073692	181074052
52830010	52830370
9170072	9170432
223250861	223251221
216207887	216208247
87633929	87634289
17038613	17038973
217604760	217605120
28501408	28501768
237836065	237836425
200378267	200378627
217134862	217135222
230928740	230929100
248315371	248315731
45987492	45987852
32756191	32756551
67073189	67073549
173684269	173684629
18236135	18236495
28975104	28975464
28274047	28274407
62905660	62906020
47069662	47070022
39873421	39873781
198876497	198876857
235799582	235799942
181880038	181880398
53603400	53603760
222297964	222298324
207080880	207081240
236308077	236308437
161695841	161696201
35657590	35657950
154960609	154960969
226071601	226071961
207494927	207495287
1707043	1707403
9355028	9355388
6684959	6685319
183867127	183867487
218454603	218454963
155682442	155682802
151473963	151474323
192578252	192578612
28694666	28695026
112534061	112534421
216061463	216061823
3774788	3775148
14085615	14085975
16339039	16339399
46897429	46897789
202349359	202349719
234509221	234509581
19975179	19975539
228327567	228327927
169131097	169131457
246022314	246022674
221950998	221951358
45878577	45878937
182808713	182809073
25074743	25075103
32446459	32446819
30186776	30187136
171050377	171050737
63392383	63392743
216367446	216367806
19247910	19248270
82025341	82025701
160575629	160575989
154779523	154779883
6662527	6662887
185436065	185436425
101871881	101872241
152896656	152897016
161008370	161008730
53720762	53721122
106810713	106811073
151318551	151318911
180218475	180218835
15710810	15711170
23504070	23504430
43419457	43419817
3200568	3200928
119866196	119866556
169040236	169040596
181360625	181360985
178743397	178743757
67199027	67199387
237593	237953
39820238	39820598
149105846	149106206
54154376	54154736
61736347	61736707
55949167	55949527
54412031	54412391
2516956	2517316
204498530	204498890
27926152	27926512
180150222	180150582
38341493	38341853
157721102	157721462
52345048	52345408
110261097	110261457
207574719	207575079
25184179	25184539
32230772	32231132
92351237	92351597
14347499	14347859
192776683	192777043
181451693	181452053
85110166	85110526
95916619	95916979
53939164	53939524
161344185	161344545
195345334	195345694
38324654	38325014
24241986	24242346
3580836	3581196
229917312	229917672
101004540	101004900
100232023	100232383
166646196	166646556
35578345	35578705
160662249	160662609
53156077	53156437
84689873	84690233
200525086	200525446
33293947	33294307
181110472	181110832
172502540	172502900
205638061	205638421
3347816	3348176
24130679	24131039
161043535	161043895
42164729	42165089
28362986	28363346
207738855	207739215
26136551	26136911
226625763	226626123
207051737	207052097
87219380	87219740
36552916	36553276
16825344	16825704
93899252	93899612
108870339	108870699
63932450	63932810
47799096	47799456
16277752	16278112
223002294	223002654
8457132	8457492
65899906	65900266
183155271	183155631
91978723	91979083
168256052	168256412
60131829	60132189
6340843	6341203
19766351	19766711
172974306	172974666
9606635	9606995
226166066	226166426
166845806	166846166
167468297	167468657
40778116	40778476
26530457	26530817
183639340	183639700
89017913	89018273
52031909	52032269
200335323	200335683
178633417	178633777
17042620	17042980
180950875	180951235
193724166	193724526
150521315	150521675
159821197	159821557
67764490	67764850
99226814	99227174
153895015	153895375
116184665	116185025
247123370	247123730
110805474	110805834
42869745	42870105
227652975	227653335
17011239	17011599
101393676	101394036
233756924	233757284
25359640	25360000
155618319	155618679
84371195	84371555
54890890	54891250
236723571	236723931
14041418	14041778
108743418	108743778
167166908	167167268
79663136	79663496
197776290	197776650
43202931	43203291
55438834	55439194
46911500	46911860
227980335	227980695
106452403	106452763
230035976	230036336
40292254	40292614
235781166	235781526
157831945	157832305
111330254	111330614
26336609	26336969
29083376	29083736
90095621	90095981
214561972	214562332
181483505	181483865
229693703	229694063
19479659	19480019
85748188	85748548
156458773	156459133
16368623	16368983
155990001	155990361
28762725	28763085
196278539	196278899
88064175	88064535
65720054	65720414
34341459	34341819
93645363	93645723
208218942	208219302
46595821	46596181
27177785	27178145
182395448	182395808
226312057	226312417
18246365	18246725
2446639	2446999
14075434	14075794
165737744	165738104
46215789	46216149
49215697	49216057
31455874	31456234
213234633	213234993
221446302	221446662
108291226	108291586
168062210	168062570
72059152	72059512
81843100	81843460
204435363	204435723
119859500	119859860
209785139	209785499
226411478	226411838
222735048	222735408
32827694	32828054
210501944	210502304
83774744	83775104
209203100	209203460
219830947	219831307
160160708	160161068
225996672	225997032
26081348	26081708
84322848	84323208
1440901	1441261
1342900	1343260
78147885	78148245
224921233	224921593
84011259	84011619
97651948	97652308
173175987	173176347
82557358	82557718
216916030	216916390
162723079	162723439
110173230	110173590
27686330	27686690
24042885	24043245
229367436	229367796
230204752	230205112
175045369	175045729
1200412	1200772
150898612	150898972
110644702	110645062
1773189	1773549
59612318	59612678
201475866	201476226
220627568	220627928
10621927	10622287
35108321	35108681
230717483	230717843
100998692	100999052
22534769	22535129
112197410	112197770
87797578	87797938
101362023	101362383
68523706	68524066
57985072	57985432
172551990	172552350
48397090	48397450
19253181	19253541
9129696	9130056
179038254	179038614
1850325	1850685
8503807	8504167
100435070	100435430
194794528	194794888
146696724	146697084
64717653	64718013
35733983	35734343
11308217	11308577
104491162	104491522
111746987	111747347
38674954	38675314
223993673	223994033
211183363	211183723
201022403	201022763
165601032	165601392
156251129	156251489
171183191	171183551
202854099	202854459
45792416	45792776
49146089	49146449
180477012	180477372
209707892	209708252
231245486	231245846
86071682	86072042
9714221	9714581
171954754	171955114
203432579	203432939
202625259	202625619
38244384	38244744
230534112	230534472
112301038	112301398
236706384	236706744
60245586	60245946
247450843	247451203
4233231	4233591
38479956	38480316
1311740	1312100
111557881	111558241
119861207	119861567
211508481	211508841
205641474	205641834
38470208	38470568
2169116	2169476
155030471	155030831
94987880	94988240
192280437	192280797
110358517	110358877
50546791	50547151
179334718	179335078
153959386	153959746
36771782	36772142
208905694	208906054
45696242	45696602
1446213	1446573
156142684	156143044
9780381	9780741
44244946	44245306
236938273	236938633
213153504	213153864
166755203	166755563
40383487	40383847
41328128	41328488
16212133	16212493
170897210	170897570
156552431	156552791
39853194	39853554
