189630	190344
72145157	72145522
66175941	66176210
192023	192297
129234078	129234340
60897283	60897566
65990187	65990458
74959748	74960010
2421509	2421768
36768664	36768951
62791610	62791845
58903443	58903671
130731916	130732182
117688524	117688758
61500958	61501201
61666623	61666881
65652175	65652407
119978988	119979206
62673484	62673735
61103743	61103971
68868917	68869143
65756517	65756758
19092780	19093029
67150089	67150326
77757287	77757540
64877827	64878058
63920606	63920844
73062280	73062511
47174717	47174965
57224866	57225103
73006564	73006779
88277626	88277839
65547454	65547694
44307908	44308150
118436698	118436913
129620807	129621062
65479261	65479496
118530232	118530477
45864741	45864955
66462196	66462439
130786343	130786579
73046580	73046799
16809986	16810215
65585756	65585977
60253465	60253695
111293785	111294035
60955117	60955333
72394856	72395083
117714762	117714985
118801047	118801263
18753598	18753809
2553997	2554284
75863277	75863492
72504768	72504997
3113072	3113301
57335692	57335926
17620549	17620772
61284471	61284690
117296985	117297198
67124397	67124585
111749716	111749937
20408674	20408903
19098581	19098823
74734028	74734215
109817000	109817197
62310297	62310538
73372056	73372261
78356330	78356542
46260764	46260980
123451343	123451545
60666902	60667108
87063862	87064067
9159350	9159570
518742	518969
72296798	72297013
58825974	58826189
62554048	62554263
68151460	68151697
29365368	29365573
67273705	67273888
118798829	118799055
11287671	11287860
10814071	10814273
72896340	72896529
45361673	45361863
57260948	57261141
76838236	76838485
6374759	6374955
75918668	75918887
8625616	8625825
728097	728309
92967877	92968064
75095619	75095817
131543925	131544134
120173841	120174040
61021991	61022186
72125302	72125509
76802303	76802502
46336781	46337000
3846036	3846244
122666944	122667156
44560106	44560321
20631729	20631938
67113389	67113595
48194479	48194681
123132295	123132459
70042276	70042509
64490996	64491220
45986511	45986712
123118015	123118211
9634792	9634996
10955354	10955559
64321023	64321222
133797565	133797746
96076423	96076624
67085126	67085328
58443125	58443331
16627843	16628039
120673056	120673229
18001425	18001603
75156440	75156651
118901642	118901868
64655456	64655647
8835225	8835425
64068544	64068751
117817688	117817903
118560883	118561176
119039301	119039491
74851660	74851873
66050023	66050231
58938955	58939172
7687037	7687256
46330169	46330381
20132509	20132695
18785913	18786099
113176523	113176708
65183894	65184092
62630191	62630410
65627748	65627925
126350720	126350914
10757458	10757628
65812675	65812885
48329415	48329621
73966909	73967102
111317374	111317574
73000613	73000785
60737866	60738044
19281360	19281536
107670086	107670271
3876156	3876373
68214778	68214971
72142112	72142301
75514364	75514545
64885299	64885499
67118751	67118938
60542905	60543086
2909699	2909904
130083033	130083209
68065298	68065504
61715194	61715393
46391094	46391283
66095881	66096068
76029950	76030110
122073730	122073925
59961169	59961363
64455952	64456144
74991300	74991460
66153744	66153924
44117085	44117259
118827357	118827532
46941495	46941681
118069082	118069256
126860365	126860559
64661822	64662003
64071873	64072064
12310226	12310400
65790014	65790198
74640878	74641061
45793569	45793787
45676904	45677094
5621595	5621772
74437693	74437878
95438808	95438966
12303483	12303635
60598570	60598737
18265409	18265590
47395531	47395715
69059892	69060055
47574746	47574938
9770134	9770308
35413862	35414040
65083184	65083339
119537184	119537342
14929428	14929572
73087163	73087373
118777806	118777978
111472791	111472921
75417374	75417574
67976699	67976896
1903771	1903926
18743685	18743864
65341657	65341820
8285435	8285585
123447796	123447973
108568687	108568887
15671628	15671774
107611780	107611965
1051174	1051366
119352140	119352322
113160411	113160594
19959880	19960063
61299704	61299882
128627256	128627425
35507358	35507536
18797313	18797511
33087233	33087424
122451276	122451464
119252319	119252495
1859038	1859205
8350416	8350589
20669611	20669809
128729851	128730018
111299906	111300061
64217093	64217288
61405982	61406173
119345503	119345681
57294728	57294907
46559493	46559665
104871658	104871810
95569292	95569450
8028020	8028184
125274859	125275070
2552698	2552874
67030280	67030403
64845737	64845908
57247913	57248050
16841947	16842061
64880045	64880175
115740607	115740734
66079356	66079525
117924211	117924409
15122753	15122920
69485107	69485286
9528389	9528556
74413508	74413702
9556752	9556909
7463953	7464124
116603542	116603709
6727241	6727431
108093655	108093832
15841359	15841482
64420640	64420828
85929620	85929794
74916112	74916229
47433814	47433983
76630903	76631263
31979796	31979955
126180527	126180619
8008547	8008718
123382069	123382216
9037251	9037414
58556001	58556158
126310811	126310996
88285697	88285832
58335494	58335643
4658215	4658393
65356247	65356438
58347122	58347308
76432880	76433076
69458197	69458374
10329423	10329580
1673994	1674168
125011734	125011874
45127185	45127341
64614658	64614837
34195964	34196146
120105819	120105978
34380915	34381078
45255087	45255277
72889222	72889384
44087663	44087838
128027897	128028074
63506332	63506514
78509737	78509896
66131487	66131604
122086205	122086387
95745268	95745434
6833745	6833906
45392863	45393027
71291236	71291386
86319542	86319706
58421572	58421723
18749258	18749445
72436371	72436533
71802447	71802582
15962789	15962947
57568266	57568416
46550926	46551136
102261509	102261684
43873701	43873872
120381877	120382033
93917043	93917224
45124806	45124907
76899470	76899636
17405575	17405746
61849639	61849775
123172411	123172551
36287685	36287836
86167238	86167395
15096616	15096753
58953861	58954037
1714523	1714702
46373760	46373934
13356896	13357085
58926054	58926170
133920469	133920592
124628335	124628501
8214190	8214372
33851187	33851340
108519118	108519275
107879480	107879633
61665199	61665365
66246557	66246667
69703405	69703559
46911273	46911439
8247209	8247387
6384399	6384558
848374	848561
93904956	93905083
74450919	74451053
14926460	14926622
15230279	15230448
17752682	17752819
61213725	61213850
128718841	128718982
63246376	63246538
44749467	44749644
46639447	46639590
119404642	119404830
123582129	123582271
87836927	87837104
45792867	45793019
72354192	72354337
79204705	79204876
61203106	61203265
72182459	72182614
72524079	72524189
130002270	130002399
61638691	61638852
34534398	34534758
6704675	6704790
16807188	16807323
14322355	14322517
26298482	26298620
17526227	17526391
71855163	71855318
78426782	78427142
73104709	73104879
36724293	36724409
61153159	61153325
20375497	20375662
88217938	88218298
66197568	66197723
128502135	128502302
2216141	2216501
122652239	122652397
63916218	63916381
65278320	65278488
67396792	67396955
66025809	66025981
9883775	9883919
72193423	72193560
44642794	44642938
94884724	94884822
61245247	61245398
131737689	131737828
44131881	44132026
57226211	57226344
124065961	124066123
19579326	19579464
44958092	44958247
10098499	10098670
16967454	16967814
32253551	32253706
118042445	118042601
57117380	57117543
130764423	130764583
64972244	64972604
2913441	2913567
19585686	19585843
12069022	12069161
43333381	43333539
130934265	130934625
11988485	11988645
44948726	44948872
117678288	117678453
121462249	121462351
131538786	131538931
123425715	123425834
18127641	18127762
64535296	64535439
43304596	43304762
1650144	1650296
13260596	13260737
111101270	111101362
64216382	64216556
1974882	1975017
17085067	17085211
47429677	47429821
125793002	125793177
119192390	119192585
62078713	62078892
18137173	18137312
2326673	2326827
43911890	43912031
12621044	12621404
6464791	6464885
112045899	112046008
10388326	10388432
12065896	12066044
73675447	73675623
117103186	117103349
125812046	125812218
34018548	34018908
33879492	33879655
70313582	70313942
119076554	119076704
65655857	65656074
134230234	134230357
74952802	74952893
66156629	66156720
133004579	133004701
116512368	116512477
132271969	132272329
44638533	44638661
111875305	111875428
14558674	14558847
2449548	2449703
9779740	9779861
65308437	65308603
75243530	75243678
103553154	103553254
66206503	66206639
8054825	8054974
116662060	116662220
118016133	118016281
70661089	70661232
66839291	66839465
73336834	73336986
72853410	72853580
62192257	62192456
61875610	61875758
121526815	121526970
16635324	16635456
11870892	11871032
6776721	6776814
60386301	60386448
30218166	30218526
119067614	119067974
125322679	125322815
36531794	36531964
78357794	78357898
120800478	120800607
2058225	2058351
13365689	13366049
11049782	11049875
94630560	94630709
46389270	46389437
116562517	116562674
110247560	110247712
65835715	65836075
4094049	4094169
103472098	103472269
82486930	82487020
128159909	128160269
14270880	14271240
36766128	36766488
119194394	119194500
131564852	131564960
62380000	62380162
44915854	44915960
32830901	32831012
124633045	124633405
20149783	20150143
9635616	9635976
448247	448607
18672726	18673086
47475833	47476006
2218533	2218662
72953802	72953931
3631004	3631149
129793308	129793455
57412388	57412532
10562771	10562933
17549691	17550051
128500269	128500629
46411048	46411157
85565988	85566087
662705	663065
59521535	59521682
102537216	102537342
62462288	62462394
124272322	124272415
35259683	35260043
105958674	105958840
16957464	16957626
33829886	33830021
125218768	125218907
114131860	114132005
127713806	127713946
71131494	71131854
118359222	118359582
47956112	47956237
121065576	121065690
61564753	61564905
126586463	126586597
63604792	63604955
59197526	59197634
61447711	61447837
112426451	112426811
66601837	66601963
28719483	28719843
122734547	122734682
19575425	19575546
62803230	62803358
63913665	63913803
57250602	57250723
61515235	61515394
7709485	7709845
57045328	57045688
73018430	73018549
89938128	89938276
69500751	69500887
1224331	1224457
74743190	74743305
132948568	132948702
13977435	13977795
5829683	5830043
119227107	119227276
84269265	84269384
94802945	94803079
113403572	113403700
123511648	123512008
47201040	47201400
3862905	3863036
124616546	124616679
123278225	123278339
132810956	132811316
134738549	134738696
11809436	11809572
83547962	83548079
76510433	76510533
2440877	2441237
32814567	32814690
76757180	76757328
122376583	122376715
125299153	125299281
8120992	8121127
117052082	117052273
8359601	8359961
8935953	8936313
113644652	113645012
120042933	120043293
72063940	72064300
6337063	6337423
1596021	1596169
1715317	1715466
66848905	66849265
27507583	27507723
119244874	119245234
66821449	66821558
114609803	114609939
102212496	102212856
84275648	84276008
59052149	59052297
2442063	2442180
75099747	75100107
7534353	7534713
19332884	19333244
128987504	128987864
128701072	128701432
115041038	115041157
124514332	124514426
47199014	47199108
5145293	5145653
122499680	122500040
103196834	103196927
120823613	120823761
116976802	116976916
67407567	67407691
20154087	20154177
87433771	87433867
79111788	79112148
19764431	19764521
71894595	71894700
58975540	58975677
133033448	133033587
6778774	6778887
1853690	1854050
109724077	109724170
111712295	111712399
67973744	67973854
17885970	17886330
44115949	44116054
47182701	47182809
5497579	5497685
85752934	85753294
40315734	40315863
111435991	111436137
66346458	66346818
116706722	116707082
102164848	102165012
130304486	130304588
110072053	110072413
118481804	118481931
4208771	4209131
130793189	130793549
6759122	6759482
27727417	27727777
119209132	119209235
109567973	109568333
112160814	112160923
116095234	116095326
43966316	43966676
72542494	72542854
46511516	46511876
62107784	62107905
102483815	102483946
19925202	19925312
65097539	65097634
122893943	122894068
3830489	3830601
102604112	102604221
70601748	70601847
63360559	63360919
1536855	1536958
5705833	5706193
125744522	125744669
34009550	34009910
63403482	63403572
59448142	59448296
75434309	75434449
131618191	131618296
57017207	57017567
68856167	68856527
111648018	111648378
121192458	121192557
60130944	60131304
112666028	112666175
44796962	44797322
6400606	6400735
2172666	2173026
75308681	75309041
17408171	17408531
84095803	84095939
10792190	10792550
47638626	47638986
10675980	10676070
129201709	129202069
60101510	60101870
71511508	71511636
8230889	8231009
42792144	42792265
85904580	85904940
66446124	66446214
127215859	127216004
64099313	64099673
107870480	107870840
7914435	7914554
67156887	67157247
32197875	32197998
65236336	65236696
134009696	134010056
1616806	1616940
58820792	58821152
31128539	31128899
44932882	44933242
18013366	18013726
2177701	2178061
102811716	102812076
33992576	33992936
22851508	22851619
115195306	115195666
73189799	73190159
62092392	62092752
32028358	32028718
78131500	78131625
72158012	72158372
76518429	76518789
71949189	71949549
120530828	120531188
71274536	71274896
44545177	44545294
102217719	102218079
30164667	30165027
119600028	119600388
114210959	114211319
121190062	121190180
87749587	87749947
8981125	8981485
18431910	18432270
34862319	34862679
107787395	107787560
2173235	2173595
116147310	116147670
110045026	110045119
111852766	111853126
44058930	44059290
119611996	119612356
70317360	70317720
96127075	96127187
6272361	6272721
94058999	94059090
75919825	75920185
112151298	112151658
58292092	58292452
82412919	82413279
82429255	82429615
32395770	32396130
77531666	77532026
83003999	83004359
12910324	12910684
48131495	48131855
123940038	123940398
128826357	128826717
65337503	65337863
123942076	123942436
5401980	5402340
67427019	67427145
132952682	132953042
82638322	82638682
60113032	60113392
3829063	3829423
78127893	78128253
125215656	125216016
72947968	72948328
64510327	64510687
67398063	67398423
113767021	113767381
68351476	68351836
133691611	133691971
12985583	12985943
124831900	124832260
96074878	96075238
67415583	67415943
31362509	31362869
63971998	63972358
66650630	66650990
35327331	35327691
18866343	18866703
42546192	42546552
46028115	46028211
87132407	87132767
62648691	62649051
63713345	63713705
61543961	61544321
76391892	76392252
68024856	68025216
62554566	62554926
107420116	107420212
131557879	131558239
65149715	65150075
57259159	57259519
22942515	22942875
124746144	124746504
71524905	71525035
9994448	9994808
77711199	77711559
127901531	127901671
3362543	3362903
65133879	65133980
94887648	94888008
117097160	117097520
76309555	76309915
94826149	94826509
65319553	65319913
122891708	122892068
122724684	122725044
34489776	34490136
92675148	92675508
102463725	102464085
45273942	45274302
75118919	75119279
100558522	100558882
74032547	74032907
124663595	124663955
98886595	98886955
70023413	70023773
26671336	26671696
75258604	75258964
7570159	7570519
128042206	128042566
86581017	86581377
60033101	60033461
4203328	4203688
23561594	23561954
96197909	96198269
74164433	74164793
125225118	125225478
61938682	61939042
46368695	46369055
64122582	64122942
1661317	1661677
8240855	8241215
125293129	125293489
120039835	120040195
68611374	68611734
66636193	66636553
2021867	2022227
47281066	47281426
7592897	7593257
116750551	116750911
61395621	61395981
122982112	122982472
12915637	12915997
64781784	64781900
22646552	22646912
38812926	38813286
62162286	62162646
103798262	103798622
134114515	134114875
76630158	76630518
65042468	65042828
88831083	88831443
46269150	46269510
78811159	78811519
71736257	71736385
36514283	36514643
22809132	22809492
71054625	71054985
117491984	117492344
6526894	6527254
74099713	74100073
6552502	6552862
17251655	17252015
64555045	64555405
69616317	69616677
22897447	22897807
57113074	57113434
3238398	3238758
35185250	35185610
112668656	112669016
74160365	74160725
132182514	132182874
86002864	86003224
723258	723618
102158690	102159050
11177529	11177889
18824229	18824589
124539034	124539394
87965049	87965409
119544487	119544847
72395562	72395922
112150630	112150990
65361252	65361612
72320096	72320456
17781910	17782270
23042829	23043189
123349117	123349477
60018966	60019326
64511021	64511381
129565950	129566310
96196992	96197352
13406379	13406739
43588979	43589339
121526335	121526450
12352833	12353193
130301150	130301510
74855462	74855822
65238852	65239212
120555757	120555854
1108635	1108995
64781071	64781220
34586966	34587326
101307293	101307653
76758730	76759090
33564503	33564863
7715938	7716298
86808556	86808916
120100555	120100915
77939431	77939791
17376019	17376379
112090451	112090811
93385251	93385611
62361015	62361375
43594799	43595159
8114209	8114569
94336259	94336619
65537282	65537642
104125125	104125485
30149894	30150254
15792350	15792710
250737	251097
122625278	122625638
44578212	44578572
67033568	67033928
122451790	122452150
119512716	119513076
64948349	64948709
62537194	62537554
120983287	120983647
66311182	66311542
77330665	77331025
67350934	67351294
102906682	102907042
60530269	60530629
20418789	20419149
14991372	14991732
4560881	4561241
65618707	65619067
26318699	26319059
115783379	115783739
58291749	58291847
11820340	11820700
14996278	14996638
128754603	128754963
3870460	3870820
304937	305297
14330198	14330558
33709458	33709818
11811286	11811646
120585988	120586348
92619494	92619854
36694382	36694742
116613520	116613880
62328017	62328377
11058386	11058746
70037673	70038033
120503327	120503687
4208159	4208519
116324757	116325117
126944042	126944402
67382853	67383213
116370113	116370473
33351286	33351646
107434365	107434725
104479940	104480300
18874883	18875243
117689807	117690167
32194999	32195359
798205	798565
13689702	13690062
82575252	82575612
111457066	111457426
131381717	131382077
35856970	35857330
31663055	31663415
65902006	65902366
133705090	133705450
111153983	111154343
14476585	14476945
58864607	58864967
765290	765650
82578541	82578901
61975482	61975842
132149067	132149427
34514396	34514756
37967745	37968105
68565714	68566074
43440923	43441283
70295144	70295504
107769023	107769383
101731491	101731851
115860624	115860984
59570050	59570410
22266530	22266890
36153314	36153674
58053750	58054110
86529539	86529899
65393447	65393807
94356309	94356669
134131919	134132279
10900206	10900566
4647449	4647809
3429959	3430319
14930090	14930450
27317971	27318331
10427699	10428059
62448253	62448613
88619987	88620347
64418388	64418748
121119875	121120235
32073688	32074048
111475145	111475505
22325912	22326272
131898547	131898907
107560350	107560710
131449733	131450093
3476094	3476454
60524088	60524448
122925000	122925360
75578833	75579193
67340132	67340492
93654880	93655240
45132165	45132525
74281576	74281936
119005094	119005454
58949888	58950248
68038595	68038955
34607765	34608125
58281241	58281601
27180337	27180697
15238289	15238649
49547842	49548202
9187399	9187759
131116474	131116834
35843656	35844016
118166566	118166926
32771096	32771456
57244395	57244755
107447225	107447585
75236842	75237202
63639478	63639838
65017820	65018180
121978925	121979285
71575040	71575400
85375153	85375513
7374227	7374587
58974109	58974469
131969572	131969932
76130961	76131321
123578331	123578691
36313817	36314177
30262694	30263054
102535092	102535452
32906333	32906693
94237881	94238241
34947661	34948021
58869674	58870034
6633991	6634351
32345097	32345457
134462303	134462663
64073400	64073760
58397369	58397729
86689833	86690193
47572681	47573041
72284431	72284791
64018687	64019047
6460209	6460569
116087745	116088105
63688586	63688946
123036678	123037038
120170693	120171053
36562588	36562948
114763311	114763671
44154900	44155260
134945617	134945977
124994078	124994438
1474815	1475175
56608688	56609048
77259340	77259700
18192961	18193321
62788105	62788465
115948724	115949084
118936131	118936491
31892631	31892991
76521287	76521647
36077930	36078290
43846784	43847144
82393252	82393612
60655037	60655397
59317801	59318161
27720499	27720859
75162524	75162884
40743767	40744127
62980207	62980567
81369751	81370111
62148211	62148571
92074006	92074366
105947658	105948018
81208259	81208619
8268851	8269211
93381359	93381719
36171518	36171878
117692730	117693090
60401656	60402016
45315165	45315525
60110588	60110948
67411521	67411881
63535622	63535982
30939442	30939802
68400299	68400659
76758004	76758364
364452	364812
65659254	65659614
113667388	113667748
100447164	100447524
114645371	114645731
93628558	93628918
66360155	66360515
90981380	90981740
37025054	37025414
93276423	93276783
108605708	108606068
118796569	118796929
119210627	119210987
15180657	15181017
65021467	65021827
26306411	26306771
120205548	120205908
129751504	129751864
27205481	27205841
56884061	56884421
107469285	107469645
85652398	85652758
35637726	35638086
5312509	5312869
126477192	126477552
64257280	64257640
36585916	36586276
106788710	106789070
45894279	45894639
11252647	11253007
64993067	64993427
75039738	75040098
14170231	14170591
2024086	2024446
66743430	66743790
57408993	57409353
122973955	122974315
15349236	15349596
81355262	81355622
118661085	118661445
113561691	113562051
126064047	126064407
3071075	3071435
21533414	21533774
75607891	75608251
61584302	61584662
125439008	125439368
36398835	36399195
67761271	67761631
59030698	59031058
27520685	27521045
119883927	119884287
118965564	118965924
76812208	76812568
117350111	117350471
124456177	124456537
121986315	121986675
35426034	35426394
71688803	71689163
64127518	64127878
79172089	79172449
102925896	102926256
61249996	61250356
6013863	6014223
10646011	10646371
10229618	10229978
76909649	76910009
115205625	115205985
15848388	15848748
129565430	129565790
121322843	121323203
46148673	46149033
4572846	4573206
31418795	31419155
18225333	18225693
14926970	14927330
124706857	124707217
86630620	86630980
112458906	112459266
63867845	63868205
5025695	5026055
102665170	102665530
123105866	123106226
118161658	118162018
41482636	41482996
102366151	102366511
113865082	113865442
2023308	2023668
124961078	124961438
66619597	66619957
13794023	13794383
67559771	67560131
78297502	78297862
67374179	67374539
7119452	7119812
64645936	64646296
4514518	4514878
6319795	6320155
45353925	45354285
67723172	67723532
2951869	2952229
58668294	58668654
78275503	78275863
119155278	119155638
18561803	18562163
82387522	82387882
72498282	72498642
67138871	67139231
110300647	110301007
64611734	64612094
117821013	117821373
13204549	13204909
104817632	104817992
124285241	124285601
60468688	60469048
6689064	6689424
100800907	100801267
32982130	32982490
32914807	32915167
59304670	59305030
106908284	106908644
11953006	11953366
103072762	103073122
108659305	108659665
925512	925872
20376803	20377163
18000246	18000606
13487481	13487841
82205970	82206330
76906793	76907153
36328421	36328781
119015597	119015957
116228755	116229115
83539005	83539365
10434817	10435177
83434958	83435318
99610231	99610591
59590464	59590824
82026156	82026516
26003560	26003920
47270533	47270893
2021052	2021412
113677150	113677510
109809927	109810287
45288541	45288901
65307605	65307965
58725967	58726327
62690495	62690855
90021391	90021751
61276680	61277040
12258041	12258401
72559938	72560298
61596261	61596621
94519702	94520062
3042450	3042810
120492923	120493283
58690692	58691052
15027682	15028042
31261874	31262234
86650131	86650491
130185610	130185970
30367649	30368009
97011912	97012272
73440876	73441236
131277928	131278288
102785500	102785860
10344595	10344955
30354976	30355336
82961057	82961417
134077355	134077715
1970192	1970552
67381604	67381964
50017134	50017494
65297606	65297966
9082149	9082509
124736197	124736557
47183145	47183505
67236708	67237068
61822004	61822364
114218925	114219285
13231881	13232241
66935745	66936105
83527660	83528020
26248771	26249131
63767883	63768243
124610408	124610768
45204565	45204925
46139416	46139776
72300808	72301168
29355767	29356127
3058490	3058850
92822684	92823044
127363217	127363577
67141608	67141968
119494757	119495117
32334433	32334793
101750988	101751348
127340402	127340762
111984176	111984536
1897613	1897973
111802522	111802882
30935727	30936087
19973037	19973397
79866475	79866835
12936077	12936437
2996836	2997196
96159955	96160315
90209602	90209962
10319856	10320216
12433833	12434193
14440397	14440757
11681080	11681440
1567821	1568181
58909926	58910286
125496223	125496583
76824550	76824910
102979885	102980245
125303377	125303737
94254883	94255243
61984638	61984998
64416901	64417261
554832	555192
5733729	5734089
23135158	23135518
36063576	36063936
40328499	40328859
82952387	82952747
108525742	108526102
36500292	36500652
82406786	82407146
64123998	64124358
7299549	7299909
33187762	33188122
39396697	39397057
79419371	79419731
78125306	78125666
66032465	66032825
116476297	116476657
56550959	56551319
131561434	131561794
64085468	64085828
72264799	72265159
60682906	60683266
34388054	34388414
8554832	8555192
122627108	122627468
30336191	30336551
118867605	118867965
3131354	3131714
6044211	6044571
94252670	94253030
44972445	44972805
1846164	1846524
76903067	76903427
71350213	71350573
108288307	108288667
33383883	33384243
71726727	71727087
450933	451293
126839836	126840196
126177626	126177986
19138889	19139249
94871557	94871917
70329127	70329487
95582227	95582587
128193291	128193651
112985185	112985545
105733509	105733869
115003572	115003932
61062130	61062490
62742600	62742960
133273776	133274136
118223861	118224221
95788035	95788395
26156555	26156915
110304500	110304860
29983798	29984158
133968488	133968848
112324939	112325299
65836821	65837181
36644327	36644687
57016523	57016883
110318682	110319042
36280280	36280640
110305979	110306339
17036545	17036905
69656875	69657235
94800086	94800446
115401470	115401830
106592126	106592486
62676608	62676968
95497459	95497819
46830379	46830739
19926820	19927180
60531174	60531534
100552984	100553344
84893838	84894198
59577967	59578327
46299978	46300338
95824714	95825074
72001876	72002236
92969897	92970257
73071524	73071884
129862267	129862627
132170232	132170592
36839964	36840324
35433879	35434239
61555619	61555979
29350513	29350873
7557394	7557754
72929421	72929781
120783226	120783586
122503915	122504275
44844566	44844926
74982085	74982445
71814482	71814842
43300210	43300570
107641769	107642129
16653759	16654119
128646406	128646766
15651247	15651607
85306341	85306701
119350426	119350786
111169772	111170132
112311259	112311619
41453317	41453677
61312879	61313239
80438404	80438764
8816380	8816740
115086385	115086745
120206534	120206894
58939349	58939709
124707388	124707748
44970630	44970990
10472672	10473032
92929983	92930343
25992674	25993034
131087229	131087589
33737764	33738124
93517864	93518224
60115586	60115946
85405450	85405810
17410682	17411042
48130924	48131284
106026966	106027326
110333886	110334246
118465741	118466101
29181129	29181489
46918570	46918930
67465752	67466112
45105055	45105415
61334999	61335359
119260601	119260961
130301350	130301710
46344325	46344685
3602376	3602736
76750456	76750816
68870188	68870548
105327679	105328039
78787625	78787985
64764272	64764632
13271552	13271912
258142	258502
71786165	71786525
123304993	123305353
60712324	60712684
75959312	75959672
124615728	124616088
62608942	62609302
63275541	63275901
69532909	69533269
119591800	119592160
108741929	108742289
72635639	72635999
128423972	128424332
81885682	81886042
118478496	118478856
63597375	63597735
46318580	46318940
60534761	60535121
6303208	6303568
112455413	112455773
48138393	48138753
64637299	64637659
104204703	104205063
3438263	3438623
116797879	116798239
111270409	111270769
71503677	71504037
101299631	101299991
129637055	129637415
63683835	63684195
55474548	55474908
47874922	47875282
132028014	132028374
125741307	125741667
67020249	67020609
120099723	120100083
180239	180599
87001360	87001720
67344183	67344543
41222729	41223089
8588161	8588521
20894632	20894992
11178734	11179094
114151307	114151667
14396472	14396832
696449	696809
77182586	77182946
74581512	74581872
21954659	21955019
58344472	58344832
45874393	45874753
55710277	55710637
111957213	111957573
57519157	57519517
63449474	63449834
63953477	63953837
1938890	1939250
32608134	32608494
65473722	65474082
116384634	116384994
33764049	33764409
8112296	8112656
113946663	113947023
29549164	29549524
110399785	110400145
130304863	130305223
67777012	67777372
68811711	68812071
74322374	74322734
20465157	20465517
100726201	100726561
59686489	59686849
123978875	123979235
92981778	92982138
35019425	35019785
20359096	20359456
102485245	102485605
62012982	62013342
76409295	76409655
63438146	63438506
19345082	19345442
61504620	61504980
17586210	17586570
107554523	107554883
130697742	130698102
104202865	104203225
93601579	93601939
34912424	34912784
81418936	81419296
64019636	64019996
6724644	6725004
119404762	119405122
134145963	134146323
12143619	12143979
5012324	5012684
116765749	116766109
84491739	84492099
26353426	26353786
69796195	69796555
47199072	47199432
131984088	131984448
86387518	86387878
85537147	85537507
119598462	119598822
106888195	106888555
128473911	128474271
57430312	57430672
67044365	67044725
26775431	26775791
36490620	36490980
124737612	124737972
102322464	102322824
107896377	107896737
35148076	35148436
12009273	12009633
31182012	31182372
26308038	26308398
110119820	110120180
133768317	133768677
66862379	66862739
64618748	64619108
117314245	117314605
57435363	57435723
28695868	28696228
5226019	5226379
65339372	65339732
29454265	29454625
96205282	96205642
108006967	108007327
43544215	43544575
27861056	27861416
11863107	11863467
104022114	104022474
65756672	65757032
69498685	69499045
113906756	113907116
32175937	32176297
62160804	62161164
89232056	89232416
61439059	61439419
9225472	9225832
32356349	32356709
75061661	75062021
66104123	66104483
64795101	64795461
8092021	8092381
116041462	116041822
82997398	82997758
57386779	57387139
100803280	100803640
21535872	21536232
132056611	132056971
62803331	62803691
15873756	15874116
27226115	27226475
2187313	2187673
2207901	2208261
67412979	67413339
107988507	107988867
11640526	11640886
62275958	62276318
17994588	17994948
9117072	9117432
117693919	117694279
8340089	8340449
123468640	123469000
26572773	26573133
104401849	104402209
3980307	3980667
63855829	63856189
131996902	131997262
102482049	102482409
133900830	133901190
27716559	27716919
133781121	133781481
86706353	86706713
27232983	27233343
13205159	13205519
4847745	4848105
75479002	75479362
128339183	128339543
84610730	84611090
43824081	43824441
103408654	103409014
78143266	78143626
102678728	102679088
2914043	2914403
44679996	44680356
100699074	100699434
13856021	13856381
130908461	130908821
123174657	123175017
6625536	6625896
58912325	58912685
131455214	131455574
64685589	64685949
118970984	118971344
76444969	76445329
126732810	126733170
2019573	2019933
2548325	2548685
130849305	130849665
61519736	61520096
61123510	61123870
22152248	22152608
59897988	59898348
120974912	120975272
102702065	102702425
17520021	17520381
2713605	2713965
100396389	100396749
58968902	58969262
93347610	93347970
86282560	86282920
26544438	26544798
84109072	84109432
59937035	59937395
68899054	68899414
83972758	83973118
77849754	77850114
58385749	58386109
22692366	22692726
839881	840241
74198937	74199297
10772642	10773002
107787485	107787845
33278669	33279029
119356005	119356365
64109882	64110242
76826149	76826509
87174516	87174876
74588215	74588575
2194399	2194759
112226364	112226724
18543898	18544258
58510468	58510828
17752087	17752447
126744755	126745115
65200454	65200814
72378488	72378848
117068610	117068970
6732787	6733147
32469778	32470138
31257621	31257981
114133422	114133782
46543953	46544313
114188457	114188817
11808364	11808724
102124786	102125146
11043891	11044251
762445	762805
43526082	43526442
115943514	115943874
123388439	123388799
47370430	47370790
119562003	119562363
66811964	66812324
128775877	128776237
125594048	125594408
69008196	69008556
117009395	117009755
111741496	111741856
66258805	66259165
43043072	43043432
81940386	81940746
78871876	78872236
95472285	95472645
118915436	118915796
36966922	36967282
67056378	67056738
71300261	71300621
126181393	126181753
87589155	87589515
102405244	102405604
103541996	103542356
66185561	66185921
31509395	31509755
108091695	108092055
36732682	36733042
73113848	73114208
67458687	67459047
130774301	130774661
84704466	84704826
119227185	119227545
20694151	20694511
114633210	114633570
130894893	130895253
80948170	80948530
83531008	83531368
1314835	1315195
6319087	6319447
95522048	95522408
67206752	67207112
121249888	121250248
128606120	128606480
35509094	35509454
93385457	93385817
133701187	133701547
72848365	72848725
64053866	64054226
123228567	123228927
68717755	68718115
37470723	37471083
71082399	71082759
73094359	73094719
61152413	61152773
103733204	103733564
8076690	8077050
84235534	84235894
102681682	102682042
61058772	61059132
66263068	66263428
19034755	19035115
63406656	63407016
130241094	130241454
10329539	10329899
102651201	102651561
123175556	123175916
14811428	14811788
68723637	68723997
5912478	5912838
8387151	8387511
76170393	76170753
62264580	62264940
76224156	76224516
63993177	63993537
126261907	126262267
66789178	66789538
133817213	133817573
86129988	86130348
105479983	105480343
10326063	10326423
64084367	64084727
43600609	43600969
65548662	65549022
106004287	106004647
78774238	78774598
83512843	83513203
71315994	71316354
71083860	71084220
75288292	75288652
56769145	56769505
64283784	64284144
11898090	11898450
440173	440533
32210320	32210680
22561546	22561906
118662383	118662743
27738956	27739316
27518848	27519208
31908728	31909088
97140510	97140870
120903159	120903519
13894736	13895096
90192601	90192961
102389486	102389846
77590323	77590683
60392722	60393082
28551159	28551519
118129129	118129489
44654345	44654705
16902898	16903258
20693406	20693766
76777558	76777918
14254229	14254589
107628400	107628760
2095500	2095860
67432920	67433280
48041612	48041972
62356727	62357087
73041626	73041986
81498532	81498892
93355243	93355603
73642407	73642767
86513619	86513979
9281772	9282132
70224878	70225238
68274412	68274772
62573095	62573455
65494079	65494439
76091967	76092327
122231605	122231965
73241229	73241589
47292453	47292813
120302349	120302709
31820217	31820577
3497478	3497838
100874280	100874640
120435668	120436028
57227782	57228142
94891953	94892313
597170	597530
117816179	117816539
62232123	62232483
88075054	88075414
397238	397598
71165793	71166153
46691425	46691785
82930180	82930540
76385473	76385833
299894	300254
18166577	18166937
72963937	72964297
47664009	47664369
34891025	34891385
133837148	133837508
121297795	121298155
85986867	85987227
43186972	43187332
74412412	74412772
612153	612513
45427801	45428161
123300967	123301327
94701530	94701890
92958828	92959188
2020096	2020456
62037189	62037549
122685133	122685493
13375957	13376317
104665238	104665598
64948549	64948909
78549459	78549819
47279469	47279829
77268626	77268986
44448998	44449358
65120327	65120687
32915012	32915372
47349981	47350341
66234599	66234959
9114701	9115061
134731397	134731757
133800561	133800921
101878522	101878882
17911909	17912269
127341613	127341973
17791546	17791906
120856674	120857034
64880558	64880918
61468798	61469158
60851335	60851695
94150552	94150912
120804840	120805200
70073026	70073386
10709901	10710261
2320573	2320933
1727832	1728192
102139435	102139795
1968392	1968752
103747992	103748352
109963249	109963609
67980118	67980478
34127042	34127402
128628149	128628509
125757916	125758276
120801843	120802203
3887437	3887797
32508849	32509209
64828614	64828974
45869628	45869988
36091409	36091769
125094597	125094957
67792499	67792859
894776	895136
100850912	100851272
77184898	77185258
64038844	64039204
104214346	104214706
67788793	67789153
2437235	2437595
1874931	1875291
44807890	44808250
77122784	77123144
5626995	5627355
73083496	73083856
11422370	11422730
103835099	103835459
79151968	79152328
118926601	118926961
8331418	8331778
783590	783950
68593063	68593423
75248384	75248744
56898531	56898891
108537113	108537473
110349145	110349505
106190161	106190521
43598564	43598924
129564509	129564869
19347978	19348338
78763584	78763944
69928977	69929337
64412328	64412688
35166845	35167205
35165570	35165930
114266457	114266817
131374074	131374434
44655178	44655538
32319149	32319509
41331334	41331694
109969338	109969698
116015927	116016287
67043423	67043783
9142504	9142864
74394603	74394963
35163925	35164285
122659542	122659902
32452659	32453019
118973325	118973685
67567303	67567663
58342729	58343089
63669147	63669507
43706973	43707333
119869973	119870333
63808160	63808520
34911671	34912031
72525309	72525669
104744051	104744411
6921838	6922198
126162509	126162869
13509181	13509541
61196772	61197132
33182885	33183245
48406252	48406612
67615381	67615741
82617232	82617592
119950490	119950850
25756195	25756555
10586252	10586612
83232710	83233070
83960858	83961218
61160767	61161127
32892273	32892633
12309070	12309430
101194764	101195124
47398316	47398676
114271453	114271813
68657596	68657956
22191426	22191786
65246950	65247310
111325454	111325814
47738188	47738548
64518125	64518485
111230023	111230383
114051215	114051575
65541446	65541806
14328018	14328378
33856967	33857327
81674072	81674432
65656413	65656773
131781361	131781721
109963726	109964086
120382301	120382661
33279919	33280279
64111329	64111689
128672536	128672896
77487463	77487823
65314997	65315357
3585672	3586032
120567350	120567710
59885831	59886191
119242475	119242835
14062621	14062981
66036747	66037107
47237828	47238188
70788764	70789124
119565119	119565479
22355611	22355971
95889042	95889402
95974485	95974845
95278305	95278665
64472005	64472365
93517137	93517497
94331143	94331503
31254985	31255345
92468239	92468599
69412995	69413355
93508468	93508828
47290421	47290781
72301008	72301368
85985563	85985923
43730388	43730748
22800139	22800499
32735041	32735401
99881136	99881496
3067330	3067690
120934438	120934798
62651709	62652069
71136486	71136846
73708385	73708745
11643601	11643961
67843803	67844163
65145267	65145627
107729183	107729543
118928164	118928524
129940397	129940757
406743	407103
11688616	11688976
62895534	62895894
78672235	78672595
65222374	65222734
69476733	69477093
109297154	109297514
70962818	70963178
62529292	62529652
126873396	126873756
70261229	70261589
102238010	102238370
851403	851763
18761257	18761617
11169562	11169922
19367796	19368156
70110729	70111089
788080	788440
115373786	115374146
36063779	36064139
90994723	90995083
133089501	133089861
94495336	94495696
129245807	129246167
65146012	65146372
30164866	30165226
66650839	66651199
121317579	121317939
67346939	67347299
62102583	62102943
117680057	117680417
16653970	16654330
120815813	120816173
81749186	81749546
67499625	67499985
70831631	70831991
133915635	133915995
68170179	68170539
46468049	46468409
118754483	118754843
9151945	9152305
46404783	46405143
7678624	7678984
60425443	60425803
47376764	47377124
102189169	102189529
127659784	127660144
29540321	29540681
69536538	69536898
6083957	6084317
72533525	72533885
133446289	133446649
1787555	1787915
94730623	94730983
66849453	66849813
118927600	118927960
87913114	87913474
85566090	85566450
362009	362369
116702965	116703325
5391126	5391486
75479706	75480066
97481062	97481422
44619562	44619922
103490225	103490585
117900011	117900371
69894731	69895091
120706717	120707077
78543245	78543605
124631007	124631367
66112399	66112759
89846724	89847084
68979439	68979799
134123064	134123424
6775362	6775722
128390552	128390912
102188020	102188380
35576437	35576797
124980430	124980790
46339850	46340210
14434822	14435182
361798	362158
104694384	104694744
133489866	133490226
43536673	43537033
20265532	20265892
808380	808740
113601674	113602034
111867450	111867810
30981919	30982279
62135390	62135750
124503187	124503547
120129381	120129741
35104047	35104407
108911072	108911432
68768300	68768660
4006156	4006516
64953412	64953772
75110586	75110946
120053578	120053938
125298356	125298716
70116387	70116747
72525889	72526249
120627702	120628062
63044852	63045212
92798557	92798917
19821741	19822101
96257609	96257969
128497570	128497930
107476890	107477250
119454289	119454649
3993258	3993618
117856750	117857110
122781511	122781871
17783830	17784190
101733200	101733560
119362464	119362824
65487290	65487650
26049425	26049785
13992530	13992890
120111005	120111365
73115081	73115441
68891255	68891615
43579029	43579389
12104969	12105329
58910136	58910496
84876914	84877274
520945	521305
1324584	1324944
105000916	105001276
19835943	19836303
121523618	121523978
3038059	3038419
60237208	60237568
118393517	118393877
63513076	63513436
35293809	35294169
31066936	31067296
61594939	61595299
61505480	61505840
119983073	119983433
77111785	77112145
95311247	95311607
113865282	113865642
40150874	40151234
93437395	93437755
103480218	103480578
2415523	2415883
32236671	32237031
68520705	68521065
68595199	68595559
74345647	74346007
16010533	16010893
98131736	98132096
92903155	92903515
118305176	118305536
72464469	72464829
5411365	5411725
129641362	129641722
44505766	44506126
119552245	119552605
124932903	124933263
65511924	65512284
60506614	60506974
102180874	102181234
122073837	122074197
125931510	125931870
67788052	67788412
2171447	2171807
117328570	117328930
64616155	64616515
9406346	9406706
95317735	95318095
61828918	61829278
132934040	132934400
35738607	35738967
73881979	73882339
12184262	12184622
123994325	123994685
38846111	38846471
73700217	73700577
66887048	66887408
3072704	3073064
78128852	78129212
2419918	2420278
121024168	121024528
118661771	118662131
811679	812039
102764829	102765189
45201630	45201990
123430117	123430477
65904908	65905268
71645309	71645669
75113316	75113676
14795291	14795651
73801743	73802103
56392098	56392458
102150424	102150784
66817643	66818003
97481906	97482266
101327556	101327916
47291302	47291662
68637092	68637452
125127124	125127484
126156103	126156463
58967749	58968109
62145964	62146324
105731940	105732300
125263221	125263581
125549327	125549687
111722347	111722707
251465	251825
116086513	116086873
118972223	118972583
33479515	33479875
66406628	66406988
128364495	128364855
44154096	44154456
60940995	60941355
122448895	122449255
33553746	33554106
3647581	3647941
94609827	94610187
13136485	13136845
58414496	58414856
59435953	59436313
42653085	42653445
83667161	83667521
69696747	69697107
119854053	119854413
1678834	1679194
68934026	68934386
18031712	18032072
113258572	113258932
43968596	43968956
67169294	67169654
94202380	94202740
22688103	22688463
18008299	18008659
73744070	73744430
82393451	82393811
73308926	73309286
57408438	57408798
69519313	69519673
120536960	120537320
7872950	7873310
121292318	121292678
133884352	133884712
58552477	58552837
7165130	7165490
130068807	130069167
94031338	94031698
69361780	69362140
62001181	62001541
131760089	131760449
112324376	112324736
64784273	64784633
46558727	46559087
59048603	59048963
22655056	22655416
72130218	72130578
71622728	71623088
19927019	19927379
101490745	101491105
101932038	101932398
68268254	68268614
8287246	8287606
18763370	18763730
31964607	31964967
74956416	74956776
22353445	22353805
44998895	44999255
44478482	44478842
67148830	67149190
108473657	108474017
71137725	71138085
71892736	71893096
128172253	128172613
34171336	34171696
64532693	64533053
12074831	12075191
31286353	31286713
33111355	33111715
126443579	126443939
2422825	2423185
111845786	111846146
124632165	124632525
116120303	116120663
111307386	111307746
89350220	89350580
27255747	27256107
60357113	60357473
38432759	38433119
86164366	86164726
57198482	57198842
120081661	120082021
21345220	21345580
82904365	82904725
119133463	119133823
60374986	60375346
112424550	112424910
46413398	46413758
107328253	107328613
75136639	75136999
64570704	64571064
101785724	101786084
132010008	132010368
123034378	123034738
83233248	83233608
118356024	118356384
113745885	113746245
18035419	18035779
17952017	17952377
95029963	95030323
35640967	35641327
35395015	35395375
122527466	122527826
115855009	115855369
131994157	131994517
61659332	61659692
66405555	66405915
73472111	73472471
57406179	57406539
64081939	64082299
30607768	30608128
107992077	107992437
44141730	44142090
17743592	17743952
66634923	66635283
61963501	61963861
85301898	85302258
119227410	119227770
120195749	120196109
125034210	125034570
118753981	118754341
71445632	71445992
55482781	55483141
99781874	99782234
67481349	67481709
67308585	67308945
10716390	10716750
40146687	40147047
116485824	116486184
112463922	112464282
17225141	17225501
106147541	106147901
131784155	131784515
115250256	115250616
93269412	93269772
63705491	63705851
92286163	92286523
43141193	43141553
119165950	119166310
92864874	92865234
7533750	7534110
8955453	8955813
31976743	31977103
74925394	74925754
17372738	17373098
40152001	40152361
62361217	62361577
110220287	110220647
123361273	123361633
89982747	89983107
65625176	65625536
62572538	62572898
63993701	63994061
129569667	129570027
43591021	43591381
117354053	117354413
104034734	104035094
1479607	1479967
566064	566424
63342112	63342472
87453919	87454279
42996065	42996425
90372859	90373219
76425554	76425914
48002743	48003103
77860740	77861100
126839087	126839447
114310013	114310373
113242972	113243332
5574582	5574942
113457848	113458208
126236800	126237160
61889592	61889952
102176661	102177021
94703591	94703951
64014573	64014933
62784235	62784595
72039488	72039848
75264277	75264637
81936987	81937347
81155363	81155723
72324988	72325348
119986364	119986724
70267240	70267600
61536928	61537288
69065791	69066151
62489503	62489863
68953697	68954057
86749055	86749415
43524983	43525343
17741637	17741997
88626669	88627029
90347583	90347943
67572545	67572905
105185995	105186355
67227109	67227469
64984308	64984668
48231618	48231978
80031837	80032197
17528412	17528772
63674016	63674376
12506894	12507254
75288493	75288853
57103294	57103654
55125083	55125443
72044830	72045190
32354752	32355112
65192715	65193075
22751939	22752299
112526530	112526890
97130858	97131218
77124872	77125232
60468887	60469247
