150869656	150869975
75943621	75943892
142912218	142912477
38375278	38375554
1032798	1033076
2749392	2749646
25605554	25605800
43622289	43622544
75807488	75807717
128731645	128731871
48149827	48150058
45299704	45299910
150821086	150821331
100157473	100157718
913017	913256
28117972	28118209
100702684	100702920
150145843	150146080
105683331	105683545
127849875	127850141
50485824	50486052
73140139	73140360
73269954	73270180
148762961	148763188
5526580	5526800
91509977	91510221
38255385	38255605
1209577	1209815
66022617	66022832
131198366	131198573
44605183	44605413
141437872	141438134
6475342	6475560
37392584	37392789
38409531	38409763
134966289	134966524
120627723	120627955
41982692	41982913
40174418	40174639
44517035	44517247
86941688	86941882
75495839	75496055
30780170	30780355
141233204	141233427
29961146	29961328
19748674	19748880
5534319	5534525
137583933	137584171
150595616	150595834
35577107	35577295
113350478	113350636
1215834	1216028
100161575	100161792
50700695	50700887
131339528	131339729
100926332	100926546
148823378	148823587
73620976	73621166
157066337	157066555
116853146	116853334
75920989	75921195
75272284	75272489
91808233	91808429
148659936	148660030
72866206	72866414
22822338	22822531
38972229	38972448
142491207	142491419
130725299	130725494
73981142	73981380
131373972	131374178
6362702	6362902
18705835	18706046
131192693	131192903
22122585	22122769
138423552	138423767
102937727	102937922
105817183	105817393
128523720	128523918
73441224	73441417
99730317	99730528
76145341	76145528
106300527	106300793
148663950	148664151
98050373	98050588
100302955	100303140
73815674	73815875
98439484	98439684
120432163	120432338
100813139	100813329
92219659	92219876
36331194	36331377
12726365	12726523
148787854	148788041
100720950	100721145
47859008	47859202
100080916	100081146
92053980	92054166
73149102	73149310
43148100	43148301
2926701	2926893
1472195	1472370
148936565	148936736
104524198	104524364
43300959	43301151
36406794	36406965
23586659	23586872
100066917	100067129
128038690	128038886
149439338	149439512
6641965	6642160
129007497	129007689
137687135	137687299
105794398	105794581
105697455	105697641
30978432	30978630
17022359	17022526
128065905	128066106
150660140	150660312
4793628	4793791
101915610	101915795
155391511	155391673
5744201	5744358
123264721	123264911
141676157	141676310
142705115	142705286
26416707	26416899
95545969	95546162
1544040	1544220
73831804	73831982
100449774	100449905
92076582	92076765
151480041	151480227
23095333	23095491
129650762	129650950
157132902	157133079
31528317	31528498
51228840	51228997
143077344	143077494
37026823	37026986
2904735	2904884
4869811	4870019
27200692	27200864
99588603	99588788
100835872	100836063
42980936	42981104
43479478	43479668
29628893	29629079
39493482	39493609
55323374	55323465
102031273	102031457
36024898	36025052
75649540	75649712
5125142	5125337
5279903	5280063
158769833	158770025
33972590	33972742
65305542	65305717
90338193	90338363
150941518	150941675
121733103	121733258
116570569	116570743
31776117	31776292
127775793	127775965
1105485	1105659
25138153	25138305
129712076	129712255
44896628	44896790
23610288	23610485
45957312	45957402
47305939	47306109
139119473	139119581
101922861	101922980
130560145	130560318
31023310	31023469
151456735	151456912
131544051	131544204
150808294	150808406
104563446	104563598
33935011	33935163
92462374	92462532
826135	826288
143824940	143825081
139702198	139702373
147959915	147960086
157179992	157180165
2710624	2710778
5013507	5013741
77669614	77669758
97735972	97736151
150715244	150715604
38385298	38385443
37221700	37221880
150475906	150476079
95141119	95141279
3105415	3105588
23312767	23312898
8476624	8476787
22149987	22150159
101245761	101245917
34360645	34360805
37238573	37238744
25133047	25133231
102045145	102045330
55661591	55661687
1513772	1513941
44574278	44574453
150118240	150118429
31014564	31014723
148272777	148272943
97650905	97651051
66843264	66843435
148224881	148225004
70294236	70294364
96657085	96657207
142937783	142937906
142578749	142578872
118910098	118910261
22528611	22528767
96044350	96044506
151065311	151065472
38358590	38358680
103872004	103872107
24859917	24860055
134291209	134291336
139330761	139330931
111392343	111392528
127087475	127087656
128027839	128027994
126894072	126894240
25133938	25134113
139184840	139184946
5603279	5603458
105297492	105297647
41980449	41980623
112190634	112190785
142273823	142273985
98375137	98375308
128850446	128850599
134232232	134232323
31784019	31784160
44961818	44961988
99679455	99679619
105650040	105650191
133826135	133826317
37324401	37324565
134434971	134435128
26101403	26101560
28962372	28962473
105172481	105172637
10929043	10929202
142148324	142148475
129882488	129882638
121036283	121036643
22491982	22492095
35559854	35560214
32886336	32886515
128858485	128858646
2491160	2491270
105292893	105293066
42916161	42916306
141485840	141485933
140353345	140353460
56142107	56142278
93717184	93717329
98910650	98910806
50245042	50245199
142219143	142219277
129469860	129470220
101331682	101331814
28893938	28894085
38407865	38408018
113061879	113062018
28966762	28966890
36710569	36710683
89975732	89976092
76876660	76876770
101186173	101186303
147939469	147939617
73864365	73864522
22599590	22599751
120446043	120446199
73021422	73021576
100322985	100323163
66836883	66837052
154536054	154536183
131376927	131377070
30315820	30315964
134959365	134959503
51230526	51230657
948542	948702
130667041	130667187
134853947	134854102
38438432	38438599
154982400	154982552
135485945	135486061
137846352	137846507
156701698	156701831
140714660	140715020
37241286	37241444
100289393	100289544
29448515	29448649
35664296	35664432
23317008	23317368
129275507	129275660
100887591	100887760
6388678	6388842
123341576	123341936
25299394	25299527
136090955	136091315
35946148	35946323
39504695	39504820
157043438	157043569
49892385	49892523
20638271	20638444
105681667	105681805
23125743	23125897
35749174	35749322
8763871	8763979
45194347	45194439
45175869	45176010
1126665	1126797
142246245	142246367
151000527	151000887
149321825	149321970
93003808	93003908
104488982	104489072
130581805	130581909
1619210	1619387
142571166	142571256
116166278	116166404
142115717	142115847
155205467	155205578
44887246	44887606
30549837	30549974
116759515	116759875
39620016	39620376
134143895	134144255
73482266	73482439
142193360	142193720
28101870	28101992
5405735	5405923
73082081	73082216
24852085	24852196
127848601	127848726
94065444	94065574
35464496	35464856
73226024	73226384
82201670	82201806
70163358	70163479
83285401	83285534
86866333	86866444
54841967	54842087
29229451	29229545
23301468	23301828
100397180	100397299
36358737	36358885
114505634	114505994
135357577	135357937
35077576	35077728
152404033	152404393
155608059	155608207
28059972	28060332
38147058	38147418
107786786	107786939
129252578	129252938
106377092	106377236
25934974	25935334
50535727	50536087
79648480	79648840
64772677	64773037
149580618	149580712
135800104	135800266
22589871	22590231
129016339	129016699
101182083	101182443
91762956	91763316
5705011	5705371
31822127	31822250
154705532	154705668
83565499	83565630
139305591	139305951
98362387	98362747
8230120	8230211
50437260	50437374
5821278	5821447
22766004	22766364
130754082	130754189
26707188	26707548
38262214	38262363
39781841	39782201
141349717	141350077
94024772	94025132
86099005	86099365
92250309	92250669
112509385	112509476
30604032	30604126
75988592	75988952
150705795	150706155
132003648	132003753
77388626	77388986
100048182	100048275
25891233	25891593
20256941	20257301
5598620	5598711
131231534	131231639
48008597	48008706
128911597	128911957
97870699	97871059
28136266	28136626
98434447	98434807
135306011	135306371
139024811	139025171
45962933	45963055
30588388	30588748
70321916	70322276
26721561	26721652
2508665	2508783
141354280	141354640
73393469	73393829
98062741	98062888
29146145	29146267
55709000	55709103
89783651	89783750
75892264	75892624
3194649	3194756
148959021	148959381
23736593	23736953
2249115	2249475
137693586	137693946
5527574	5527724
101007218	101007578
138701804	138702164
93072050	93072410
95704827	95704949
11251871	11251978
137311238	137311598
139874935	139875295
87849235	87849595
100787281	100787641
130125839	130126199
75391895	75392024
36015601	36015710
47984804	47985164
27190415	27190775
100492395	100492755
128938244	128938344
31412962	31413322
92090852	92091212
23719472	23719832
134855455	134855815
112538765	112539125
101879981	101880341
107519829	107520189
25932578	25932673
21806945	21807305
44235984	44236344
28961383	28961743
12428711	12429071
101151106	101151466
65187262	65187622
138759811	138760171
147962162	147962309
37549669	37550029
98476538	98476898
119912254	119912614
118838007	118838367
34863302	34863662
6555959	6556319
56072530	56072890
31482987	31483347
155137592	155137952
134117420	134117780
101054501	101054861
25109601	25109961
21301343	21301703
155561163	155561279
48031314	48031674
131630113	131630473
99591914	99592021
30485479	30485839
137341020	137341380
128803766	128804126
47128417	47128777
22143329	22143689
38403027	38403387
5569184	5569544
1216690	1217050
814134	814494
32519223	32519583
151012149	151012509
44280568	44280928
122794321	122794681
134317704	134318064
37956679	37957039
128099391	128099751
140510887	140511247
123007591	123007951
8335702	8336062
106787917	106788277
42054232	42054592
107103686	107103782
48339182	48339542
71198281	71198641
140217699	140218059
118816081	118816441
117835952	117836312
96733941	96734301
111375744	111376104
105807177	105807537
25256528	25256666
37771801	37772161
142551631	142551991
149322636	149322996
55322541	55322901
4650485	4650845
71200945	71201305
108137586	108137946
137588374	137588734
151047374	151047734
150053654	150053749
120497568	120497928
14731264	14731624
2387755	2387887
95106312	95106672
106182917	106183277
105229934	105230294
130644773	130644881
142340019	142340379
86555971	86556331
157225626	157225986
100609530	100609644
41744742	41745102
100958547	100958907
100494736	100495096
156742311	156742433
49041129	49041489
99728595	99728955
151451167	151451527
115763073	115763433
99510852	99510972
126443120	126443480
128544704	128545064
95156736	95157096
148553402	148553762
116426824	116427184
31162230	31162590
6629377	6629737
55617751	55618111
27219336	27219696
18385293	18385653
17809482	17809842
149359653	149360013
120747984	120748344
89252360	89252720
24329882	24330242
27235817	27236177
132915382	132915742
90057094	90057454
135243222	135243582
27249959	27250319
148702867	148703227
97795473	97795833
42784960	42785320
144435812	144436172
8458289	8458649
67090164	67090524
47484295	47484655
140026085	140026445
144088868	144089228
127348796	127349156
132265501	132265861
115820260	115820620
41042653	41043013
72385612	72385972
96694307	96694667
30840322	30840682
97464891	97465251
45019075	45019435
140711922	140712282
93532106	93532466
150683149	150683509
24357929	24358289
28666255	28666615
134199337	134199697
28429037	28429397
37871857	37872217
107383854	107384214
103047353	103047713
150685575	150685935
38700113	38700473
133538556	133538916
144733703	144734063
142135079	142135439
40092084	40092444
90718677	90719037
38414037	38414397
19091415	19091775
111381797	111382157
30204101	30204461
98030493	98030853
139475579	139475939
115778256	115778616
4837749	4838109
104653926	104654286
34967584	34967944
24627453	24627813
55347629	55347989
37248078	37248438
138571231	138571591
22041019	22041379
44058665	44059025
22539710	22540070
78139922	78140282
153078624	153078984
1452429	1452789
47294035	47294395
26409142	26409502
101083693	101084053
142700557	142700917
3340434	3340794
97924145	97924505
50132080	50132440
134042974	134043334
2720526	2720886
111126650	111127010
150788477	150788837
98477279	98477639
103087608	103087968
120195042	120195402
155172811	155173171
12558782	12559142
130516638	130516998
98637999	98638359
14497469	14497829
362010	362370
76961177	76961537
24615788	24616148
156266208	156266568
64411629	64411989
25608508	25608868
33463245	33463605
39785798	39786158
142153138	142153498
88176040	88176400
82234587	82234947
32386873	32387233
24421550	24421910
134012651	134013011
50159428	50159788
86444352	86444712
2286795	2287155
5717673	5718033
124425253	124425613
142420188	142420548
123916089	123916449
1084401	1084761
51498177	51498537
7464029	7464389
142172121	142172481
45893888	45894248
85183603	85183963
75831114	75831205
110729877	110730237
49830703	49831063
42019388	42019748
100005215	100005575
150865298	150865658
142996928	142997288
85379705	85380065
12498156	12498516
149157603	149157963
130987880	130988240
90258637	90258997
18395765	18396125
138550650	138551010
121635054	121635414
152591489	152591849
142333956	142334316
132338913	132339273
23469928	23470288
155531378	155531738
145787155	145787515
92857559	92857919
37535208	37535568
17746368	17746728
35764830	35765190
117633462	117633822
12663525	12663885
23053781	23054141
45911727	45912087
81585880	81586240
142508839	142509199
25219930	25220290
2758557	2758917
107515091	107515451
131734477	131734837
84816016	84816376
154744714	154745074
121006897	121007257
26130549	26130909
5896068	5896428
148200995	148201355
155589625	155589985
107754551	107754911
129702831	129703191
128503553	128503913
148906664	148907024
86777725	86778085
130130703	130131063
11383464	11383824
33225330	33225690
73115775	73116135
117793636	117793996
64676771	64677131
55482910	55483270
115898743	115899103
127432821	127433181
94876192	94876552
31174074	31174434
65670129	65670489
34715381	34715741
40369159	40369519
96808775	96809135
90663808	90664168
151145770	151146130
113414249	113414609
83576598	83576958
97601548	97601908
25894177	25894537
23584524	23584884
87872586	87872946
127269322	127269682
78927473	78927833
137277039	137277399
128982926	128983286
133701458	133701818
73280433	73280793
25860057	25860417
18649987	18650347
95500412	95500772
17680355	17680715
40644446	40644806
37382307	37382667
116624893	116625253
69397033	69397393
21293685	21294045
18103892	18104252
26404754	26405114
19794152	19794512
44121801	44122161
66301975	66302335
16110893	16111253
142001796	142002156
90084761	90085121
104284046	104284406
128067359	128067719
44627697	44628057
77280875	77281235
12331530	12331890
32244037	32244397
82439977	82440337
38836524	38836884
140143827	140144187
62476045	62476405
113338664	113339024
3937064	3937424
50181908	50182268
12107135	12107495
97557594	97557954
151048163	151048523
44111890	44112250
148844298	148844658
123134237	123134597
29917716	29918076
102090749	102091109
126496723	126497083
139703718	139704078
143002569	143002929
116767640	116768000
143113649	143114009
26540400	26540760
129247586	129247946
123512320	123512680
22768074	22768434
134671301	134671661
73959544	73959904
23978532	23978892
140346865	140347225
35956588	35956948
84670909	84671269
71959078	71959438
107821464	107821824
2404466	2404826
121187578	121187938
18391955	18392315
108100438	108100798
42225786	42226146
128021182	128021542
144134706	144135066
23902811	23903171
99814658	99815018
22900348	22900708
147781128	147781488
126987718	126988078
112135907	112136267
112799812	112800172
92722059	92722419
87046049	87046409
48194384	48194744
134638976	134639336
48464376	48464736
154719218	154719578
44025475	44025835
123505622	123505982
134409376	134409736
120365487	120365847
55500884	55501244
149194705	149195065
6677347	6677707
106433476	106433836
16965909	16966269
39935945	39936305
154801318	154801678
155326558	155326918
86568521	86568881
16604510	16604870
6023562	6023922
126747578	126747938
149007293	149007653
95424247	95424607
29649375	29649735
103797241	103797601
146942379	146942739
30102236	30102596
33090349	33090709
134197930	134198290
82369569	82369929
122710760	122711120
32982673	32983033
100933715	100934075
99056747	99057107
100781551	100781911
81128951	81129311
26237687	26238047
110738730	110739090
36527356	36527716
37893113	37893473
135099617	135099977
92684970	92685330
6897356	6897716
97128545	97128905
5867400	5867760
1704300	1704660
102702356	102702716
34799141	34799501
117355848	117356208
16117707	16118067
149296008	149296368
148892425	148892785
87427125	87427485
135346928	135347288
114579781	114580141
8075557	8075917
127144796	127145156
135330093	135330453
102706127	102706487
69358942	69359302
123220896	123221256
44836950	44837310
51434773	51435133
45013354	45013714
135196890	135197250
70240608	70240968
111370597	111370957
98429269	98429629
138134352	138134712
20480356	20480716
90917567	90917927
37873133	37873493
12361948	12362308
89927477	89927837
92077517	92077877
32101777	32102137
50269558	50269918
11467312	11467672
104621663	104622023
18360604	18360964
30101465	30101825
134386025	134386385
86534542	86534902
97797934	97798294
95470246	95470606
149973210	149973570
1265112	1265472
35633563	35633923
82110830	82111190
7693229	7693589
66949217	66949577
34173807	34174167
127987613	127987973
128116674	128117034
26331242	26331602
43994144	43994504
158439905	158440265
39559519	39559879
73689612	73689972
82358751	82359111
108093182	108093542
124496369	124496729
26118497	26118857
22700360	22700720
44283878	44284238
51135400	51135760
116652735	116653095
27814355	27814715
7143001	7143361
99577380	99577740
24755459	24755819
4681649	4682009
120721400	120721760
128482039	128482399
136372479	136372839
47219822	47220182
134922957	134923317
50663218	50663578
121859325	121859685
88030354	88030714
47475428	47475788
92320845	92321205
3240136	3240496
24705304	24705664
149496907	149497267
41736062	41736422
34130965	34131325
77649882	77650242
65086509	65086869
86689034	86689394
126798727	126799087
137138968	137139328
105070182	105070542
37006935	37007295
140004334	140004694
38393879	38394239
44387968	44388328
152033839	152034199
147839757	147840117
87193596	87193956
149504263	149504623
77287068	77287428
38145497	38145857
33847379	33847739
151129962	151130322
44470933	44471293
100074898	100075258
12678465	12678825
29279290	29279650
116449746	116450106
27615990	27616350
15055738	15056098
106587695	106588055
98963161	98963521
134440218	134440578
48376633	48376993
150451232	150451592
27960842	27961202
17342374	17342734
101386459	101386819
72738122	72738482
128313021	128313381
15344647	15345007
37274451	37274811
25019024	25019384
77428071	77428431
87987566	87987926
103913242	103913602
39991095	39991455
129112190	129112550
2606592	2606952
116442900	116443260
93180386	93180746
31232534	31232894
130692223	130692583
94078450	94078810
37940858	37941218
128853712	128854072
107365594	107365954
116229069	116229429
81099335	81099695
94829108	94829468
6036838	6037198
102107516	102107876
137782099	137782459
105328358	105328718
143434105	143434465
132341626	132341986
30114078	30114438
143760817	143761177
85519575	85519935
2800198	2800558
84652386	84652746
97642798	97643158
1183801	1184161
33374006	33374366
131109003	131109363
42016715	42017075
32840071	32840431
7721112	7721472
16957941	16958301
125311030	125311390
91459327	91459687
24441612	24441972
111495305	111495665
11380979	11381339
100231500	100231860
134530248	134530608
103908250	103908610
100738099	100738459
142377145	142377505
47932747	47933107
115550601	115550961
100230525	100230885
69142053	69142413
15760542	15760902
77532931	77533291
1222626	1222986
8405135	8405495
142023474	142023834
142019772	142020132
132202879	132203239
108025547	108025907
36512982	36513342
1457049	1457409
99971473	99971833
129723938	129724298
143589732	143590092
22893598	22893958
80328336	80328696
141454712	141455072
116311799	116312159
33756223	33756583
19753315	19753675
116231810	116232170
101457397	101457757
5490367	5490727
48028376	48028736
93344557	93344917
81863796	81864156
117744894	117745254
108515241	108515601
20237473	20237833
4923333	4923693
69626626	69626986
33797176	33797536
151773297	151773657
142145952	142146312
156686114	156686474
55665609	55665969
91265436	91265796
17341152	17341512
19531502	19531862
3129128	3129488
127660235	127660595
158488769	158489129
151008569	151008929
5179623	5179983
46391980	46392340
19705054	19705414
88464470	88464830
100186096	100186456
151402711	151403071
135020412	135020772
150942541	150942901
44240442	44240802
68868172	68868532
134143222	134143582
45930691	45931051
134238765	134239125
150453966	150454326
140175581	140175941
34127757	34128117
135395629	135395989
43739586	43739946
32530438	32530798
20212381	20212741
134105284	134105644
154799674	154800034
16138231	16138591
7222292	7222652
102052949	102053309
97921050	97921410
2594797	2595157
108253591	108253951
133029034	133029394
92874854	92875214
133427501	133427861
54856262	54856622
2471142	2471502
45961782	45962142
27784727	27785087
108446240	108446600
2517241	2517601
302705	303065
92157830	92158190
98469971	98470331
19787382	19787742
117099053	117099413
70181379	70181739
2648593	2648953
22149340	22149700
142564080	142564440
129465506	129465866
95319678	95320038
130380704	130381064
99787660	99788020
86849005	86849365
26725996	26726356
106790914	106791274
66290533	66290893
43760836	43761196
134628590	134628950
36060937	36061297
155597662	155598022
78806196	78806556
106102864	106103224
38110239	38110599
119122295	119122655
83040337	83040697
156613185	156613545
1223115	1223475
152890110	152890470
65878626	65878986
99435637	99435997
24935656	24936016
28133273	28133633
27729168	27729528
44253935	44254295
115876100	115876460
128114327	128114687
139303637	139303997
77569948	77570308
105400677	105401037
857926	858286
123322691	123323051
140192922	140193282
101458733	101459093
33148952	33149312
43494616	43494976
112054955	112055315
149983213	149983573
142447784	142448144
157030808	157031168
117025882	117026242
99331119	99331479
112929228	112929588
40546764	40547124
99942105	99942465
21547277	21547637
40272146	40272506
8257167	8257527
152520483	152520843
128520116	128520476
28663533	28663893
20198346	20198706
28336546	28336906
143598667	143599027
6598476	6598836
100226947	100227307
140623925	140624285
29283917	29284277
129304268	129304628
35470209	35470569
150709924	150710284
137670634	137670994
133119042	133119402
30452690	30453050
111201917	111202277
5324562	5324922
143187814	143188174
90712174	90712534
150671952	150672312
99941903	99942263
139286880	139287240
143875490	143875850
91481676	91482036
6066091	6066451
107749730	107750090
1798195	1798555
2139829	2140189
19161623	19161983
35075294	35075654
28880100	28880460
29142175	29142535
151843111	151843471
140375054	140375414
20687843	20688203
128434120	128434480
110082377	110082737
34940469	34940829
6977876	6978236
101448338	101448698
154624293	154624653
81673816	81674176
87740732	87741092
142003431	142003791
81111926	81112286
149366293	149366653
119977326	119977686
75081738	75082098
100202227	100202587
135694241	135694601
84660123	84660483
133675687	133676047
5436097	5436457
35841444	35841804
64085501	64085861
11413206	11413566
33282945	33283305
22862368	22862728
117390681	117391041
121634586	121634946
12564424	12564784
42882835	42883195
128587385	128587745
56031936	56032296
31017502	31017862
144551954	144552314
106842324	106842684
82356223	82356583
122172769	122173129
77855389	77855749
115319962	115320322
33146961	33147321
132394732	132395092
157267318	157267678
132735788	132736148
45702856	45703216
143042483	143042843
12473649	12474009
83605551	83605911
43111331	43111691
38370488	38370848
23224580	23224940
66370708	66371068
156620307	156620667
17720529	17720889
126540096	126540456
11597308	11597668
90042204	90042564
158766170	158766530
130443189	130443549
6595828	6596188
101500271	101500631
24827692	24828052
142636646	142637006
155165220	155165580
117432041	117432401
20691608	20691968
104624426	104624786
142110685	142111045
114996237	114996597
53417962	53418322
127675806	127676166
50764399	50764759
80288813	80289173
144483622	144483982
117041373	117041733
86543800	86544160
142240424	142240784
156609674	156610034
20022493	20022853
2607274	2607634
12714493	12714853
154201068	154201428
154490428	154490788
26318379	26318739
129464654	129465014
92239271	92239631
44503039	44503399
21565633	21565993
93429074	93429434
87556261	87556621
27645302	27645662
154792538	154792898
1609848	1610208
128784860	128785220
16840715	16841075
27824064	27824424
6619081	6619441
127228899	127229259
73598039	73598399
123275607	123275967
99013180	99013540
44059789	44060149
50746973	50747333
150756905	150757265
86227649	86228009
135388875	135389235
78236354	78236714
87799025	87799385
6566073	6566433
75386345	75386705
140683626	140683986
113666583	113666943
101931536	101931896
6970431	6970791
73465993	73466353
20442268	20442628
98984555	98984915
77763615	77763975
25199601	25199961
112092585	112092945
150784411	150784771
134331450	134331810
47847431	47847791
43850165	43850525
76067208	76067568
115890029	115890389
25759938	25760298
48141713	48142073
95348147	95348507
20351069	20351429
147244371	147244731
18739801	18740161
16735271	16735631
149119354	149119714
23274208	23274568
148764972	148765332
140344951	140345311
90379165	90379525
25429140	25429500
37488367	37488727
65495849	65496209
152530475	152530835
141374570	141374930
6614153	6614513
1749527	1749887
10452067	10452427
4889108	4889468
103213919	103214279
106161602	106161962
303720	304080
3018907	3019267
132892470	132892830
148638954	148639314
76266449	76266809
118230169	118230529
49522722	49523082
142000479	142000839
99214004	99214364
19626966	19627326
31673530	31673890
149450745	149451105
102212934	102213294
89840947	89841307
80310625	80310985
104559065	104559425
69658515	69658875
112120428	112120788
131438438	131438798
140042930	140043290
126879872	126880232
106600255	106600615
52086166	52086526
8317025	8317385
37960959	37961319
106007475	106007835
81877189	81877549
27183359	27183719
117039881	117040241
142699219	142699579
77619131	77619491
107142054	107142414
30324418	30324778
89781994	89782354
127962150	127962510
16471765	16472125
147983257	147983617
66459754	66460114
21340282	21340642
73617497	73617857
18031917	18032277
39397273	39397633
23397257	23397617
152038450	152038810
36167970	36168330
25878710	25879070
123792887	123793247
17048693	17049053
112051249	112051609
142186559	142186919
142606715	142607075
139005716	139006076
89891760	89892120
44080153	44080513
150436101	150436461
72100256	72100616
31177	31537
122168921	122169281
137501536	137501896
103164760	103165120
7800911	7801271
148177646	148178006
127218340	127218700
123177053	123177413
86297067	86297427
12251152	12251512
151267438	151267798
23315957	23316317
155191676	155192036
128249019	128249379
87974559	87974919
121392738	121393098
76221291	76221651
23752049	23752409
33004358	33004718
47761219	47761579
87135594	87135954
155008519	155008879
47892302	47892662
99577579	99577939
105405565	105405925
106420429	106420789
64090758	64091118
151007628	151007988
127238398	127238758
96407588	96407948
152556783	152557143
151329392	151329752
7581061	7581421
114303593	114303953
12529762	12530122
93906141	93906501
78901398	78901758
5214139	5214499
54909407	54909767
90149832	90150192
45620207	45620567
115813069	115813429
26893400	26893760
129042127	129042487
13564705	13565065
104781545	104781905
150020568	150020928
81646657	81647017
87516226	87516586
113044290	113044650
70277523	70277883
12101713	12102073
20817617	20817977
50107692	50108052
103982026	103982386
33783917	33784277
32250313	32250673
66359784	66360144
37960010	37960370
150573744	150574104
132079035	132079395
140426142	140426502
72300580	72300940
6144240	6144600
138803136	138803496
123795473	123795833
128177579	128177939
156442725	156443085
64079489	64079849
107220869	107221229
41928679	41929039
13316606	13316966
130906949	130907309
119575467	119575827
114980842	114981202
99516594	99516954
134001692	134002052
6865809	6866169
17514569	17514929
136559234	136559594
118510310	118510670
116223834	116224194
144210425	144210785
33876451	33876811
1060378	1060738
72993017	72993377
57372910	57373270
5517670	5518030
76922371	76922731
126339664	126340024
29787912	29788272
142211091	142211451
155655220	155655580
95025308	95025668
4723938	4724298
1595921	1596281
100143306	100143666
115803041	115803401
23569972	23570332
155517172	155517532
107657205	107657565
149508346	149508706
123741235	123741595
18610524	18610884
23851209	23851569
95315426	95315786
21295900	21296260
99547265	99547625
158648928	158649288
93918297	93918657
18630422	18630782
89778737	89779097
36010902	36011262
144367399	144367759
77325552	77325912
75947966	75948326
51422608	51422968
115807222	115807582
104976411	104976771
73385584	73385944
45217759	45218119
133539523	133539883
28182245	28182605
69505982	69506342
80057765	80058125
29336830	29337190
38398639	38398999
41931960	41932320
34636525	34636885
116238350	116238710
47140465	47140825
21761953	21762313
102615413	102615773
102120357	102120717
44125128	44125488
73043561	73043921
123437892	123438252
40720225	40720585
155338023	155338383
150725654	150726014
22765236	22765596
97474942	97475302
54732072	54732432
17980007	17980367
28451880	28452240
117313960	117314320
155149374	155149734
65987583	65987943
55338793	55339153
17570648	17571008
34205576	34205936
39649334	39649694
129677559	129677919
30391817	30392177
149487201	149487561
32731537	32731897
38398851	38399211
33498850	33499210
38473557	38473917
42730637	42730997
51209150	51209510
38451024	38451384
99650875	99651235
50682460	50682820
31164089	31164449
103892864	103893224
143534347	143534707
106688970	106689330
27973833	27974193
23509266	23509626
132824183	132824543
127154581	127154941
18397357	18397717
22563552	22563912
150572870	150573230
137290846	137291206
121038412	121038772
22772369	22772729
89942051	89942411
115116138	115116498
90226126	90226486
21608420	21608780
886851	887211
51437507	51437867
79689531	79689891
130756452	130756812
99956133	99956493
133249307	133249667
156352789	156353149
30069355	30069715
98634451	98634811
129284474	129284834
22134209	22134569
73819589	73819949
148232483	148232843
87563365	87563725
28550563	28550923
22540974	22541334
114045491	114045851
30266424	30266784
126248398	126248758
96774381	96774741
31803169	31803529
994188	994548
65580340	65580700
2143960	2144320
24630809	24631169
7221807	7222167
63643472	63643832
2234650	2235010
149558476	149558836
302904	303264
28403721	28404081
50733133	50733493
7804431	7804791
94285283	94285643
123556525	123556885
100166974	100167334
98384423	98384783
38389493	38389853
120969549	120969909
915681	916041
111403245	111403605
15365675	15366035
4831666	4832026
20578818	20579178
117589304	117589664
143105955	143106315
142658071	142658431
107024485	107024845
35095388	35095748
122443442	122443802
131229697	131230057
100878293	100878653
107302069	107302429
122848879	122849239
42925785	42926145
138144396	138144756
120977548	120977908
120581118	120581478
139025849	139026209
75948673	75949033
140920097	140920457
134379038	134379398
93251254	93251614
90225397	90225757
36480488	36480848
30741849	30742209
28486292	28486652
142622521	142622881
158678315	158678675
6310647	6311007
76142272	76142632
150574237	150574597
112610843	112611203
55317945	55318305
23694120	23694480
139526903	139527263
24934425	24934785
50252256	50252616
127190353	127190713
99806493	99806853
157021566	157021926
139190346	139190706
120766827	120767187
92350304	92350664
114857431	114857791
99814861	99815221
75677942	75678302
141997848	141998208
18255088	18255448
47523451	47523811
99869791	99870151
25430877	25431237
151689429	151689789
96225482	96225842
35715876	35716236
155560275	155560635
1834794	1835154
105128411	105128771
99045542	99045902
94819805	94820165
101514107	101514467
105819116	105819476
86541025	86541385
76831825	76832185
76243136	76243496
72251313	72251673
109730162	109730522
127677119	127677479
104793348	104793708
124699922	124700282
95313420	95313780
20307233	20307593
98161073	98161433
44346961	44347321
151560508	151560868
372570	372930
129572584	129572944
28311977	28312337
7004684	7005044
5938084	5938444
99058899	99059259
66505734	66506094
78216779	78217139
2700476	2700836
102356049	102356409
100090988	100091348
36166924	36167284
136853935	136854295
154585900	154586260
7392565	7392925
116273741	116274101
38218099	38218459
134042253	134042613
19481819	19482179
129133419	129133779
150711010	150711370
106532325	106532685
24096820	24097180
45151492	45151852
74070763	74071123
49816627	49816987
75849444	75849804
26008077	26008437
73778388	73778748
66197318	66197678
55604401	55604761
26324711	26325071
50472075	50472435
52235811	52236171
45121077	45121437
44897788	44898148
150114970	150115330
2522421	2522781
107738191	107738551
1546514	1546874
70185425	70185785
29131408	29131768
113721980	113722340
56131838	56132198
22021185	22021545
105378599	105378959
131173133	131173493
26157066	26157426
99004090	99004450
131934503	131934863
28402405	28402765
7221268	7221628
95352886	95353246
13319493	13319853
149015195	149015555
12283767	12284127
29675318	29675678
47832089	47832449
3522055	3522415
109484417	109484777
130406784	130407144
129234887	129235247
99123315	99123675
69264047	69264407
22544081	22544441
140771021	140771381
30948327	30948687
108233178	108233538
102734550	102734910
93852692	93853052
2288699	2289059
127325671	127326031
97896193	97896553
83818144	83818504
100398920	100399280
50309974	50310334
155949553	155949913
74493359	74493719
148981978	148982338
3713170	3713530
23572803	23573163
2682963	2683323
42871255	42871615
115981622	115981982
130581157	130581517
99815631	99815991
33148135	33148495
31215298	31215658
104585408	104585768
45004090	45004450
99177734	99178094
141853191	141853551
43839236	43839596
80361928	80362288
132615631	132615991
119730024	119730384
28654772	28655132
25022543	25022903
34469978	34470338
47235202	47235562
7702185	7702545
81345297	81345657
30785769	30786129
148308852	148309212
44170631	44170991
66309516	66309876
47978403	47978763
102119234	102119594
149119555	149119915
1177714	1178074
12536440	12536800
67642014	67642374
100016595	100016955
138411062	138411422
99754889	99755249
20259503	20259863
90561875	90562235
64096800	64097160
127650494	127650854
35112906	35113266
29986449	29986809
151727187	151727547
115491394	115491754
75244294	75244654
63641291	63641651
51255664	51256024
151323532	151323892
98871785	98872145
28995659	28996019
55212029	55212389
71799071	71799431
87253982	87254342
1851990	1852350
90675683	90676043
74347523	74347883
135186314	135186674
99527181	99527541
18733021	18733381
105516980	105517340
47977447	47977807
128500111	128500471
144354069	144354429
134374732	134375092
157190607	157190967
105234540	105234900
115388190	115388550
29153459	29153819
112753990	112754350
74124226	74124586
152130673	152131033
155156452	155156812
16930949	16931309
65958721	65959081
75892464	75892824
55602791	55603151
99595127	99595487
128974303	128974663
73254398	73254758
74076159	74076519
102311998	102312358
149757589	149757949
114062542	114062902
97448524	97448884
138663865	138664225
156779786	156780146
99229273	99229633
41751359	41751719
99942785	99943145
128101431	128101791
130499537	130499897
4519046	4519406
43623714	43624074
75759917	75760277
10748087	10748447
150102184	150102544
141452469	141452829
128595198	128595558
151036602	151036962
40238789	40239149
116628436	116628796
92463089	92463449
26191540	26191900
44148980	44149340
25989302	25989662
95174305	95174665
87556460	87556820
23052410	23052770
77565329	77565689
25934251	25934611
116502273	116502633
66767703	66768063
100198072	100198432
27701748	27702108
7560930	7561290
38380873	38381233
124636942	124637302
128554518	128554878
41733324	41733684
100674368	100674728
85435660	85436020
37136877	37137237
86579634	86579994
151630343	151630703
49139189	49139549
69290055	69290415
73808019	73808379
72294604	72294964
33147258	33147618
135979719	135980079
69357799	69358159
101963685	101964045
108846335	108846695
132188185	132188545
151169963	151170323
45257044	45257404
139452869	139453229
57376312	57376672
74282492	74282852
99642343	99642703
114569543	114569903
84650425	84650785
40486937	40487297
43217287	43217647
32204254	32204614
148182675	148183035
64348423	64348783
5743244	5743604
103800848	103801208
26437567	26437927
77089530	77089890
66119935	66120295
1633106	1633466
97880151	97880511
133716548	133716908
2199729	2200089
127126623	127126983
123132561	123132921
150075261	150075621
157091115	157091475
88418840	88419200
3201907	3202267
99647440	99647800
75590627	75590987
117890982	117891342
100860431	100860791
117992941	117993301
83563477	83563837
127268451	127268811
127032275	127032635
76403608	76403968
25883128	25883488
6469995	6470355
18159652	18160012
30301535	30301895
107703917	107704277
79728158	79728518
128070212	128070572
49206069	49206429
23502524	23502884
50346908	50347268
44414986	44415346
158622589	158622949
43518642	43519002
7370634	7370994
101768523	101768883
107623332	107623692
142985002	142985362
96505579	96505939
17984319	17984679
150412580	150412940
121013310	121013670
90319815	90320175
98923412	98923772
41771774	41772134
56394843	56395203
134563506	134563866
148768858	148769218
7635124	7635484
100287286	100287646
117145332	117145692
3439541	3439901
50307963	50308323
45109090	45109450
134917476	134917836
64053	64413
129010702	129011062
126707101	126707461
95317034	95317394
121133582	121133942
71217076	71217436
151574264	151574624
156762845	156763205
40523237	40523597
144151567	144151927
25255394	25255754
106853643	106854003
101957864	101958224
43768773	43769133
112212207	112212567
6757780	6758140
81156994	81157354
83097754	83098114
73579321	73579681
23140353	23140713
123388131	123388491
49227461	49227821
102398675	102399035
129142659	129143019
74020635	74020995
73386152	73386512
115933221	115933581
38491466	38491826
5862509	5862869
140931288	140931648
29995770	29996130
158553670	158554030
92617435	92617795
17102582	17102942
43431106	43431466
134046786	134047146
89874228	89874588
102313188	102313548
5183586	5183946
29596060	29596420
90089198	90089558
143612022	143612382
6023762	6024122
47514621	47514981
15047136	15047496
50313306	50313666
27274932	27275292
130792573	130792933
100161711	100162071
141674631	141674991
44125332	44125692
29385241	29385601
123606933	123607293
39989547	39989907
158187660	158188020
149244151	149244511
139138230	139138590
41868886	41869246
103737155	103737515
50356955	50357315
117809185	117809545
114179644	114180004
8165383	8165743
151105760	151106120
142953457	142953817
99815416	99815776
69703084	69703444
52985687	52986047
32805262	32805622
38787574	38787934
139778778	139779138
6199799	6200159
100239890	100240250
44696388	44696748
17686303	17686663
156570898	156571258
30436019	30436379
5565943	5566303
35754533	35754893
65540888	65541248
23736805	23737165
129251412	129251772
24045167	24045527
134163482	134163842
9130980	9131340
137022669	137023029
28996251	28996611
40087268	40087628
113850026	113850386
6048262	6048622
143084711	143085071
129419151	129419511
560174	560534
57485574	57485934
115792381	115792741
101634151	101634511
112194697	112195057
111493698	111494058
77429625	77429985
158200603	158200963
151159037	151159397
112389816	112390176
117899160	117899520
101268407	101268767
41085130	41085490
76998333	76998693
92218927	92219287
26131598	26131958
36086796	36087156
115089732	115090092
105934789	105935149
92408361	92408721
12534330	12534690
38929410	38929770
5452203	5452563
32397193	32397553
47709142	47709502
80886403	80886763
31764975	31765335
30722198	30722558
123811158	123811518
50151855	50152215
104189326	104189686
44284080	44284440
17274167	17274527
2187905	2188265
12723174	12723534
22364687	22365047
128337633	128337993
131936735	131937095
12476807	12477167
2108361	2108721
147952274	147952634
43335906	43336266
2139001	2139361
55118003	55118363
142038442	142038802
55582577	55582937
6145985	6146345
75944742	75945102
74032046	74032406
158146662	158147022
127294574	127294934
85480950	85481310
48914955	48915315
106377696	106378056
43966216	43966576
139314138	139314498
66465641	66466001
16460530	16460890
129917893	129918253
29912330	29912690
155494904	155495264
148725388	148725748
5594950	5595310
54907352	54907712
83143216	83143576
116101547	116101907
16154243	16154603
16643653	16644013
44529982	44530342
91582954	91583314
141186738	141187098
44678900	44679260
4681032	4681392
38272491	38272851
30544683	30545043
143708968	143709328
25357734	25358094
4784142	4784502
71648823	71649183
150773962	150774322
55241379	55241739
74039703	74040063
155055265	155055625
129222609	129222969
22336542	22336902
92509529	92509889
93512384	93512744
105702105	105702465
123389177	123389537
99756888	99757248
14757345	14757705
2354142	2354502
131763934	131764294
26602463	26602823
41750909	41751269
128482244	128482604
120459878	120460238
122542824	122543184
66206110	66206470
32467252	32467612
50355782	50356142
66465854	66466214
2282134	2282494
100171423	100171783
100449845	100450205
82900560	82900920
126430874	126431234
43766861	43767221
135484573	135484933
93642006	93642366
44300858	44301218
102004188	102004548
21985040	21985400
125942757	125943117
20382842	20383202
153768960	153769320
26240199	26240559
64498049	64498409
100210680	100211040
149698339	149698699
1807192	1807552
48934226	48934586
134845785	134846145
95854024	95854384
36514928	36515288
21452058	21452418
36977387	36977747
25219334	25219694
24762603	24762963
99199717	99200077
158288505	158288865
44023398	44023758
13782341	13782701
95495290	95495650
128509573	128509933
101201899	101202259
104681649	104682009
127049738	127050098
86848341	86848701
107395140	107395500
157092350	157092710
155364383	155364743
114562081	114562441
155302486	155302846
35798121	35798481
25024700	25025060
156375418	156375778
47210140	47210500
14774358	14774718
138779861	138780221
158575410	158575770
108515443	108515803
26035734	26036094
73872742	73873102
130418451	130418811
143836532	143836892
30783003	30783363
303326	303686
99746511	99746871
102105305	102105665
2844130	2844490
55625507	55625867
45186356	45186716
