106873419	106873927
106765063	106765608
50328780	50329096
107119916	107120276
107238836	107239258
21560689	21560984
107147564	107148258
23590023	23590324
104544328	104544616
71284427	71284737
105512104	105512386
90865930	90866195
96027303	96027616
23039184	23039519
55518172	55518413
67826722	67826976
107074516	107074802
78328586	78328812
104387830	104388070
69378383	69378605
23538126	23538397
55737822	55738105
91885214	91885458
94952657	94952900
24901033	24901265
70070351	70070599
107239578	107239918
75075648	75075862
24578103	24578308
24630266	24630500
76853582	76853793
105556893	105557111
102990900	102991085
103571364	103571582
55240783	55241007
76120559	76120775
94359365	94359601
99732966	99733179
94468199	94468419
21945182	21945406
25148207	25148453
102780608	102780824
102427509	102427720
21572719	21572903
99984824	99985022
105947270	105947484
105175046	105175253
96150238	96150429
23341860	23342053
94603123	94603343
96240757	96240965
69596067	69596283
24028751	24028969
21077588	21077807
91790004	91790179
75762854	75763068
24101246	24101430
72887553	72887779
24777408	24777587
21575101	21575292
74829111	74829303
50787839	50788019
65453385	65453579
107020132	107020318
25074674	25074859
24058305	24058508
54908137	54908309
24950849	24951035
74684411	74684620
75372451	75372628
90701799	90702004
50319763	50319862
20774077	20774290
105553203	105553399
89506745	89506974
72983670	72983849
106734178	106734405
102094884	102095059
68038102	68038281
24423319	24423483
107012764	107012943
105106403	105106592
106627065	106627166
73371757	73371941
74195527	74195714
107198764	107198955
24399082	24399231
107287472	107287723
79064451	79064636
70494622	70494787
70193749	70193925
45722393	45722610
69283514	69283684
106004287	106004467
55272607	55272799
66291513	66291709
62327102	62327277
64977874	64978080
100095243	100095458
100844270	100844468
103759250	103759416
23527338	23527533
77342438	77342624
106877471	106877614
50332160	50332328
23849250	23849426
59495375	59495560
103061005	103061191
34261992	34262164
23026091	23026304
75413115	75413326
37411530	37411687
33045374	33045578
21439141	21439352
52445922	52446083
50999326	50999545
74718319	74718496
105116727	105116911
77379976	77380199
21159320	21159448
100462191	100462352
69291729	69291853
75955251	75955427
55556378	55556551
106993628	106993812
99786475	99786672
95155902	95156084
69310772	69310960
23455854	23456035
107183198	107183345
77534678	77534872
93079492	93079683
100149183	100149334
64761674	64761855
96741958	96742099
107042223	107042395
93147498	93147694
103966580	103966761
62304424	62304608
107150868	107151113
81930951	81931136
79314689	79314878
74724215	74724386
60043512	60043680
59974170	59974334
24032055	24032200
106829408	106829560
105189982	105190158
30844618	30844774
65689152	65689319
75327686	75327864
57046126	57046310
91164032	91164221
73415334	73415501
60798647	60798814
77519689	77519882
71088954	71089103
89133891	89134038
63855647	63855818
90234232	90234393
24802922	24803064
22446518	22446712
90381709	90381879
74292411	74292532
30740016	30740120
94900340	94900517
105818663	105818828
81453889	81454066
104013210	104013383
45315557	45315720
95015837	95016030
106986423	106986792
105669401	105669572
81637015	81637176
75774626	75774760
102783256	102783426
71605817	71605969
34800965	34801121
50100982	50101155
23322335	23322551
104367487	104367623
70041524	70041706
99859476	99859648
91639616	91639771
107061921	107062094
78914899	78915073
93418355	93418520
94373189	94373354
36843347	36843504
102563014	102563192
103241339	103241492
88480184	88480325
33029593	33029760
103984989	103985129
23122340	23122525
94503026	94503162
72980865	72980994
106775017	106775377
24559827	24559986
45737870	45737995
105442528	105442696
22386164	22386272
72219879	72220029
94406043	94406252
49964480	49964840
21482940	21483102
95908950	95909103
32721406	32721544
71439204	71439356
104145853	104146009
21341884	21342052
77114190	77114298
24801484	24801645
24685230	24685376
24506065	24506198
70480125	70480256
21571828	21571961
88958637	88958801
106501544	106501703
100413335	100413479
60431868	60431986
76027427	76027537
23938313	23938673
36291061	36291421
65227004	65227139
95827796	95828156
102701636	102701996
36156666	36156818
21325901	21326031
24740729	24740847
21165997	21166139
31677001	31677146
105837234	105837417
91752935	91753049
23399687	23399848
67893952	67894077
35876313	35876410
23287349	23287709
107113575	107113732
106974336	106974495
66537470	66537830
54795863	54796223
77561138	77561282
24483259	24483394
106465648	106466008
94889806	94890166
90439577	90439937
23764343	23764447
105957045	105957176
77679872	77680020
58633224	58633359
58862559	58862699
100448932	100449036
93605652	93605744
77339255	77339397
103607531	103607891
39191038	39191398
70540853	70540948
107120196	107120436
100850122	100850271
82456723	82456871
57784090	57784180
62629855	62629967
61491973	61492333
91224868	91225014
79426060	79426420
38344042	38344134
103384222	103384582
79033038	79033177
66962353	66962467
104274749	104275109
61719625	61719733
22320347	22320478
91643817	91643953
75770220	75770580
96567035	96567144
77537140	77537289
67993385	67993745
63743633	63743745
21924356	21924716
22860378	22860510
103857348	103857708
90405936	90406070
66427733	66428093
81919536	81919896
65103533	65103668
100574647	100575007
101129731	101129862
77925578	77925676
100196389	100196507
93153350	93153457
21323854	21324214
77767539	77767650
24008935	24009033
100784633	100784776
100659201	100659400
37074132	37074492
105234973	105235077
61923362	61923722
23797384	23797494
25275423	25275783
24379833	24380193
74100133	74100493
64810967	64811095
68050749	68051109
102173627	102173987
91821285	91821645
75985060	75985420
56806936	56807045
24766176	24766271
69926982	69927089
64108081	64108441
71373867	71374227
35891695	35891832
56941157	56941517
65231595	65231724
34697222	34697582
55158301	55158661
50053688	50053826
25179703	25179858
24527477	24527837
39336774	39337134
81630582	81630695
76175667	76175808
72322147	72322507
23246810	23246902
60155291	60155397
21439690	21439819
25602030	25602390
76517268	76517391
61028876	61029236
93500705	93501065
22314454	22314814
93181169	93181316
57533621	57533981
23770585	23770945
105955991	105956351
22568651	22568745
55359884	55360244
101317581	101317703
105363130	105363284
75920759	75920884
101112071	101112431
106714103	106714463
94598624	94598984
22381926	22382286
104561090	104561222
103544730	103544822
93579251	93579353
92923042	92923402
76044007	76044367
66868182	66868542
22217108	22217468
33057782	33057890
99882138	99882257
22855811	22856171
22940539	22940899
76373041	76373401
76819155	76819515
92573082	92573228
88634896	88635256
71789377	71789737
69255758	69255876
35192183	35192543
68171317	68171430
93685473	93685833
54006223	54006583
24905925	24906285
39938585	39938945
61092194	61092314
22179592	22179952
75773626	75773986
88211872	88212232
34308802	34309162
65007021	65007381
78121323	78121683
55249485	55249845
21131137	21131497
36538701	36539061
102983158	102983518
96460688	96461048
72490712	72491072
70051695	70052055
83176590	83176950
22336638	22336998
55679790	55680150
22941984	22942344
77782355	77782492
74968857	74969217
51086420	51086510
74769620	74769980
106892239	106892599
73761919	73762279
64896704	64897064
71422612	71422972
52246848	52247208
105994804	105994903
100154140	100154500
23525358	23525718
58968064	58968169
34792190	34792550
24834807	24835167
62593609	62593969
36352871	36353231
61736278	61736638
39484620	39484980
59911066	59911179
103541880	103542240
34318417	34318777
70285415	70285775
31125376	31125736
21402351	21402711
62361178	62361538
22788218	22788578
79224688	79225048
36539658	36540018
107083099	107083196
50346449	50346809
65289943	65290303
29220662	29221022
96075747	96076107
88271579	88271939
36283623	36283983
23292017	23292377
52118630	52118990
88655695	88656055
76177457	76177817
55821343	55821703
67886848	67887208
35882620	35882723
95993755	95994115
23442781	23443141
56958031	56958391
77176463	77176823
53898998	53899358
65450433	65450793
81421082	81421442
75555253	75555613
93055597	93055957
104376669	104377029
91369500	91369590
22552683	22553043
54642058	54642418
37026030	37026390
93644395	93644755
103056917	103057277
104603809	104604169
107280874	107281053
95215145	95215505
82032260	82032620
51244610	51244970
31825200	31825560
78630584	78630944
68133906	68134266
31551218	31551578
67633206	67633301
49640499	49640859
69329934	69330294
30991142	30991502
93156848	93156951
22668913	22669273
106410828	106411188
22025741	22026101
106834139	106834499
55030702	55031062
72759123	72759483
75599099	75599459
105237275	105237635
32542789	32543149
97207746	97208106
72570749	72571109
88082408	88082768
73938832	73939192
106724947	106725307
20883930	20884290
22745111	22745471
102309968	102310328
106986893	106987124
92359253	92359613
69709298	69709658
102904345	102904705
25204129	25204489
95893459	95893576
20999144	20999504
54396624	54396984
68410592	68410952
103651723	103652083
53772944	53773304
89493596	89493956
53521626	53521986
23947527	23947887
54814725	54815085
102237263	102237623
105914959	105915319
59522162	59522522
78017683	78018043
80669303	80669663
22782632	22782992
32724078	32724438
77251134	77251494
106898827	106899187
105881213	105881573
23463927	23464287
97050502	97050862
67091068	67091428
69574137	69574497
103860343	103860703
23656289	23656649
68085335	68085695
106541728	106542088
107130768	107131128
55712397	55712757
100539013	100539373
65486724	65487084
63775467	63775827
42693491	42693851
64770196	64770556
29226339	29226699
97405262	97405622
68303745	68304105
21081575	21081935
30753050	30753410
107117624	107117984
39937100	39937460
65138248	65138608
49928514	49928874
101119685	101120045
55912869	55913229
76922577	76922937
77277322	77277682
23369433	23369793
60816629	60816989
106610055	106610415
65358536	65358896
69970499	69970859
100769428	100769788
37022872	37023232
59593858	59594218
99855554	99855914
50571695	50572055
74225011	74225371
74926271	74926631
100621359	100621719
106465955	106466140
96890750	96891110
71570600	71570960
71034637	71034997
106933646	106934006
97165613	97165973
103160873	103161233
22579987	22580347
94402617	94402977
56198628	56198988
51686593	51686953
61763657	61764017
83766812	83767172
74768754	74769114
22202763	22203123
74037663	74038023
32395251	32395611
21226148	21226508
62646116	62646476
64236933	64237293
51623782	51624142
29078444	29078804
25620154	25620514
74791575	74791935
77013192	77013552
107094851	107095211
68400714	68401074
79368367	79368727
78270948	78271308
65630850	65631210
106765063	106765608
48867918	48868278
86523413	86523773
90985252	90985612
75079139	75079499
51327201	51327561
81735751	81736111
88354459	88354819
58574663	58575023
107283759	107284119
100751691	100751808
51240383	51240743
91893609	91893969
100706604	100706964
105030387	105030747
102789405	102789765
33180303	33180663
21508277	21508637
34567942	34568302
76445569	76445929
58539352	58539712
53427841	53428201
42069752	42070112
50809463	50809823
81462652	81463012
22508522	22508882
77591292	77591652
35141783	35142143
59978637	59978997
97319187	97319547
88362749	88363109
65753172	65753532
66869919	66870279
69262641	69263001
94085550	94085910
75380699	75381059
25869817	25870177
62584007	62584367
102131835	102132195
106915926	106916286
52462859	52463219
60651079	60651439
57341149	57341509
78488345	78488705
31449322	31449682
34793587	34793947
61928463	61928823
107172836	107173196
29223446	29223806
23452508	23452868
24135076	24135436
105560003	105560363
50778494	50778854
52766391	52766751
89884317	89884677
23546057	23546417
94471681	94472041
70014779	70015139
38455080	38455440
24881317	24881677
94121431	94121791
69618254	69618614
45996489	45996849
75229761	75230121
106743306	106743666
61123894	61124254
20795438	20795798
76448723	76449083
21604112	21604472
57126682	57127042
101121124	101121484
106986423	106986792
92818967	92819327
22328285	22328645
93017781	93018141
22965604	22965964
51009607	51009967
57022654	57023014
75411953	75412313
65881709	65882069
103821151	103821511
100659349	100659709
93250193	93250553
100713188	100713548
81053391	81053751
60661895	60662255
77111275	77111635
51750046	51750406
37699805	37700165
35908012	35908372
68066741	68067101
77617675	77618035
22600068	22600428
61941970	61942330
79435497	79435857
96032509	96032869
86504761	86505121
52243016	52243376
37715560	37715920
100752008	100752368
60099090	60099450
34770351	34770711
105748182	105748542
107175161	107175521
57953479	57953839
53762713	53763073
74504952	74505312
69941868	69942228
31919235	31919595
58338234	58338594
82176588	82176948
31739393	31739753
22236393	22236753
46719270	46719630
100351707	100352067
79303206	79303566
92463227	92463587
47050284	47050644
89643784	89644144
69766054	69766414
69813448	69813808
94647036	94647396
22771473	22771833
88929650	88930010
96518089	96518449
93439577	93439937
100906525	100906885
52510423	52510783
47747428	47747788
70724264	70724624
54833468	54833828
80522529	80522889
65878948	65879308
66826147	66826507
21133564	21133924
53684184	53684544
99896831	99897191
37702119	37702479
46813562	46813922
74760971	74761331
55189520	55189880
105399706	105400066
72187716	72188076
96180307	96180667
95662632	95662992
67076789	67077149
100523242	100523602
75270945	75271305
69556949	69557309
107256536	107256896
39576747	39577107
100542448	100542808
88411347	88411707
49772875	49773235
104616859	104617219
79163733	79164093
51066681	51067041
66406808	66407168
71180733	71181093
93598834	93599194
25501659	25502019
72398917	72399277
51421495	51421855
90526710	90527070
51181209	51181569
70046873	70047233
23523605	23523965
24712070	24712430
107281204	107281564
36432405	36432765
60531244	60531604
95897567	95897927
29485505	29485865
55904787	55905147
22471032	22471392
103557899	103558259
59487108	59487468
40887015	40887375
104690783	104691143
64527366	64527726
22362255	22362615
70344236	70344596
80679855	80680215
107210685	107211045
45272506	45272866
22843763	22844123
45895889	45896249
97033634	97033994
51560543	51560903
60632073	60632433
45382832	45383192
34968015	34968375
93700301	93700661
73698596	73698956
103590148	103590508
104038343	104038703
106550978	106551338
74005727	74006087
94202758	94203118
97766012	97766372
74958591	74958951
23027514	23027874
69727829	69728189
76980971	76981331
40201126	40201486
106995505	106995865
21536582	21536942
99738463	99738823
95982326	95982686
54887240	54887600
57649508	57649868
36287614	36287974
55369710	55370070
77413454	77413814
37216793	37217153
53145304	53145664
22689409	22689769
24037945	24038305
93673806	93674166
106866146	106866506
24748818	24749178
64099629	64099989
50320572	50320932
51836550	51836910
50727272	50727632
96362057	96362417
36348873	36349233
21535079	21535439
107137560	107137920
90366281	90366641
39700849	39701209
106472164	106472524
106947917	106948277
77383481	77383841
100365944	100366304
56889350	56889710
23127128	23127488
91604799	91605159
57999935	58000295
56331492	56331852
95918795	95919155
21074474	21074834
106495665	106496025
55239937	55240297
107161722	107162082
105147643	105148003
55896869	55897229
70553828	70554188
103572071	103572431
55883573	55883933
75608710	75609070
104079860	104080220
94451297	94451657
94436939	94437299
105292721	105293081
46517331	46517691
107147564	107148258
21335130	21335490
102204363	102204723
20346207	20346567
42579340	42579700
21458432	21458792
83929832	83930192
65637691	65638051
27453790	27454150
55039051	55039411
30474343	30474703
61573501	61573861
107248517	107248877
107250840	107251200
59950534	59950894
22293319	22293679
22370791	22371151
37619697	37620057
106440988	106441348
100491562	100491922
77605958	77606318
63641396	63641756
106572958	106573318
64194833	64195193
96565131	96565491
89774626	89774986
36278292	36278652
31755931	31756291
69568006	69568366
53290305	53290665
96146737	96147097
56174063	56174423
104597311	104597671
105999121	105999481
22515372	22515732
71633194	71633554
39895860	39896220
96080681	96081041
69185062	69185422
62391677	62392037
61752899	61753259
103987378	103987738
31979333	31979693
53879576	53879936
72914921	72915281
45671152	45671512
92116265	92116625
95565358	95565718
22458355	22458715
71128122	71128482
33944874	33945234
52598458	52598818
48386582	48386942
67604493	67604853
74219094	74219454
31375970	31376330
23578479	23578839
104541917	104542277
66426005	66426365
70784605	70784965
68715148	68715508
30683733	30684093
61655714	61656074
35873757	35874117
60349708	60350068
105293966	105294326
62356539	62356899
51670136	51670496
79400273	79400633
72883549	72883909
60631350	60631710
66862029	66862389
65266742	65267102
32013389	32013749
22409091	22409451
105635480	105635840
94609610	94609970
23952455	23952815
23334701	23335061
67802524	67802884
36994748	36995108
106924783	106925143
23410111	23410471
60385468	60385828
75079348	75079708
25875955	25876315
44363798	44364158
53018319	53018679
67213002	67213362
81529184	81529544
69362819	69363179
59106627	59106987
107048431	107048791
76522518	76522878
81678224	81678584
91830650	91831010
106467406	106467766
69242356	69242716
36414054	36414414
95147650	95148010
22694203	22694563
59797183	59797543
70001964	70002324
50296831	50297191
38372786	38373146
94442493	94442853
78173597	78173957
88700271	88700631
67934271	67934631
35698692	35699052
102459137	102459497
56957130	56957490
23734281	23734641
107218475	107218835
70079510	70079870
90660314	90660674
78070241	78070601
22456158	22456518
82091720	82092080
87369875	87370235
21966690	21967050
94003280	94003640
78283709	78284069
105197605	105197965
98604928	98605288
107251705	107252065
54805445	54805805
46959614	46959974
106573170	106573530
31343447	31343807
61026108	61026468
70512746	70513106
97651536	97651896
81316585	81316945
39837571	39837931
54970201	54970561
59351186	59351546
83538250	83538610
23476032	23476392
22191659	22192019
24196765	24197125
58159393	58159753
60364496	60364856
67752624	67752984
68718124	68718484
106518136	106518496
106172327	106172687
96763368	96763728
92377931	92378291
106642534	106642894
52480808	52481168
55109679	55110039
24610643	24611003
94821847	94822207
30799679	30800039
91227048	91227408
106024958	106025318
69392929	69393289
65968070	65968430
30018054	30018414
94010161	94010521
93136536	93136896
60654815	60655175
73975331	73975691
52739102	52739462
55604881	55605241
92324961	92325321
30912631	30912991
89802666	89803026
35684247	35684607
70175569	70175929
59485704	59486064
29243562	29243922
103251915	103252275
106585888	106586248
31150974	31151334
107150868	107151113
21709392	21709752
77787010	77787370
65268496	65268856
45603761	45604121
90755685	90756045
75489406	75489766
105952101	105952461
38666475	38666835
55627715	55628075
23355672	23356032
71516920	71517280
96077617	96077977
105488079	105488439
91579808	91580168
26007095	26007455
64945430	64945790
50504997	50505357
29691890	29692250
39960273	39960633
22109328	22109688
29104620	29104980
91782197	91782557
92559668	92560028
106554784	106555144
106691497	106691857
92601641	92602001
32982787	32983147
74416856	74417216
102529510	102529870
68875421	68875781
100745138	100745498
70197957	70198317
50522519	50522879
106829517	106829877
100737531	100737891
32938647	32939007
64969053	64969413
60098009	60098369
21125760	21126120
97643369	97643729
94465971	94466331
74967899	74968259
102426508	102426868
103239519	103239879
89029047	89029407
94879334	94879694
74578313	74578673
62390063	62390423
81443657	81444017
24766812	24767172
95898544	95898904
25159667	25160027
62197527	62197887
93579657	93580017
94773746	94774106
55369912	55370272
31221201	31221561
22958215	22958575
89001541	89001901
21287031	21287391
24796994	24797354
81393959	81394319
100851482	100851842
75750286	75750646
61188372	61188732
37125072	37125432
55280825	55281185
83322157	83322517
82475388	82475748
64011379	64011739
58829523	58829883
33901657	33902017
90767934	90768294
31847257	31847617
74402424	74402784
79062152	79062512
22590194	22590554
105478545	105478905
64319361	64319721
64266330	64266690
65419720	65420080
102784290	102784650
78266717	78267077
54955683	54956043
82458336	82458696
21558441	21558801
75373756	75374116
93626640	93627000
50529234	50529594
96522990	96523350
60981700	60982060
80010326	80010686
93650638	93650998
31889557	31889917
24742765	24743125
32875063	32875423
32694187	32694547
21701619	21701979
94419643	94420003
24045437	24045797
100042054	100042414
64765496	64765856
20715852	20716212
89334932	89335292
104073418	104073778
73111492	73111852
77607455	77607815
65377597	65377957
85662262	85662622
105757313	105757673
74757178	74757538
22630894	22631254
52940309	52940669
52347642	52348002
90420384	90420744
77575066	77575426
76350365	76350725
75761447	75761807
74293884	74294244
67993585	67993945
69792299	69792659
80830642	80831002
53865737	53866097
107108579	107108939
35609908	35610268
87113084	87113444
104467362	104467722
58739278	58739638
78457700	78458060
97477074	97477434
89479320	89479680
74213112	74213472
75697115	75697475
71270056	71270416
48008392	48008752
21429428	21429788
93582112	93582472
76141592	76141952
106052070	106052430
78083313	78083673
64626362	64626722
67129122	67129482
54863359	54863719
23563620	23563980
40425584	40425944
37618944	37619304
101701588	101701948
96159679	96160039
74945758	74946118
40458178	40458538
93799474	93799834
33467592	33467952
107079957	107080317
64760813	64761173
104852500	104852860
35730984	35731344
83338873	83339233
35235300	35235660
107007280	107007640
36497419	36497779
101176022	101176382
53647684	53648044
89195519	89195879
63905073	63905433
91607050	91607410
86502244	86502604
62220255	62220615
94838596	94838956
46134174	46134534
66071714	66072074
94115169	94115529
46279722	46280082
74252577	74252937
71107608	71107968
77427319	77427679
105666406	105666766
103551986	103552346
52021683	52022043
32699520	32699880
50469974	50470334
29990741	29991101
49931611	49931971
36574608	36574968
61788106	61788466
60673034	60673394
76964125	76964485
64604413	64604773
96131920	96132280
94369896	94370256
32851907	32852267
93122725	93123085
73330331	73330691
105337100	105337460
93069893	93070253
100215527	100215887
24780045	24780405
24199166	24199526
54492412	54492772
50807699	50808059
23113218	23113578
63959944	63960304
105532738	105533098
91950545	91950905
21474033	21474393
65570031	65570391
77712205	77712565
45753993	45754353
23058531	23058891
54468212	54468572
93803726	93804086
87120880	87121240
75264169	75264529
50087521	50087881
74417653	74418013
32713630	32713990
91452725	91453085
52482331	52482691
66974744	66975104
68772515	68772875
76260875	76261235
22733248	22733608
89258888	89259248
69714759	69715119
31126797	31127157
104447092	104447452
59657126	59657486
20955594	20955954
68958507	68958867
96446077	96446437
106978049	106978409
60733139	60733499
22465537	22465897
75040042	75040402
95814717	95815077
23276372	23276732
87427459	87427819
22635908	22636268
94905839	94906199
74101025	74101385
35450999	35451359
78228034	78228394
66299546	66299906
95800403	95800763
50359458	50359818
50234548	50234908
76267119	76267479
89548914	89549274
103345092	103345452
55368924	55369284
64307767	64308127
96164091	96164451
53390765	53391125
75260423	75260783
106804926	106805286
97764690	97765050
22401893	22402253
79477420	79477780
23317002	23317362
56714242	56714602
74674694	74675054
62035109	62035469
91622097	91622457
52119802	52120162
105407080	105407440
49444175	49444535
59889222	59889582
105948260	105948620
70150687	70151047
55764607	55764967
31553576	31553936
63506534	63506894
103451972	103452332
73689854	73690214
23067702	23068062
106477837	106478197
50144404	50144764
94271056	94271416
46459516	46459876
104836621	104836981
54430397	54430757
81768938	81769298
53791935	53792295
105937600	105937960
20612111	20612471
69829825	69830185
90576298	90576658
73639841	73640201
21561943	21562303
54955051	54955411
104760493	104760853
106598739	106599099
23768888	23769248
99741016	99741376
59656048	59656408
54259633	54259993
34145216	34145576
60794155	60794515
55891837	55892197
76647909	76648269
105259651	105260011
35836964	35837324
64912260	64912620
71051936	71052296
63828506	63828866
105132034	105132394
100991121	100991481
89396414	89396774
22314654	22315014
92781464	92781824
93847926	93848286
92795184	92795544
30006141	30006501
93347079	93347439
106877547	106877907
53308059	53308419
95624481	95624841
77336510	77336870
98174094	98174454
99793542	99793902
36003330	36003690
42293640	42294000
91883356	91883716
35451514	35451874
53618514	53618874
100571246	100571606
102512754	102513114
77499195	77499555
93142047	93142407
103525505	103525865
105842816	105843176
57735829	57736189
41750062	41750422
24028886	24029246
67249617	67249977
90422353	90422713
103851859	103852219
31769498	31769858
24797193	24797553
74318602	74318962
75345026	75345386
73509850	73510210
91783603	91783963
92666145	92666505
38063375	38063735
71786353	71786713
64460740	64461100
77618513	77618873
52205518	52205878
21123981	21124341
95990530	95990890
100612893	100613253
75642947	75643307
103764965	103765325
77030813	77031173
55448395	55448755
92849021	92849381
76950746	76951106
71870397	71870757
64319960	64320320
91716252	91716612
61547334	61547694
54976274	54976634
106147885	106148245
31080255	31080615
46307805	46308165
80822764	80823124
65826285	65826645
97912421	97912781
103391038	103391398
24711296	24711656
88846750	88847110
66588605	66588965
91719336	91719696
67584941	67585301
24420950	24421310
107121885	107122245
103971532	103971892
73386747	73387107
70119800	70120160
21795098	21795458
34834504	34834864
22963780	22964140
100769629	100769989
50784729	50785089
92365601	92365961
52018935	52019295
96968149	96968509
61847702	61848062
95640949	95641309
81102430	81102790
103272130	103272490
89216785	89217145
101293458	101293818
57735198	57735558
91839522	91839882
92344599	92344959
55986190	55986550
57993668	57994028
73065065	73065425
76459823	76460183
77598471	77598831
33653792	33654152
92926392	92926752
90849440	90849800
105999326	105999686
102274331	102274691
105864769	105865129
103059546	103059906
73285745	73286105
96033303	96033663
92726295	92726655
72243191	72243551
70503439	70503799
104808293	104808653
72639743	72640103
70690462	70690822
88631574	88631934
71675439	71675799
102420096	102420456
50467222	50467582
25422539	25422899
34529387	34529747
24364681	24365041
36429052	36429412
96771267	96771627
54000215	54000575
96645332	96645692
64212491	64212851
77875624	77875984
104601392	104601752
50017577	50017937
40050720	40051080
59293594	59293954
102356328	102356688
89023481	89023841
70097759	70098119
39087749	39088109
21769059	21769419
52372232	52372592
107154944	107155304
104259598	104259958
56617687	56618047
70805737	70806097
62381209	62381569
23182256	23182616
32482305	32482665
66432924	66433284
68350458	68350818
75614157	75614517
103469005	103469365
73733307	73733667
94481615	94481975
93629875	93630235
59950735	59951095
75016215	75016575
51706918	51707278
106497829	106498189
89259417	89259777
56949037	56949397
69155787	69156147
104798209	104798569
72645230	72645590
22308900	22309260
73442475	73442835
59729821	59730181
76568335	76568695
35803181	35803541
91526543	91526903
106964173	106964533
100502053	100502413
45625263	45625623
35450510	35450870
72329798	72330158
22653062	22653422
66576093	66576453
106598189	106598549
39278305	39278665
36994004	36994364
102976259	102976619
40173783	40174143
91847694	91848054
95501909	95502269
97718140	97718500
59590786	59591146
94121631	94121991
59108246	59108606
75894276	75894636
102968077	102968437
34377964	34378324
74058901	74059261
68795174	68795534
74129118	74129478
68741493	68741853
24489228	24489588
104372155	104372515
75469196	75469556
23218002	23218362
76581548	76581908
22615651	22616011
75907142	75907502
23322681	23323041
31795265	31795625
93571291	93571651
20415857	20416217
24102411	24102771
21304827	21305187
102605599	102605959
96132158	96132518
68541363	68541723
105667712	105668072
83466164	83466524
75409160	75409520
92977265	92977625
57761001	57761361
87516283	87516643
59041344	59041704
