130879924	130880230
135897772	135898059
131580528	131580796
3467660	3467886
33722157	33722415
71199422	71199670
100174020	100174294
140130965	140131232
127474266	127474538
34379415	34379649
100149289	100149553
100161485	100161733
4339401	4339627
124082393	124082654
33466706	33466928
139686191	139686563
138304470	138304731
1940166	1940381
131894028	131894249
139118009	139118262
135111857	135112054
129261530	129261742
101737256	101737483
137035915	137036141
34403854	34404080
35646802	35647042
34702206	34702424
139839195	139839426
138859455	138859654
71650518	71650744
136019855	136020080
35696635	35696844
129622555	129622803
37904279	37904496
1009187	1009416
94896279	94896480
136608156	136608398
35603934	35604179
131905294	131905512
135134642	135134841
131936353	131936568
130496915	130497159
37913656	37913865
95922295	95922509
101946946	101947148
131200954	131201187
127905940	127906158
34664352	34664569
38088026	38088246
137335222	137335463
130497604	130497830
129320422	129320639
115607030	115607255
101903113	101903286
136859608	136859820
134053737	134053976
112174243	112174466
94496732	94496938
133933277	133933507
95527678	95527880
81054475	81054650
94902621	94902834
126889166	126889395
102028910	102029113
129160840	129161017
123698887	123699084
139233733	139233940
98980549	98980758
127181887	127182107
136351515	136351752
136022983	136023182
19926056	19926266
37747230	37747435
101553509	101553732
124885330	124885552
5886186	5886379
140473358	140473569
129961577	129961808
134631079	134631274
115555591	115555783
4759397	4759623
134211736	134211944
114837136	114837333
128991255	128991433
139923886	139924090
131625944	131626142
101077942	101078108
123975572	123975768
102790476	102790696
34252988	34253218
116420354	116420533
87569106	87569301
34500747	34500926
132404423	132404685
126112231	126112429
140122080	140122264
110187612	110187809
136272011	136272197
95397067	95397255
120407000	120407200
99619168	99619378
97431200	97431360
120249895	120250075
110103532	110103728
116163694	116163877
139736802	139736999
117415904	117416070
122318434	122318617
130965479	130965672
35882338	35882518
133005561	133005745
130706084	130706229
92164047	92164264
74895953	74896112
92217995	92218168
119499402	119499591
4315684	4315877
93677255	93677453
95478857	95479041
112282877	112283048
74653953	74654146
139525946	139526125
132998527	132998706
100836739	100836928
140567357	140567539
36729020	36729164
139258224	139258421
116354015	116354206
127177769	127177944
97890024	97890209
119334524	119334727
112580249	112580438
130705174	130705298
9942952	9943088
114860106	114860283
127534395	127534534
139383140	139383345
127379860	127380046
127615389	127615606
139622603	139622802
139294685	139294862
132546121	132546293
100684643	100684774
133922229	133922391
74421824	74422002
135978631	135978820
36873358	36873537
116844870	116845045
112006896	112007076
91193515	91193672
139014837	139014992
112665909	112666091
96328757	96328910
132372911	132373129
135777327	135777488
135848073	135848260
80048687	80048866
125112989	125113133
34633980	34634138
34603745	34603934
5833044	5833226
80071846	80072024
130683908	130684087
129544172	129544351
100230969	100231163
124887529	124887697
108644105	108644263
139929766	139929952
122731508	122731652
18255152	18255296
18442714	18442880
109934549	109934729
36555915	36556103
37390839	37390980
35736202	35736381
131769149	131769322
34675151	34675347
22008678	22008859
115665534	115665692
73900164	73900341
33375011	33375175
79425357	79425560
136055442	136055549
112232025	112232185
36407108	36407267
139539040	139539205
98994807	98994990
77385998	77386145
139379560	139379738
103267941	103268113
116870292	116870464
32579827	32579998
131124480	131124654
27529766	27529929
112163881	112164043
101026175	101026292
19457537	19457708
103200277	103200415
136061514	136061693
14846894	14847048
5590139	5590319
131901495	131901664
117249959	117250121
36103121	36103290
101610951	101611093
117101492	117101645
92208864	92209002
129263254	129263397
97893737	97893905
35116925	35117097
80984634	80984795
132499935	132500096
27888832	27888956
133559512	133559679
136658213	136658383
21396219	21396407
133816579	133816740
124308320	124308498
132648052	132648204
100968079	100968231
34437475	34437633
132488998	132489147
21813072	21813234
130632262	130632458
92213135	92213264
104473725	104473903
139962267	139962474
130797541	130797703
100797006	100797366
138392365	138392538
100716941	100717089
137590447	137590634
35826098	35826267
74640031	74640141
34985332	34985692
87312539	87312717
71614656	71614826
95553073	95553433
37415323	37415477
94537831	94537957
128320812	128320986
126803365	126803553
35096145	35096361
114384291	114384462
35790378	35790551
126116412	126116502
131017596	131017780
124449241	124449412
134225427	134225787
139652925	139653112
116569751	116569889
7570119	7570479
135675648	135675746
117053404	117053504
77388803	77389163
136964399	136964568
125261175	125261345
116444589	116444715
36166522	36166882
137291386	137291564
100652321	100652483
135144274	135144372
135853020	135853380
21455417	21455587
36008755	36009115
133576543	133576698
21709567	21709719
139958610	139958796
117444457	117444603
129976826	129976953
130352249	130352361
135045318	135045426
33624064	33624225
85949272	85949405
33415413	33415773
38160732	38160884
112083363	112083480
100472985	100473153
131690321	131690494
15135320	15135417
92044303	92044450
132869394	132869754
34612789	34613149
72586962	72587077
139621254	139621382
139941079	139941244
97930361	97930492
138756397	138756547
108177783	108177873
72726053	72726173
95871530	95871708
107625601	107625718
123518193	123518366
86876207	86876343
130266360	130266472
116169321	116169483
36023543	36023685
77880508	77880667
35945872	35945997
99079769	99079902
32378609	32378771
79765797	79765913
111328178	111328294
129728221	129728352
128137098	128137254
111524083	111524443
20941228	20941368
2728208	2728356
19049092	19049241
129253680	129253837
87012081	87012233
32379364	32379483
19493212	19493331
138396492	138396852
88817205	88817565
35756651	35756797
129467526	129467886
613812	614172
101994115	101994252
6054507	6054867
93633455	93633600
35955047	35955191
116417812	116417934
127082731	127082826
132552691	132552783
122724057	122724417
131464684	131464834
117501257	117501347
133741788	133742148
138235931	138236050
86788165	86788272
72728443	72728600
123505319	123505470
112202986	112203346
71642666	71642760
34591784	34591944
4762652	4762814
34562155	34562515
92864600	92864960
139062227	139062364
5450424	5450784
15232166	15232282
19471819	19472179
73217384	73217744
133336656	133336751
124312870	124312985
77692195	77692348
103477039	103477136
79626812	79627172
3240682	3241042
135286470	135286830
2857737	2857841
136647390	136647497
125572741	125572875
88225128	88225261
85576451	85576811
33778868	33778958
74886825	74887185
127299132	127299292
90427791	90428151
130887269	130887629
127536805	127536895
95719462	95719822
134615528	134615689
5600661	5600752
89563473	89563597
138593875	138594005
72287885	72288022
117424362	117424722
96444559	96444669
33286999	33287359
101762876	101762967
137341520	137341661
132386458	132386818
102569662	102569795
1460139	1460499
140339858	140339966
126306379	126306517
117167947	117168062
134466545	134466905
36991697	36991823
136036466	136036610
108604436	108604569
73539852	73540212
27726286	27726411
128170366	128170456
95468758	95469118
125227259	125227619
94444009	94444369
90277811	90278171
15211446	15211806
32572386	32572511
122052069	122052429
15143065	15143158
893881	893978
119622812	119623172
100361118	100361210
14353583	14353708
113189801	113190161
35553967	35554327
101761164	101761524
34899683	34899796
27033968	27034068
81216855	81217215
124040996	124041356
130348873	130349001
77392111	77392214
1837600	1837706
2859917	2860009
131057620	131057980
36328945	36329059
139566066	139566426
117068105	117068465
87758074	87758189
7536474	7536567
131182463	131182823
100377796	100378156
116344252	116344612
137581401	137581761
126147774	126147921
100663435	100663525
104292535	104292666
102978464	102978824
119257308	119257668
35477369	35477488
86930200	86930560
124920520	124920880
101299092	101299452
35611381	35611483
4987915	4988275
131103675	131104035
100745512	100745644
112650157	112650517
33921979	33922339
133557900	133558260
103363440	103363800
135383040	135383400
87019011	87019371
34074190	34074550
115582178	115582538
71183112	71183203
103357898	103358258
94900493	94900614
101538135	101538495
77801715	77802075
112915219	112915579
125987767	125988127
21110961	21111321
129373821	129374181
17811012	17811372
91933735	91934095
112945490	112945850
138495723	138496083
124861682	124861815
36597545	36597647
93796072	93796432
102586827	102587187
15837071	15837431
94717039	94717399
4604587	4604947
86159305	86159665
119351683	119352043
72164357	72164717
1604967	1605327
129702895	129703255
37411327	37411687
77567119	77567479
127952016	127952376
20624770	20625130
112642951	112643044
71669221	71669377
80073061	80073165
36995948	36996074
37594573	37594718
21789567	21789704
94489564	94489924
100685968	100686328
77800513	77800873
74219373	74219733
97365563	97365923
4366735	4367095
33452754	33453114
96975791	96976151
96827717	96828077
6354108	6354468
80070225	80070585
137977902	137978262
86211837	86212197
4077499	4077859
95264302	95264662
134637830	134638190
32968419	32968779
133582718	133583078
129464735	129465095
21235725	21236085
21183071	21183431
104221304	104221664
26326498	26326858
71300727	71301087
123964227	123964587
124857526	124857886
806599	806959
129468745	129469105
117197061	117197421
120545446	120545806
37034679	37035039
130953749	130954109
86235673	86236033
117443798	117444158
14428809	14429169
103881490	103881850
120318533	120318893
15104834	15105194
133928552	133928912
96725281	96725641
95916590	95916950
130717697	130718057
90293590	90293950
21813857	21814217
79273516	79273876
88040068	88040428
7234281	7234375
4797392	4797752
99090035	99090395
116036683	116037043
33081255	33081615
2087717	2088077
108663766	108664126
72037092	72037452
22452434	22452794
116725313	116725673
14465480	14465840
139682091	139682451
130547215	130547575
19464674	19465034
15533274	15533634
26856407	26856767
91893935	91894295
19028874	19029234
140317640	140318000
104490450	104490810
32251460	32251820
140589675	140590035
80650329	80650689
27333150	27333510
112980070	112980167
1869874	1870234
20356307	20356667
87873701	87874061
12329386	12329746
116499723	116500083
35658506	35658866
34546930	34547290
138689501	138689861
139990068	139990428
123822343	123822703
6049799	6050159
128393595	128393955
95748457	95748817
106160168	106160528
35903001	35903361
5442397	5442757
9790289	9790649
35826393	35826485
44227275	44227635
1005094	1005454
124260456	124260816
4549115	4549475
130160309	130160669
112820643	112821003
75207678	75208038
127242824	127243184
124506623	124506983
118355815	118356175
104364443	104364803
123382031	123382391
21213678	21214038
124754903	124755263
133738992	133739352
126164195	126164555
3732616	3732976
127313990	127314350
139655284	139655644
27247699	27248059
99329052	99329412
75637886	75638246
35051379	35051739
86264012	86264372
135450434	135450794
99204122	99204482
125844090	125844450
97443711	97444071
34929502	34929862
95766002	95766362
116917508	116917868
97545331	97545691
117776272	117776632
96764846	96765206
91615896	91616256
77617092	77617452
136454548	136454908
75696960	75697320
118286745	118287105
928395	928755
38672343	38672703
86552797	86553157
19465062	19465161
118353774	118354134
89939548	89939908
35481379	35481739
37582543	37582903
109899890	109900250
138494538	138494898
128190270	128190630
137874953	137875313
89048877	89049237
134622762	134623122
33225616	33225976
77357743	77358103
74818143	74818503
32581535	32581895
18213238	18213598
104073990	104074350
121284349	121284709
38416986	38417346
93562353	93562713
97385539	97385899
91208717	91209077
123748045	123748405
71459925	71460285
33617556	33617916
68726213	68726573
81436058	81436418
130846164	130846524
6055215	6055575
38371496	38371856
101440559	101440919
131790745	131791105
127656903	127657263
123239710	123240070
16192174	16192534
72534382	72534742
77853283	77853643
33738125	33738485
4750038	4750398
124446657	124447017
17063539	17063899
75722425	75722785
71174968	71175328
74434062	74434422
71838475	71838835
21465932	21466292
119423376	119423736
5869749	5870109
107148762	107149122
101925087	101925447
4382713	4383073
71808071	71808431
140071013	140071373
21253033	21253393
73864677	73865037
4679407	4679767
6667682	6668042
103085239	103085599
114061642	114062002
21318305	21318665
27276433	27276793
136269019	136269379
129452659	129453019
115683764	115684124
135723952	135724312
110184498	110184858
33403341	33403701
77185867	77186227
4197595	4197955
34760453	34760813
107505718	107506078
78481198	78481558
100880172	100880532
79034726	79035086
79062403	79062763
125215464	125215824
114360051	114360411
6024119	6024479
140429297	140429657
137750300	137750660
140301490	140301850
101127494	101127854
127209184	127209544
79018207	79018567
86198062	86198422
113637634	113637994
35258871	35259231
22244680	22245040
94520692	94521052
125753643	125754003
139944257	139944617
33719559	33719919
114162329	114162689
116071494	116071854
7186213	7186573
17462877	17463237
136218849	136219209
14768540	14768900
111945806	111946166
133873706	133874066
7052571	7052931
140189785	140190145
16133761	16134121
130268103	130268463
123817949	123818309
86909441	86909801
94188398	94188758
69065264	69065624
71293331	71293691
139524857	139525217
98833811	98834171
17531636	17531996
33925138	33925498
38363031	38363391
35729686	35730046
136302954	136303314
37482310	37482670
87283180	87283540
34547990	34548350
139588648	139589008
114522338	114522698
21195131	21195491
95491638	95491998
123111146	123111506
137670761	137671121
1709335	1709695
136398173	136398533
4924224	4924584
10366183	10366543
36450149	36450509
115205493	115205853
112336599	112336959
98489067	98489427
37364781	37365141
114875251	114875611
139842432	139842792
112734730	112735090
87282446	87282806
21326529	21326889
140196938	140197298
35096566	35096741
26723492	26723852
117354719	117355079
34701270	34701630
79319515	79319875
126722694	126723054
37309059	37309419
124497271	124497631
32589064	32589424
137631009	137631369
38432970	38433330
126885111	126885471
124225337	124225697
2132497	2132857
71122395	71122755
123743949	123744309
14616382	14616742
75423049	75423409
139334212	139334572
132373379	132373739
113385773	113386133
126824501	126824861
96776360	96776720
118912128	118912488
126162094	126162454
82790222	82790582
104329553	104329913
136114449	136114809
22119572	22119932
96064964	96065324
22469946	22470306
80736430	80736790
5425040	5425400
77643080	77643440
33517386	33517746
33852220	33852580
80730030	80730390
16266651	16267011
102773360	102773720
96067178	96067538
96589718	96590078
117300562	117300922
120173840	120174200
15873584	15873944
123631382	123631742
4662031	4662391
20885013	20885373
214952	215312
89252391	89252751
21413725	21414085
116615630	116615990
31542354	31542714
29212186	29212546
93657510	93657870
127527088	127527448
15606678	15607038
108400071	108400431
89029207	89029567
73616726	73617086
96074884	96075244
38400647	38401007
115649674	115650034
75471973	75472333
21392288	21392648
117669276	117669636
93677987	93678347
106551992	106552352
74383824	74384184
101537095	101537455
120932327	120932687
79009085	79009445
5799222	5799582
31119931	31120291
92025591	92025951
34646827	34647187
93592348	93592708
36632926	36633286
92989021	92989381
92904877	92905237
2181820	2182180
93851929	93852289
36999937	37000297
88649788	88650148
110227866	110228226
92191242	92191602
71564257	71564617
130526385	130526745
133646358	133646718
87396392	87396752
117777320	117777680
128908524	128908884
137552258	137552618
88515413	88515773
134829699	134830059
22244136	22244496
77259934	77260294
86932517	86932877
130288098	130288458
130110411	130110771
6305986	6306346
89102174	89102534
99429067	99429427
34994404	34994764
86535549	86535909
137273498	137273858
92904031	92904391
111297816	111298176
37407486	37407846
19517553	19517913
71032089	71032449
116352207	116352567
12464951	12465311
123201458	123201818
111716282	111716642
13088775	13089135
96588560	96588920
130046235	130046595
13427538	13427898
32431995	32432355
92218657	92219017
6910028	6910388
92981820	92982180
76298770	76299130
124457701	124458061
26744365	26744725
73125088	73125448
72492808	72493168
92989220	92989580
123984727	123985087
77815779	77816139
33813694	33814054
19174237	19174597
108480712	108481072
130549038	130549398
135287540	135287900
73255149	73255509
99413923	99414283
79602535	79602895
119409503	119409863
36190339	36190699
88331436	88331796
107543060	107543420
104211342	104211702
18791111	18791471
36788568	36788928
128023871	128024231
131865390	131865750
108210033	108210393
103462906	103463266
124402311	124402671
92861643	92862003
35910888	35911248
21434472	21434832
124162428	124162788
92681640	92682000
92179336	92179696
6686435	6686795
108188309	108188669
21965499	21965859
71395018	71395378
113798749	113799109
140181374	140181734
120009597	120009957
116208543	116208903
115687342	115687702
137256211	137256571
114848975	114849335
9352912	9353272
103364632	103364992
79073796	79074156
128018271	128018631
94438402	94438762
114854103	114854463
21153971	21154331
33720092	33720452
81744807	81745167
66458315	66458675
135128023	135128383
89951771	89952131
98984426	98984786
6827367	6827727
139923210	139923570
1732701	1733061
14442278	14442638
19946473	19946833
110246409	110246769
127630642	127631002
132379558	132379918
111230613	111230973
95217561	95217921
113214502	113214862
764067	764427
118763015	118763375
129064280	129064640
79611675	79612035
139030467	139030827
31800035	31800395
136196181	136196541
33170872	33171232
89230371	89230731
37329627	37329987
4228629	4228989
73099466	73099826
6907774	6908134
134150737	134151097
111906244	111906604
87582081	87582441
106854049	106854409
104150083	104150443
100955309	100955669
124383306	124383666
28774440	28774800
107921979	107922339
86329243	86329603
107919367	107919727
998556	998916
80876348	80876708
23123042	23123402
127602835	127603195
93536995	93537355
112731437	112731797
116270318	116270678
119835819	119836179
131174691	131175051
34155624	34155984
81848505	81848865
34332374	34332734
93747499	93747859
82093394	82093754
136328244	136328604
130180285	130180645
97943548	97943908
385788	386148
22238991	22239351
72967721	72968081
26656263	26656623
140083519	140083879
117269991	117270351
97316635	97316995
38620487	38620847
90788287	90788647
127529094	127529454
12819842	12820202
93535935	93536295
111612575	111612935
78917892	78918252
122127973	122128333
3441227	3441587
37295790	37296150
2116158	2116518
134079242	134079602
9896986	9897346
306956	307316
130073431	130073791
74397969	74398329
80828634	80828994
75815611	75815971
123931298	123931658
109739051	109739411
134353769	134354129
135644195	135644555
129535287	129535647
140013134	140013494
101558719	101559079
31140319	31140679
107688697	107689057
4117739	4118099
127172593	127172953
130285710	130286070
35726887	35727247
35616825	35617185
80379812	80380172
95056017	95056377
139664365	139664725
18824112	18824472
106939306	106939666
135916292	135916652
136060377	136060737
26892210	26892570
136858080	136858440
20524781	20525141
139793570	139793930
130567934	130568294
20611696	20612056
74105726	74106086
14661506	14661866
69478627	69478987
13034183	13034543
94712386	94712746
98498668	98499028
109920593	109920953
35604112	35604472
21789681	21790041
139660866	139661226
108371309	108371669
103997817	103998177
127539500	127539860
100265439	100265799
4073401	4073761
124397280	124397640
80371311	80371671
107444854	107445214
118925819	118926179
80366369	80366729
36980166	36980526
6568120	6568480
130217569	130217929
97680364	97680724
135042096	135042456
90565685	90566045
114454002	114454362
100400969	100401329
85814220	85814580
123492118	123492478
124907119	124907479
37191705	37192065
1727336	1727696
140189059	140189419
115473382	115473742
117033996	117034356
129709839	129710199
98670130	98670490
37370951	37371311
32526450	32526810
76180786	76181146
85221692	85222052
111955020	111955380
127601874	127602234
12640038	12640398
5976719	5977079
93518111	93518471
129655342	129655702
100232397	100232757
137311615	137311975
3181664	3182024
25964159	25964519
504293	504653
136580953	136581313
35835312	35835672
9998479	9998839
140916759	140917119
125226018	125226378
137673755	137674115
15485817	15486177
94741045	94741405
1018080	1018440
115912955	115913315
88861797	88862157
9606542	9606902
38707985	38708345
86323436	86323796
139738194	139738554
127149767	127150127
131495484	131495844
139134831	139135191
27535781	27536141
110887849	110888209
2228130	2228490
19085350	19085710
75682038	75682398
17802264	17802624
37511037	37511397
6585115	6585475
5715100	5715460
10060337	10060697
43133637	43133997
114590472	114590832
33223796	33224156
112669053	112669413
76994641	76995001
79792292	79792652
118646056	118646416
99215907	99216267
98981956	98982316
75437354	75437714
104739882	104740242
15357038	15357398
88313223	88313583
100978133	100978493
98031044	98031404
127618200	127618560
140515864	140516224
135421818	135422178
91356265	91356625
135519691	135520051
15416909	15417269
112621723	112622083
130912855	130913215
105393854	105394214
136591494	136591854
132647324	132647684
5899338	5899698
130680603	130680963
79782306	79782666
117673487	117673847
100996670	100997030
112108087	112108447
122138120	122138480
22038077	22038437
132331845	132332205
38334242	38334602
8895762	8896122
74907092	74907452
99871509	99871869
130783037	130783397
92509453	92509813
111961312	111961672
125141601	125141961
15642345	15642705
139678709	139679069
116810040	116810400
140171992	140172352
109904291	109904651
22100680	22101040
95882150	95882510
130469946	130470306
24245993	24246353
101469484	101469844
7657826	7658186
21995659	21996019
78203745	78204105
88433891	88434251
7401987	7402347
15513405	15513765
34010994	34011354
38030658	38031018
32069198	32069558
35814406	35814766
16257597	16257957
35813481	35813841
82183323	82183683
4640062	4640422
80103444	80103804
115123798	115124158
6197316	6197676
71198028	71198388
137028362	137028722
125216756	125217116
79280883	79281243
73007153	73007513
100881438	100881798
100807753	100808113
36793292	36793652
23492127	23492487
72955516	72955876
102026402	102026762
133326838	133327198
34991732	34992092
27548173	27548533
90299506	90299866
123869306	123869666
1942012	1942372
129811276	129811636
125853788	125854148
129679222	129679582
82373009	82373369
115479882	115480242
36855467	36855827
6739233	6739593
136286765	136287125
74948727	74949087
1100930	1101290
89721946	89722306
136321606	136321966
139002324	139002684
135923938	135924298
84301984	84302344
4375385	4375745
140445815	140446175
36248039	36248399
108118157	108118517
95090534	95090894
18060534	18060894
113102661	113103021
92707452	92707812
94185519	94185879
71189080	71189440
87947396	87947756
38642561	38642921
134351362	134351722
126895994	126896354
111696110	111696470
98336472	98336832
36862087	36862447
80981015	80981375
116795644	116796004
22307015	22307375
133814460	133814820
126127554	126127914
136024882	136025242
90282201	90282561
116117478	116117838
104554231	104554591
136860142	136860502
102984993	102985353
119808972	119809332
100263574	100263934
6107052	6107412
15505942	15506302
101018150	101018510
113188404	113188764
133745385	133745745
93488484	93488844
125118947	125119307
96141351	96141711
139431381	139431741
129148376	129148736
111045154	111045514
33447346	33447706
97298920	97299280
74331131	74331491
37785559	37785919
93799387	93799747
91798047	91798407
36798247	36798607
34519357	34519717
99638202	99638562
15277773	15278133
100658239	100658599
5073672	5074032
89905061	89905421
34256159	34256519
127052226	127052586
11319490	11319850
119672490	119672850
80619481	80619841
15403204	15403564
91275518	91275878
4386783	4387143
2336097	2336457
139870051	139870411
69381540	69381900
128965620	128965980
115427639	115427999
35661119	35661479
124623815	124624175
139748272	139748632
98823564	98823924
132482865	132483225
127623575	127623935
121358024	121358384
127533196	127533556
68455278	68455638
33860213	33860573
32703664	32704024
129159494	129159854
116639030	116639390
139844534	139844894
16039387	16039747
129327021	129327381
98098601	98098961
35732043	35732403
88439871	88440231
38642012	38642372
88901913	88902273
20369388	20369748
110249839	110250199
136063607	136063967
29692010	29692370
5186407	5186767
130300119	130300479
80479442	80479802
124462404	124462764
117152378	117152738
108453052	108453412
97849968	97850328
140862834	140863194
134269184	134269544
140082956	140083316
133826111	133826471
110001755	110002115
115733745	115734105
126801240	126801600
4849487	4849847
139025043	139025403
79075296	79075656
14652787	14653147
112905193	112905553
117422623	117422983
140995436	140995796
13351831	13352191
117145287	117145647
4741009	4741369
127054393	127054753
137340921	137341281
35599805	35600165
86853598	86853958
131641582	131641942
26863087	26863447
124208259	124208619
16154562	16154922
70709469	70709829
72547814	72548174
35665138	35665498
141044388	141044748
129967384	129967744
92815325	92815685
139159145	139159505
35071995	35072355
14769205	14769565
125864929	125865289
74243177	74243537
5265943	5266303
109322841	109323201
137979205	137979565
80592121	80592481
139035127	139035487
77311427	77311787
104211542	104211902
123293959	123294319
129276504	129276864
134505643	134506003
131614296	131614656
93597113	93597473
128124079	128124439
82570227	82570587
88420406	88420766
140855040	140855400
127156908	127157268
135526627	135526987
1909144	1909504
138366780	138367140
10268822	10269182
140175284	140175644
130564627	130564987
103938602	103938962
136458168	136458528
96190316	96190676
33264746	33265106
72546320	72546680
34023091	34023451
134056741	134057101
111034801	111035161
139459018	139459378
99007709	99008069
4297290	4297650
102651417	102651777
136890852	136891212
136924677	136925037
5437517	5437877
114738012	114738372
28073275	28073635
37386208	37386568
138816784	138817144
75459001	75459361
120689664	120690024
140195725	140196085
123087305	123087665
2066910	2067270
7844275	7844635
91003412	91003772
130650130	130650490
79830844	79831204
129748197	129748557
21078709	21079069
85945136	85945496
34869435	34869795
115096133	115096493
4985088	4985448
115874974	115875334
37301575	37301935
77145363	77145723
347709	348069
100353887	100354247
123639722	123640082
136405740	136406100
757547	757907
98788411	98788771
37032726	37033086
131526619	131526979
91849501	91849861
4327534	4327894
123837690	123838050
123373279	123373639
124779105	124779465
5773613	5773973
140199049	140199409
37369474	37369834
90407714	90408074
44419794	44420154
80854410	80854770
123883937	123884297
15552021	15552381
125600815	125601175
136208827	136209187
137109616	137109976
138981499	138981859
114360251	114360611
21402792	21403152
36911045	36911405
12723631	12723991
9912495	9912855
82086477	82086837
120476592	120476952
93600410	93600770
30774388	30774748
127516616	127516976
18208189	18208549
75333415	75333775
140356255	140356615
103086874	103087234
130865849	130866209
132861939	132862299
112172352	112172712
140666987	140667347
4225817	4226177
78594284	78594644
34139687	34140047
100047043	100047403
134712708	134713068
7273586	7273946
2146681	2147041
133808174	133808534
19013213	19013573
19102749	19103109
34337425	34337785
108007327	108007687
32148569	32148929
118914668	118915028
71633674	71634034
129055832	129056192
100801190	100801550
140616314	140616674
130672962	130673322
101955409	101955769
38392782	38393142
5321090	5321450
94422077	94422437
115480770	115481130
140470333	140470693
136294706	136295066
111968921	111969281
84137876	84138236
66463731	66464091
134242202	134242562
112218215	112218575
17794227	17794587
133308634	133308994
38068669	38069029
81398708	81399068
100126255	100126615
136238120	136238480
111175018	111175378
22228559	22228919
134148529	134148889
78470444	78470804
92445103	92445463
103255284	103255644
117266499	117266859
131397468	131397828
41973438	41973798
131410521	131410881
91337696	91338056
132978890	132979250
126511835	126512195
38025242	38025602
7592651	7593011
109917755	109918115
2872589	2872949
134261674	134262034
77192928	77193288
96671279	96671639
102061850	102062210
33604307	33604667
113800066	113800426
37036402	37036762
95571348	95571708
75486546	75486906
74516612	74516972
116858266	116858626
138853096	138853456
44420008	44420368
123374577	123374937
12776309	12776669
95799043	95799403
132483461	132483821
4666369	4666729
137033920	137034280
33785872	33786232
112716050	112716410
73193650	73194010
125597488	125597848
134617945	134618305
123253228	123253588
26946915	26947275
3331846	3332206
1922060	1922420
137330282	137330642
117676479	117676839
38727369	38727729
5263561	5263921
36110439	36110799
8978396	8978756
132820442	132820802
86432173	86432533
12666869	12667229
99448888	99449248
32550646	32551006
140156767	140157127
132637599	132637959
131689548	131689908
36407518	36407878
32351899	32352259
26975648	26976008
21994161	21994521
90115409	90115769
135900693	135901053
19922506	19922866
139559669	139560029
138779386	138779746
130946001	130946361
90449289	90449649
112415281	112415641
128771311	128771671
90113227	90113587
138330724	138331084
2367950	2368310
99637722	99638082
86535749	86536109
91990233	91990593
100249413	100249773
34376148	34376508
76896606	76896966
6932495	6932855
118929019	118929379
94103360	94103720
136223724	136224084
71268202	71268562
34191484	34191844
96039251	96039611
127016758	127017118
129986321	129986681
134747411	134747771
37029233	37029593
25003727	25004087
70487193	70487553
37374867	37375227
33498410	33498770
98912707	98913067
37859039	37859399
38263574	38263934
7318877	7319237
112203632	112203992
882561	882921
134151941	134152301
119877122	119877482
132650112	132650472
10479218	10479578
34684321	34684681
130212966	130213326
135569584	135569944
74980624	74980984
96354930	96355290
129855617	129855977
88890903	88891263
28951915	28952275
72424244	72424604
102583961	102584321
33523276	33523636
131755289	131755649
37262440	37262800
127437872	127438232
74239610	74239970
89695810	89696170
126188697	126189057
15423579	15423939
96296144	96296504
90112428	90112788
90498960	90499320
82182729	82183089
113400655	113401015
131176739	131177099
97301782	97302142
104150733	104151093
123638130	123638490
135687787	135688147
111651794	111652154
112015933	112016293
21527736	21528096
131983517	131983877
136262108	136262468
79371233	79371593
95449249	95449609
136242172	136242532
122871505	122871865
100169598	100169958
97878348	97878708
96928341	96928701
74590759	74591119
21251159	21251519
116349997	116350357
108418359	108418719
97955319	97955679
36136209	36136569
37410793	37411153
127602077	127602437
911022	911382
132793512	132793872
87624203	87624563
77555541	77555901
136226181	136226541
115620718	115621078
2179653	2180013
140652371	140652731
124586915	124587275
5020437	5020797
124132764	124133124
102618036	102618396
140440068	140440428
97375359	97375719
133293059	133293419
70671363	70671723
104489930	104490290
107370579	107370939
87267587	87267947
131944828	131945188
132872392	132872752
127074555	127074915
37972412	37972772
101285798	101286158
14433931	14434291
75058876	75059236
90721327	90721687
98141912	98142272
89204198	89204558
81749594	81749954
138113918	138114278
93726586	93726946
4152931	4153291
101974087	101974447
123959445	123959805
2016750	2017110
110036463	110036823
100853038	100853398
33124820	33125180
71320634	71320994
112176447	112176807
133768984	133769344
2800370	2800730
111032144	111032504
75798828	75799188
94938301	94938661
139147988	139148348
117376734	117377094
32350750	32351110
93080527	93080887
98638186	98638546
117349756	117350116
107526551	107526911
100616199	100616559
93362411	93362771
86527121	86527481
109624972	109625332
122046427	122046787
93636572	93636932
4679606	4679966
2837808	2838168
1434138	1434498
127073506	127073866
12719449	12719809
99160879	99161239
132812598	132812958
2824692	2825052
134224052	134224412
122794903	122795263
26613990	26614350
96423033	96423393
31916469	31916829
20552935	20553295
36464862	36465222
91205509	91205869
72027567	72027927
106883304	106883664
131464796	131465156
115141869	115142229
77914265	77914625
4662559	4662919
68477055	68477415
136469338	136469698
136689511	136689871
88401094	88401454
128003127	128003487
139898684	139899044
33742494	33742854
132145839	132146199
95004829	95005189
29830770	29831130
37784559	37784919
73080378	73080738
34400362	34400722
79502210	79502570
126690806	126691166
134585177	134585537
3848810	3849170
136741294	136741654
138370610	138370970
21141394	21141754
1042540	1042900
114062714	114063074
136326983	136327343
3647680	3648040
130159375	130159735
75884447	75884807
37409003	37409363
94644945	94645305
132648851	132649211
35733150	35733510
27488087	27488447
128293204	128293564
136209415	136209775
3475805	3476165
998865	999225
134611763	134612123
126959888	126960248
19408929	19409289
139519459	139519819
80264375	80264735
86153560	86153920
128831648	128832008
111539529	111539889
100663497	100663857
23153060	23153420
76282704	76283064
35749692	35750052
123785399	123785759
31839257	31839617
109807071	109807431
80512219	80512579
127066699	127067059
102587026	102587386
140476666	140477026
69784586	69784946
93923720	93924080
130892425	130892785
43653776	43654136
127181192	127181552
80456672	80457032
16290117	16290477
93716041	93716401
137000540	137000900
112169360	112169720
9920447	9920807
116340623	116340983
81573840	81574200
126101108	126101468
21473211	21473571
20423169	20423529
131588620	131588980
94195472	94195832
35816867	35817227
92445303	92445663
135377892	135378252
6194968	6195328
134497139	134497499
117373374	117373734
36994212	36994572
37210751	37211111
117159884	117160244
91489331	91489691
140779847	140780207
19473545	19473905
123691342	123691702
101775298	101775658
126964745	126965105
102582322	102582682
18396122	18396482
136470036	136470396
109266217	109266577
115094955	115095315
36487780	36488140
136215080	136215440
115707907	115708267
35193734	35194094
91711666	91712026
136020004	136020364
37026444	37026804
87434388	87434748
21994677	21995037
113911299	113911659
130108844	130109204
