53036661	53037008
41336634	41336926
15691526	15691830
73121931	73122204
154996749	154997037
131949383	131949650
136547437	136547698
30098862	30099111
41286652	41286902
86192888	86193126
35435946	35436198
25992760	25993043
44281009	44281273
31514450	31514700
32383289	32383508
73839709	73839934
90081840	90082052
37659868	37660098
29720905	29721130
35208963	35209178
44119650	44119882
13615383	13615622
33359074	33359306
159463674	159463900
126277800	126278062
80487783	80487990
110026459	110026706
42515383	42515606
43737246	43737488
88032148	88032344
166689231	166689465
40995785	40996019
11575844	11576052
36727005	36727219
10801573	10801788
30646828	30647017
137910622	137910818
159125283	159125491
29617885	29618143
41889078	41889280
42134263	42134496
30509299	30509504
151645459	151645671
111580262	111580476
159525225	159525441
35265416	35265633
2932495	2932723
29557286	29557528
33557498	33557691
70506845	70507049
31367403	31367618
36308806	36309044
36270322	36270555
36734007	36734198
143748425	143748638
32806511	32806746
112364961	112365168
3251769	3251987
148899361	148899600
112364281	112364502
83777173	83777393
30070895	30071133
45898228	45898462
134962164	134962381
31548676	31548887
44140532	44140735
161791942	161792141
8983432	8983618
34122616	34122815
53590705	53590913
35310049	35310246
52128603	52128822
151335536	151335756
112484615	112484813
166264016	166264215
43231263	43231472
83775507	83775713
43474527	43474732
159595374	159595583
1397312	1397533
147178650	147178856
80579387	80579597
33553488	33553683
13795384	13795584
107318903	107319128
35490705	35490896
188843	189083
126317235	126317414
43635022	43635240
154269057	154269257
32086637	32086843
44235826	44236022
10954826	10955025
47277716	47277895
159555837	159556063
41570864	41571071
33712244	33712422
16771305	16771457
20127042	20127274
11144657	11144868
31334747	31334968
41703285	41703504
44205736	44205931
161188511	161188704
166519670	166519877
119121770	119121969
42012029	42012245
41747678	41747898
87788830	87789014
27740282	27740448
41743724	41743938
37178331	37178518
74442904	74443097
31461623	31461814
7276249	7276433
88639591	88639788
36986016	36986242
35995223	35995430
167555800	167555950
169295216	169295404
27655289	27655443
148511	148961
74385285	74385468
37140046	37140248
722079	722259
41559820	41560019
149753234	149753432
132600756	132600937
36648339	36648533
36591269	36591470
156885584	156885785
151996939	151997141
153552241	153552441
97345721	97345897
53349530	53349734
16206858	16207076
34164078	34164294
164377779	164377972
43422312	43422514
26596099	26596267
6677140	6677288
24934149	24934323
118940035	118940218
16331648	16331835
161794997	161795172
52926609	52926795
18596564	18596746
160877065	160877264
161171299	161171439
16965217	16965410
31164797	31165005
43741172	43741339
13336809	13336994
135483900	135484088
138430646	138430823
31737648	31737845
39277845	39277987
110360737	110360917
64308575	64308727
41673722	41673909
152659755	152659961
142468127	142468302
1596576	1596725
137397766	137397931
43197139	43197322
116882681	116882858
31036734	31036905
138026549	138026722
112318473	112318602
6547377	6547551
26026569	26026715
90319904	90320091
37759301	37759491
31566433	31566611
160940983	160941160
30187064	30187199
41904127	41904307
16332441	16332604
107996603	107996826
30845589	30845745
75918752	75918921
100449892	100450071
36063037	36063227
30449942	30450047
166511480	166511656
44042352	44042531
170190315	170190484
47755883	47756015
31697101	31697461
37019331	37019493
37534215	37534403
29815900	29816075
44623313	44623491
38839829	38840012
52516914	52517114
39315702	39315884
149867372	149867515
35704233	35704355
148785987	148786142
30690486	30690682
148880973	148881148
124123849	124123970
3732880	3733051
142888025	142888222
32381318	32381490
97634369	97634546
33129294	33129474
33216179	33216336
46816756	46816922
24359970	24360167
52861541	52861713
126227652	126227808
43111336	43111493
35520194	35520310
2634806	2634982
122813176	122813347
24581424	24581557
52027827	52028019
6557273	6557437
52264704	52264855
109509159	109509321
166298430	166298597
46189022	46189174
18504328	18504518
31105293	31105481
31364785	31364954
166726880	166727022
73890868	73891031
143014079	143014266
30796354	30796511
40276579	40276699
165341153	165341288
44189385	44189541
138910047	138910159
71665718	71665889
158642015	158642174
131193502	131193656
143896582	143896764
25223789	25223937
89991638	89991811
39134260	39134442
42694418	42694566
32952658	32952865
139540468	139540558
111378586	111378767
37175875	37176050
44047003	44047122
6316017	6316175
43742572	43742744
14144998	14145088
153219060	153219212
34360558	34360709
39270962	39271322
137592822	137592981
139309350	139309710
71079159	71079323
122851712	122851884
150155770	150155933
149886785	149886925
30364736	30364912
33668325	33668503
53593513	53593660
16763362	16763534
138323007	138323099
37293598	37293808
104973607	104973967
20292064	20292159
70545692	70545843
35172923	35173119
131520907	131521076
157735837	157735967
34216935	34217038
83924982	83925104
134237847	134237959
133120196	133120347
49574940	49575096
71594200	71594359
44306357	44306504
99293808	99293908
47381832	47381964
29705928	29706081
25266000	25266161
151213154	151213293
35705448	35705610
27863384	27863522
42071947	42072118
31763695	31763884
32764930	32765029
52589332	52589496
7243806	7243997
26066234	26066390
11496554	11496720
15491714	15491894
41651424	41651573
5143950	5144124
105851400	105851585
53275488	53275848
31047684	31047836
159531178	159531270
30698729	30698872
25071120	25071287
37621693	37622053
134385077	134385242
129573418	129573518
41755242	41755430
5380016	5380164
86064871	86065021
84245869	84246008
42499924	42500089
25490430	25490576
130643952	130644044
161154205	161154343
160955327	160955449
30640854	30640959
33739383	33739516
136929322	136929682
108169471	108169831
5004291	5004440
127442656	127442811
35262243	35262372
17804518	17804652
125635370	125635509
3126664	3126837
144334676	144334791
131206592	131206750
149403497	149403640
144261256	144261427
24856333	24856490
5471288	5471430
44443555	44443707
51824673	51824818
114180225	114180376
158493187	158493547
86033247	86033344
10510740	10511100
136965294	136965654
53583804	53583928
116332095	116332226
42629416	42629527
43726244	43726604
70876435	70876526
90142688	90142818
11172737	11173097
44635870	44636230
158447358	158447518
151007039	151007399
38997332	38997472
137736758	137737118
16410050	16410211
3742719	3742884
5303664	5303762
3991190	3991320
36853373	36853733
117996308	117996668
44064561	44064697
12289679	12289844
21589587	21589732
43691678	43691814
135144074	135144434
170839040	170839164
145955266	145955400
36328293	36328653
16286415	16286535
32212695	32213055
49377747	49377925
100194286	100194439
126112856	126112995
90077953	90078096
170231863	170231964
30565200	30565391
160559377	160559505
166795288	166795648
6788724	6788814
26341910	26342063
57181296	57181656
161351863	161351961
27094884	27095045
34023118	34023264
31409511	31409601
167188797	167188930
125513461	125513821
12606034	12606394
12638376	12638536
37452104	37452213
100316047	100316195
97945725	97945872
33600331	33600691
32835978	32836338
39833191	39833334
3849371	3849731
31096000	31096148
52680291	52680651
80523707	80523861
136871559	136871919
36750677	36750858
82750394	82750540
32921009	32921369
42869316	42869407
41392312	41392469
29981236	29981381
125632215	125632575
52281323	52281683
114200787	114200932
120063442	120063590
127837967	127838069
27720153	27720312
41007061	41007421
32901353	32901713
144537472	144537569
13873981	13874341
37349397	37349519
105932561	105932921
125474757	125474920
108025756	108025852
158368374	158368482
69678076	69678180
2354254	2354350
52704481	52704600
97842124	97842274
137487271	137487418
109103593	109103704
167765035	167765125
2952848	2953208
107435558	107435654
158294791	158295151
38639786	38639905
3279780	3280140
36091687	36091855
99968669	99969029
41034711	41034842
137893117	137893210
52747131	52747491
167493251	167493611
108863313	108863403
32821881	32821978
138912045	138912405
6697109	6697469
64063089	64063184
122702659	122703019
134245084	134245444
159026330	159026690
130096390	130096483
108848023	108848140
33059736	33060096
34131667	34131839
787069	787159
141883963	141884323
91189053	91189413
41814647	41814745
149269029	149269389
27577076	27577436
322222	322582
56820085	56820177
52528588	52528697
24583661	24584021
36583069	36583172
134432289	134432434
138608381	138608741
33115870	33116230
52441380	52441740
113627769	113628129
15441602	15441735
25018353	25018455
33736448	33736587
130342195	130342555
133284221	133284334
71722580	71722940
25556660	25557020
88947833	88948193
138028994	138029354
32015993	32016150
139571701	139572061
108371212	108371312
135505156	135505264
127587533	127587893
83767452	83767812
33140429	33140789
131019091	131019451
26607611	26607971
41431050	41431410
33165358	33165493
5136022	5136382
137113562	137113922
137635456	137635816
116608973	116609090
105130901	105131261
138838750	138839110
118886474	118886834
35107688	35108048
159572316	159572676
119450504	119450864
99778094	99778200
116217730	116218090
160112385	160112482
127786021	127786381
158635303	158635442
137114208	137114347
24521205	24521565
161089058	161089171
56716595	56716955
106892902	106893047
138266176	138266289
6494961	6495321
137982772	137983132
117926394	117926754
32915592	32915952
132236419	132236543
49499986	49500076
150392364	150392473
170826126	170826486
158177673	158178033
1604696	1604788
139446012	139446372
30421456	30421667
26572967	26573113
35551700	35551790
27763749	27763897
50783951	50784045
111531492	111531852
109156572	109156698
150739401	150739508
155054429	155054557
137415501	137415861
28984905	28985265
100927364	100927724
85132226	85132323
33050497	33050857
112350551	112350677
44272505	44272865
158088205	158088565
39329782	39330142
31553330	31553690
74036352	74036712
31648481	31648841
99599943	99600303
137143883	137144243
28805137	28805497
34427674	34428034
134495091	134495451
134242559	134242654
47015310	47015670
44424015	44424375
133089221	133089330
40518009	40518369
54582647	54583007
34954648	34954765
18122807	18123167
148466214	148466308
35295261	35295621
217058	217418
106808259	106808619
4210986	4211087
13909235	13909325
155851395	155851755
153345568	153345928
27280441	27280801
105535469	105535829
29670271	29670631
28510343	28510703
138121104	138121464
129919395	129919755
12894129	12894489
150255299	150255659
27760097	27760457
24992118	24992478
16128895	16129255
7239043	7239403
30512448	30512808
73334302	73334662
37673168	37673528
14046822	14046937
132231125	132231485
116433116	116433476
2911951	2912311
3002094	3002454
29802632	29802992
87848969	87849329
5214983	5215343
30325370	30325730
2196327	2196687
150401766	150402126
41649907	41650267
76644651	76645011
30137794	30138154
36818892	36819252
2750244	2750604
4156265	4156370
83765119	83765479
31459696	31460056
154477178	154477538
56224031	56224391
150044980	150045340
34577342	34577702
75976427	75976787
100036425	100036785
41149959	41150067
99782420	99782780
134499588	134499948
80924151	80924511
43576013	43576373
128649155	128649515
65040808	65041168
26064851	26064950
132601035	132601125
52099009	52099369
134138598	134138958
2209463	2209823
151797061	151797421
144263269	144263629
160030024	160030384
41754163	41754523
155249474	155249834
107014428	107014788
7615722	7616082
152873728	152874088
31055323	31055683
136638185	136638545
89490506	89490866
44201900	44202260
29621352	29621469
142433609	142433969
5030883	5031243
53844277	53844637
33267456	33267816
28323930	28324290
15390566	15390926
142528543	142528903
152086589	152086949
107349146	107349506
31856531	31856891
3978436	3978796
137289265	137289625
44437515	44437875
37282653	37283013
3411112	3411472
122170695	122171055
116589706	116590066
36390889	36391249
133144120	133144480
100555321	100555681
38461737	38462097
15464536	15464896
152085437	152085797
150186199	150186296
25027388	25027748
58287622	58287982
8219603	8219963
27486563	27486923
81047970	81048330
27046660	27047020
114429571	114429931
150716578	150716938
136230926	136231286
135203614	135203974
6724723	6725083
33093923	33094283
107055958	107056318
40880094	40880454
105872066	105872426
85138040	85138400
132244507	132244867
138328087	138328447
51928323	51928683
37980397	37980757
2738628	2738988
14711310	14711670
108301506	108301866
10429871	10430231
33995426	33995786
80658869	80659229
150161706	150162066
29596394	29596754
127125404	127125764
27145474	27145834
110849264	110849624
31759120	31759480
114257291	114257651
74225356	74225716
119097722	119098082
134158912	134159272
148498752	148499112
74801078	74801438
143834526	143834886
84224612	84224972
116853182	116853542
33729973	33730333
31519126	31519486
155569560	155569920
28806661	28807021
132015993	132016353
42043268	42043628
56708949	56709309
155495871	155496231
112042866	112043226
13195102	13195462
90085245	90085605
163591312	163591672
25279064	25279424
26003355	26003715
56460324	56460684
89692385	89692745
84937702	84938062
107639360	107639720
32668285	32668645
116857291	116857651
64284211	64284571
26250387	26250747
30379202	30379562
144426045	144426405
5057347	5057707
13332014	13332374
25720658	25721018
155648647	155649007
53357735	53358095
151138947	151139307
36997038	36997398
106787193	106787553
114316020	114316380
24525045	24525405
13575453	13575813
41159301	41159661
64017754	64018114
32753681	32754041
26322235	26322595
86632652	86633012
150656285	150656645
33575541	33575901
168299390	168299750
56457709	56458069
32659815	32660175
129992885	129993245
135857063	135857423
159081270	159081630
90650171	90650531
113101702	113102062
109235459	109235819
20404811	20405171
116765286	116765646
17815726	17815816
117290383	117290743
84302534	84302894
138188127	138188487
91103022	91103382
33679429	33679789
142310401	142310761
130073003	130073363
16129554	16129914
29615735	29616095
88506265	88506625
111003543	111003903
46057852	46058212
158939599	158939959
33086315	33086675
120377251	120377611
1436960	1437320
111200371	111200731
139137180	139137540
13625066	13625426
1382059	1382419
2791424	2791784
71081211	71081571
127508053	127508413
157695737	157696097
143554001	143554361
84594181	84594541
6057693	6058053
52859916	52860276
166142805	166143165
147021246	147021606
6759406	6759766
80577868	80578228
54857622	54857982
114417742	114418102
30004981	30005341
87566698	87567058
52151615	52151975
130051663	130052023
64512503	64512863
56179507	56179867
127741631	127741991
78167470	78167830
53302406	53302766
93520572	93520932
47748517	47748877
4936821	4937181
150247340	150247700
32982532	32982892
82715869	82716229
137962664	137963024
47065078	47065438
51720070	51720430
18324412	18324772
123737003	123737363
110374849	110375209
50569923	50570283
135744802	135745162
35417186	35417546
20092264	20092624
62859984	62860344
123051945	123052305
2448995	2449355
45890529	45890889
135772775	135773135
109848196	109848556
139013344	139013704
14211370	14211730
12504625	12504985
29619396	29619756
51914294	51914654
130257709	130258069
30711945	30712305
35725272	35725632
151655978	151656338
21935845	21936205
16316890	16317250
31010530	31010890
108188195	108188555
74019960	74020320
26175628	26175988
31160312	31160672
29664319	29664679
40813363	40813723
34214296	34214656
74448823	74449183
227272	227632
75920874	75921234
46823720	46824080
127623886	127624246
38940975	38941335
16183352	16183712
88102773	88103133
78175654	78176014
76236279	76236639
166814304	166814664
127963170	127963530
38964904	38965264
97884878	97885238
27125715	27126075
153833277	153833637
134294536	134294896
5175428	5175788
9540773	9541133
45682487	45682847
147106146	147106506
39419643	39420003
42866620	42866980
5950750	5951110
17156339	17156699
16169157	16169517
7723228	7723588
117877079	117877439
132619515	132619875
121376721	121377081
126179853	126180213
50759629	50759989
32922826	32923186
123160635	123160995
111799899	111800259
129046768	129047128
159112382	159112742
41274017	41274377
153633803	153634163
150740144	150740504
91791170	91791530
169284733	169285093
42182525	42182885
51798934	51799294
27219492	27219852
137167189	137167549
115069096	115069456
112031085	112031445
32162811	32163171
16511310	16511670
16514549	16514909
88101063	88101423
142795863	142796223
797508	797868
12844933	12845293
75913957	75914317
169356990	169357350
6131748	6132108
131164705	131165065
90996584	90996944
53409381	53409741
27129631	27129991
15327500	15327860
70818162	70818522
30789687	30790047
56767678	56768038
53158901	53159261
1424552	1424912
119469680	119470040
100564544	100564904
18990606	18990966
129691571	129691931
2989232	2989592
125435415	125435775
87776179	87776539
44030545	44030905
29039894	29040254
155589250	155589610
106782887	106783247
10478677	10479037
121627149	121627509
110712061	110712421
37505897	37506257
109394576	109394936
44398868	44399228
167533551	167533911
76603055	76603415
92039898	92040258
135410365	135410725
41246701	41247061
151062942	151063302
150067458	150067818
53850959	53851319
80280468	80280828
18997578	18997938
117771025	117771385
138437006	138437366
27156595	27156955
141242767	141243127
32122367	32122727
107739357	107739717
31890730	31891090
331755	332115
146250194	146250554
137523213	137523573
1793223	1793583
153184997	153185357
144803250	144803610
101112183	101112543
71396273	71396633
110361324	110361684
138272188	138272548
89949011	89949371
143067660	143068020
118297211	118297571
17584430	17584790
111963762	111964122
159214452	159214812
131840726	131841086
69348181	69348541
159638531	159638891
82463634	82463994
25942817	25943177
2846535	2846895
139690620	139690980
149805894	149806254
160362761	160363121
37271683	37272043
108819131	108819491
10759634	10759994
130603405	130603765
74098432	74098792
90502603	90502963
28072389	28072749
149067676	149068036
143658730	143659090
14067040	14067400
46749204	46749564
31070137	31070497
159139507	159139867
8905004	8905364
33396321	33396681
151727191	151727551
167200189	167200549
28652008	28652368
17702089	17702449
153269325	153269685
116159963	116160323
144902967	144903327
144906367	144906727
22828723	22829083
119654884	119655244
152964104	152964464
117293126	117293486
164129052	164129412
161839418	161839778
76272768	76273128
24431225	24431585
13429304	13429664
99567331	99567691
91650584	91650944
162116061	162116421
73326155	73326515
126492017	126492377
25788781	25789141
19852068	19852428
132805311	132805671
138261065	138261425
33670179	33670539
138325607	138325967
42844810	42845170
70930669	70931029
12603669	12604029
39157725	39158085
13278488	13278848
125833772	125834132
65215232	65215592
38741166	38741526
167364861	167365221
119215067	119215427
46594048	46594408
43636014	43636374
33313023	33313383
109704393	109704753
26420815	26421175
132851539	132851899
11655803	11656163
11585664	11586024
157505398	157505758
43037731	43038091
137248513	137248873
140202789	140203149
145252592	145252952
6584945	6585305
132621485	132621845
112501288	112501648
120287646	120288006
76006905	76007265
39197259	39197619
126682183	126682543
146209155	146209515
12290473	12290833
7992225	7992585
44225217	44225577
149838645	149839005
112633170	112633530
56628821	56629181
64061902	64062262
134444717	134445077
159429605	159429965
15893804	15894164
108840174	108840534
16713430	16713790
43138992	43139352
151136272	151136632
46010159	46010519
74320182	74320542
32967814	32968174
2104541	2104901
154475543	154475903
44561207	44561567
88541657	88542017
163975707	163976067
43969035	43969395
12890425	12890785
73844236	73844596
50623581	50623941
26569384	26569744
108813379	108813739
132778040	132778400
155498511	155498871
134477921	134478281
152445576	152445936
158018734	158019094
28101790	28102150
84994136	84994496
116966732	116967092
87646797	87647157
33017085	33017445
99915390	99915750
105879099	105879459
133890004	133890364
80254777	80255137
89580463	89580823
139694383	139694743
34494960	34495320
36945130	36945490
168881	169241
3748485	3748845
10951819	10952179
30883277	30883637
85395700	85396060
69282401	69282761
138750107	138750467
30451458	30451818
136868502	136868862
154598415	154598775
56502381	56502741
13229311	13229671
150921869	150922229
43097570	43097930
12234278	12234638
132919600	132919960
28367392	28367752
157355611	157355971
47701933	47702293
57445545	57445905
24205190	24205550
51952489	51952849
133874833	133875193
4282023	4282383
107780552	107780912
138190446	138190806
119431917	119432277
158553004	158553364
63485361	63485721
11044668	11045028
161413815	161414175
9413205	9413565
4806305	4806665
111270920	111271280
26189061	26189421
40555185	40555545
143144066	143144426
76564800	76565160
167702241	167702601
36164081	36164441
26097557	26097917
85725147	85725507
138725256	138725616
32222881	32223241
40296389	40296749
52463060	52463420
75284562	75284922
150338051	150338411
148639	148961
44221223	44221583
106532571	106532931
43464408	43464768
11069214	11069574
73232494	73232854
118830188	118830548
130469333	130469693
40967260	40967620
167411231	167411591
2761547	2761907
46378071	46378431
56573812	56574172
111332846	111333206
147827746	147828106
33382386	33382746
46387290	46387650
39345228	39345588
157154	157514
134386895	134387255
131855316	131855676
41335432	41335792
149511377	149511737
107057590	107057950
45468656	45469016
30206219	30206579
153274304	153274664
11618782	11619142
124036437	124036797
20528597	20528957
114230450	114230810
100270613	100270973
1552701	1553061
119672091	119672451
143348209	143348569
31026064	31026424
118151049	118151409
27839641	27840001
134418284	134418644
55482095	55482455
152527592	152527952
106671216	106671576
79321640	79322000
100353392	100353752
118872253	118872613
32590220	32590580
41869879	41870239
5422568	5422928
8888685	8889045
43806054	43806414
296062	296422
51618473	51618833
159235121	159235481
2765521	2765881
103570900	103571260
42198019	42198379
78330032	78330392
44067795	44068155
26104255	26104615
85836648	85837008
5402632	5402992
119056477	119056837
148929748	148930108
84569381	84569741
126210464	126210824
118604967	118605327
135827416	135827776
166926048	166926408
62993743	62994103
76077780	76078140
144540242	144540602
36692369	36692729
27787493	27787853
130614916	130615276
42976882	42977242
135466088	135466448
33393710	33394070
56435547	56435907
161814863	161815223
163837832	163838192
74564733	74565093
42104146	42104506
30594306	30594666
82980510	82980870
151226939	151227299
152677843	152678203
50029791	50030151
135261987	135262347
123190574	123190934
33386205	33386565
52272199	52272559
53016467	53016827
135760074	135760434
15254174	15254534
38002094	38002454
152623080	152623440
24283187	24283547
149349951	149350311
303881	304241
117799572	117799932
150328266	150328626
87739462	87739822
132990779	132991139
72059085	72059445
54933994	54934354
139087069	139087429
80382389	80382749
106181427	106181787
30461536	30461896
1524186	1524546
43945057	43945417
55310420	55310780
44232598	44232958
79959969	79960329
80423438	80423798
165853406	165853766
131081181	131081541
133833574	133833934
43275890	43276250
32935316	32935676
126090972	126091332
89832322	89832682
53515933	53516293
128058069	128058429
55141547	55141907
130686432	130686792
57132838	57133198
136904179	136904539
118901984	118902344
24667215	24667575
13428475	13428835
138830547	138830907
24274739	24275099
33819672	33820032
5078555	5078915
71019784	71020144
40792055	40792415
31051758	31052118
27618610	27618970
24283416	24283776
97507348	97507708
33547878	33548238
119217708	119218068
39860307	39860667
40973865	40974225
167403123	167403483
84324701	84325061
149881781	149882141
37828027	37828387
133505952	133506312
74679711	74680071
94133348	94133708
105237733	105238093
31920118	31920478
160524371	160524731
131781062	131781422
36669332	36669692
127875579	127875939
99873699	99874059
62518935	62519295
57396701	57397061
126295419	126295779
35114166	35114526
159673852	159674212
13383848	13384208
160075568	160075928
6222374	6222734
49998688	49999048
110499774	110500134
56820677	56821037
118097617	118097977
74289964	74290324
29673426	29673786
31657314	31657674
70429489	70429849
12911582	12911942
126354763	126355123
2998565	2998925
121147404	121147764
139685556	139685916
112658368	112658728
108121783	108122143
72243544	72243904
30500262	30500622
107976474	107976834
111887085	111887445
151762069	151762429
68906565	68906925
88889525	88889885
131504062	131504422
79519876	79520236
140248488	140248848
141998747	141999107
82961686	82962046
170831886	170832246
30881777	30882137
70813704	70814064
46644992	46645352
167120518	167120878
29944207	29944567
151186584	151186944
93486875	93487235
10465880	10466240
86901843	86902203
17086621	17086981
149364591	149364951
159290967	159291327
148487518	148487878
2524392	2524752
18824050	18824410
3457273	3457633
31564774	31565134
54109230	54109590
25602617	25602977
18264895	18265255
112098563	112098923
33244882	33245242
64722135	64722495
143208004	143208364
33091488	33091848
155189180	155189540
39269401	39269761
166303560	166303920
38538557	38538917
129820133	129820493
12045220	12045580
101105608	101105968
160054228	160054588
63775947	63776307
138296826	138297186
120699735	120700095
167528548	167528908
143858456	143858816
88193796	88194156
72219831	72220191
43365748	43366108
116422011	116422371
114302106	114302466
20564405	20564765
51885772	51886132
120299460	120299820
56622476	56622836
75940222	75940582
24766958	24767318
157882641	157883001
130214860	130215220
133258527	133258887
96314619	96314979
80175986	80176346
7086665	7087025
25013499	25013859
10031215	10031575
147543685	147544045
36213473	36213833
36986507	36986604
49590755	49591115
14129772	14130132
24547479	24547839
122354782	122355142
101167763	101168123
164527528	164527888
34383054	34383414
4789466	4789826
154135274	154135634
107979083	107979443
146362425	146362785
89693274	89693634
133101963	133102323
118161840	118162200
34724236	34724596
18749592	18749952
71416233	71416593
157367015	157367375
49817296	49817656
105219148	105219508
56885915	56886275
55157914	55158274
99689799	99690159
4021788	4022148
96371416	96371776
106748842	106749202
40820808	40821168
10256328	10256688
3157724	3158084
157007678	157008038
100547360	100547720
145829341	145829701
5398702	5399062
36547399	36547759
26544199	26544559
104773518	104773878
37617759	37618119
94134024	94134384
97516088	97516448
126274186	126274546
33247737	33248097
80803753	80804113
74513511	74513871
4008671	4009031
19812756	19813116
36841402	36841762
13574304	13574664
135323411	135323771
117510019	117510379
142709377	142709737
163328903	163329263
139305477	139305837
11094165	11094525
64633044	64633404
29935518	29935878
156423281	156423641
25718398	25718758
16764763	16765123
47599024	47599384
97074626	97074986
127868413	127868773
130560125	130560485
143263973	143264333
142859011	142859371
52227321	52227681
105765712	105766072
71257015	71257375
1555305	1555665
105525776	105526136
76641779	76642139
4848898	4849258
16761763	16762123
136353144	136353504
14044383	14044743
99882839	99883199
16184374	16184734
129822015	129822375
151969120	151969480
106894179	106894539
157073686	157074046
56769362	56769722
136610312	136610672
7899237	7899597
55393443	55393803
126871508	126871868
43354274	43354634
106534052	106534412
40742708	40743068
20529372	20529732
85677096	85677456
158402379	158402739
31442691	31443051
10435312	10435672
3933323	3933683
155126435	155126795
8131500	8131860
35536743	35537103
26493552	26493912
161151975	161152335
95879484	95879844
126633428	126633788
90529949	90530309
151250048	151250408
69053818	69054178
143600569	143600929
166856698	166857058
107453582	107453942
84221545	84221905
24064364	24064724
154691675	154692035
114625490	114625850
43395140	43395500
31127094	31127454
41424072	41424432
32853461	32853821
138018484	138018844
110778786	110779146
32399736	32400096
50112723	50113083
29585918	29586278
145349400	145349760
26017904	26018264
109917127	109917487
42072066	42072426
130358408	130358768
30653174	30653534
7339370	7339730
913056	913416
26521879	26522239
98153393	98153753
74362278	74362638
133607927	133608287
28654191	28654551
13538341	13538701
83493547	83493907
41040849	41041209
126949308	126949668
31797758	31798118
79758342	79758702
35369978	35370338
42531414	42531774
37503431	37503791
87947578	87947938
149366569	149366929
129942426	129942786
89175484	89175844
140373902	140374262
28351364	28351724
84127634	84127994
162169844	162170204
110968184	110968544
152589403	152589763
84930565	84930925
163602226	163602586
149347668	149348028
25138410	25138770
86246800	86247160
16277555	16277915
32084491	32084851
70920187	70920547
112693419	112693779
50152764	50153124
15642576	15642936
129052317	129052677
40772750	40773110
43919018	43919378
46459519	46459879
112194404	112194764
52401121	52401481
108681758	108682118
116418187	116418547
12292594	12292954
117673644	117674004
106958423	106958783
72794676	72795036
70197612	70197972
53820889	53821249
4790732	4791092
593175	593535
166869838	166870198
168770930	168771290
11700369	11700729
168368805	168369165
9251024	9251384
3056242	3056602
28180182	28180542
129753857	129754217
97346917	97347277
71085643	71086003
51263606	51263966
138191871	138192231
24601131	24601491
107147317	107147677
90654523	90654883
28574528	28574888
33110936	33111296
101562498	101562858
130544672	130545032
69686197	69686557
117638456	117638816
37457582	37457942
70577211	70577571
122797304	122797664
6220973	6221333
47040737	47041097
2596516	2596876
109214613	109214973
108571682	108572042
190589	190949
120301023	120301383
157097522	157097882
28864821	28865181
160284310	160284670
123047707	123048067
3069100	3069460
113782426	113782786
126978708	126979068
63600958	63601318
3887688	3888048
37992120	37992480
33926350	33926710
119438070	119438430
83299514	83299874
128011276	128011636
165462875	165463235
112617338	112617698
36043492	36043852
83931620	83931980
57412284	57412644
56632717	56633077
123065407	123065767
20056635	20056995
44598148	44598508
159393412	159393772
116714603	116714963
85438346	85438706
129896454	129896814
7106964	7107324
127511737	127512097
25042747	25043107
80656008	80656368
29760157	29760517
36989480	36989840
44213879	44214239
30689076	30689436
109557596	109557956
8066379	8066739
160273966	160274326
69488515	69488875
24495378	24495738
12075446	12075806
81452195	81452555
126074814	126075174
118585156	118585516
159961219	159961579
8006480	8006840
121675923	121676283
97501728	97502088
152916707	152917067
13454822	13455182
158564752	158565112
4844333	4844693
31038491	31038851
52769407	52769767
50160543	50160903
147606227	147606587
137880909	137881269
91401546	91401906
31410338	31410698
53544198	53544558
129888547	129888907
135997017	135997377
137662999	137663359
133089319	133089679
145100296	145100656
28948868	28949228
99730321	99730681
1498964	1499324
88410546	88410906
117100735	117101095
37709758	37710118
155661522	155661882
35147256	35147616
8539696	8540056
41410421	41410781
39070053	39070413
133282784	133283144
19024996	19025356
89952365	89952725
100061266	100061626
155295619	155295979
81315130	81315490
12369957	12370317
143913503	143913863
72927860	72928220
159379791	159380151
34605854	34606214
138243043	138243403
2158810	2159170
36986143	36986503
72093592	72093952
15770487	15770847
24492734	24493094
17584630	17584990
154284491	154284851
43302253	43302613
99667643	99668003
117667304	117667664
56756575	56756935
145535640	145536000
116538219	116538579
38707317	38707677
41302467	41302827
31706181	31706541
161113437	161113797
157342452	157342812
99875102	99875462
121721966	121722326
34035613	34035973
157548828	157549188
140317604	140317964
15623796	15624156
143234693	143235053
57189331	57189691
12151099	12151459
558068	558428
104931118	104931478
149866281	149866641
156700055	156700415
91570951	91571311
2695729	2696089
71611040	71611400
133151385	133151745
104975645	104976005
167631754	167632114
54602112	54602472
86081901	86082261
127391027	127391387
164076249	164076609
26204510	26204870
70578132	70578492
157340163	157340523
160141650	160142010
90888960	90889320
389579	389939
157556646	157557006
53599798	53600158
41060182	41060542
32793681	32794041
137692568	137692928
64990457	64990817
37548718	37549078
50783176	50783536
41769147	41769507
121751592	121751952
144408960	144409320
69110287	69110647
159884486	159884846
46958676	46959036
24695803	24696163
2505891	2506251
164530804	164531164
27533540	27533900
109416223	109416583
55845409	55845769
163277826	163278186
96842603	96842963
24910492	24910852
111989597	111989957
71230337	71230697
77571198	77571558
41418891	41419251
77392557	77392917
131437915	131438275
144471841	144472201
11722470	11722830
35016591	35016951
25961991	25962351
30227513	30227873
119399919	119400279
16872825	16873185
170055025	170055385
137335013	137335373
56563849	56564209
161573944	161574304
57086381	57086741
106960181	106960541
70442539	70442899
101244302	101244662
26258515	26258875
103067504	103067864
21597186	21597546
83422578	83422938
118228031	118228391
4313170	4313530
156959091	156959451
39059957	39060317
3330425	3330785
15248283	15248643
151983109	151983469
24936120	24936480
91186251	91186611
42228699	42229059
134273018	134273378
128176752	128177112
33640591	33640951
89471515	89471875
143620730	143621090
83041191	83041551
68936376	68936736
36947090	36947450
52077857	52078217
109793650	109794010
34157908	34158268
88875707	88876067
157984754	157985114
119399062	119399422
36411886	36412246
112125775	112126135
34211643	34212003
144357564	144357924
52370573	52370933
169111300	169111660
100908439	100908799
167276165	167276525
108436942	108437302
43972880	43973240
51483344	51483704
16339247	16339607
33790386	33790746
20875611	20875971
1336482	1336842
143888655	143889015
105389330	105389690
89609298	89609658
4018617	4018977
143695189	143695549
166570429	166570789
218059	218419
170120303	170120663
110663189	110663549
99906238	99906598
80296315	80296675
107004277	107004637
33172947	33173307
26924618	26924978
139430718	139431078
132482451	132482811
146082691	146083051
20400650	20401010
7721856	7722216
165511687	165512047
166261483	166261843
36561881	36562241
32163358	32163718
90680387	90680747
31774346	31774706
54132624	54132984
70439770	70440130
1856765	1857125
15901463	15901823
156681090	156681450
150250557	150250917
39948800	39949160
87416179	87416539
28956289	28956649
163569118	163569478
162343825	162344185
86466703	86467063
100676564	100676924
11596192	11596552
22737529	22737889
12158953	12159313
159050282	159050642
1063062	1063422
167785183	167785543
90009281	90009641
56157408	56157768
25882483	25882843
86160070	86160430
10847914	10848274
73290119	73290479
31542087	31542447
150390347	150390707
129128724	129129084
96537091	96537451
154821983	154822343
97662978	97663338
96990593	96990953
13272809	13273169
166848958	166849318
113810513	113810873
143359976	143360336
149794586	149794946
51215100	51215460
160509415	160509775
91986055	91986415
30704689	30705049
78450087	78450447
38911766	38912126
52174961	52175321
166797211	166797571
163541267	163541627
55106032	55106392
87986851	87987211
30685249	30685609
89202590	89202950
79577464	79577824
73995449	73995809
133361140	133361500
67268054	67268414
38970866	38971226
123637888	123638248
134772703	134773063
116954890	116955250
167266196	167266556
146025336	146025696
329992	330352
88878153	88878513
40842277	40842637
32428409	32428769
106537889	106538249
111682857	111683217
121640161	121640521
85484441	85484801
30043530	30043890
153275527	153275887
111320875	111321235
1364413	1364773
110940063	110940423
29688699	29689059
17505189	17505549
42364501	42364861
56482831	56483191
154112254	154112614
7087328	7087688
6105880	6106240
100624516	100624876
35592185	35592545
13486136	13486496
2854405	2854765
86884903	86885263
110187204	110187564
54486104	54486464
112331567	112331927
106611291	106611651
101674758	101675118
167897748	167898108
31831620	31831980
125080529	125080889
14397410	14397770
45914142	45914502
43323652	43324012
30464409	30464769
48055208	48055568
138610936	138611296
6588517	6588877
408639	408999
3068421	3068781
145363698	145364058
72331678	72332038
52071867	52072227
31160980	31161340
98034264	98034624
79943241	79943601
67206564	67206924
7941090	7941450
63982305	63982665
93354071	93354431
126274738	126275098
5766482	5766842
158865260	158865620
109777020	109777380
141398825	141399185
29944840	29945200
107136075	107136435
14317376	14317736
126108941	126109301
139551642	139552002
37575762	37576122
33481011	33481371
24389513	24389873
107401296	107401656
122806064	122806424
95346776	95347136
104729207	104729567
131918570	131918930
162039871	162040231
32937810	32938170
74508240	74508600
144385064	144385424
118573669	118574029
45387221	45387581
18156136	18156496
126080194	126080554
146864418	146864778
68643205	68643565
56413789	56414149
10424255	10424615
125475921	125476281
43784935	43785295
73972903	73973263
26660281	26660641
137909567	137909927
108484454	108484814
96267878	96268238
41692866	41693226
78176250	78176610
89628777	89629137
135861621	135861981
47445654	47446014
38901248	38901608
75923457	75923817
109718231	109718591
85827955	85828315
71900466	71900826
107196305	107196665
102562258	102562618
551399	551759
42277500	42277860
152806761	152807121
48733041	48733401
116539275	116539635
57037277	57037637
34030586	34030946
81785756	81786116
160493391	160493751
32055392	32055752
5261199	5261559
135651677	135652037
135586428	135586788
34111711	34112071
52935536	52935896
16711814	16712174
69874819	69875179
26031956	26032316
63955839	63956199
110839485	110839845
52455134	52455494
7723430	7723790
132713960	132714320
138724538	138724898
120468641	120469001
109762368	109762728
1382260	1382620
162081940	162082300
136259734	136260094
408842	409202
157341009	157341369
135732505	135732865
169613008	169613368
167185994	167186354
138841634	138841994
33935779	33936139
139494378	139494738
36107187	36107547
37138476	37138836
110012552	110012912
89309266	89309626
50232756	50233116
106283239	106283599
21587665	21588025
32576224	32576584
118032547	118032907
157760432	157760792
155902040	155902400
127860468	127860828
107397071	107397431
37452981	37453341
107437746	107438106
45345755	45346115
38201966	38202326
40637129	40637489
6007908	6008268
159590238	159590598
37533429	37533789
159016287	159016647
38247230	38247590
165645217	165645577
135578810	135579170
157254553	157254913
43476054	43476414
108496642	108497002
131070525	131070885
96096519	96096879
135408523	135408883
27777885	27778245
148500952	148501312
3338166	3338526
84228837	84229197
157197413	157197773
1016083	1016443
44081209	44081569
894303	894663
137442734	137443094
69587014	69587374
43920420	43920780
119664397	119664757
31804481	31804841
4055684	4056044
158403885	158404245
33780486	33780846
108434632	108434992
26045721	26046081
7425187	7425547
34205739	34206099
161156429	161156789
21595461	21595821
70478603	70478963
115011831	115012191
12636520	12636880
31012108	31012468
153353357	153353717
135504038	135504398
159732678	159733038
33551365	33551725
151041968	151042328
15286165	15286525
36514695	36515055
152011419	152011779
116436927	116437287
134495760	134496120
1474379	1474739
132539240	132539600
157755948	157756308
152991036	152991396
109849179	109849539
167365060	167365420
137105047	137105407
98987722	98988082
86387062	86387422
57054851	57055211
42931609	42931969
36807645	36808005
57539397	57539757
31740612	31740972
41196357	41196717
41990185	41990545
53659088	53659448
35916519	35916879
16336688	16337048
8059385	8059745
30910341	30910701
28463865	28464225
158626332	158626692
13100099	13100459
89339540	89339900
147712064	147712424
168227198	168227558
14118126	14118486
64217033	64217393
71276690	71277050
52150050	52150410
32202670	32203030
16819922	16820282
31464711	31465071
82175608	82175968
33037199	33037559
26270795	26271155
96734356	96734716
126102589	126102949
46071276	46071636
75119206	75119566
78296637	78296997
50348755	50349115
83073183	83073543
128841684	128842044
127421905	127422265
137796290	137796650
161919503	161919863
51423895	51424255
74362848	74363208
159229580	159229940
16518474	16518834
144411526	144411886
73331869	73332229
127927244	127927604
20271048	20271408
34240343	34240703
52360672	52361032
153874791	153875151
32815663	32816023
32116517	32116877
51359094	51359454
110104507	110104867
38688129	38688489
150282857	150283217
123268525	123268885
351304	351664
110016715	110017075
114292240	114292600
132580276	132580636
32526460	32526820
130702956	130703316
29570788	29571148
76403266	76403626
106720867	106721227
26217335	26217695
170102087	170102447
42478545	42478905
167785441	167785801
16483205	16483565
106957266	106957626
69023849	69024209
64474215	64474575
158808070	158808430
29079935	29080295
30116990	30117350
43823914	43824274
12482666	12483026
93746580	93746940
91691832	91692192
96216426	96216786
86169897	86170257
55751002	55751362
25054176	25054536
24696009	24696369
58296838	58297198
167503667	167504027
156980453	156980813
77061033	77061393
19211531	19211891
132250422	132250782
686548	686908
13711620	13711980
136523527	136523887
17586101	17586461
123701442	123701802
114175870	114176230
37528187	37528547
35696027	35696387
90307640	90308000
158183634	158183994
112407813	112408173
38656215	38656575
131406133	131406493
42143639	42143999
135635722	135636082
162863751	162864111
130054454	130054814
161100433	161100793
126497421	126497781
13379029	13379389
154729991	154730351
6505441	6505801
80355702	80356062
75580278	75580638
92047743	92048103
115056291	115056651
112048905	112049265
88678394	88678754
16239837	16240197
34950055	34950415
35923748	35924108
39127473	39127833
104679907	104680267
80842670	80843030
36865418	36865778
166855316	166855676
130368709	130369069
43768803	43769163
35387295	35387655
119606138	119606498
77974766	77975126
97208079	97208439
150144212	150144572
22344105	22344465
31239351	31239711
161471473	161471833
15337875	15338235
157187328	157187688
55918585	55918945
88182987	88183347
99217409	99217769
140762440	140762800
99287647	99288007
37849096	37849456
28907629	28907989
53043884	53044244
6647140	6647500
143830104	143830464
37670084	37670444
109766612	109766972
11947301	11947661
166490107	166490467
33266008	33266368
104245611	104245971
148095905	148096265
143019917	143020277
143497243	143497603
39838772	39839132
134273226	134273586
39357043	39357403
126307623	126307983
118605902	118606262
85056069	85056429
73352935	73353295
63831072	63831432
44365604	44365964
136700060	136700420
3752195	3752555
107446130	107446490
156940064	156940424
90122280	90122640
125117002	125117362
42237059	42237419
170892865	170893225
10404185	10404545
351510	351870
166648653	166649013
35215515	35215875
49538473	49538833
166446025	166446385
90078789	90079149
44096125	44096485
158035101	158035461
3434821	3435181
161639233	161639593
123714472	123714832
44636079	44636439
117168379	117168739
32684190	32684550
108582485	108582845
98502363	98502723
136656016	136656376
34941308	34941668
132271614	132271974
133056168	133056528
34194797	34195157
5724636	5724996
170601007	170601367
138030773	138031133
30344245	30344605
16496515	16496875
16760161	16760521
4857091	4857451
3239650	3240010
27182379	27182739
109380829	109381189
16764969	16765329
227474	227834
155324714	155325074
143381524	143381884
103297751	103298111
167460360	167460720
31341979	31342339
166618420	166618780
579365	579725
101021095	101021455
62596516	62596876
159719919	159720279
114228354	114228714
149950295	149950655
124287090	124287450
147704075	147704435
37484319	37484679
524850	525210
106092085	106092445
112120798	112121158
24494903	24495263
138062042	138062402
148849439	148849799
120308110	120308470
31444495	31444855
31312842	31313202
163848837	163849197
109504367	109504727
160642479	160642839
5746656	5747016
106240995	106241355
1893979	1894339
27689108	27689468
122720445	122720805
13328298	13328658
107667977	107668337
10421338	10421698
149294959	149295319
13814315	13814675
137551598	137551958
17093937	17094297
100818168	100818528
144583700	144584060
3885863	3886223
3229732	3230092
10887036	10887396
56637750	56638110
12948245	12948605
37647887	37648247
37664549	37664909
139695367	139695727
137211338	137211698
51992725	51993085
11822551	11822911
44041666	44042026
167856863	167857223
6675112	6675472
87865360	87865720
18303030	18303390
142794290	142794650
149021217	149021577
87569273	87569633
40639860	40640220
169215328	169215688
30638531	30638891
150510310	150510670
52442212	52442572
155638369	155638729
126101387	126101747
35696823	35697183
116293767	116294127
8499776	8500136
117602099	117602459
12287578	12287938
28109528	28109888
88117708	88118068
132833576	132833936
98373377	98373737
39835387	39835747
16761992	16762352
28361682	28362042
40641236	40641596
90204161	90204521
29910435	29910795
142553630	142553990
169889964	169890324
121366063	121366423
119129933	119130293
21019882	21020242
119284143	119284503
31560368	31560728
139073144	139073504
98488083	98488443
144537975	144538335
347207	347567
167183981	167184341
3511694	3512054
42387633	42387993
31697872	31698232
125191748	125192108
27721806	27722166
3032116	3032476
4164358	4164718
56407430	56407790
17091388	17091748
55828111	55828471
3259632	3259992
15445233	15445593
13275856	13276216
25747178	25747538
75609069	75609429
74695738	74696098
43179768	43180128
31680079	31680439
3453649	3454009
36098430	36098790
96289482	96289842
34759210	34759570
43738897	43739257
11323834	11324194
18139136	18139496
21332298	21332658
34641868	34642228
38774040	38774400
149638973	149639333
31620504	31620864
149768129	149768489
75053537	75053897
108073170	108073530
43346424	43346784
24513808	24514168
157460512	157460872
63979336	63979696
46097780	46098140
158664935	158665295
42532984	42533344
170097235	170097595
158402580	158402940
130397646	130398006
152744408	152744768
114089179	114089539
90921969	90922329
123110635	123110995
36573669	36574029
119670641	119671001
158065391	158065751
147223466	147223826
86160271	86160631
16541424	16541784
11413504	11413864
5898783	5899143
13376015	13376375
17103996	17104356
6694577	6694937
100053104	100053464
43921455	43921815
139456817	139457177
11459073	11459433
92832481	92832841
30584665	30585025
83326354	83326714
113891869	113892229
164128458	164128818
4727846	4728206
36725069	36725429
77342991	77343351
1995992	1996352
26056161	26056521
161211022	161211382
142366606	142366966
31649222	31649582
73270745	73271105
39337873	39338233
32445561	32445921
31082832	31083192
5278334	5278694
162544785	162545145
73332455	73332815
113947324	113947684
291592	291952
138450298	138450658
64960058	64960418
56260286	56260646
141630416	141630776
157108832	157109192
33375127	33375487
156731808	156732168
41528753	41529113
154487265	154487625
624869	625229
148108719	148109079
73349687	73350047
151868415	151868775
27151072	27151432
1849056	1849416
31802704	31803064
161850988	161851348
36804164	36804524
152060086	152060446
3209348	3209708
2185811	2186171
156959294	156959654
146702643	146703003
44044062	44044422
46701757	46702117
44221428	44221788
159516699	159517059
6928317	6928677
27662003	27662363
149638167	149638527
11044869	11045229
108298371	108298731
38763366	38763726
33044409	33044769
38147005	38147365
3433321	3433681
31131504	31131864
133145682	133146042
149802997	149803357
128175126	128175486
118116376	118116736
31370092	31370452
170151286	170151646
25638153	25638513
153323575	153323935
88106676	88107036
32810297	32810657
51396315	51396675
52367998	52368358
57181495	57181855
41026127	41026487
6561094	6561454
113102469	113102829
116832472	116832832
158178364	158178724
20409589	20409949
17167578	17167938
30173891	30174251
12335943	12336303
42290460	42290820
129535225	129535585
64235150	64235510
121677721	121678081
113410325	113410685
116937297	116937657
64527006	64527366
85278690	85279050
114197767	114198127
7181860	7182220
21360514	21360874
96913153	96913513
5325553	5325913
116853381	116853741
119047171	119047531
126053663	126054023
43427375	43427735
108581159	108581519
1687020	1687380
4775960	4776320
28950505	28950865
156604201	156604561
5520359	5520719
97164146	97164506
79944084	79944444
17706380	17706740
112408544	112408904
80551810	80552170
113201017	113201377
30656429	30656789
156738542	156738902
144781715	144782075
43971203	43971563
138599457	138599817
100861006	100861366
157702595	157702955
31838139	31838499
