25314105	25314452
1124396	1124665
83660516	83660797
1728049	1728296
71553831	71554098
2443436	2443691
38321505	38321729
10020406	10020695
668050	668308
48965145	48965387
114468738	114469000
7072567	7072793
148788019	148788251
190861782	190862046
3445265	3445490
37604694	37604917
6976202	6976411
3482316	3482534
3108387	3108621
186518816	186519046
6000143	6000321
15957974	15958177
152283920	152284142
83350565	83350814
141445002	141445216
24421139	24421329
171180814	171181057
115729066	115729255
113558499	113558701
40910774	40910969
166052480	166052688
38732838	38733040
156708357	156708543
56814819	56815001
154006425	154006625
7803939	7804125
25989822	25990039
57410779	57411008
16918445	16918641
187123097	187123293
87843614	87843815
40926628	40926828
39979530	39979752
1695207	1695401
8178629	8178833
146478888	146479087
112204313	112204529
148440084	148440251
2221826	2222004
1160994	1161177
38181374	38181557
39137038	39137224
82272914	82273092
100870226	100870402
140216909	140217124
6875806	6875979
81990982	81991171
1345736	1345928
40327545	40327737
74439511	74439697
4490237	4490386
113445038	113445249
124485981	124486177
78016599	78016787
183859383	183859479
53411706	53411916
53777948	53778123
154354312	154354494
55185151	55185366
190825686	190825846
164465667	164465831
148629395	148629583
185089662	185089753
178171340	178171492
71370969	71371130
110354625	110354801
84031645	84031818
24490415	24490579
8470554	8470732
39978128	39978318
40311408	40311539
165701003	165701165
4996927	4997096
185926444	185926625
15884338	15884510
7805823	7806009
160367737	160367910
79565977	79566112
71467262	71467436
162173769	162173951
1901069	1901246
25441670	25441761
99977301	99977462
8243988	8244154
76837223	76837402
88072042	88072198
6329104	6329279
140572836	140572995
129112546	129112723
41663590	41663749
139840409	139840544
100326755	100326915
84412128	84412322
184183143	184183301
105781786	105781946
10462971	10463146
180788509	180788668
8919829	8919982
47124823	47124962
184328385	184328522
41884883	41885069
112996404	112996547
6722091	6722229
41694967	41695146
174179030	174179163
144695210	144695389
68193107	68193246
142228405	142228575
40721166	40721317
21767522	21767684
6548463	6548624
81105278	81105449
6021399	6021759
38862480	38862840
183846513	183846656
152722864	152723031
58293113	58293207
89436944	89437067
76649222	76649389
1811734	1811934
78161736	78161891
16003123	16003300
38677260	38677403
103266551	103266911
40319213	40319379
152020450	152020810
41283165	41283284
57167742	57167932
108939839	108940012
78539928	78540071
77101123	77101237
7989142	7989502
185185396	185185542
13655789	13655970
114199652	114199746
57666395	57666591
736499	736659
185021543	185021708
52762111	52762212
101014666	101014808
7763365	7763725
82388666	82388793
12634790	12634949
113243076	113243200
74312170	74312300
156363553	156363704
144480035	144480395
40843117	40843209
151164137	151164296
95327940	95328107
139602294	139602406
36352839	36352981
171296079	171296209
8609491	8609585
78124877	78125021
182449856	182449984
123638126	123638281
69364258	69364403
55100542	55100662
76498747	76498837
75094572	75094662
106395193	106395340
84173987	84174347
141174462	141174611
168998305	168998470
87419724	87420084
78306528	78306888
1748030	1748186
140578277	140578406
48580404	48580764
78522048	78522408
84181819	84181976
123499071	123499246
75800073	75800230
171774587	171774947
3039160	3039320
13658268	13658366
146155384	146155507
117279842	117279973
160124256	160124370
148978060	148978420
89580526	89580886
4184730	4184879
91236344	91236488
10583807	10583921
41214647	41215007
141805733	141805869
168543883	168544243
139951786	139952146
108658170	108658530
86669150	86669294
115580682	115580827
13550654	13550791
186055706	186055810
43134139	43134243
102090514	102090609
129375414	129375774
165653116	165653269
114873719	114873838
134067914	134068071
112563362	112563494
2765904	2766054
40899613	40899973
58057170	58057309
124694130	124694234
8405019	8405126
48277434	48277538
154049169	154049315
182064425	182064785
122383933	122384076
153421988	153422348
1630992	1631110
147163196	147163345
87417363	87417509
94712758	94713118
120971039	120971399
122405683	122406043
122229071	122229195
152038617	152038763
140020653	140020783
111437680	111437779
110343665	110343780
154671391	154671751
74122880	74123240
122821668	122821788
154265525	154265885
129784648	129785008
4337085	4337220
160408345	160408705
69241795	69241949
172955336	172955473
39697411	39697544
3347806	3348166
6136431	6136528
139792340	139792463
15397845	15398205
159651227	159651381
10551306	10551666
39471000	39471360
90032289	90032649
146530997	146531357
15651601	15651961
6252574	6252679
184761567	184761661
110971111	110971471
47688313	47688673
171059761	171060121
84565839	84566199
27012117	27012228
9764691	9765051
155473356	155473455
141782637	141782769
130283827	130284187
40058408	40058541
119786408	119786542
152197931	152198291
26030473	26030594
38070817	38071177
10016833	10017193
164471517	164471634
185666917	185667277
6332920	6333034
146877565	146877707
30382142	30382262
128322031	128322154
190714202	190714562
140452125	140452228
38858333	38858693
174415630	174415788
84561061	84561421
57702923	57703072
111236723	111236866
119903060	119903167
10556254	10556614
74999992	75000352
48318169	48318272
100729431	100729791
6333753	6334113
24981717	24982077
38063768	38063867
186942735	186943095
122173508	122173602
77679489	77679849
177044899	177045259
82834615	82834725
99916286	99916646
99388686	99389046
177968515	177968875
185960924	185961284
17638520	17638663
61066811	61067171
130562354	130562714
111132528	111132672
157889800	157889902
41890155	41890515
65024461	65024821
170534284	170534644
56733272	56733383
147016263	147016623
17550835	17550935
129730655	129731015
7103733	7104093
16207194	16207554
184183599	184183959
58030284	58030394
128508126	128508486
186104795	186105155
1731578	1731726
148511436	148511796
88894917	88895018
47670855	47671215
103220808	103221168
107423265	107423625
56212708	56212830
170969070	170969170
10539609	10539969
46650171	46650531
158899912	158900272
10159538	10159637
44450903	44451263
55083967	55084327
187071094	187071454
55099451	55099811
83995182	83995542
167942724	167943084
38761148	38761508
17449328	17449688
25182266	25182380
76498958	76499093
25769639	25769732
1750352	1750712
108104340	108104700
70746909	70747269
103352514	103352874
183727487	183727847
122113581	122113941
170731482	170731842
24688998	24689358
10015393	10015753
47492583	47492943
100384052	100384412
76988832	76989192
167086979	167087339
186959321	186959681
108834477	108834837
174338174	174338534
174427016	174427376
122647846	122648206
141281073	141281217
143048054	143048414
82765867	82766227
84430220	84430580
111440077	111440437
89299997	89300357
150902014	150902374
104020941	104021301
133563378	133563738
57904171	57904531
113156188	113156548
15731559	15731919
169844854	169845214
147164560	147164920
47838608	47838968
186226158	186226518
160096708	160097068
155539871	155540231
184393392	184393752
85180439	85180799
17473984	17474344
86291605	86291965
56178674	56179034
177972637	177972997
128460099	128460195
4670910	4671270
55189003	55189363
110215212	110215572
18595192	18595552
71049368	71049728
74595266	74595626
65404995	65405355
42997358	42997718
170540602	170540962
99860977	99861337
175635572	175635932
90175925	90176285
80838340	80838700
139011643	139012003
126234597	126234957
103178855	103179215
88600601	88600961
42867631	42867991
81123293	81123653
236040	236400
40151594	40151750
184177954	184178314
144296814	144297174
1066655	1067015
47928622	47928982
2980149	2980509
106392755	106393115
15459209	15459569
143274281	143274641
42284012	42284372
110624105	110624465
155903620	155903980
141772204	141772564
109493809	109493924
148082081	148082441
27686140	27686500
185203497	185203857
77973453	77973813
150835660	150836020
129495802	129496162
185459171	185459531
9705068	9705428
173813472	173813832
138956914	138957274
122871319	122871679
84203210	84203570
121640133	121640493
7337520	7337880
90080054	90080414
54670921	54671281
159546061	159546421
157090068	157090428
83206378	83206738
76816899	76817259
72049905	72050265
120550030	120550390
18690964	18691324
83189728	83190088
77965714	77966074
73168832	73169192
166034208	166034568
103967853	103968213
119274056	119274416
11767495	11767855
86718166	86718275
181587374	181587734
1349999	1350359
125183385	125183745
183994698	183995058
104836413	104836773
114315860	114316220
75236559	75236919
124024049	124024409
155547888	155548248
15233139	15233499
174222773	174223133
116773657	116774017
3049118	3049478
75857963	75858323
159593332	159593692
37979405	37979765
90148126	90148486
110327498	110327858
22899142	22899502
75600888	75601248
1550616	1550976
54572585	54572945
42282380	42282740
138741014	138741374
31372478	31372838
141559034	141559394
15758154	15758514
164469691	164470051
37391749	37391857
5814690	5815050
104012809	104013169
164676135	164676495
16445164	16445524
81911112	81911472
15807239	15807599
22390876	22391236
5401573	5401933
146538076	146538436
7845997	7846357
158125698	158126058
166414433	166414793
73370937	73371297
4432345	4432705
106441998	106442358
52697299	52697659
89594085	89594445
178476165	178476525
181585944	181586304
153767854	153768214
155947205	155947565
16796460	16796820
89133124	89133484
38784480	38784840
156275106	156275466
101017204	101017564
170414099	170414459
11430501	11430861
81973644	81974004
37454556	37454916
40918964	40919324
55094212	55094572
75177441	75177801
88156985	88157345
150185330	150185690
166385947	166386307
81283763	81284123
88274641	88275001
159176884	159177244
48292413	48292773
81961218	81961578
78279457	78279817
21790873	21791233
164509099	164509459
171912117	171912477
83123220	83123580
170407331	170407691
162241568	162241928
113525766	113526126
58029680	58030040
47034647	47035007
110919952	110920312
103953677	103954037
160868172	160868532
87816905	87817265
90355536	90355896
187058615	187058975
90822992	90823352
37568398	37568758
48129787	48130147
20396796	20397156
107160003	107160363
89739829	89740189
180228731	180229091
36401398	36401758
20775034	20775394
122865099	122865459
9766732	9767092
95542649	95543009
26062858	26063218
44631312	44631672
16027794	16028154
57826550	57826655
7772108	7772468
23137418	23137778
49034470	49034830
83642980	83643340
25047269	25047629
154239877	154240237
154004556	154004916
113859626	113859986
54063366	54063726
155728193	155728553
54796159	54796519
154064098	154064458
53454255	53454615
46846353	46846713
185231452	185231812
18368644	18369004
94685805	94686165
7721331	7721691
73567943	73568303
147837657	147838017
47935848	47936208
183838960	183839320
71424975	71425335
177711035	177711395
122198742	122199102
167013084	167013444
58308917	58309277
172767390	172767750
88954449	88954809
5826393	5826753
174673766	174674126
88014713	88015073
104855368	104855728
40982359	40982719
146540471	146540831
171510796	171511156
112864890	112865250
7083772	7084132
140150613	140150973
159174520	159174880
3882336	3882696
40230615	40230975
118998379	118998739
137785760	137786120
25927402	25927762
160376784	160377144
67953646	67954006
38036921	38037281
76769403	76769763
42570649	42571009
107819775	107820135
151749394	151749754
81287065	81287425
71875747	71876107
21770028	21770388
153656517	153656877
122924554	122924914
73885183	73885543
41216626	41216986
42373486	42373846
169945920	169946280
119963115	119963475
145064129	145064489
140374166	140374526
170487491	170487851
17349054	17349414
151130579	151130939
88296857	88297217
114682872	114683232
79533558	79533918
79873024	79873384
175553315	175553675
39183628	39183988
40978270	40978630
182222897	182223257
111891842	111892202
110926633	110926993
175077406	175077766
146075723	146076083
86005540	86005900
108951497	108951857
48548354	48548714
76215024	76215384
160685501	160685861
89945218	89945578
77120869	77121229
164602378	164602738
128918672	128919032
103370923	103371283
185427830	185428190
36189393	36189753
140524739	140525099
114015936	114016296
106062060	106062420
147940217	147940577
119202070	119202430
114992190	114992550
144320494	144320854
48111699	48112059
25843804	25844164
103930297	103930657
96077337	96077697
187112616	187112976
71410018	71410378
26331825	26332185
169075038	169075398
15240373	15240733
163418724	163419084
26460813	26461173
48035826	48036186
83383503	83383863
112775671	112776031
104707226	104707586
128653818	128654178
980926	981286
26070844	26071204
137558562	137558922
17818674	17819034
174209473	174209833
187508595	187508955
6676402	6676762
2600324	2600684
56275565	56275925
164253905	164254265
104986145	104986505
144942767	144943127
153375561	153375921
75054951	75055311
185172015	185172375
79513534	79513894
55549747	55550107
25443128	25443488
164476024	164476384
100732932	100733292
153329692	153330052
177298884	177299244
155543811	155544171
4254452	4254812
167515507	167515867
68154689	68155049
26083513	26083873
54774800	54775160
107290608	107290968
56050780	56051140
10166462	10166822
25236381	25236741
8596134	8596494
5791988	5792348
159588779	159589139
6335615	6335975
107250147	107250507
89140174	89140534
37795207	37795567
175143435	175143795
157966710	157967070
139103996	139104356
70689094	70689454
68414861	68415221
181749570	181749930
163090154	163090514
165898720	165899080
4109219	4109579
121898746	121899106
92034282	92034642
81136626	81136986
75548290	75548650
13629284	13629644
107187357	107187717
173946212	173946572
119191636	119191996
78520572	78520932
113686777	113687137
12726166	12726526
110219815	110220175
57291119	57291479
15480574	15480934
79785589	79785949
86068626	86068986
178260926	178261286
88906786	88907146
123573522	123573882
155427434	155427794
41959704	41960064
6265924	6266284
85425025	85425385
10895041	10895401
127525453	127525813
86965190	86965550
85671437	85671797
46933995	46934355
37385272	37385632
99064102	99064462
163959288	163959648
103546756	103547116
113554572	113554932
68198366	68198726
148905145	148905505
8268894	8269254
27693725	27694085
187218172	187218532
102651696	102652056
123498002	123498362
596444	596804
11425668	11426028
190833384	190833744
111552986	111553346
156730939	156731299
164405974	164406334
77351936	77352296
4509683	4510043
20420507	20420867
3011068	3011428
166458192	166458552
163969624	163969984
2188099	2188459
177262136	177262496
154555909	154556269
111432125	111432485
85450351	85450711
123679127	123679487
188527657	188528017
134241738	134242098
180949853	180950213
152682190	152682550
150920642	150921002
48946685	48947045
145708565	145708925
186989182	186989542
53881804	53882164
2933601	2933961
68776031	68776391
166017990	166018350
186392445	186392805
77669864	77670224
38759629	38759989
9533687	9534047
143204011	143204371
122577353	122577713
143946466	143946826
146950246	146950606
27002461	27002821
27049967	27050327
26326836	26327196
125243415	125243775
127326554	127326914
1912381	1912741
69041273	69041633
20249759	20250119
76633550	76633910
159417195	159417555
91340266	91340626
677740	678100
95517052	95517412
40552877	40553237
26412346	26412706
77905330	77905690
78880730	78881090
107971670	107972030
112952898	112953258
6919421	6919781
155480542	155480902
154564564	154564924
86678143	86678503
77426024	77426384
24477851	24478211
110725321	110725681
54467673	54468033
87574425	87574785
5823330	5823690
14789562	14789922
9125325	9125685
4691471	4691831
9002214	9002574
94631254	94631614
74300061	74300421
141531172	141531532
40845821	40846181
178362149	178362509
111436064	111436424
7193963	7194323
25146512	25146872
47706735	47707095
77299159	77299519
119693232	119693592
48018280	48018640
17113886	17114246
70036260	70036620
156874260	156874620
142632363	142632723
75186173	75186533
54357150	54357510
159771983	159772343
120992348	120992708
119145416	119145776
140418934	140419294
88386921	88387281
185932587	185932947
159777999	159778359
121077286	121077646
88760536	88760896
148764330	148764690
152966887	152967247
122291886	122292246
112981395	112981755
75397588	75397948
80497592	80497952
65578965	65579325
177297184	177297544
71517815	71518175
44585489	44585849
109414233	109414593
11721948	11722308
83819397	83819757
129486739	129487099
27320390	27320750
86890150	86890510
95225543	95225903
166277087	166277447
123523708	123524068
83281743	83282103
113249020	113249380
2956957	2957317
1279968	1280328
186064258	186064618
115054019	115054379
47841408	47841768
88418328	88418688
159093653	159094013
154495506	154495866
3944198	3944558
112552798	112553158
37972402	37972762
173123646	173124006
148328439	148328799
175041668	175042028
151881973	151882333
123653417	123653777
142054560	142054920
78354542	78354902
89290388	89290748
11220333	11220693
93308634	93308994
146761326	146761686
17810093	17810453
115101680	115102040
53242281	53242641
115307778	115308138
74528385	74528745
109755960	109756320
129301013	129301373
113020812	113021172
175240336	175240696
53531808	53532168
55837543	55837903
83934064	83934424
116011649	116012009
65647456	65647816
86339278	86339638
162177883	162178243
24474630	24474990
129703504	129703864
151219015	151219375
95048927	95049287
47566403	47566763
110254093	110254453
169930797	169931157
158913191	158913551
124312026	124312386
35409281	35409641
96087087	96087447
153561462	153561822
146137700	146138060
30716066	30716426
238276	238636
165805246	165805606
140933772	140934132
96431318	96431678
4261936	4262296
12853897	12854257
68612424	68612784
68737614	68737974
120207546	120207906
128400190	128400550
112858516	112858876
159091679	159092039
89460632	89460992
48143047	48143407
151788228	151788588
114702614	114702974
103541787	103542147
14873738	14874098
25995344	25995704
33062581	33062941
120548332	120548692
44496029	44496389
40929673	40930033
185905204	185905564
186555245	186555605
184319820	184320180
10624336	10624696
17325997	17326357
26134494	26134854
169104878	169105238
113683890	113684250
155250429	155250789
69137529	69137889
119811258	119811618
184642515	184642875
65450727	65451087
4763292	4763652
74730115	74730475
132351498	132351858
87144689	87145049
123835488	123835848
55299845	55300205
159114326	159114686
114276636	114276996
183730906	183731266
25368672	25369032
100806254	100806614
5461888	5462248
140540797	140541157
140973248	140973608
72579329	72579689
148018192	148018552
113153245	113153605
95311985	95312345
41695639	41695999
140337278	140337638
117521028	117521388
123852041	123852401
155424763	155425123
134075813	134076173
113872531	113872891
74207110	74207470
38186012	38186372
114249710	114250070
46331167	46331527
67987768	67988128
14255913	14256273
42304401	42304761
48005604	48005964
131257771	131258131
86149432	86149792
177198744	177199104
40738957	40739317
6909500	6909860
150931668	150932028
16266452	16266812
55827573	55827933
181370544	181370904
52751542	52751902
84692279	84692639
154463992	154464352
37804983	37805343
140576231	140576591
16291519	16291879
165859102	165859462
8170004	8170364
42521859	42522219
22412267	22412627
173934610	173934970
53848753	53849113
99014010	99014370
140088989	140089349
115615990	115616350
120235506	120235866
73334658	73335018
185204288	185204648
1261771	1262131
74519327	74519687
176868292	176868652
74459351	74459711
169864176	169864536
88770175	88770535
182490688	182491048
170232815	170233175
42819528	42819888
6111960	6112320
138532148	138532508
138045455	138045815
156893247	156893607
100482299	100482659
139443610	139443970
72136598	72136958
145533027	145533387
102518373	102518733
138654316	138654676
139497890	139498250
6078134	6078494
84827078	84827438
78915609	78915969
104936807	104937167
159937693	159938053
20424067	20424427
144829012	144829372
153306761	153307121
139476796	139477156
154566308	154566668
154706946	154707306
131729703	131730063
71601662	71602022
323894	324254
78783256	78783616
39448607	39448967
53849767	53850127
122657893	122658253
110348664	110349024
78394720	78395080
169506646	169507006
2956659	2957019
119604125	119604485
117101211	117101571
8430484	8430844
165621537	165621897
16510625	16510985
176875091	176875451
120134088	120134448
144403950	144404310
113774829	113775189
157598387	157598747
86048729	86049089
177885255	177885615
183399558	183399918
176458030	176458390
166264903	166265263
145095515	145095875
35935998	35936358
72095439	72095799
47664995	47665355
2714001	2714361
165856549	165856909
91041193	91041553
20686796	20687156
175685263	175685623
147466273	147466633
8548798	8549158
135683195	135683555
166033612	166033972
15807817	15808177
55874936	55875296
4526105	4526465
114557626	114557986
56995584	56995944
180978322	180978682
149919864	149920224
186017225	186017585
78980725	78981085
44762152	44762512
141251525	141251885
56187869	56188229
127144961	127145321
167090283	167090643
148600289	148600649
128886581	128886941
4727809	4728169
150292178	150292538
103531221	103531581
113687588	113687948
167245459	167245819
30717685	30718045
143761711	143762071
81046565	81046925
82326968	82327328
47512637	47512997
73887371	73887731
90359360	90359720
9661348	9661708
72392755	72393115
121730671	121731031
170208082	170208442
1339711	1340071
172571726	172572086
26861936	26862296
181679138	181679498
61671423	61671783
124319229	124319589
26789728	26790088
20315255	20315615
165870609	165870969
181478579	181478939
71793236	71793596
6703117	6703477
153381588	153381948
22692358	22692718
141516099	141516459
174341462	174341822
73192438	73192798
78739298	78739658
71570178	71570538
85499736	85500096
176031116	176031476
156292650	156293010
8689902	8690262
82393374	82393734
149952583	149952943
55307008	55307368
83976129	83976489
107122523	107122883
56412893	56413253
84283671	84284031
146857415	146857775
185084965	185085325
153700655	153701015
18077410	18077770
140971476	140971836
4147370	4147730
70555256	70555616
16200778	16201138
94709869	94710229
38806320	38806680
79963216	79963576
1312358	1312718
76916923	76917283
110747893	110748253
26721610	26721970
8194426	8194786
79875250	79875610
165669546	165669906
41965110	41965470
103184228	103184588
47004640	47005000
10405443	10405803
48089159	48089519
75242598	75242958
45455304	45455664
94818736	94819096
169838594	169838954
5052121	5052481
18023782	18024142
170695944	170696304
75973430	75973790
152525436	152525796
118369080	118369440
70022683	70023043
106587896	106588256
155271010	155271370
14751549	14751909
88140727	88141087
46273074	46273434
7297689	7298049
90579110	90579470
75596326	75596686
143768422	143768782
77432243	77432603
141247580	141247940
68566580	68566940
156717177	156717537
70482822	70483182
78386438	78386798
25793844	25794204
2950628	2950988
21471094	21471454
8887529	8887889
130265142	130265502
158138881	158139241
141293974	141294334
5636419	5636779
106418066	106418426
176976116	176976476
147045193	147045553
181071988	181072348
154570664	154571024
157299262	157299622
48908700	48909060
141664404	141664764
165918545	165918905
17764342	17764702
83773430	83773790
174911323	174911683
118621657	118622017
141281190	141281550
88774209	88774569
84249646	84250006
185828406	185828766
132013079	132013439
38895280	38895640
8322142	8322502
154077493	154077853
169931256	169931616
165638104	165638464
68064506	68064866
65873561	65873921
144452578	144452938
142267290	142267650
76043257	76043617
33161774	33162134
47385878	47386238
140613510	140613870
28688255	28688615
2674875	2675235
148846290	148846650
142079375	142079735
4679970	4680330
90870945	90871305
109102890	109103250
47465411	47465771
73904595	73904955
125255216	125255576
6682396	6682756
122017853	122018213
57534450	57534810
4521030	4521390
2957170	2957530
98905709	98906069
87927627	87927987
185018412	185018772
155003900	155004260
95092784	95093144
173751454	173751814
73161647	73162007
101293579	101293939
13656207	13656567
104350451	104350811
186561987	186562347
115963692	115964052
61329842	61330202
76357942	76358302
146101444	146101804
100919147	100919507
147263767	147264127
124580989	124581349
54568426	54568786
148854494	148854854
155254312	155254672
41218476	41218836
2355913	2356273
78499323	78499683
42752141	42752501
118055482	118055842
116155584	116155944
4482298	4482658
82327174	82327534
38834533	38834893
165689679	165690039
4577020	4577380
70762246	70762606
133254100	133254460
26321198	26321558
56420640	56421000
157034264	157034624
130850240	130850600
82181594	82181954
69770460	69770820
29224	29584
143641305	143641665
99849832	99850192
78230025	78230385
32464603	32464963
15964768	15965128
5981772	5982132
185928616	185928976
82840404	82840764
98908180	98908540
91278319	91278679
175795116	175795476
47707615	47707975
77222681	77223041
157031015	157031375
164028913	164029273
85372726	85373086
106636828	106637188
167173974	167174334
71814632	71814992
101770013	101770373
13432920	13433280
8963103	8963463
70183636	70183996
190895238	190895598
72806733	72807093
69890944	69891304
136339526	136339886
181830443	181830803
12731038	12731398
38073585	38073945
4882268	4882628
12680874	12681234
74173991	74174351
56915114	56915474
147261921	147262281
160113230	160113590
174238164	174238524
108661477	108661837
84503406	84503766
90562256	90562616
118933338	118933698
31675960	31676320
123231186	123231546
7196137	7196497
142142473	142142833
113444166	113444526
18044344	18044704
60026985	60027345
125033021	125033381
147162445	147162805
26163087	26163447
25865010	25865370
190123415	190123775
111507429	111507789
109604613	109604973
74177175	74177535
2464451	2464811
164933799	164934159
78042089	78042449
77008358	77008718
113187978	113188338
155265877	155266237
166622026	166622386
105372765	105373125
8888709	8889069
163420612	163420972
2698152	2698512
44929412	44929772
15008076	15008436
78287980	78288340
107958271	107958631
104399904	104400264
164944387	164944747
78339490	78339850
71397686	71398046
10091079	10091439
48683854	48684214
164586729	164587089
6089471	6089831
108074353	108074713
140682563	140682923
48447631	48447991
52708943	52709303
140148959	140149319
20430070	20430430
90479314	90479674
36826306	36826666
56602811	56603171
147259676	147260036
152565755	152566115
174458011	174458371
110899068	110899428
176174649	176175009
11420205	11420565
10076287	10076647
163864450	163864810
11807513	11807873
5712339	5712699
122743900	122744260
137990657	137991017
66731257	66731617
111880478	111880838
155558889	155559249
77029596	77029956
83723089	83723449
126204879	126205239
170192210	170192570
142623675	142624035
145493834	145494194
63575411	63575771
3454205	3454565
36415877	36416237
81514098	81514458
154497355	154497715
75756127	75756487
122121127	122121487
17470212	17470572
113441458	113441818
170074072	170074432
154945263	154945623
108655321	108655681
164600352	164600712
77705426	77705786
112085745	112086105
77654642	77655002
115305813	115306173
84914937	84915297
145277550	145277910
124916123	124916483
120411551	120411911
6887996	6888356
9497119	9497479
138782867	138783227
111430034	111430394
84096397	84096757
6779577	6779937
160025942	160026302
6785019	6785379
101342537	101342897
183849192	183849552
71181640	71182000
13543583	13543943
154153842	154154202
112768885	112769245
132565794	132566154
42298220	42298580
113435911	113436271
39412113	39412473
7158574	7158934
74312275	74312635
41855975	41856335
6550271	6550631
153357549	153357909
6200530	6200890
121765006	121765366
146696559	146696919
48559508	48559868
24553102	24553462
4386530	4386890
40632061	40632421
64583147	64583507
119890431	119890791
140655923	140656283
140485681	140486041
151138458	151138818
101856239	101856599
140223147	140223507
5144498	5144858
140430898	140431258
90403415	90403775
100298506	100298866
39660385	39660745
108275452	108275812
41992584	41992944
115701388	115701748
8586993	8587353
110495532	110495892
184521348	184521708
24516416	24516776
165834687	165835047
140538874	140539234
38904323	38904683
126663017	126663377
96956882	96957242
114823090	114823450
35726813	35727173
145496400	145496760
114830009	114830369
34722209	34722569
8588349	8588709
88191274	88191634
35910231	35910591
88976065	88976425
122617360	122617720
90407184	90407544
11625329	11625689
167422993	167423353
24737692	24738052
154457281	154457641
145675985	145676345
81142324	81142684
164456849	164457209
42280892	42281252
68854157	68854517
43778415	43778775
104420279	104420639
52892183	52892543
39963626	39963986
97091347	97091707
101828611	101828971
148784473	148784833
6046554	6046914
171638036	171638396
81282482	81282842
39437509	39437869
175286163	175286523
148966150	148966510
87819713	87820073
124320505	124320865
140554925	140555285
123749088	123749448
15164354	15164714
155700544	155700904
48907442	48907802
145982504	145982864
169926863	169927223
123139926	123140286
117589355	117589715
158435943	158436303
124582297	124582657
9383040	9383400
105273373	105273733
184544451	184544811
1914787	1915147
6912432	6912792
128983143	128983503
140690044	140690404
163761009	163761369
159181127	159181487
5806356	5806716
105852257	105852617
166272552	166272912
1815695	1816055
139859483	139859843
128990071	128990431
185644022	185644382
172706578	172706938
87857476	87857836
21514000	21514360
151881257	151881617
2245312	2245672
81540270	81540630
178588866	178589226
24033995	24034355
156450352	156450712
113438416	113438776
77548191	77548551
2789367	2789727
78079417	78079777
155269825	155270185
135856457	135856817
74123962	74124322
169842908	169843268
162341053	162341413
71767922	71768282
77816848	77817208
24990369	24990729
6345593	6345953
129141473	129141833
79438211	79438571
85088756	85089116
14126914	14127274
77968226	77968586
120988402	120988762
140105298	140105658
143771655	143772015
99666517	99666877
128709703	128710063
40307189	40307549
25859002	25859362
81256937	81257297
37782466	37782826
48191808	48192168
3785496	3785856
108679058	108679418
4695845	4696205
2283249	2283609
163786284	163786644
119345236	119345596
48343465	48343825
186514244	186514604
135391696	135392056
27177989	27178349
12725470	12725830
73993556	73993916
94786820	94787180
102711936	102712296
100039252	100039612
26180824	26181184
174202153	174202513
55250714	55251074
48272056	48272416
140006327	140006687
2965130	2965490
57774845	57775205
54519955	54520315
128526487	128526847
25532931	25533291
108015481	108015841
2537066	2537426
104915280	104915640
2415096	2415456
176813072	176813432
167941576	167941936
108981268	108981628
95178012	95178372
65955326	65955686
186049691	186050051
83196986	83197346
169435425	169435785
22608984	22609344
185064859	185065219
91214486	91214846
75895304	75895664
7039113	7039473
101663199	101663559
133148977	133149337
756325	756685
84202405	84202765
110899905	110900265
31047298	31047658
94079106	94079466
2963685	2964045
170191193	170191553
141348667	141349027
155775549	155775909
38762422	38762782
77172826	77173186
162623477	162623837
177563678	177564038
22436570	22436930
137752722	137753082
171011241	171011601
43474002	43474362
57522542	57522902
94120706	94121066
6894175	6894535
76579048	76579408
37070233	37070593
38875189	38875549
139416077	139416437
120480223	120480583
159499644	159500004
125865138	125865498
72598428	72598788
113135832	113136192
64429387	64429747
183564051	183564411
125634501	125634861
42770162	42770522
6682909	6683269
7044810	7045170
154052888	154053248
37803725	37804085
78288181	78288541
26057529	26057889
1769608	1769968
15738895	15739255
174113567	174113927
109093623	109093983
142175505	142175865
48131298	48131658
90946407	90946767
111424820	111425180
83139454	83139814
84205719	84206079
57493068	57493428
74537202	74537562
178302127	178302487
85892499	85892859
175976242	175976602
40840791	40841151
113066906	113067266
21792096	21792456
117624130	117624490
101232344	101232704
186266496	186266856
184365242	184365602
142575162	142575522
20546286	20546646
156679979	156680339
3325762	3326122
129964635	129964995
143804568	143804928
7723697	7724057
6475865	6476225
85391384	85391744
22131109	22131469
57442014	57442374
95254088	95254448
48067471	48067831
46888754	46889114
39529375	39529735
2632659	2633019
76813677	76814037
23335960	23336320
89627684	89628044
11408430	11408790
10738550	10738910
4596971	4597331
9900298	9900658
136292277	136292637
93084548	93084908
114279884	114280244
73752375	73752735
48945342	48945702
140619669	140620029
17174891	17175251
187394006	187394366
36245702	36246062
24397607	24397967
78274872	78275232
174281752	174282112
80219148	80219508
78619454	78619814
6193229	6193589
12846688	12847048
155320681	155321041
45444499	45444859
97273397	97273757
56310990	56311350
116794254	116794614
27862910	27863270
148447517	148447877
657465	657825
39461322	39461682
169239451	169239811
94290178	94290538
154266355	154266715
155471413	155471773
162485386	162485746
111265337	111265697
185570387	185570747
3436543	3436903
17563774	17564134
105452570	105452930
155176181	155176541
185379013	185379373
129306760	129307120
164512854	164513214
114594693	114595053
153319214	153319574
167761174	167761534
6043541	6043901
37717607	37717967
154080182	154080542
80162945	80163305
38995360	38995720
164477336	164477696
99850056	99850416
120221832	120222192
8017287	8017647
176955697	176956057
122618143	122618503
110580049	110580409
48781492	48781852
17513902	17514262
178801051	178801411
140626239	140626599
120707098	120707458
183010461	183010821
72419326	72419686
138984774	138985134
11490776	11491136
88426976	88427336
152533727	152534087
113120574	113120934
47485735	47486095
92038078	92038438
3420130	3420490
95047824	95048184
185204491	185204851
39031935	39032295
119805051	119805411
155337295	155337655
109031398	109031758
155235422	155235782
3138190	3138550
56301205	56301565
182503769	182504129
41260835	41261195
25941000	25941360
120375872	120376232
144508868	144509228
26585298	26585658
176481733	176482093
122033668	122034028
143796263	143796623
33091466	33091826
6711262	6711622
119585728	119586088
74008682	74009042
3749262	3749622
8202087	8202447
4854303	4854663
6666300	6666660
96126019	96126379
7153547	7153907
170712887	170713247
17281879	17282239
2932609	2932969
23968339	23968699
148721113	148721473
11499068	11499428
124048352	124048712
152838530	152838890
110573913	110574273
90790166	90790526
74904131	74904491
41646268	41646628
122245465	122245825
7187808	7188168
129761859	129762219
41793594	41793954
148654992	148655352
38133053	38133413
41727291	41727651
90519735	90520095
127027791	127028151
104723939	104724299
77904089	77904449
63460974	63461334
103462919	103463279
3076038	3076398
1003780	1004140
84376666	84377026
19226490	19226850
77602111	77602471
174755289	174755649
101955144	101955504
151967125	151967485
78649591	78649951
148468954	148469314
6689771	6690131
8240185	8240545
71603163	71603523
38320438	38320798
41753690	41754050
158726110	158726470
24810996	24811356
42406066	42406426
68539822	68540182
1580878	1581238
44427655	44428015
148758551	148758911
123371939	123372299
181536921	181537281
124271373	124271733
121971476	121971836
108964129	108964489
65899627	65899987
154684652	154685012
8942934	8943294
53728119	53728479
105822528	105822888
64394302	64394662
57556606	57556966
102007970	102008330
154409818	154410178
140004678	140005038
88372723	88373083
55524823	55525183
7847483	7847843
101497744	101498104
169631478	169631838
170929563	170929923
55837746	55838106
68784113	68784473
103747917	103748277
807713	808073
79844651	79845011
173588138	173588498
152687956	152688316
26821115	26821475
68589631	68589991
122386033	122386393
132380871	132381231
104128906	104129266
38787595	38787955
13600913	13601273
92934602	92934962
185208762	185209122
7069172	7069532
184679397	184679757
57049597	57049957
24978254	24978614
26938749	26939109
110720077	110720437
11072482	11072842
253040	253400
80741552	80741912
5721189	5721549
1608342	1608702
184523838	184524198
89447411	89447771
155213762	155214122
183783315	183783675
83763762	83764122
123145520	123145880
37189682	37190042
47947947	47948307
86580215	86580575
109052082	109052442
151897894	151898254
129596386	129596746
163566546	163566906
17649614	17649974
16272532	16272892
186130648	186131008
185393272	185393632
48087173	48087533
3951676	3952036
171257379	171257739
121840524	121840884
187641130	187641490
65403989	65404349
153277846	153278206
145505560	145505920
61625604	61625964
171119861	171120221
56025155	56025515
53038341	53038701
80954781	80955141
153523181	153523541
1237187	1237547
77644633	77644993
146790042	146790402
77167228	77167588
166300030	166300390
143906317	143906677
77966673	77967033
122148717	122149077
162175590	162175950
98074163	98074523
38730504	38730864
109056705	109057065
37884240	37884600
7966206	7966566
3986522	3986882
154439346	154439706
153705956	153706316
79590599	79590959
139936670	139937030
4329309	4329669
99034193	99034553
53100657	53101017
118955354	118955714
75718980	75719340
186145748	186146108
88464986	88465346
139498968	139499328
151590062	151590422
91048438	91048798
37684813	37685173
96614721	96615081
78071982	78072342
157721623	157721983
65180141	65180501
1086058	1086418
107796497	107796857
185256280	185256640
48298342	48298702
10262432	10262792
103749528	103749888
154713543	154713903
185249394	185249754
181761321	181761681
150818975	150819335
184760437	184760797
46276748	46277108
178297232	178297592
140005421	140005781
113445178	113445538
103421438	103421798
40310089	40310449
36211738	36212098
27704703	27705063
144257845	144258205
131975765	131976125
176727938	176728298
56502266	56502626
6000263	6000623
88312495	88312855
119460579	119460939
2965334	2965694
74531761	74532121
120414608	120414968
163692281	163692641
3195574	3195934
6988528	6988888
84067051	84067411
57687531	57687891
43884536	43884896
140728129	140728489
89735442	89735802
37827111	37827471
186652294	186652654
63510127	63510487
74117122	74117482
179196882	179197242
22238790	22239150
40631608	40631968
885620	885980
129219974	129220334
181874837	181875197
1858351	1858711
123748384	123748744
100536380	100536740
6551212	6551572
96283959	96284319
163880258	163880618
123221941	123222301
165938041	165938401
148517485	148517845
120585640	120586000
1721817	1722177
171900129	171900489
168211859	168212219
133478868	133479228
170644323	170644683
114683832	114684192
4250230	4250590
17126385	17126745
166252491	166252851
185190006	185190366
121693110	121693470
24981918	24982278
152204098	152204458
184425425	184425785
154500538	154500898
174092249	174092609
95439808	95440168
77135350	77135710
87955080	87955440
87831559	87831919
106067510	106067870
122342778	122343138
176430467	176430827
127504668	127505028
140443703	140444063
26129701	26130061
103996908	103997268
143581844	143582204
78275091	78275451
144106088	144106448
134404808	134405168
96558165	96558525
15965778	15966138
164737662	164738022
105614793	105615153
146857620	146857980
174153054	174153414
110650706	110651066
133513521	133513881
9929259	9929619
16279791	16280151
76623454	76623814
9705267	9705627
1359590	1359950
31795543	31795903
40435199	40435559
2757735	2758095
106117915	106118275
148631992	148632352
67554406	67554766
6171031	6171391
20301148	20301508
99368892	99369252
6181051	6181411
118350263	118350623
174512933	174513293
79669696	79670056
42400441	42400801
20307620	20307980
186953445	186953805
106553858	106554218
24046797	24047157
121776751	121777111
39063059	39063419
84187754	84188114
190893743	190894103
154128683	154129043
26869551	26869911
144006490	144006850
131227754	131228114
162563893	162564253
5379762	5380122
8112379	8112739
47111423	47111783
103525774	103526134
147019798	147020158
48590692	48591052
