41560992	41561311
39818952	39819284
79075557	79075854
43212670	43212967
78549166	78549431
37778241	37778505
36823836	36824085
17259424	17259667
35730530	35730803
32526998	32527256
55320532	55320810
25708038	25708333
60186863	60187155
27077146	27077409
40474800	40475093
41837794	41838057
45307155	45307415
27229981	27230342
74519214	74519462
36833339	36833592
62103169	62103457
3817193	3817437
55038343	55038602
32688565	32688831
30580108	30580337
55969894	55970121
42852208	42852455
76247004	76247301
48474849	48475082
34476411	34476638
72740796	72741023
45078575	45078815
47485409	47485646
40176967	40177184
76172701	76172925
66168618	66168818
27053910	27054141
48860575	48860809
26875217	26875476
36762667	36762927
43275228	43275491
62915535	62915774
47785661	47785885
48624288	48624550
36579979	36580216
5342446	5342717
80739718	80739925
46048088	46048322
19669872	19670081
48277943	48278313
34985803	34986004
43717795	43718026
7183945	7184158
43505496	43505722
7591410	7591646
65471609	65471837
43462978	43463196
42287773	42287991
48164871	48165122
7227592	7227793
10519913	10520138
9632444	9632658
72787651	72787878
2148141	2148347
56190471	56190705
30810576	30810775
40669547	40669794
41755339	41755571
17715608	17715814
77389468	77389663
65821449	65821670
41387194	41387426
21183388	21183610
27918735	27918959
58114544	58114758
74394171	74394373
46956379	46956607
18528994	18529246
38716599	38716802
46103843	46104048
72861074	72861268
30646541	30646752
3586326	3586579
72206613	72206824
20896268	20896495
37704225	37704424
56665087	56665317
17763610	17763815
72195830	72196048
47633777	47633976
39894307	39894515
7755146	7755355
8286514	8286771
73511886	73512103
47645280	47645498
1624170	1624373
31376909	31377096
4792431	4792634
12927854	12928065
37309199	37309417
7977019	7977237
16492731	16492929
2319416	2319621
48238902	48239128
54857661	54857851
8901430	8901614
39822241	39822440
16267145	16267369
3749555	3749771
74178348	74178545
42021407	42021610
1026386	1026580
80163784	80164006
39823296	39823517
48029938	48030126
41923714	41923893
46671325	46671515
41955987	41956179
76108769	76108980
34274163	34274361
18120779	18121002
4316555	4316747
73110202	73110386
65713821	65713987
30986424	30986635
46662831	46663007
80452641	80452848
48246724	48246908
27944211	27944419
75491093	75491318
78400735	78400939
61996665	61996856
6925405	6925596
55749354	55749561
46534708	46534898
79451408	79451598
30334256	30334459
72364472	72364664
655475	655689
74117545	74117763
7893561	7893766
27546527	27546695
39957904	39958123
7259407	7259606
76418230	76418364
74404722	74404924
19912506	19912693
46755879	46756058
37392028	37392240
48374826	48375011
45920505	45920707
10521538	10521719
25928838	25929036
65370809	65371008
48217316	48217520
36740692	36740897
63133280	63133505
37810189	37810391
2752136	2752338
75052413	75052612
45918621	45918814
1090566	1090784
49230610	49230809
73234852	73235040
72350286	72350469
34131830	34132033
66201456	66201667
37401082	37401268
48104253	48104461
30169651	30169799
40336220	40336414
76081138	76081337
62773058	62773237
37320960	37321153
16905168	16905374
33446876	33447062
8022140	8022332
27444226	27444423
71187676	71187860
27475925	27476135
58498892	58499077
55191513	55191725
66197002	66197213
71251915	71252035
46696009	46696215
29764361	29764572
7464378	7464577
38514814	38514995
53603847	53604030
18864224	18864367
10230986	10231164
43296345	43296527
40253662	40253857
66432622	66432840
47647434	47647683
72199622	72199819
19266256	19266436
33325300	33325461
29852483	29852660
33469285	33469473
74381907	74382111
40976264	40976488
43176588	43176778
55910790	55910982
77038544	77038724
47772911	47773043
25930252	25930439
47957939	47958152
56381715	56381928
26207140	26207346
36714430	36714625
42856539	42856742
16424697	16424859
40171928	40172103
74502528	74502731
42219085	42219271
61689695	61689866
72453758	72453941
6376552	6376759
72489583	72489762
25981789	25981958
46026674	46026871
48074023	48074222
36891453	36891644
899897	900043
44290364	44290545
36505089	36505280
37779779	37779966
27438934	27439116
71425627	71425775
25680878	25681057
40219363	40219567
74620050	74620248
75082644	75082844
77982263	77982457
36571050	36571229
42610975	42611125
32106197	32106372
17545216	17545412
48559935	48560099
38170072	38170250
72653626	72653836
73841382	73841551
76356913	76357071
40115078	40115251
28258472	28258660
30771237	30771417
40558128	40558321
73629074	73629262
36819451	36819615
48171695	48171875
80309754	80309965
45018300	45018432
26220358	26220559
77715833	77716002
6955451	6955613
63552512	63552872
28667226	28667348
73422473	73422656
76285940	76286146
6569406	6569597
47472467	47472646
32078266	32078428
17258305	17258484
80509811	80509976
77979667	77979856
26743939	26744124
76133510	76133686
27280618	27280813
43099439	43099600
75243242	75243402
70114841	70115019
54669888	54669996
26821796	26821977
38136800	38136931
48556025	48556205
43226579	43226758
39804240	39804410
31237021	31237197
46569942	46570131
73408770	73408918
59494313	59494479
34091152	34091341
27090822	27090987
75327608	75327787
2916378	2916531
34838910	34839117
38776281	38776454
42428217	42428399
57082342	57082523
74275714	74275807
20025037	20025212
40679345	40679529
58716222	58716406
4323999	4324164
45019977	45020159
21023031	21023208
77397284	77397472
40915549	40915735
74010382	74010551
40730530	40730711
1958237	1958407
47257668	47258028
7039698	7039789
77042045	77042204
16318348	16318537
45967395	45967558
26132556	26132704
70982396	70982488
41751248	41751425
41771834	41771977
41150112	41150254
48075740	48075873
56495087	56495190
79700835	79701010
17343411	17343559
39804949	39805155
46024347	46024515
55935269	55935629
1268839	1268995
45776248	45776448
5140946	5141100
41471427	41471562
2256417	2256617
8313687	8313836
4468969	4469103
47304882	47305052
34135973	34136119
61502844	61502998
72086129	72086266
32869838	32870009
46882314	46882481
74462164	74462283
2689639	2689821
36204466	36204618
39852302	39852468
38269471	38269646
33866498	33866649
32747421	32747557
73746054	73746234
2731724	2732084
46102495	46102670
8204072	8204242
4785430	4785570
60143326	60143686
8689244	8689405
61484256	61484356
66395281	66395435
38183375	38183525
38511271	38511631
53591493	53591618
10534491	10534646
17822617	17822773
80111843	80112018
47300930	47301096
32498319	32498496
17632972	17633332
77720044	77720228
67603403	67603519
49538994	49539094
56524978	56525132
8013679	8013835
36600443	36600607
19417320	19417488
77083780	77083954
43930189	43930339
7080843	7081012
61556359	61556532
5095214	5095372
16356629	16356815
66007363	66007526
78169971	78170069
34890295	34890420
38518941	38519095
37363303	37363485
35404960	35405320
71152459	71152620
73649155	73649312
42942526	42942886
30228751	30228932
79995198	79995368
8897651	8897783
59489869	59489977
10549822	10549975
40831914	40832005
28431612	28431785
31264035	31264196
40972099	40972226
38959770	38960130
55825056	55825191
7816339	7816515
32473612	32473733
5610273	5610447
64563452	64563589
79827186	79827546
44026539	44026639
26083892	26084014
72297415	72297558
72766979	72767128
75538900	75539007
48347600	48347704
20130171	20130305
27507378	27507533
3641077	3641259
17217020	17217180
64902917	64903076
37910550	37910662
57407069	57407198
31204325	31204498
34296624	34296763
45741823	45741931
47938578	47938713
76704712	76704862
46680074	46680178
49841880	49841979
79215525	79215687
12935222	12935384
25563884	25563989
7199838	7199978
53434198	53434333
57518255	57518345
73400382	73400531
8798360	8798508
44079962	44080157
27966680	27966796
80512411	80512580
7646970	7647157
27907425	27907576
36151471	36151576
63096763	63096922
62645378	62645495
38268044	38268166
73901178	73901269
70556348	70556708
19350489	19350652
37331297	37331424
43210660	43210793
42997375	42997735
72954180	72954275
56327011	56327371
19648287	19648453
53426263	53426407
58513399	58513529
34400014	34400117
8062186	8062328
10130317	10130433
16894821	16894957
70723919	70724072
3767058	3767231
55629664	55630024
39705600	39705771
36665691	36665854
27945080	27945247
28663740	28663839
38597226	38597586
34074593	34074730
44913353	44913489
27940579	27940711
77387992	77388134
10748481	10748841
32965375	32965524
58220400	58220501
46748996	46749356
1477828	1477973
7463799	7463889
1533402	1533544
67522260	67522387
64711936	64712088
70553175	70553325
76861917	76862049
72375643	72375788
62384333	62384462
3730632	3730728
79265699	79265802
57388455	57388595
1552195	1552355
38347869	38348229
57598947	57599107
42245914	42246067
31325447	31325607
6339422	6339574
40268731	40269091
14205886	14206246
42408826	42408950
41654160	41654253
79977907	79978079
56655127	56655219
65796684	65796778
38231902	38232011
73197913	73198095
7983376	7983483
61045838	61046198
3907911	3908271
33860446	33860596
76493178	76493538
5490867	5490979
71994869	71995019
26087085	26087445
40333320	40333680
74677331	74677691
80382452	80382812
47392957	47393076
46385283	46385412
67231722	67231840
19549344	19549457
75092665	75092813
3978257	3978386
28804290	28804384
63290422	63290518
73267313	73267473
3438885	3439029
78997695	78997839
36061563	36061697
7738288	7738389
36648389	36648569
4118718	4118834
56406745	56407105
48919334	48919465
73844631	73844721
38115347	38115456
61926470	61926830
9195627	9195753
59713403	59713545
75768614	75768729
43662427	43662787
17045305	17045416
43313054	43313414
72172958	72173088
41987526	41987886
10675749	10676109
1235964	1236106
26578735	26578892
79988462	79988575
75426280	75426413
44331268	44331435
66756137	66756248
56277403	56277763
34959343	34959703
55860768	55860877
56595939	56596299
4693275	4693442
55087494	55087619
63227945	63228072
33639835	33639942
18151560	18151920
43909503	43909863
20946836	20947196
70721628	70721988
46095796	46095966
8041987	8042154
32001758	32001891
56296569	56296929
57243266	57243626
48439492	48439587
49027702	49028062
72433941	72434031
43971702	43971811
59467322	59467682
53373419	53373516
73102032	73102127
9828177	9828295
56394872	56394981
35062705	35062849
43229380	43229740
73500463	73500614
12906431	12906791
34176612	34176721
1572732	1572861
35754734	35754902
77813530	77813890
40995495	40995619
77944621	77944747
13498212	13498331
4965820	4965971
48707946	48708306
46055853	46055979
38242712	38243072
41843807	41844167
78075170	78075293
61775252	61775612
6817159	6817519
38689551	38689911
76010059	76010190
25896321	25896681
8649414	8649542
45393196	45393289
28106383	28106502
15406256	15406346
58798118	58798478
1961812	1962172
30936130	30936490
48275604	48275964
7340309	7340669
73857506	73857622
2285956	2286109
46151864	46151964
76130437	76130797
47512416	47512776
54793252	54793612
8286825	8286949
39735928	39736071
79917643	79917767
53679149	53679509
58678506	58678866
78840130	78840278
39478590	39478950
15160663	15161023
4103195	4103341
37886683	37887043
4812377	4812737
62398420	62398780
74864365	74864494
73127446	73127806
25978447	25978807
42281035	42281395
40873144	40873246
17400117	17400477
46114320	46114680
25676097	25676457
74723105	74723465
17517019	17517379
61483166	61483267
7960982	7961342
5972347	5972447
38358168	38358323
67519415	67519775
62067892	62068011
71366169	71366263
37790754	37790878
54897019	54897379
46713818	46714178
38473598	38473958
12933743	12934103
65289937	65290087
73597379	73597530
44121812	44121952
80194240	80194600
80732853	80733213
72562416	72562511
6325348	6325708
41957724	41958084
37388434	37388526
76839541	76839631
10517897	10518257
27697227	27697403
3747253	3747613
46208715	46208832
25572391	25572505
70536482	70536842
74812615	74812975
7725998	7726358
12645730	12645854
37139490	37139588
4806992	4807100
16331526	16331641
8894825	8895185
32052723	32053083
73621980	73622340
41597931	41598291
73749847	73749960
29395375	29395735
49034164	49034524
75396659	75397019
49244413	49244773
37395841	37396201
62935005	62935365
159220	159325
26973883	26974243
44899683	44900043
262017	262377
50184158	50184261
19241411	19241771
36886201	36886561
21219849	21220209
48894595	48894955
77078739	77079099
73319249	73319371
41411571	41411931
80279315	80279675
44364196	44364307
16440182	16440542
56422210	56422570
65383092	65383452
38324713	38324827
48192394	48192490
76967491	76967581
46088680	46089040
29046459	29046601
74711056	74711201
47445780	47446140
29042264	29042358
40833231	40833591
56077017	56077107
40374161	40374521
65599128	65599488
79568705	79568798
75062878	75063238
45854084	45854206
48157024	48157384
66768125	66768215
43209200	43209560
61959659	61959768
53795508	53795868
54731314	54731674
73996514	73996874
7766105	7766195
65685691	65686051
33416344	33416704
59914607	59914967
10199055	10199415
43354688	43354836
55675182	55675542
79979009	79979369
42192984	42193344
40580435	40580795
59049140	59049500
62359335	62359695
73779443	73779803
1933914	1934274
12083995	12084355
20224102	20224462
28348743	28349103
27451077	27451437
25659869	25660229
30469301	30469404
26867875	26867984
17794333	17794693
11547605	11547965
28420555	28420915
48929444	48929804
66462281	66462641
4207712	4208072
42600552	42600912
34982332	34982692
30465920	30466280
1179455	1179815
71706306	71706666
16819283	16819643
47929135	47929495
1418932	1419292
884292	884652
21416242	21416602
16776534	16776894
74543421	74543781
6908118	6908478
44264452	44264545
47109620	47109800
49134118	49134478
31847434	31847794
46891783	46892143
7997285	7997424
47573741	47574101
57297703	57298063
12159713	12160073
8279924	8280284
44272306	44272666
72598146	72598506
48350505	48350865
55017264	55017624
2951979	2952339
1956833	1957193
45879772	45880132
9891139	9891499
39846059	39846419
49399755	49400115
42423117	42423477
38459258	38459618
56072780	56073140
47113399	47113759
60781098	60781458
16593200	16593560
62957947	62958307
27472346	27472706
53719155	53719515
60749638	60749998
37225622	37225982
41176414	41176774
42072294	42072654
21360353	21360713
62487189	62487549
29716382	29716742
76441673	76442033
75084627	75084987
36489557	36489917
29024903	29025263
7963510	7963870
12449216	12449576
79227115	79227475
74553497	74553857
698072	698432
65374791	65375151
64724201	64724305
29835237	29835597
62028325	62028685
36641109	36641469
28134786	28135146
16189125	16189485
17472027	17472387
61904853	61905213
4890594	4890954
74454656	74455016
47634763	47635123
20943463	20943823
72956769	72957129
40315064	40315424
78962758	78963118
72957677	72958037
77682417	77682777
72732854	72733214
46801881	46802241
7944691	7945051
43669847	43669949
76989236	76989596
49613214	49613574
17584379	17584739
78056472	78056832
41081282	41081642
78873146	78873506
1358527	1358887
7920013	7920373
74554581	74554941
62024124	62024484
62368636	62368996
80372422	80372782
38718164	38718524
65775123	65775483
67605665	67606025
40700182	40700542
63194886	63195246
48255754	48256114
40825906	40826266
33939932	33940292
6814321	6814681
19896074	19896434
72858385	72858745
9809236	9809596
4883865	4884225
43312045	43312405
80258662	80259022
7518170	7518530
14829872	14830232
46962186	46962288
67565173	67565533
61988953	61989313
73236716	73237076
78955108	78955468
1968303	1968663
39643033	39643393
7426394	7426754
30788748	30789108
73743868	73744228
6949071	6949431
4152663	4153023
73126786	73127146
16289952	16290312
32254848	32255208
66773542	66773902
72777004	72777364
36130921	36131281
48703508	48703868
73167909	73168269
37824681	37825041
1162393	1162753
4934661	4935021
66459117	66459477
73286090	73286450
61912233	61912593
73826157	73826517
45693214	45693574
46452010	46452370
8657145	8657505
79116505	79116865
42118813	42119173
4469988	4470348
12299094	12299454
26940296	26940656
72733730	72734090
47781252	47781612
40464219	40464579
62493416	62493776
55817300	55817660
69469345	69469705
38589937	38590297
55208291	55208651
9432363	9432723
65268697	65269057
53813185	53813545
39120123	39120483
10640396	10640756
38771821	38772181
15901804	15902164
27864010	27864370
66053628	66053988
35596642	35597002
79407811	79408171
59628535	59628895
46413268	46413628
74001708	74002068
62503526	62503886
45331101	45331461
13241121	13241481
44270659	44271019
49376155	49376515
43348218	43348578
25926871	25927231
67390861	67391221
20847573	20847933
65555467	65555827
66610101	66610461
1786079	1786439
38020436	38020796
29885660	29886020
9868941	9869301
39573756	39574116
40555220	40555580
60498734	60499094
21414906	21415266
15732022	15732382
31110536	31110896
40270623	40270983
41089755	41090115
8024897	8025257
46337059	46337419
9305919	9306279
26971034	26971394
27292621	27292981
48556855	48557215
35887370	35887730
57830829	57831189
77808757	77809117
53082945	53083305
29700189	29700549
7535766	7536126
17936834	17937194
78944200	78944560
7255645	7256005
18467398	18467758
5100250	5100610
62106247	62106607
57824239	57824599
7124178	7124538
27618183	27618543
77898183	77898543
80872165	80872525
80064132	80064492
9793425	9793785
79486358	79486718
62210977	62211337
77763667	77764027
4636505	4636865
1768761	1769121
27570748	27571108
56249839	56250199
43472469	43472829
73774975	73775335
20284596	20284956
38571617	38571977
12245961	12246321
8735970	8736330
39065538	39065898
36175910	36176270
44859629	44859989
75262909	75263269
42201248	42201608
18044542	18044902
16487543	16487903
27894753	27895113
46429178	46429538
10587172	10587532
60501137	60501497
33569310	33569670
11839142	11839502
34091618	34091978
37828440	37828800
7118174	7118534
7492619	7492979
7418093	7418453
56788337	56788697
48133795	48134155
6316364	6316724
72280807	72281167
38606445	38606805
50460860	50461220
6904908	6905268
77848185	77848545
46338637	46338997
27206063	27206423
25533492	25533852
29151547	29151907
77015612	77015972
48194540	48194900
72642432	72642792
36478031	36478391
5152864	5153224
31365669	31366029
64161684	64162044
29152975	29153335
38446982	38447342
69760668	69761028
46188495	46188855
31203572	31203932
2073366	2073726
57930593	57930953
10261105	10261465
7892032	7892392
73823626	73823986
20923499	20923859
39967827	39968187
46868402	46868762
42749906	42750266
73760625	73760985
37080195	37080555
7117140	7117500
49938331	49938691
71307067	71307427
39652987	39653347
2185565	2185925
58647135	58647495
42453418	42453778
53626520	53626880
8085240	8085600
54756532	54756892
37248538	37248898
14331	14691
64669959	64670319
54556209	54556569
28422710	28423070
77384584	77384944
47857064	47857424
71952746	71953106
42084439	42084799
9480492	9480852
32846322	32846682
19372698	19373058
9425414	9425774
56354479	56354839
63984138	63984498
7036795	7037155
28926991	28927351
61934422	61934782
55813071	55813431
41995114	41995474
45820006	45820366
68632683	68633043
17888899	17889259
41416285	41416645
47625882	47626242
2833383	2833743
42477584	42477944
9862686	9863046
1617133	1617493
17291396	17291756
3551101	3551461
10779276	10779636
74835802	74836162
66259189	66259549
53045452	53045812
6918010	6918370
62733031	62733391
72919587	72919947
55536456	55536816
79014604	79014964
46292939	46293299
48940724	48941084
62141102	62141462
27899850	27900210
20020001	20020361
80921078	80921438
48228324	48228684
44919179	44919539
37417587	37417947
67354841	67355201
25936639	25936999
71185710	71186070
2578595	2578955
72357614	72357974
68164176	68164536
77184048	77184408
27243392	27243752
39942556	39942916
73851940	73852300
65571545	65571905
44920264	44920624
77061187	77061547
57394261	57394621
5495731	5496091
37732487	37732847
80829368	80829728
2946992	2947352
782844	783204
235887	236247
76795064	76795424
38095816	38096176
65626057	65626417
1812004	1812364
73873887	73874247
20811610	20811970
77785137	77785497
65356000	65356360
33445049	33445409
65959357	65959717
3838361	3838721
15074781	15075141
38599971	38600331
42643208	42643568
35866788	35867148
30789343	30789703
80725043	80725403
27003016	27003376
49448977	49449337
38555354	38555714
1436542	1436902
57976492	57976852
75007254	75007614
74449195	74449555
46340363	46340723
21003033	21003393
27911978	27912338
79504594	79504954
75497161	75497521
45867405	45867765
73585059	73585419
7576576	7576936
3505835	3506195
34303027	34303387
13951457	13951817
74428800	74429160
78226738	78227098
34336397	34336757
72292762	72293122
62843956	62844316
49512981	49513341
80626406	80626766
39485627	39485987
20549948	20550308
56618600	56618960
40611275	40611635
46157549	46157909
59488131	59488491
35969497	35969857
65624863	65625223
4634948	4635308
20704872	20705232
14115111	14115471
16208088	16208448
44953813	44954173
57991644	57992004
37025452	37025812
66907863	66908223
32291362	32291722
61943443	61943803
81153257	81153617
28353697	28354057
15164055	15164415
42431925	42432285
32013219	32013579
47296999	47297359
66968286	66968646
32408307	32408667
3635495	3635855
61072682	61073042
35577491	35577851
42988427	42988787
56162065	56162425
62598530	62598890
48504802	48505162
34309065	34309425
54396905	54397265
73671000	73671360
77948629	77948989
66016062	66016422
61773929	61774289
47368121	47368481
27470963	27471323
2740524	2740884
32889413	32889773
8099298	8099658
64251162	64251522
12570700	12571060
42295667	42296027
43361519	43361879
31003481	31003841
27579224	27579584
55198705	55199065
959285	959645
38948061	38948421
42017936	42018296
4613130	4613490
17651510	17651870
79174623	79174983
28452289	28452649
48578451	48578811
78710889	78711249
73266428	73266788
7982552	7982912
42956016	42956376
57936807	57937167
53070421	53070781
77818595	77818955
7298264	7298624
76015470	76015830
10657449	10657809
38632404	38632764
76765232	76765592
9458131	9458491
35111896	35112256
56288286	56288646
39844245	39844605
58719131	58719491
1998276	1998636
41363861	41364221
49078420	49078780
53847653	53848013
65196841	65197201
49717420	49717780
68763244	68763604
80202166	80202526
13501054	13501414
80055938	80056298
45578019	45578379
62093512	62093872
72915528	72915888
76134048	76134408
73748957	73749317
56598198	56598558
35850153	35850513
8126627	8126987
67242959	67243319
63790648	63791008
603763	604123
1945154	1945514
73520944	73521304
19300778	19301138
78623837	78624197
45794808	45795168
46955533	46955893
53828357	53828717
27175701	27176061
35930632	35930992
73629907	73630267
3920724	3921084
6605110	6605470
961660	962020
63023395	63023755
65078356	65078716
70385193	70385553
25524555	25524915
42296390	42296750
15429842	15430202
79296579	79296939
43173534	43173894
73891404	73891764
46145943	46146303
29844571	29844931
21142999	21143359
28563856	28564216
9648226	9648586
66427912	66428272
55518201	55518561
36917906	36918266
29339772	29340132
33219892	33220252
25782871	25783231
5608347	5608707
59436219	59436579
3350977	3351337
7339086	7339446
77782478	77782838
4859981	4860341
62488639	62488999
1687303	1687663
6551528	6551888
15752375	15752735
73616045	73616405
7155623	7155983
40591152	40591512
25715392	25715752
68140412	68140772
73585535	73585895
53604890	53605250
18086752	18087112
9885484	9885844
11890270	11890630
36715685	36716045
5210674	5211034
9023807	9024167
71581682	71582042
62294074	62294434
59660629	59660989
73073737	73074097
47269197	47269557
7089619	7089979
74789863	74790223
4923015	4923375
8023820	8024180
1074022	1074382
32276166	32276526
69955256	69955616
36890074	36890434
902351	902711
40729674	40730034
81153549	81153909
28605081	28605441
63274417	63274777
6797496	6797856
31268453	31268813
2610955	2611315
41402027	41402387
58217220	58217580
65938895	65939255
61966855	61967215
7761779	7762139
18046372	18046732
1171667	1172027
45810322	45810682
50248324	50248684
4529267	4529627
29020781	29021141
70026548	70026908
28539720	28540080
40683818	40684178
64196736	64197096
78335288	78335648
43126597	43126957
18720064	18720424
73923428	73923788
18223159	18223519
73872424	73872784
56564842	56565202
7760251	7760611
65374202	65374562
14099916	14100276
17897601	17897961
37683515	37683875
42441047	42441407
26753285	26753645
66770394	66770754
26560218	26560578
13017839	13018199
38375295	38375655
10600756	10601116
42175546	42175906
21032310	21032670
59486923	59487283
74456599	74456959
76113473	76113833
52831856	52832216
36444191	36444551
74299202	74299562
19665822	19666182
66790679	66791039
59079662	59080022
20752152	20752512
52968634	52968994
1532333	1532693
80872854	80873214
18601413	18601773
72529209	72529569
46220962	46221322
58308484	58308844
40672532	40672892
40111663	40112023
48628166	48628526
79885817	79886177
18615674	18616034
30393849	30394209
55945593	55945953
29593070	29593430
47921132	47921492
16654530	16654890
1986839	1987199
28530442	28530802
65154260	65154620
79642938	79643298
4690552	4690912
79071191	79071551
74121205	74121565
62923684	62924044
61787737	61788097
60562365	60562725
57638380	57638740
42856666	42857026
33390570	33390930
75370483	75370843
62770527	62770887
72208947	72209307
78098129	78098489
45899084	45899444
7801126	7801486
3637554	3637914
56199299	56199659
64422535	64422895
27054982	27055342
73892454	73892814
74582123	74582483
43324282	43324642
68548592	68548952
29543188	29543548
66284875	66285235
15848369	15848729
25871510	25871870
56347818	56348178
79490239	79490599
1465103	1465463
31974988	31975348
72755701	72756061
60770571	60770931
42811119	42811479
6746574	6746934
76444666	76445026
40086565	40086925
80669653	80670013
40202436	40202796
36852892	36853252
42768308	42768668
64851343	64851703
61064523	61064883
25757941	25758301
75277085	75277445
30530463	30530823
73285581	73285941
48680707	48681067
16825671	16826031
75102875	75103235
73008523	73008883
10220533	10220893
34093953	34094313
55082295	55082655
70475312	70475672
72838981	72839341
66530229	66530589
16190350	16190710
80188767	80189127
30916012	30916372
73513543	73513903
62094737	62095097
17655301	17655661
61523280	61523640
19715731	19716091
76741448	76741808
42486672	42487032
43094193	43094553
48782512	48782872
46212515	46212875
74295094	74295454
4837575	4837935
66507615	66507975
38265759	38266119
78237186	78237546
76982072	76982432
65797830	65798190
68618567	68618927
80065403	80065763
2134982	2135342
66902830	66903190
40041932	40042292
18832065	18832425
53902628	53902988
6334109	6334469
79204322	79204682
38346666	38347026
45364423	45364783
3810795	3811155
58717900	58718260
46258990	46259350
7254632	7254992
4265555	4265915
76183090	76183450
74379821	74380181
61519819	61520179
30239768	30240128
11167832	11168192
46174899	46175259
31848821	31849181
4270093	4270453
63215297	63215657
36612747	36613107
48619133	48619493
73584243	73584603
8906176	8906536
36010414	36010774
56214117	56214477
7216622	7216982
53922700	53923060
46578440	46578800
13297	13657
41158557	41158917
74361638	74361998
26902508	26902868
43309078	43309438
47652982	47653342
56604615	56604975
37427234	37427594
36631013	36631373
45791712	45792072
74500232	74500592
5696488	5696848
27921233	27921593
38191359	38191719
9671953	9672313
75453300	75453660
14106694	14107054
39835427	39835787
17304470	17304830
38136095	38136455
76171101	76171461
17489484	17489844
36736133	36736493
3595070	3595430
1929300	1929660
55479490	55479850
7620539	7620899
77889975	77890335
3586467	3586827
56415699	56416059
76555757	76556117
75210815	75211175
32490733	32491093
43726014	43726374
42160802	42161162
21353240	21353600
54969115	54969475
64971653	64972013
5184985	5185345
74143843	74144203
72004342	72004702
70427208	70427568
10532102	10532462
38028932	38029292
48772497	48772857
54912097	54912457
7406298	7406658
61947089	61947449
28699784	28700144
38195130	38195490
20965515	20965875
7249152	7249512
8534609	8534969
7614707	7615067
20999010	20999370
62021086	62021446
78338071	78338431
56708953	56709313
42713957	42714317
76408467	76408827
27892920	27893280
14262491	14262851
79269848	79270208
25681580	25681940
76685107	76685467
17753343	17753703
57037391	57037751
47031583	47031943
33179545	33179905
71837869	71838229
31082073	31082433
56310198	56310558
78729414	78729774
53131216	53131576
34965668	34966028
7900436	7900796
81034833	81035193
80308116	80308476
61981314	61981674
27224095	27224455
56590641	56591001
33308082	33308442
36693437	36693797
77965439	77965799
3668734	3669094
37027806	37028166
41400433	41400793
10020819	10021179
17946754	17947114
27442910	27443270
60630512	60630872
33882719	33883079
80875582	80875942
48556151	48556511
73257160	73257520
45908274	45908634
41323125	41323485
26075096	26075456
26988656	26989016
46231027	46231387
48350705	48351065
57685182	57685542
74777668	74778028
48290388	48290748
4498326	4498686
65675340	65675700
62133689	62134049
58663679	58664039
46555824	46556184
38719314	38719674
75737210	75737570
55183916	55184276
36313669	36314029
36972103	36972463
16880082	16880442
71211541	71211901
16900834	16901194
62314197	62314557
54707169	54707529
7537692	7538052
69081393	69081753
44270859	44271219
28882515	28882875
43096642	43097002
8889610	8889970
76386348	76386708
37039822	37040182
64896203	64896563
78763974	78764334
17050032	17050392
14789490	14789850
46690202	46690562
53663019	53663379
32684411	32684771
17686305	17686665
79520289	79520649
77632725	77633085
41442747	41443107
18095267	18095627
61944025	61944385
43860560	43860920
18043259	18043619
55481453	55481813
80438682	80439042
8089928	8090288
40180533	40180893
43393748	43394108
40770514	40770874
76311170	76311530
17997313	17997673
34899723	34900083
21355639	21355999
11884151	11884511
32854884	32855244
27439050	27439410
10252778	10253138
29025102	29025462
18070226	18070586
44138833	44139193
33815245	33815605
77751350	77751710
45922216	45922576
26578115	26578475
40761037	40761397
61984746	61985106
17773632	17773992
6616635	6616995
20350187	20350547
76272153	76272513
58469582	58469942
1802713	1803073
7517578	7517938
45925207	45925567
29044002	29044362
4060082	4060442
1068468	1068828
74103601	74103961
55682693	55683053
48611653	48612013
3626742	3627102
79829156	79829516
40161235	40161595
70657232	70657592
38473798	38474158
19370534	19370894
30438434	30438794
6757014	6757374
7077558	7077918
1973923	1974283
49662893	49663253
9159948	9160308
80605494	80605854
27239326	27239686
29132997	29133357
76352380	76352740
72458844	72459204
73056083	73056443
27176314	27176674
67502665	67503025
77020437	77020797
61159663	61160023
17173247	17173607
28194798	28195158
67081091	67081451
35207337	35207697
16118779	16119139
15151495	15151855
59426692	59427052
55162777	55163137
55994501	55994861
40215780	40216140
69080390	69080750
28009090	28009450
32645508	32645868
54203910	54204270
36827959	36828319
32352266	32352626
21191942	21192302
17677927	17678287
41957926	41958286
73065899	73066259
72745055	72745415
46620677	46621037
1546826	1547186
34957779	34958139
36978734	36979094
4300136	4300496
71653614	71653974
47109946	47110306
59470966	59471326
33498421	33498781
75602980	75603340
71475147	71475507
38226052	38226412
53254558	53254918
46583658	46584018
45395946	45396306
64621439	64621799
70001911	70002271
38080683	38081043
66736974	66737334
18694778	18695138
38883199	38883559
79375738	79376098
16284512	16284872
74267939	74268299
42161538	42161898
1376467	1376827
47591657	47592017
52503696	52504056
20799400	20799760
74469605	74469965
5571217	5571577
36830745	36831105
43797153	43797513
73795438	73795798
4458687	4459047
47443077	47443437
63793937	63794297
79674304	79674664
52977795	52978155
70723107	70723467
27946165	27946525
67063806	67064166
18855178	18855538
80486689	80487049
42275719	42276079
7744815	7745175
40403149	40403509
46937443	46937803
79779654	79780014
57863681	57864041
48758689	48759049
73975060	73975420
42227921	42228281
71206476	71206836
29388632	29388992
79484937	79485297
45812830	45813190
45803110	45803470
17688156	17688516
27047587	27047947
18266063	18266423
35716331	35716691
55081388	55081748
56032571	56032931
46101121	46101481
73754798	73755158
66573358	66573718
48223473	48223833
19912636	19912996
35774213	35774573
4982049	4982409
19045758	19046118
72081545	72081905
42659267	42659627
62113891	62114251
8804541	8804901
4443487	4443847
1388286	1388646
80780948	80781308
7319685	7320045
31662469	31662829
26693585	26693945
58654914	58655274
43385136	43385496
21415106	21415466
46306133	46306493
55162269	55162629
8476106	8476466
19220610	19220970
61699042	61699402
17908282	17908642
47784602	47784962
45695772	45696132
9862888	9863248
66323954	66324314
79677713	79678073
80573665	80574025
71591663	71592023
36097114	36097474
72472393	72472753
48585721	48586081
8158905	8159265
11200344	11200704
61966299	61966659
66288617	66288977
26674001	26674361
78922835	78923195
8533964	8534324
18224624	18224984
15587172	15587532
38600174	38600534
61513236	61513596
73178515	73178875
38497412	38497772
62010245	62010605
34097199	34097559
79822141	79822501
9832193	9832553
56672718	56673078
54991656	54992016
41276456	41276816
53316312	53316672
71417131	71417491
8868955	8869315
46241179	46241539
41408256	41408616
37874911	37875271
70416659	70417019
42299392	42299752
39019214	39019574
40896140	40896500
79679612	79679972
74936841	74937201
61777873	61778233
78120767	78121127
33415445	33415805
62530322	62530682
83111	83471
1960065	1960425
31969041	31969401
3911288	3911648
43301512	43301872
74704069	74704429
266711	267071
15339992	15340352
8762343	8762703
73238735	73239095
79283015	79283375
46184949	46185309
48261434	48261794
73268436	73268796
74136054	74136414
63584274	63584634
43209399	43209759
37024061	37024421
37991305	37991665
26649023	26649383
26819426	26819786
43528441	43528801
43333975	43334335
42344098	42344458
61190558	61190918
10538619	10538979
43377394	43377754
76732671	76733031
31182009	31182369
15117015	15117375
42909187	42909547
45439553	45439913
2239682	2240042
74679502	74679862
36760970	36761330
16894920	16895280
685130	685490
2496541	2496901
17854104	17854464
38218544	38218904
43313253	43313613
38094463	38094823
78819966	78820326
43278030	43278390
8819012	8819372
77144191	77144551
54577168	54577528
55485661	55486021
61575245	61575605
77696201	77696561
76202431	76202791
19014475	19014835
73851220	73851580
73259155	73259515
43503142	43503502
26195719	26196079
67521017	67521377
76382391	76382751
61651014	61651374
8554357	8554717
58252095	58252455
73610133	73610493
76626547	76626907
34891194	34891554
22193937	22194297
14716963	14717323
29860649	29861009
18935044	18935404
6323728	6324088
79849643	79850003
8707389	8707749
78177165	78177525
49565292	49565652
61766105	61766465
64017903	64018263
5697226	5697586
35547492	35547852
74119897	74120257
40708111	40708471
56332219	56332579
29151748	29152108
19322111	19322471
11047974	11048334
46985610	46985970
76570098	76570458
19913480	19913840
54670010	54670370
75105711	75106071
46052597	46052957
71779235	71779595
19622112	19622472
32724339	32724699
50374646	50375006
8076685	8077045
26800718	26801078
4166946	4167306
45737567	45737927
27369571	27369931
63181821	63182181
67331168	67331528
78361970	78362330
26555486	26555846
38292032	38292392
56756583	56756943
66535649	66536009
19881853	19882213
41505826	41506186
74535740	74536100
56452698	56453058
60303999	60304359
75378534	75378894
41438337	41438697
39041416	39041776
7836279	7836639
32770905	32771265
11701022	11701382
75645769	75646129
78865534	78865894
79766786	79767146
63452029	63452389
44068234	44068594
78932587	78932947
32039176	32039536
48883731	48884091
22100233	22100593
14204294	14204654
72744422	72744782
46639560	46639920
60805260	60805620
19770889	19771249
19770226	19770586
28326962	28327322
19657179	19657539
32705631	32705991
57611925	57612285
56682748	56683108
78868133	78868493
15456214	15456574
57636318	57636678
35798249	35798609
26881555	26881915
77297591	77297951
9420734	9421094
66181731	66182091
2833584	2833944
32709870	32710230
6399090	6399450
39747692	39748052
76384252	76384612
74590048	74590408
27052234	27052594
4487066	4487426
55984208	55984568
75888478	75888838
27621394	27621754
78009751	78010111
78747599	78747959
32911986	32912346
29319546	29319906
69457102	69457462
75141597	75141957
37132044	37132404
5200497	5200857
71948912	71949272
61769734	61770094
75954568	75954928
65506531	65506891
30851124	30851484
7789915	7790275
64911234	64911594
48227233	48227593
47663009	47663369
38711236	38711596
80174513	80174873
9065939	9066299
70052876	70053236
65646052	65646412
77101250	77101610
38279335	38279695
43025423	43025783
8093006	8093366
17792093	17792453
7458887	7459247
32016759	32017119
41132783	41133143
7886048	7886408
21117765	21118125
41610971	41611331
76311372	76311732
3539193	3539553
43388750	43389110
61503692	61504052
55127721	55128081
6660508	6660868
39766394	39766754
43653589	43653949
37976842	37977202
76485332	76485692
27688343	27688703
30462658	30463018
75817166	75817526
1945711	1946071
46258259	46258619
67498305	67498665
40828604	40828964
42462901	42463261
29868618	29868978
47918929	47919289
73780336	73780696
8125128	8125488
43383959	43384319
42283910	42284270
73175024	73175384
27039321	27039681
41918020	41918380
27941996	27942356
26646175	26646535
46077021	46077381
65991678	65992038
44899883	44900243
7490009	7490369
19164340	19164700
72462313	72462673
35249309	35249669
76848809	76849169
66236181	66236541
26463937	26464297
3595554	3595914
56026039	56026399
78258471	78258831
70021479	70021839
1619289	1619649
57505028	57505388
34329863	34330223
7761978	7762338
36104089	36104449
8599753	8600113
21360552	21360912
16232247	16232607
65830060	65830420
76824573	76824933
57184326	57184686
79382940	79383300
26876771	26877131
2025874	2026234
26901492	26901852
77122241	77122601
43045877	43046237
62063044	62063404
