41140438	41140726
39420932	39421271
42612712	42612982
34268944	34269225
56165038	56165305
50184004	50184267
44289524	44289774
510637	510932
46386653	46386913
46320432	46320703
40023458	40023719
13990957	13991275
10691700	10691974
5690084	5690350
8067324	8067561
2236300	2236527
12674941	12675173
46146417	46146673
8645685	8645952
48201452	48201682
51925236	51925462
50073437	50073731
34992521	34992762
54735599	54735840
17607111	17607415
4791152	4791419
47987045	47987295
18043379	18043621
18499275	18499510
6862827	6863083
36184715	36184985
36618670	36618918
19285912	19286153
13088713	13088948
45982318	45982541
42800271	42800507
17970321	17970547
59025363	59025576
12958455	12958701
47852309	47852544
42924232	42924464
17371729	17371952
49496495	49496732
18561785	18562007
50175649	50175882
3706141	3706377
45227185	45227390
14459326	14459535
35986335	35986579
10044844	10045073
49601129	49601359
41104599	41104803
47808605	47808805
35605583	35605797
1438198	1438421
42069840	42070056
18117860	18118055
35464132	35464377
17966475	17966685
42104014	42104241
11698524	11698744
39888357	39888585
19477694	19477929
14667536	14667739
506783	506980
18439207	18439425
56015451	56015678
42077057	42077282
42455888	42456101
47516296	47516489
49977288	49977528
46850609	46850837
45988564	45988795
17564316	17564515
15740173	15740388
36422598	36422791
7716956	7717194
10230530	10230761
19643047	19643271
55813240	55813440
35503932	35504149
2819667	2819882
1279784	1279993
18572753	18572957
49804599	49804813
16222147	16222354
47141867	47142077
5031699	5031906
43033502	43033697
49092233	49092412
46196653	46196853
5720608	5720811
2273795	2274000
4811759	4811965
44098907	44099105
41955351	41955539
45406920	45407130
41814477	41814718
1837681	1837896
42944580	42944783
6516964	6517145
16358487	16358686
4233411	4233614
36001363	36001545
48993098	48993295
47539123	47539297
7745540	7745758
18977400	18977604
12907431	12907635
45981688	45981875
41035038	41035267
47747558	47747794
1848745	1848946
47260639	47260849
3076050	3076232
46532229	46532424
47040861	47041033
10975160	10975374
30207533	30207743
42829369	42829575
14247720	14247889
45942781	45942986
2156063	2156272
11545874	11546078
10499640	10499831
6125622	6125830
4400627	4400824
18107741	18107933
13215442	13215617
1445217	1445426
1853435	1853616
16173602	16173802
55979244	55979418
40283694	40283907
42439104	42439311
6218595	6218793
3821971	3822184
18521510	18521715
48292137	48292335
4139802	4140003
49474276	49474482
30101563	30101778
38826223	38826437
2611282	2611468
48794567	48794818
18390289	18390483
42783978	42784187
5048342	5048556
5804092	5804299
49339070	49339269
17457079	17457271
17496893	17497076
35535335	35535531
18362703	18362899
45303797	45304008
14682860	14683050
13144984	13145151
2749289	2749486
12886440	12886644
33634867	33635046
13172299	13172466
11404505	11404708
48894807	48894984
4804005	4804219
40926608	40926832
39360528	39360732
56821057	56821243
1194589	1194812
47232094	47232281
47894769	47894967
32715616	32715799
584477	584649
10380190	10380374
43100732	43100920
3545176	3545350
3163370	3163549
1546267	1546468
16152415	16152602
12888458	12888643
17393560	17393744
5987453	5987636
39902535	39902701
46026984	46027174
15288371	15288560
18699466	18699641
11646965	11647141
48366759	48366960
12787291	12787406
5578334	5578521
13700144	13700335
18049142	18049327
11146683	11146845
4809662	4809873
14159467	14159667
4558458	4558651
42942635	42942843
16825607	16825762
46991180	46991357
1826208	1826379
19256900	19257068
35558095	35558280
48246948	48247107
47165352	47165551
38893697	38893851
47930600	47930797
38724506	38724690
30251053	30251240
8643686	8643874
15695546	15695723
10514897	10515052
39818841	39819021
34532939	34533056
2613886	2614071
33897837	33898024
1244483	1244654
42148366	42148534
18631137	18631320
50440982	50441170
42210831	42211026
863924	864118
47207811	47208005
47359444	47359637
11241727	11241905
42937937	42938113
3324501	3324670
47032904	47033071
33726273	33726413
7968383	7968743
46073278	46073388
2019697	2019872
12943546	12943689
48018764	48018931
13973157	13973342
49973646	49973842
40030835	40031001
11052765	11052964
3327037	3327229
12868502	12868648
39005803	39005992
48854599	48854778
52160331	52160478
10755537	10755728
31157323	31157469
3429600	3429799
5968034	5968221
46302385	46302561
42954725	42954883
39127536	39127719
10535058	10535234
13204696	13204859
42462058	42462153
47117470	47117562
3108780	3108963
16528708	16528800
44249504	44249710
4186478	4186643
49298458	49298641
50964596	50964769
50009929	50010084
14590993	14591157
50486986	50487177
10828074	10828259
30185573	30185713
47750761	47750913
3618647	3618800
40476671	40477031
48210681	48210838
3104162	3104363
55672020	55672179
45192503	45192647
47535572	47535760
39378214	39378394
42299045	42299191
41710272	41710453
14185997	14186164
2648525	2648706
17178335	17178509
45562838	45562985
45157772	45157961
39903427	39903579
11908328	11908464
10969032	10969188
7406075	7406277
18223875	18224049
4851740	4851895
12871477	12871665
1767525	1767702
45160611	45160791
8317979	8318136
734154	734302
43951250	43951421
43937125	43937281
41859992	41860110
19250553	19250742
49610075	49610210
10041663	10041807
45348037	45348397
3126086	3126282
7744327	7744474
46898891	46899097
15530060	15530213
1267055	1267228
51286918	51287103
36040194	36040337
42377206	42377566
49087529	49087889
39125360	39125482
982802	982937
11593496	11593665
10501496	10501652
56577875	56578003
46273420	46273780
47270048	47270226
14542808	14542955
42538985	42539154
41768276	41768401
17814689	17815049
18705192	18705339
35843747	35843911
1001769	1001916
50871926	50872066
47016820	47016965
46184897	46185007
48837232	48837412
35959714	35959817
14616315	14616489
2474614	2474779
36661733	36661904
45752012	45752176
42289612	42289742
18279075	18279223
46513116	46513260
17505913	17506006
12034428	12034788
17877625	17877717
44059428	44059600
10620896	10621256
17895342	17895432
49178763	49178889
3146661	3146828
4204706	4204868
10683144	10683283
34921783	34921928
12252049	12252217
49895247	49895409
5687233	5687365
14897229	14897319
51841959	51842319
6166081	6166258
35626315	35626675
10527304	10527532
55187827	55188000
7990154	7990328
48610711	48610815
39601133	39601251
14143139	14143273
40671472	40671832
50860426	50860559
44270706	44270798
1065004	1065139
45629455	45629572
51059807	51060167
48372255	48372351
41312891	41313040
10138502	10138667
2637130	2637231
14583112	14583228
12876889	12877058
2391410	2391539
12782932	12783096
46110649	46110800
47787674	47787820
50918144	50918282
7633359	7633515
45989082	45989253
48293743	48293861
1929424	1929537
13076216	13076444
3665966	3666078
17684980	17685162
52741155	52741298
42688585	42688677
47713965	47714325
33921720	33921835
16494176	16494309
39542977	39543117
14328282	14328444
52018287	52018402
770334	770504
39993542	39993721
17403717	17403873
39612782	39612955
38393222	38393582
56117680	56117797
1864732	1865092
6863671	6863821
41168760	41168917
49345968	49346328
4636401	4636529
1624537	1624667
31141046	31141186
48202766	48202857
43139175	43139331
47940006	47940147
50050373	50050478
10652110	10652470
44023656	44024016
19471994	19472148
9906956	9907066
664945	665108
2951108	2951230
3485091	3485275
56028335	56028498
51425616	51425757
48823246	48823606
18263340	18263700
36207778	36208138
49149879	49150023
45287627	45287987
17010628	17010730
10616260	10616620
34836789	34837149
11236882	11237025
56683435	56683525
9736600	9736713
12751058	12751189
45930958	45931066
2069710	2070070
31173993	31174085
8571149	8571245
10360872	10360998
54836528	54836631
33616790	33617150
6632184	6632293
11491694	11491833
42325184	42325544
34636797	34636891
18057241	18057331
1812949	1813309
14597327	14597456
3761693	3761818
40256263	40256359
267376	267736
4525244	4525402
46061733	46061850
42637224	42637584
50181156	50181516
15667326	15667465
48269129	48269489
13323762	13323892
3987855	3988024
1897607	1897967
8764105	8764243
51041078	51041241
13094507	13094622
42297049	42297409
3210811	3210949
18169222	18169582
51762743	51762867
17416312	17416433
38389309	38389669
10110898	10111258
4576157	4576247
54296285	54296400
43110926	43111028
49503157	49503257
29754363	29754723
48763474	48763605
47343853	47343998
15374876	15375236
18958147	18958268
8009191	8009328
39964782	39965142
36438404	36438565
39220446	39220548
34711386	34711746
45520172	45520532
6048940	6049059
19754649	19755009
12170419	12170552
45454950	45455050
34611924	34612284
19601190	19601550
15666783	15666878
3305044	3305199
46905549	46905695
59030837	59031197
14169778	14170138
30221495	30221610
42905429	42905789
8223499	8223609
55929536	55929896
17190879	17191239
41650463	41650561
14182915	14183275
40042067	40042427
54769943	54770303
56764195	56764555
56143742	56144102
3700567	3700699
30348908	30349268
56861860	56862220
4633224	4633584
1672434	1672524
4872712	4872884
7934042	7934402
49112010	49112370
4567555	4567915
50393416	50393537
11671319	11671679
6504932	6505053
42101669	42102029
10369671	10370031
6738461	6738821
53698536	53698896
16293543	16293903
1248860	1249220
40970379	40970479
13388779	13389139
54992466	54992826
6022301	6022661
49729412	49729539
16889612	16889972
47257174	47257293
2261941	2262037
55185490	55185850
47494430	47494790
47045948	47046308
13541931	13542056
13345377	13345737
15261349	15261493
42257237	42257336
35130399	35130759
42340037	42340397
56904459	56904819
12074822	12074926
19665180	19665540
19453549	19453909
51941506	51941866
48697584	48697944
42532384	42532744
33467115	33467475
44156459	44156819
4140464	4140598
33090565	33090925
47733744	47734104
40727795	40728155
7918234	7918359
17577049	17577409
58666439	58666799
46282437	46282797
6736549	6736909
46520116	46520476
14684987	14685347
38716983	38717073
54672327	54672461
48770385	48770526
43067495	43067855
46768499	46768859
45348809	45349169
40334718	40334830
34262480	34262840
39452736	39453096
5170434	5170794
40645709	40646069
49946738	49946922
46692704	46693064
10330316	10330676
1605790	1606150
59092532	59092892
32831165	32831525
16497485	16497845
49649093	49649453
52642450	52642810
39260370	39260730
41945791	41946151
44173288	44173648
41029158	41029518
5369900	5370260
13306671	13306766
42044190	42044550
49702132	49702492
9697382	9697742
42257878	42258238
16882490	16882599
48655750	48656110
18460484	18460576
12844145	12844505
9247155	9247515
38633080	38633440
1240282	1240642
51172635	51172995
43071092	43071452
4267629	4267989
45842021	45842164
18580399	18580759
9546121	9546481
50220731	50221091
40811244	40811604
19296734	19297094
56143097	56143229
30364398	30364758
57917917	57918277
45907381	45907741
3692498	3692858
4732623	4732983
8134255	8134615
8035654	8036014
33061136	33061496
13832202	13832342
50187694	50188054
17316074	17316434
8461567	8461927
42195308	42195668
12996276	12996636
10223825	10223918
45492452	45492812
1788821	1789181
8082677	8083037
56587802	56588162
5794127	5794487
51976181	51976541
36083182	36083542
42748884	42749244
51600768	51600872
54902609	54902969
17865628	17865988
42704036	42704396
47251755	47252115
40404145	40404505
39035014	39035374
16638920	16639280
14516990	14517350
42585712	42586072
10209638	10209998
47019068	47019428
56844899	56845259
47799359	47799719
33907135	33907495
31160341	31160701
42048397	42048757
56150408	56150768
54989851	54990211
38586328	38586688
6460475	6460835
8418820	8419180
49291379	49291739
35738655	35739015
7239539	7239899
11607153	11607513
5001549	5001909
1113240	1113600
17886165	17886525
45690799	45691159
49992991	49993351
30162521	30162881
33675156	33675516
4352596	4352956
19226807	19227167
11493422	11493782
6126347	6126707
7445592	7445711
3440113	3440473
7149144	7149504
7431880	7432240
7419267	7419627
3472000	3472360
57988915	57989275
3250726	3251086
42250541	42250901
51942213	51942573
41858376	41858736
3986186	3986546
51901374	51901734
13387972	13388332
39677877	39678237
19164573	19164933
59031391	59031751
30537333	30537693
47582562	47582922
41480466	41480826
41884221	41884581
37407194	37407554
38210589	38210949
30019231	30019591
51208687	51209047
40162645	40163005
5689211	5689571
17501841	17502201
56592110	56592217
46784138	46784256
52111182	52111542
49711663	49711780
47628488	47628848
36489918	36490278
14311048	14311408
917664	918024
38734461	38734821
14306841	14307201
2962088	2962448
4523262	4523622
13539171	13539531
17733146	17733506
48606331	48606691
42795047	42795407
51662115	51662272
4369899	4370259
55803322	55803682
46145377	46145737
47253386	47253746
18496889	18497249
51409515	51409875
4911813	4912173
3473021	3473381
6299800	6300160
45273919	45274279
1795812	1796172
43281196	43281556
11922968	11923328
42527802	42528162
1503452	1503812
17214002	17214362
3547424	3547784
11248342	11248702
45996767	45997127
4267018	4267378
50550143	50550503
42596543	42596903
16228534	16228894
29124653	29125013
18434011	18434371
15212284	15212644
51661766	51661953
1513859	1514219
50990118	50990478
4208764	4209124
13199996	13200356
52164282	52164642
43361439	43361799
12099702	12100062
55652566	55652926
43188090	43188450
49831141	49831501
40164489	40164849
45949478	45949838
3275402	3275762
15202658	15203018
8333804	8334164
34849926	34850286
28457273	28457633
18519012	18519372
40333053	40333413
9316204	9316564
56215065	56215425
11314522	11314882
13708477	13708837
35536596	35536956
10675907	10676267
53030309	53030669
8680575	8680935
6412411	6412771
41324607	41324967
19335934	19336294
2479485	2479845
37464124	37464484
48817654	48818014
55164661	55165021
14258894	14259254
15272405	15272765
18174159	18174519
29751423	29751783
39832482	39832842
55723812	55724172
41325649	41326009
16177324	16177684
8412604	8412964
10966831	10967191
1781800	1782160
40931230	40931590
7864466	7864826
51597983	51598343
6772161	6772521
52068017	52068377
10339543	10339903
10981900	10982260
19663554	19663914
55966078	55966438
13075818	13075991
2887350	2887710
36551353	36551713
34827737	34828097
46094186	46094546
56320846	56321206
13261090	13261450
46585503	46585863
14399649	14400009
23466766	23467126
50193051	50193411
7746585	7746945
48466437	48466797
11047328	11047688
39443236	39443596
49521142	49521502
44284067	44284427
1223100	1223460
47633925	47634285
57615362	57615722
33732545	33732905
13265820	13266180
11557559	11557919
46367262	46367622
49947089	49947281
19097560	19097920
6047959	6048319
43389082	43389442
38478040	38478400
49501261	49501621
45905531	45905891
6753321	6753681
42463646	42464006
54527153	54527513
45074099	45074459
35581402	35581762
13305339	13305699
4246682	4247042
36545357	36545717
4730711	4731071
33736856	33737216
295163	295523
14225614	14225974
39047399	39047759
46009619	46009979
50762198	50762558
5154190	5154550
4375703	4376063
10594225	10594585
6633241	6633601
605236	605596
13944506	13944866
58693281	58693641
42205648	42206008
5321914	5322274
7994181	7994541
17981071	17981431
11353934	11354294
5029714	5030074
40372169	40372529
43427274	43427634
3586074	3586434
7294814	7295174
2051174	2051534
16487463	16487823
51524234	51524594
30262639	30262999
35644606	35644966
38625228	38625588
49539958	49540318
6926043	6926403
6280111	6280471
11810970	11811330
17551972	17552332
51672614	51672974
6551874	6552234
2783311	2783671
5480546	5480906
52281122	52281482
2171383	2171743
42969869	42970229
39702986	39703346
58459061	58459421
34587258	34587618
44313958	44314318
6481931	6482291
51433103	51433463
45197513	45197873
35760561	35760921
18340254	18340614
55392729	55393089
57610553	57610913
46580835	46581195
13373216	13373576
12606099	12606459
53928243	53928603
49009390	49009750
30277104	30277464
10527473	10527833
41076566	41076926
737766	738126
51911035	51911395
55599904	55600264
39467206	39467566
10971812	10972172
921724	922084
18577783	18578143
2841331	2841691
4167503	4167863
495641	496001
10531664	10532024
14153851	14154211
17716847	17717207
57977105	57977465
16946886	16947246
41108013	41108373
30713314	30713674
54865536	54865896
5805870	5806230
10810451	10810811
1590684	1591044
39176429	39176789
18786604	18786964
14134307	14134667
41871989	41872349
35203610	35203970
48216396	48216756
47783491	47783851
680239	680599
42435355	42435715
10184899	10185259
605435	605795
2096808	2097168
5377488	5377848
55657449	55657809
33239401	33239761
49617371	49617731
15264796	15265156
14224887	14225247
1618186	1618546
3719057	3719417
41303983	41304343
42502657	42503017
7982699	7983059
34732342	34732702
42363548	42363908
17346405	17346765
11992013	11992373
42150500	42150860
14982449	14982809
18319199	18319559
45931801	45932161
39930879	39931239
40257326	40257686
41633672	41634032
28464899	28465259
970679	971039
41827653	41828013
532806	533166
12201674	12202034
56189373	56189733
29201230	29201590
13895737	13896097
4677137	4677497
1000046	1000406
56182880	56183240
36205848	36206208
51111320	51111680
16552434	16552794
56151419	56151779
13140766	13141126
43837270	43837630
1401465	1401825
42620475	42620835
15136070	15136430
2275095	2275455
2956390	2956750
8477762	8478122
45757207	45757567
2579463	2579823
50755549	50755909
11488948	11489308
52215954	52216314
43695864	43696224
10025318	10025678
18272127	18272487
6260860	6261220
5547863	5548223
18551208	18551568
2253112	2253472
5131105	5131465
48316913	48317273
1248055	1248415
4547468	4547828
34286194	34286554
39423428	39423788
14429725	14430085
35797594	35797954
771239	771599
38524479	38524839
28957029	28957389
19174869	19175229
17163282	17163642
17535764	17536124
30181892	30182252
9190501	9190861
14184131	14184491
46352215	46352575
1372006	1372366
10602762	10603122
2663818	2664178
56859670	56860030
43197887	43198247
856984	857344
18581049	18581409
5773749	5774109
18512499	18512859
14662187	14662547
3308114	3308474
5038927	5039287
17494832	17495192
12827713	12828073
53898105	53898465
35546602	35546962
48893838	48894198
56616473	56616833
7562195	7562555
50037513	50037873
10547111	10547471
38042605	38042965
43929794	43930154
36869590	36869950
45055559	45055919
4589667	4590027
43045815	43046175
45634317	45634677
44263606	44263966
41047092	41047452
14013953	14014313
40661582	40661942
14332242	14332602
46001728	46002088
47652760	47653120
19521707	19522067
11662760	11663120
49979497	49979857
36468388	36468748
3224343	3224703
2087822	2088182
5535006	5535366
8650815	8651175
41632625	41632985
39047908	39048268
52014624	52014984
7102328	7102688
54409989	54410349
58414715	58415075
1315663	1316023
2315959	2316319
3234721	3235081
13358605	13358965
48948568	48948928
5892546	5892906
24000343	24000703
1057176	1057536
35153870	35154230
11492629	11492989
19517742	19518102
42391816	42392176
43692192	43692552
51373725	51374085
56288919	56289279
6963986	6964346
46581817	46582177
58840368	58840728
5225969	5226329
38715228	38715588
19221145	19221505
11564650	11565010
49728130	49728490
18882392	18882752
42400098	42400458
54041141	54041501
1945943	1946303
35632262	35632622
41089946	41090306
43711404	43711764
44129125	44129485
28816263	28816623
37718922	37719282
3849126	3849486
1364376	1364736
42683389	42683749
54249576	54249936
2199348	2199708
49934031	49934391
9958747	9959107
47120285	47120645
46142259	46142619
15979872	15980232
1406702	1407062
43588415	43588775
17559378	17559738
52207204	52207564
4207188	4207548
54276136	54276496
36373037	36373397
43446561	43446921
57791171	57791531
39340528	39340888
10582600	10582960
1774889	1775249
11571002	11571362
13637413	13637773
39283251	39283611
18389327	18389687
31291053	31291413
33180884	33181244
54950594	54950954
6018856	6019216
1221482	1221842
11399043	11399403
16296538	16296898
18302730	18303090
29370089	29370449
11373136	11373496
12248356	12248716
30088167	30088527
51341542	51341902
9434515	9434875
8751540	8751900
2661632	2661992
39842086	39842446
35967063	35967423
45681522	45681882
16082029	16082389
33668294	33668654
59117700	59118060
8400449	8400809
588081	588441
49578105	49578465
45080182	45080542
7402346	7402706
42830188	42830548
30159943	30160303
30897453	30897813
23623588	23623948
5503610	5503970
29958724	29959084
22728577	22728937
50646239	50646599
50006335	50006695
5354543	5354903
56765139	56765499
17836565	17836925
3852653	3853013
51897170	51897530
13477331	13477691
17787815	17788175
41250348	41250708
45414434	45414794
40388421	40388781
12095730	12096090
16251832	16252192
1811868	1812228
51298158	51298518
50963600	50963960
17293920	17294280
18654801	18655161
46233903	46234263
8160920	8161280
33793263	33793623
17414013	17414373
12949008	12949368
56425077	56425437
52846786	52847146
36449974	36450334
49769635	49769995
4208019	4208379
6674810	6675170
41414921	41415281
2095920	2096280
52140628	52140988
38465604	38465964
28503286	28503646
48774416	48774776
1445345	1445705
16734376	16734736
42891192	42891552
17246191	17246551
36228360	36228720
41803461	41803821
43385393	43385753
5523107	5523467
33609982	33610342
1222520	1222880
4557627	4557987
16831160	16831520
14999664	15000024
20108516	20108876
50650665	50651025
46425639	46425999
58313722	58314082
28265815	28266175
9422729	9423089
48352382	48352742
21665569	21665929
41304186	41304546
21385642	21386002
19106555	19106915
10112551	10112911
42847467	42847827
45017010	45017370
47861329	47861689
58533261	58533621
31275768	31276128
18383194	18383554
45407995	45408355
52179204	52179564
47328657	47329017
42023202	42023562
39988484	39988844
18943425	18943785
43775273	43775633
45004476	45004836
17079958	17080318
41937379	41937739
50420092	50420452
54692965	54693325
38634614	38634974
11090721	11091081
36231879	36232239
58192845	58193205
53104240	53104600
9542137	9542497
45086150	45086510
7998330	7998690
6199273	6199633
17599977	17600337
46220314	46220674
9900799	9901159
12237528	12237888
12476640	12477000
51396388	51396748
40950663	40951023
1185647	1186007
49242137	49242497
14797315	14797675
9945738	9946098
12075368	12075728
10589497	10589857
40169195	40169555
16136471	16136831
41055068	41055428
17622982	17623342
11337772	11338132
9957763	9958123
54683728	54684088
56215773	56216133
10930874	10931234
1087970	1088330
7198382	7198742
1850906	1851266
10500495	10500855
50418528	50418888
3360918	3361278
46552894	46553254
37800752	37801112
8386093	8386453
29969540	29969900
49925588	49925948
5561582	5561942
11909490	11909850
3061352	3061712
43246191	43246551
53868652	53869012
58740649	58741009
8218892	8219252
37808635	37808995
49535036	49535396
15870811	15871171
10398345	10398705
59030297	59030657
33623411	33623771
14070747	14071107
3783600	3783960
51297574	51297934
43423658	43424018
18313531	18313891
47071666	47072026
51227628	51227988
55394149	55394509
19516064	19516424
55624315	55624675
5137836	5138196
42398020	42398380
8804624	8804984
35047441	35047801
40731558	40731918
14887301	14887661
47690034	47690394
16191010	16191370
30158757	30159117
19137422	19137782
43262815	43263175
35818588	35818948
19026492	19026852
40118306	40118666
32778701	32779061
45942905	45943265
11770415	11770775
28733245	28733605
4976423	4976783
53934911	53935271
58899135	58899495
43434236	43434596
12163299	12163659
30155926	30156286
2208573	2208933
36281967	36282327
44599272	44599632
42617908	42618268
17827324	17827684
43934209	43934569
56582495	56582855
41770293	41770653
18433097	18433457
45550767	45551127
10680209	10680569
35633807	35634167
4256584	4256944
38932330	38932690
48589747	48590107
18891527	18891887
33682945	33683305
18450423	18450783
33710309	33710669
44455081	44455441
35684915	35685275
58400227	58400587
53251635	53251995
55852156	55852516
29227940	29228300
52105727	52106087
16199558	16199918
41111429	41111789
58427976	58428336
44227748	44228108
20069980	20070340
54663104	54663464
42626741	42627101
14691473	14691833
18714183	18714543
2062076	2062436
1383174	1383534
36046560	36046920
18700148	18700508
56666505	56666865
5271184	5271544
14202195	14202555
48111225	48111585
48823445	48823805
58341455	58341815
50740790	50741150
36979706	36980066
44008469	44008829
17115858	17116218
14309169	14309529
6733382	6733742
36984024	36984384
18599658	18600018
1261414	1261774
13212061	13212421
13207096	13207456
947020	947380
45311179	45311539
6717026	6717386
11365339	11365699
7067202	7067562
30236260	30236620
54356178	54356538
47125050	47125410
52429980	52430340
35911242	35911602
4363148	4363508
48044006	48044366
40898811	40899171
3178614	3178974
54015156	54015516
12167134	12167494
19586723	19587083
32848614	32848974
30457725	30458085
52168244	52168604
51599770	51600130
47287553	47287913
54345448	54345808
24006729	24007089
51385468	51385828
18967254	18967614
36235590	36235950
18388245	18388605
14202857	14203217
21666688	21667048
55431105	55431465
18755133	18755493
41667760	41668120
38747151	38747511
30718541	30718901
2478238	2478598
7813662	7814022
50668746	50669106
42789831	42790191
38852206	38852566
39836667	39837027
59084424	59084784
39904847	39905207
12890020	12890380
3339717	3340077
989516	989876
19634874	19635234
41313568	41313928
18530121	18530481
6769285	6769645
54808397	54808757
36630370	36630730
49216285	49216645
14472541	14472901
50969172	50969532
55677396	55677756
23469341	23469701
3073929	3074289
55647097	55647457
7451089	7451449
55895134	55895494
49316770	49317130
34961763	34962123
55850577	55850937
51843264	51843624
11432308	11432668
5139115	5139475
6100560	6100920
35707772	35708132
33802214	33802574
10405879	10406239
741562	741922
50443486	50443846
11784277	11784637
36681373	36681733
1220668	1221028
54676648	54677008
670675	671035
50316253	50316613
57901133	57901493
13936200	13936560
14200177	14200537
15363253	15363613
16032546	16032906
4624820	4625180
45596293	45596653
42681147	42681507
4495557	4495917
51003508	51003868
58249680	58250040
50511827	50512187
30414579	30414939
6802490	6802850
31186088	31186448
45582218	45582578
4342901	4343261
11456720	11457080
11707904	11708264
4829357	4829717
11882340	11882700
383930	384290
50416572	50416932
31155691	31156051
36148845	36149205
45243565	45243925
13049555	13049915
53289910	53290270
44507836	44508196
15284583	15284943
20748045	20748405
28266859	28267219
5515718	5516078
5651362	5651722
12899386	12899746
13352561	13352921
59010989	59011349
13264103	13264463
48922002	48922362
36542098	36542458
4980879	4981239
45646982	45647342
16194126	16194486
46935172	46935532
18701392	18701752
50982406	50982766
43778900	43779260
1649016	1649376
15742625	15742985
11075575	11075935
12917365	12917725
15921233	15921593
17201436	17201796
43714936	43715296
21881015	21881375
8181317	8181677
3879712	3880072
15922941	15923301
52751602	52751962
1650579	1650939
30270881	30271241
32809866	32810226
40741485	40741845
40723296	40723656
51520041	51520401
55713593	55713953
43532210	43532570
19497391	19497751
49809981	49810341
16483098	16483458
56457183	56457543
51614893	51615253
628206	628566
18263548	18263908
18366053	18366413
31187465	31187825
47219267	47219627
41027192	41027552
2047026	2047386
42441972	42442332
2461799	2462159
39369443	39369803
10713712	10714072
13983429	13983789
1207840	1208200
49457782	49458142
58919487	58919847
23253017	23253377
5997450	5997810
18417952	18418312
39881296	39881656
1512863	1513223
18697196	18697556
44039616	44039976
55644149	55644509
49140037	49140397
15813353	15813713
48812646	48813006
42828429	42828789
57580499	57580859
1768265	1768625
45016387	45016747
54311945	54312305
10982993	10983353
19496013	19496373
50990321	50990681
38865103	38865463
3977491	3977851
19774114	19774474
48867802	48868162
534050	534410
40650873	40651233
11516996	11517356
50302926	50303286
14399848	14400208
47917728	47918088
2457092	2457452
1218060	1218420
2231618	2231978
48510037	48510397
2624477	2624837
8134457	8134817
7926774	7927134
49482252	49482612
41953910	41954270
50593989	50594349
28265236	28265596
2872299	2872659
6393022	6393382
49717105	49717465
48949418	48949778
11551676	11552036
45667957	45668317
45592501	45592861
23619740	23620100
1465689	1466049
35953650	35954010
7012852	7013212
18434509	18434869
38535364	38535724
37663553	37663913
38270348	38270708
12884371	12884731
50758378	50758738
1601632	1601992
50528221	50528581
19327987	19328347
28331410	28331770
18783537	18783897
13872170	13872530
56732902	56733262
2269406	2269766
19111072	19111432
35329541	35329901
51610909	51611269
56048427	56048787
14584215	14584575
16197182	16197542
4199895	4200255
54926330	54926690
35046402	35046762
3129105	3129465
43591999	43592359
2612157	2612517
49982019	49982379
10676432	10676792
16439885	16440245
4648121	4648481
7896402	7896762
16770897	16771257
6710598	6710958
42815810	42816170
30306255	30306615
24270154	24270514
16694078	16694438
5338761	5339121
480157	480517
30615968	30616328
50658836	50659196
1101876	1102236
45640504	45640864
46992618	46992978
40697640	40698000
42382570	42382930
11990683	11991043
36605018	36605378
39366773	39367133
38969146	38969506
18620452	18620812
16692431	16692791
17175784	17176144
51040006	51040366
30362992	30363352
4941225	4941585
33667445	33667805
46417082	46417442
39715569	39715929
15236331	15236691
13947441	13947801
45951400	45951760
17717357	17717717
58399067	58399427
49559298	49559658
6417721	6418081
1478557	1478917
32955137	32955497
43295366	43295726
17757342	17757702
58883736	58884096
799377	799737
33668493	33668853
8309345	8309705
39341353	39341713
19005725	19006085
51021769	51022129
15952630	15952990
41309911	41310271
56904661	56905021
5666140	5666500
3343748	3344108
5052451	5052811
45947472	45947832
1876291	1876651
14426282	14426642
12936405	12936765
14208578	14208938
4115464	4115824
50004164	50004524
6426267	6426627
58918361	58918721
12457791	12458151
43271513	43271873
50366092	50366452
16705723	16706083
16104316	16104676
50852987	50853347
30164131	30164491
34438511	34438871
51400836	51401196
41222777	41223137
19426239	19426599
2561789	2562149
43535818	43536178
49330051	49330411
57259823	57260183
2088022	2088382
45898933	45899293
1068966	1069326
11669629	11669989
41036004	41036364
54599812	54600172
32868079	32868439
15223258	15223618
44614896	44615256
51299424	51299784
3253202	3253562
39758867	39759227
1775094	1775454
15342532	15342892
34489678	34490038
17501101	17501461
55159633	55159993
51842159	51842519
37604946	37605306
11201287	11201647
30576419	30576779
58518665	58519025
50145940	50146300
45665256	45665616
39339035	39339395
54942131	54942491
8556535	8556895
7864674	7865034
58095197	58095557
19223779	19224139
2110820	2111180
41711945	41712305
47251954	47252314
13950280	13950640
16224468	16224828
4912013	4912373
29750115	29750475
3302704	3303064
1406936	1407296
41310636	41310996
46876122	46876482
6942804	6943164
2089128	2089488
1471368	1471728
38413800	38414160
39735687	39736047
51698017	51698377
30364597	30364957
51799570	51799930
57832252	57832612
47597056	47597416
6271167	6271527
13345577	13345937
36505472	36505832
15027750	15028110
47074834	47075194
41914173	41914533
10946795	10947155
18539615	18539975
10381558	10381918
8400649	8401009
