4304037	4304353
57682981	57683248
50058785	50059070
75498637	75498951
2390753	2391112
86597421	86597718
55499045	55499331
90148364	90148642
77269965	77270237
56998501	56998757
67850486	67850760
19897649	19897895
85454357	85454631
146976	147236
8617701	8618013
68554552	68554810
28956951	28957219
21566210	21566437
69788795	69789048
57118202	57118440
72866510	72866747
57610347	57610585
57334510	57334777
4338450	4338671
66864791	66865021
81069179	81069439
89927296	89927541
27166397	27166635
66517712	66517934
23607599	23607848
57496395	57496616
2473195	2473436
11012697	11012898
20861273	20861490
53088749	53088976
85148590	85148798
85649616	85649841
47175671	47175895
57553734	57553965
4674299	4674500
27190876	27191104
2918455	2918676
19918855	19919057
48657192	48657398
2073188	2073392
11490146	11490383
2924896	2925152
115732	115947
85524684	85524915
58768182	58768397
67580927	67581174
48664384	48664616
3011805	3011996
88803812	88804063
11057957	11058165
66907107	66907321
30420847	30421073
2053906	2054097
85644204	85644410
68544144	68544386
11047857	11048084
84220611	84220844
2977124	2977335
74847066	74847288
68362609	68362829
71644987	71645223
23193716	23193964
2551266	2551494
70285840	70286049
67875755	67875971
57791166	57791386
30825666	30825889
30953316	30953539
75145232	75145417
46707397	46707600
74743407	74743604
78036920	78037128
48190729	48190922
68562588	68562827
31454422	31454623
29827601	29827790
23568726	23568926
791001	791214
84545037	84545211
57451023	57451241
84772155	84772362
70687704	70687893
68027197	68027389
717920	718091
66349230	66349418
1979718	1979951
19097858	19098054
9232991	9233151
85336972	85337138
67962482	67962660
25245115	25245321
48089008	48089189
85693430	85693633
84759782	84759949
75267826	75268029
14013624	14013833
22012381	22012554
30103908	30104089
4380373	4380562
87943047	87943226
48151461	48151677
27468526	27468731
84705997	84706199
28338308	28338501
67189332	67189521
71916452	71916588
57625375	57625548
85855087	85855288
67011647	67011836
85004232	85004443
75551375	75551572
67515146	67515322
27246369	27246586
85286860	85287060
66623396	66623592
87883663	87883826
65151978	65152169
20786158	20786321
18813028	18813213
56611043	56611223
89976797	89976997
71392470	71392664
67701868	67702061
29859925	29860103
83990459	83990637
3550814	3550993
82297200	82297390
66684947	66685155
3740515	3740696
29703331	29703549
46963746	46963910
66642515	66642701
87812753	87812974
22332640	22332840
67706715	67706892
85309320	85309484
58370649	58370841
4556534	4556658
28289081	28289268
3179613	3179799
1756012	1756229
22308538	22308717
30856098	30856275
31393976	31394161
22207364	22207463
29801763	29801910
53544480	53544662
67051829	67052009
10350783	10350953
78269186	78269385
30032946	30033152
231486	231671
55978325	55978438
12161815	12162005
46887949	46888126
30933003	30933191
78471360	78471529
70805107	70805276
48387571	48387724
67917719	67917881
4359813	4359973
2954235	2954392
3081737	3081899
2969769	2969906
67555452	67555679
52225537	52225718
83859788	83859962
30441437	30441797
24528425	24528596
56736043	56736236
14343507	14343628
75798194	75798365
21200083	21200282
67555007	67555254
66995013	66995174
30640166	30640382
66901821	66902004
88509506	88509661
30609573	30609755
81437234	81437405
8974220	8974371
57634380	57634537
28519474	28519651
87236906	87237000
31153816	31153973
1350994	1351176
82673429	82673599
22199995	22200169
5006272	5006423
89623947	89624128
28082145	28082298
85279341	85279456
23446858	23447052
87584106	87584217
23814809	23815169
68074559	68074749
1413527	1413643
86553866	86553962
81771720	81771879
58521730	58521898
66512700	66512857
69830499	69830678
18980722	18980866
30705327	30705511
16221606	16221776
67678663	67678828
30198622	30198982
68738383	68738497
56352351	56352490
47071797	47071938
441901	442039
77709731	77709850
89307244	89307449
10831049	10831207
20311896	20312051
84985928	84986067
50840252	50840369
88882508	88882668
66988120	66988236
67527993	67528184
68834272	68834428
68098739	68098881
48198897	48199081
68263390	68263546
67499802	67499967
89233948	89234120
66929175	66929345
29796478	29796637
30669279	30669639
71345639	71345750
66981067	66981427
69345137	69345290
56390449	56390625
72536085	72536246
30103317	30103490
68295572	68295711
70429436	70429526
50543671	50543767
761794	761985
58545929	58546020
30043671	30043817
71995422	71995571
81238681	81239041
84118490	84118646
30996377	30996515
67976112	67976270
51796171	51796288
88924287	88924422
12549142	12549502
28992864	28993224
9228790	9228888
57079812	57079962
29874828	29874951
11075709	11075848
82263756	82263912
3033737	3033911
78133968	78134103
81924096	81924212
10615662	10615814
3151457	3151612
12189033	12189393
88747481	88747841
4700630	4700772
57933630	57933990
84788074	84788201
71571710	71571839
68297961	68298137
89356010	89356127
50244558	50244690
83249103	83249268
12913337	12913483
21719968	21720135
84655860	84656016
4452764	4452916
27379534	27379692
69373471	69373573
69146676	69146800
49441835	49442195
58848304	58848401
67462153	67462287
80982778	80983138
88810299	88810391
23072152	23072283
49384507	49384671
10603456	10603816
11501463	11501583
17673274	17673378
73990624	73990785
11349511	11349871
9102728	9102872
85403563	85403923
15859840	15859995
16955416	16955568
83960342	83960515
157126	157288
77633836	77633968
2009377	2009501
3704260	3704620
85427293	85427653
66440344	66440704
80500307	80500667
49526232	49526324
28328402	28328762
28333088	28333448
11808546	11808698
58131114	58131474
16288829	16288984
75505671	75506031
10275552	10275659
18015590	18015694
75233312	75233454
20394860	20395012
74343702	74344062
30066465	30066576
19566429	19566789
15915815	15915966
81907591	81907746
68273988	68274087
88594003	88594128
67219426	67219540
1773674	1773818
23739192	23739552
52946603	52946710
67294567	67294927
68479493	68479601
22217305	22217665
22311922	22312044
21668515	21668875
66376206	66376566
30965056	30965220
78804625	78804740
21312018	21312123
81763865	81764225
85852923	85853063
71533682	71534042
27651241	27651337
86374427	86374526
9030305	9030665
23445653	23446013
72158909	72158999
3989186	3989288
3109198	3109558
11626089	11626248
49626948	49627090
19910784	19910891
87905278	87905412
30016835	30017195
24516202	24516344
80561207	80561567
30124171	30124324
85120436	85120570
80560470	80560574
87358265	87358625
58790321	58790681
22692108	22692227
2203525	2203885
87312350	87312455
1823348	1823708
20397087	20397447
2892457	2892817
4635478	4635838
27121074	27121198
28857685	28858045
88503905	88504035
19191240	19191600
63395041	63395168
31117059	31117226
56985314	56985427
87811548	87811749
24264447	24264807
84958886	84958994
73230667	73231027
81730983	81731102
84096363	84096723
30626701	30627061
9253980	9254340
24021914	24022035
49891556	49891916
9741959	9742319
85793436	85793796
57509770	57510130
19387073	19387163
5106372	5106732
15798401	15798761
17288064	17288424
88851854	88852214
6693104	6693464
67433331	67433691
14394664	14395024
31870697	31871057
9349961	9350321
19083575	19083935
84208881	84209241
57452760	57453120
50360949	50361309
67481513	67481873
66785757	66785859
71401310	71401670
9352322	9352682
85330636	85330996
11735235	11735595
698015	698375
54227546	54227906
30461177	30461279
4409068	4409428
16281219	16281579
19178940	19179300
47177402	47177499
29721678	29722038
11450541	11450901
15850501	15850663
1463644	1464004
629065	629425
66304343	66304703
89766489	89766849
167745	168105
27527183	27527543
21289460	21289820
11499444	11499804
78005466	78005826
50699413	50699511
24053363	24053723
22089050	22089410
86050008	86050368
87096313	87096673
29711960	29712067
66378577	66378697
69184057	69184417
77618145	77618505
89283022	89283121
11465604	11465964
80858812	80858921
17561817	17562177
28229457	28229817
84540137	84540289
48721370	48721730
47052072	47052432
74896656	74897016
12043475	12043835
22110322	22110682
84656490	84656598
13959977	13960337
72434183	72434543
89641031	89641391
31879955	31880315
82490212	82490572
86106427	86106787
835608	835968
12667653	12668013
2888859	2889219
75823184	75823287
85449965	85450325
412163	412523
71576174	71576534
28884896	28885256
25287965	25288325
46723891	46724251
2190726	2190871
23812847	23812952
81919616	81919976
87669103	87669463
87350409	87350769
84310831	84311191
4598768	4599128
85350029	85350389
66391401	66391761
89707603	89707963
58054562	58054922
3078209	3078569
81656993	81657353
46588385	46588496
11065337	11065697
4363823	4364183
87428039	87428399
11480801	11481161
53583871	53584231
68430436	68430796
30662568	30662928
75584151	75584511
22960116	22960476
67313185	67313545
74463999	74464359
67548287	67548647
27616840	27617200
31472027	31472387
5142286	5142646
86794729	86795089
83389815	83390175
24048027	24048387
33619005	33619365
88628372	88628732
27983758	27984118
81756768	81757128
81294678	81295038
85461834	85462194
85752346	85752706
3053677	3054037
53777005	53777365
50101409	50101769
87802806	87803166
58695151	58695511
81399962	81400322
46952768	46953128
74657142	74657502
1105104	1105464
78537397	78537757
34666451	34666811
79636062	79636422
77205634	77205994
14622986	14623346
19514002	19514362
89008260	89008620
17352665	17353025
86077806	86078166
17371947	17372307
15313799	15314159
3020096	3020456
50247848	50248208
25719309	25719669
77203573	77203933
22910149	22910509
21095145	21095505
3199644	3200004
3215949	3216309
30547026	30547386
85598062	85598422
25850056	25850416
25138098	25138458
89631951	89632311
53979829	53980189
24700447	24700807
10762251	10762611
49910589	49910949
19234582	19234942
8999054	8999414
75655037	75655397
31345042	31345402
12322607	12322967
21168041	21168401
17650434	17650794
56901155	56901515
50711374	50711734
88751557	88751917
87331548	87331908
74141705	74142065
19595014	19595374
67193904	67194264
15871651	15872011
80958411	80958771
284921	285281
70287730	70288090
85751484	85751844
11891004	11891364
5540603	5540963
87110900	87111260
66309747	66310107
71780359	71780719
70301416	70301776
77257046	77257406
69964087	69964447
3181764	3182124
24082206	24082566
50840532	50840712
56634340	56634700
56547812	56548172
69743409	69743769
8223140	8223500
8885759	8886119
46942770	46943130
56903470	56903830
79081282	79081642
51852279	51852639
47292783	47293143
1380514	1380874
52016674	52017034
75032344	75032704
83987636	83987996
67203574	67203934
30080110	30080470
70403991	70404351
53193802	53194162
29818911	29819271
80886175	80886535
3144613	3144973
68936301	68936661
77985672	77986032
68416170	68416530
9144288	9144648
48265743	48266103
85562494	85562854
19400508	19400868
71033671	71034031
82095489	82095849
46981726	46982086
22330029	22330389
71446622	71446982
89400050	89400410
53926008	53926368
57201908	57202268
8985535	8985895
72881053	72881413
50705575	50705935
50781502	50781862
31107144	31107504
66762046	66762406
21695547	21695907
27701946	27702306
87735991	87736351
84122312	84122672
49034424	49034784
28989061	28989421
23746496	23746856
55735640	55736000
17305657	17306017
4454425	4454785
80837141	80837501
90014919	90015279
30649290	30649650
69157885	69158245
4567803	4568163
86907750	86908110
30946468	30946828
21652016	21652376
55291909	55292269
78739598	78739958
88814347	88814707
28985249	28985609
84099152	84099512
72133255	72133615
85513806	85514166
3224296	3224656
14383600	14383960
81929528	81929888
48560425	48560785
56236984	56237344
11082309	11082669
63323788	63324148
55876753	55877113
12990442	12990802
53241683	53242043
23848319	23848679
68150169	68150529
15736476	15736836
5134843	5135203
25236582	25236942
47178184	47178544
66773866	66774226
75436801	75437161
15968728	15969088
1478526	1478886
10608453	10608813
11312406	11312766
49991783	49992143
12434266	12434626
86551307	86551667
21946427	21946787
2301529	2301889
58528916	58529276
19570660	19571020
81865403	81865763
21012633	21012993
76299375	76299735
53580810	53581170
31466995	31467355
11351123	11351483
8754807	8755167
89772343	89772703
84518252	84518612
72100585	72100945
24845792	24846152
66943670	66944030
15116061	15116421
60872	61232
9391351	9391711
49955776	49956136
2537205	2537565
89681963	89682323
89984982	89985342
2244845	2245205
82705309	82705669
68881177	68881537
49475161	49475521
31708244	31708604
28152164	28152524
76687372	76687732
53010723	53011083
74760647	74761007
87715816	87716176
14378963	14379323
58155837	58156197
88625435	88625795
8622849	8623209
4526217	4526577
87984370	87984730
31470241	31470601
15521444	15521804
49590403	49590763
72275748	72276108
67360605	67360965
17570595	17570955
55746215	55746575
71599368	71599728
78958976	78959336
53164346	53164706
57126692	57127052
8729248	8729608
67899271	67899631
67596511	67596871
70198983	70199343
1152848	1153208
87495036	87495396
451916	452276
88320894	88321254
2346590	2346950
83480414	83480774
21962341	21962701
67450245	67450605
2066476	2066836
1107486	1107846
25066907	25067267
31463098	31463458
68127806	68128166
19992177	19992537
31725854	31726214
16687289	16687649
15775918	15776278
57829275	57829635
25117796	25118156
13547833	13548193
2957088	2957448
24510555	24510915
56885862	56886222
79295407	79295767
2721214	2721574
50388785	50389145
73029035	73029395
57754185	57754545
863647	864007
56707852	56708212
15644674	15645034
1420374	1420734
29126711	29127071
81038246	81038606
72501064	72501424
3145883	3146243
50299119	50299479
4323796	4324156
71455944	71456304
71679387	71679747
18771242	18771602
3507883	3508243
87670007	87670367
50408601	50408961
28560636	28560996
27439825	27440185
58333690	58334050
20810896	20811256
58034538	58034898
9319415	9319775
2590075	2590435
57643463	57643823
55068952	55069312
28213708	28214068
88571904	88572264
88850600	88850960
5666121	5666481
2904717	2905077
56075677	56076037
10274550	10274910
53056345	53056705
70616532	70616892
75419448	75419808
77410281	77410641
71598787	71599147
19612689	19613049
81248397	81248757
69429948	69430308
69139289	69139649
85950616	85950976
57456289	57456649
2523924	2524284
661089	661449
4666435	4666795
29740563	29740923
16236856	16237216
5683852	5684212
62259581	62259941
68877805	68878165
58066174	58066534
68470489	68470849
23308263	23308623
27878815	27879175
3233217	3233577
3202238	3202598
82473313	82473673
31171005	31171365
87911433	87911793
58340218	58340578
62160335	62160695
31310326	31310686
27366988	27367348
27092275	27092635
72890731	72891091
89575343	89575703
53088885	53089245
26776438	26776798
58160837	58161197
85927926	85928286
11907609	11907969
87990444	87990804
54991270	54991630
2720030	2720390
14404422	14404782
70910386	70910746
89665813	89666173
82028102	82028462
88699917	88700277
89859545	89859905
30456649	30457009
29193133	29193493
71682867	71683227
1913635	1913995
29732917	29733277
6131368	6131728
82065017	82065377
70286501	70286861
47907358	47907718
20886182	20886542
87622322	87622682
14029278	14029638
67280059	67280419
79368123	79368483
89374807	89375167
4311577	4311937
80613933	80614293
16139654	16140014
50917999	50918359
22195211	22195571
81462575	81462935
66638662	66639022
66696724	66697084
4032993	4033353
3314131	3314491
34625736	34626096
2557117	2557477
53807059	53807419
78039788	78040148
50678675	50679035
11348635	11348995
67232125	67232485
84174813	84175173
4378176	4378536
19533235	19533595
29652873	29653233
56435387	56435747
14693985	14694345
75555286	75555646
20818033	20818393
70772310	70772670
68624378	68624738
59226455	59226815
85132957	85133317
21113351	21113711
66958718	66959078
70365507	70365867
2867015	2867375
16296289	16296649
75525759	75526119
69528832	69529192
10690973	10691333
20719462	20719822
49738737	49739097
71513285	71513645
20751583	20751943
70563287	70563647
88991653	88992013
30988752	30989112
46722383	46722743
2480409	2480769
70052121	70052481
30154396	30154756
49217901	49218261
14017571	14017931
9127319	9127679
18225412	18225772
18957488	18957848
49498744	49499104
49386870	49387230
13001541	13001901
46891453	46891813
27386364	27386724
49642739	49643099
31369172	31369532
6732160	6732520
80118536	80118896
88695058	88695418
67702400	67702760
27192332	27192692
537743	538103
23166753	23167113
55737332	55737692
89002421	89002781
71917608	71917968
65017926	65018286
87450352	87450712
66549716	66550076
82665559	82665919
85364427	85364787
21595324	21595684
87426820	87427180
66962676	66963036
71040455	71040815
2710812	2711172
30075244	30075604
88227640	88228000
74684899	74685259
3577243	3577603
78429976	78430336
71446165	71446525
58039130	58039490
17147370	17147730
89423853	89424213
71474550	71474910
83146929	83147289
66750937	66751297
545435	545795
57940352	57940712
402504	402864
33457158	33457518
84984528	84984888
32876651	32877011
11043471	11043831
2171357	2171717
1244610	1244970
22153088	22153448
25119347	25119707
67312531	67312891
8748976	8749336
81831806	81832166
67383088	67383448
58028680	58029040
28813811	28814171
48945625	48945985
48572968	48573328
88016932	88017292
85858919	85859279
78512339	78512699
68400918	68401278
74338407	74338767
14296475	14296835
26581136	26581496
87454250	87454610
18995015	18995375
24420381	24420741
49474311	49474671
2771209	2771569
82674933	82675293
25077213	25077573
762828	763188
81008504	81008864
67134844	67135204
32909143	32909503
50815024	50815384
49416868	49417228
1873824	1874184
20613597	20613957
14583258	14583618
88038750	88039110
87686931	87687291
70542632	70542992
69432236	69432596
69029084	69029444
23689721	23690081
53317304	53317664
48576062	48576422
6385096	6385456
82637438	82637798
22824449	22824809
74800613	74800973
82377800	82378160
27760193	27760553
89592091	89592451
33630011	33630371
30961422	30961782
81913243	81913603
13990662	13991022
66308327	66308687
3676468	3676828
30441636	30441996
85709155	85709515
26974456	26974816
27438367	27438727
74363318	74363678
56459377	56459737
80031159	80031519
8967439	8967799
31469210	31469570
71496181	71496541
783700	784060
2873403	2873763
11193998	11194358
28627262	28627622
74069717	74070077
21813158	21813518
7318093	7318453
85061626	85061986
50581246	50581606
20703025	20703385
3068088	3068448
11077042	11077402
85090880	85091240
67490233	67490593
76673865	76674225
3511209	3511569
1588818	1589178
75729626	75729986
67570695	67571055
1614354	1614714
80351686	80352046
71641695	71642055
48147395	48147755
29828506	29828866
67213625	67213985
6734069	6734429
81479022	81479382
17555896	17556256
10408647	10409007
15737357	15737717
54316140	54316500
57333431	57333791
9029771	9030131
73912535	73912895
50055426	50055786
1388129	1388489
86286316	86286676
84992676	84993036
33605565	33605925
50701406	50701766
17510393	17510753
71002317	71002677
50415966	50416326
13310567	13310927
230250	230610
33458948	33459308
90172635	90172995
66585285	66585645
30493644	30494004
4250257	4250617
14380331	14380691
68398648	68399008
23608350	23608710
49924783	49925143
24812070	24812430
26656989	26657349
27654074	27654434
46641446	46641806
5112831	5113191
67427223	67427583
67406569	67406929
22197851	22198211
49546973	49547333
27326530	27326890
86053036	86053396
50170359	50170719
56664143	56664503
69320846	69321206
793857	794217
62224337	62224697
22210247	22210607
85762519	85762879
736018	736378
71535484	71535844
62102687	62103047
19412091	19412451
56990725	56991085
27709657	27710017
10040189	10040549
70842288	70842648
30905458	30905818
13998696	13999056
28204481	28204841
84780425	84780785
57893286	57893646
57336572	57336932
5289499	5289859
3071404	3071764
2478455	2478815
1156294	1156654
20371357	20371717
50661435	50661795
81876034	81876394
48865284	48865644
30538223	30538583
10216407	10216767
86082503	86082863
74308964	74309324
49382322	49382682
67373373	67373733
7075596	7075956
58277374	58277734
58231893	58232253
770466	770826
81175012	81175372
47008263	47008623
368673	369033
13967716	13968076
4561483	4561843
30093883	30094243
56823353	56823713
13604611	13604971
56315069	56315429
68783450	68783810
23515750	23516110
27456815	27457175
67876867	67877227
19421824	19422184
82613931	82614291
85089880	85090240
24917550	24917910
55357621	55357981
69893523	69893883
82772323	82772683
53254530	53254890
3316974	3317334
23382819	23383179
30053079	30053439
67298350	67298710
67260970	67261330
928471	928831
10971246	10971606
17638660	17639020
89767313	89767673
2515607	2515967
71917807	71918167
575607	575967
71248899	71249259
15149481	15149841
11006474	11006834
20753116	20753476
84177846	84178206
13485235	13485595
83920707	83921067
70488402	70488762
14403343	14403703
31212166	31212526
795772	796132
71851875	71852235
337394	337754
76312909	76313269
54971303	54971663
16326092	16326452
74068769	74069129
84150144	84150504
62075333	62075693
3137200	3137560
28565299	28565659
238669	239029
57973474	57973834
85380868	85381228
23517342	23517702
78156711	78157071
84001610	84001970
79801525	79801885
88764529	88764889
57897471	57897831
11024595	11024955
27876527	27876887
67318847	67319207
28874589	28874949
11600825	11601185
29675559	29675919
31967583	31967943
67697001	67697361
57180568	57180928
710944	711304
81484282	81484642
62672679	62673039
58340418	58340778
66583498	66583858
57862417	57862777
90085862	90086222
69601099	69601459
29973027	29973387
31484045	31484405
2636200	2636560
84430787	84431147
13529726	13530086
89767875	89768235
87985418	87985778
70507622	70507982
12009966	12010326
78637067	78637427
86013135	86013495
16277368	16277728
3083712	3084072
77756477	77756837
85474653	85475013
88676501	88676861
30406868	30407228
21289659	21290019
50753992	50754352
1973670	1974030
10906231	10906591
88557051	88557411
77816684	77817044
72042157	72042517
10013345	10013705
30968298	30968658
29239459	29239819
4767290	4767650
77818892	77819252
31276473	31276833
15166121	15166481
30913389	30913749
48643991	48644351
57701862	57702222
12486488	12486848
2255661	2256021
81974395	81974755
69971302	69971662
50357493	50357853
30429526	30429886
53529248	53529608
48895862	48896222
82401579	82401939
21264786	21265146
86021072	86021432
30670452	30670812
28502631	28502991
10125319	10125679
81553486	81553846
11735435	11735795
3174678	3175038
730993	731353
25155226	25155586
74808503	74808863
2482208	2482568
87814065	87814425
17355022	17355382
29631937	29632297
83826009	83826369
66307877	66308237
8949150	8949510
56827496	56827856
47604935	47605295
52587216	52587576
84341803	84342163
15561113	15561473
27984941	27985301
17251773	17252133
3715563	3715923
2274036	2274396
30382318	30382678
72691770	72692130
68626421	68626781
12309599	12309959
68104869	68105229
47070169	47070529
29203586	29203946
2517701	2518061
56391729	56392089
22988699	22989059
73748008	73748368
68118423	68118783
85587097	85587457
58035208	58035568
81631773	81632133
58877634	58877994
23888481	23888841
23567419	23567779
5075324	5075684
87844067	87844427
48898099	48898459
10133161	10133521
2562994	2563354
85480911	85481271
72995432	72995792
62247685	62248045
57770475	57770835
11736250	11736610
19567470	19567830
475019	475379
85061038	85061398
69177095	69177455
1862722	1863082
57410956	57411316
10660394	10660754
70414922	70415282
81856703	81857063
75130682	75131042
56345111	56345471
21312944	21313304
28102256	28102616
58712619	58712979
74903638	74903998
23360064	23360424
74260524	74260884
75835203	75835563
21626228	21626588
47495735	47496095
24550836	24551196
85783841	85784201
17164639	17164999
15876801	15877161
67062495	67062855
9178880	9179240
56677395	56677755
50406017	50406377
14279768	14280128
87964095	87964455
56922678	56923038
52005097	52005457
66308083	66308443
77077014	77077374
2389985	2390345
67282675	67283035
87923396	87923756
17345355	17345715
11420683	11421043
28536137	28536497
82049908	82050268
77927676	77928036
73082010	73082370
31027382	31027742
88094481	88094841
75678532	75678892
4624766	4625126
53095642	53096002
90144111	90144471
2033773	2034133
68389281	68389641
81889351	81889711
34337159	34337519
69598212	69598572
85091082	85091442
85931031	85931391
33537152	33537512
4322879	4323239
88739131	88739491
81531380	81531740
66511440	66511800
85591728	85592088
25006760	25007120
10673767	10674127
650886	651246
80403474	80403834
89039423	89039783
87900345	87900705
73056470	73056830
85206171	85206531
57948203	57948563
55055759	55056119
4528112	4528472
88473203	88473563
26806563	26806923
69117434	69117794
82664340	82664700
55535490	55535850
4986266	4986626
2610777	2611137
89733430	89733790
88910867	88911227
2106155	2106515
70504820	70505180
62111919	62112279
88878618	88878978
89557955	89558315
58161474	58161834
20688262	20688622
12065927	12066287
30364218	30364578
67697515	67697875
13532739	13533099
67138084	67138444
18064890	18065250
167953	168313
3541051	3541411
14402188	14402548
27279940	27280300
31887244	31887604
72852374	72852734
84818938	84819298
13861041	13861401
46835361	46835721
72700217	72700577
9359868	9360228
49743717	49744077
1814030	1814390
87695300	87695660
46663262	46663622
81514961	81515321
3014233	3014593
3830516	3830876
58530156	58530516
72229451	72229811
2820418	2820778
11792304	11792664
79047044	79047404
769797	770157
66596299	66596659
30787930	30788290
67840986	67841346
73066333	73066693
2560340	2560700
80353264	80353624
58379468	58379828
56637524	56637884
54667762	54668122
13491024	13491384
71928076	71928436
12562403	12562763
79170657	79171017
8999726	9000086
13933494	13933854
2202617	2202977
70988814	70989174
2957289	2957649
11448685	11449045
68119362	68119722
49627382	49627742
89359641	89360001
46892750	46893110
67960392	67960752
24591999	24592359
8244890	8245250
23084512	23084872
30569035	30569395
28835372	28835732
6066505	6066865
73070031	73070391
89401349	89401709
30879095	30879455
20967644	20968004
50402789	50403149
65160701	65161061
13520130	13520490
1876103	1876463
70922138	70922498
47239046	47239406
711151	711511
27904264	27904624
71475333	71475693
55404989	55405349
21545907	21546267
56233235	56233595
83912506	83912866
46646193	46646553
73091426	73091786
17325006	17325366
27383723	27384083
66730684	66731044
85286997	85287357
13425861	13426221
12992414	12992774
67597101	67597461
3165427	3165787
2653140	2653500
50645150	50645510
2436984	2437344
2803646	2804006
84077787	84078147
21993436	21993796
74734378	74734738
57979688	57980048
4321813	4322173
71586715	71587075
30671103	30671463
2107223	2107583
15982251	15982611
89911814	89912174
81843913	81844273
14400833	14401193
14686973	14687333
57333644	57334004
68418648	68419008
70973650	70974010
28333288	28333648
33740605	33740965
75143898	75144258
28935770	28936130
73599166	73599526
66358695	66359055
53491624	53491984
85969677	85970037
80740359	80740719
82829664	82830024
67578116	67578476
16189961	16190321
48147606	48147966
11768064	11768424
54968814	54969174
87418182	87418542
23572905	23573265
50645353	50645713
35143300	35143660
27870447	27870807
21312670	21313030
17225192	17225552
24321108	24321468
30809233	30809593
47166184	47166544
51409986	51410346
84538277	84538637
20359600	20359960
75109235	75109595
57569743	57570103
70442758	70443118
26464585	26464945
18990606	18990966
71928987	71929347
57809532	57809892
67581504	67581864
81813326	81813686
86098506	86098866
85866270	85866630
50857150	50857510
50591720	50592080
81782400	81782760
14927259	14927619
66558782	66559142
