23329941	23330162
141646203	141646416
103826918	103827128
22480464	22480690
142396939	142397165
28479803	28480025
105771992	105772197
11623058	11623251
6637189	6637397
142394771	142394982
42547726	42547952
125605260	125605471
142737186	142737401
11801233	11801440
23267941	23268154
9008192	9008409
142357082	142357302
22766560	22766788
139779946	139780142
11816452	11816661
143553333	143553541
23550218	23550419
29197800	29197997
10786020	10786236
135703617	135703817
57006303	57006499
2672096	2672285
56433535	56433750
141403990	141404189
23331863	23332066
12899919	12900116
21894375	21894579
11759809	11760028
59720568	59720764
41386385	41386589
10447716	10447947
144976734	144976953
37637448	37637640
144465844	144466048
42948500	42948708
42269962	42270145
141477388	141477570
41470363	41470554
52921103	52921308
37557857	37558087
21994946	21995152
74086621	74086832
21641917	21642127
21911615	21911817
144212533	144212731
28181909	28182094
144129715	144129918
144483418	144483617
125452701	125452888
127888917	127889111
142441635	142441832
105430323	105430530
20233785	20233989
61573145	61573336
67351244	67351433
142518133	142518341
94987461	94987659
62008731	62008921
128746271	128746477
38571905	38572086
145634710	145634912
99182321	99182522
141447847	141448043
42243050	42243242
20898694	20898884
102149505	102149704
8527314	8527498
101839306	101839492
123584636	123584816
6698252	6698436
106104676	106104880
96036987	96037215
82692825	82693013
11422143	11422345
1972278	1972469
37709031	37709214
145597504	145597712
124167068	124167257
22094887	22095069
100872095	100872263
37773798	37774007
61936127	61936350
1683712	1683885
57154570	57154760
37593892	37594079
41692307	41692499
102313686	102313866
145051342	145051527
22446601	22446812
27449817	27450008
40851360	40851532
22775983	22776177
134221602	134221781
61325181	61325371
101693179	101693378
41559308	41559497
8923324	8923516
8608320	8608497
41400307	41400475
135697915	135698082
61309495	61309656
118057038	118057200
61048767	61048949
8130823	8130992
8528166	8528356
15501701	15501866
142094500	142094700
139698836	139699015
73067515	73067698
22876817	22876994
102339284	102339447
86209726	86209896
144461912	144462094
8594503	8594691
21763559	21763762
135918438	135918627
43136022	43136221
144594855	144595034
28451568	28451749
142171059	142171248
144918700	144918882
41669848	41670033
22613634	22613834
28945080	28945256
127396015	127396194
1644029	1644208
41998243	41998442
896882	897064
71446783	71446949
27454755	27454921
97345479	97345663
99483428	99483594
145181464	145181635
140353218	140353397
130699738	130699906
6658333	6658516
20089383	20089556
10682955	10683105
130738637	130738798
134461805	134461990
30776562	30776741
62051679	62051862
145056698	145056873
31109685	31109858
19229689	19229866
68251873	68252042
135917826	135917992
145800915	145801088
58255960	58256139
144649469	144649655
59231025	59231211
125438329	125438509
145539707	145539897
141647548	141647732
103823114	103823337
26528163	26528310
96261022	96261172
139739735	139739899
142185087	142185264
140643191	140643369
47829372	47829546
95092075	95092239
98748657	98748814
28602672	28602844
99049432	99049593
22419420	22419602
68402619	68402782
17010000	17010148
123685805	123685991
28277140	28277308
26295210	26295386
49084796	49084971
38268234	38268407
21772940	21773095
145575201	145575359
27918672	27918843
38824065	38824246
144614365	144614547
82147578	82147740
144513027	144513209
30413429	30413627
142179239	142179431
10444933	10445082
27850151	27850343
127313337	127313491
102135582	102135749
22022074	22022267
37853887	37854059
117899840	117899996
123745909	123746069
140225664	140225852
58333217	58333381
143528939	143529104
99176054	99176208
72930881	72931057
98271337	98271520
27172906	27173049
42660473	42660643
97192428	97192582
130838553	130838713
103209742	103209897
11411341	11411516
91013091	91013264
27459656	27459838
80596941	80597094
131762006	131762164
130548123	130548287
130599383	130599539
39891627	39891784
114450021	114450170
130694374	130694536
86132940	86133126
81152934	81153098
42529307	42529449
48651513	48651709
33448541	33448711
105690978	105691122
49891617	49891770
22941768	22941946
133204362	133204524
143946376	143946537
146252193	146252367
1840676	1840817
145955538	145955724
134215218	134215399
20238400	20238559
66674194	66674343
101576321	101576458
215851	216030
23104325	23104506
40110705	40110880
124077952	124078113
22432000	22432140
26185041	26185184
140718127	140718297
145693170	145693324
73759499	73759643
47579916	47580062
10405680	10405848
143555133	143555295
66776921	66777069
106437246	106437404
52438722	52438875
23153763	23153909
139948511	139948678
27323247	27323398
39749657	39749797
1978824	1978987
145024125	145024305
141678489	141678640
101847811	101847970
25946258	25946427
42010963	42011137
107604119	107604251
120879481	120879630
80935944	80936066
21924372	21924552
145550314	145550491
42177285	42177422
110463267	110463423
17557184	17557342
38041997	38042150
124706090	124706249
107868841	107868982
97176669	97176819
105524929	105525035
9226611	9226762
142070101	142070276
132049281	132049417
94373437	94373576
41686395	41686563
27721443	27721595
18422519	18422674
65294754	65294923
55078837	55078973
80997388	80997529
100010247	100010368
128748427	128748597
121135816	121135985
5997566	5997738
11603938	11604082
37924750	37924889
10696504	10696619
66557321	66557486
70854699	70854848
30027846	30028004
109930770	109930880
124232964	124233095
66977300	66977416
119755964	119756121
74585350	74585463
12698272	12698405
55078439	55078581
17770222	17770358
106034595	106034722
141841340	141841455
40809206	40809368
95284670	95284828
130951861	130952039
25434820	25434950
38688315	38688458
6188894	6189049
117800726	117800860
41287722	41287860
110359241	110359372
71580714	71580831
53025078	53025195
128738080	128738223
145669525	145669647
26428858	26428999
141169802	141169959
33192363	33192493
105789132	105789262
10131502	10131637
27062638	27062768
98608158	98608277
26513103	26513270
143705491	143705632
1273449	1273606
56972810	56972937
11269105	11269241
95917596	95917728
74416788	74416914
27283814	27283958
6893379	6893514
126656903	126657022
143864015	143864161
49231392	49231531
82645047	82645171
95003654	95003788
53320291	53320415
67601274	67601381
135855994	135856137
133067813	133067941
140418124	140418252
10834790	10834919
96069304	96069405
17772454	17772577
126444345	126444478
12990682	12990863
98182954	98183104
145689467	145689608
126924266	126924408
9687035	9687178
86375498	86375641
10671807	10671948
28221022	28221169
29172377	29172482
105800197	105800288
80964817	80964943
145566814	145566965
99370451	99370568
146095190	146095303
132816562	132816706
103664158	103664276
22452833	22452950
134508760	134508915
20292903	20293053
42029255	42029382
81143166	81143266
86202465	86202580
19991311	19991425
145258326	145258506
130832485	130832603
13519824	13519964
102345226	102345338
98881739	98881878
94834702	94834801
2212345	2212497
59614423	59614554
135490808	135490955
28588341	28588458
37943938	37944029
145734071	145734276
22530608	22530753
81595296	81595426
9195906	9196024
134581972	134582104
66948855	66948968
100370892	100371008
8887484	8887571
55464337	55464474
54775994	54776090
23605416	23605537
124937006	124937114
125901112	125901217
143534206	143534353
125660071	125660174
123691200	123691325
145501692	145501825
22280209	22280318
27584917	27585003
142309601	142309765
27181374	27181506
24923189	24923309
143627078	143627204
131687867	131687997
29504967	29505070
30770420	30770533
17460244	17460344
53408834	53408936
30670390	30670507
74659251	74659405
57360579	57360729
4854653	4854750
62156668	62156780
12891518	12891654
38713768	38713863
125437650	125437749
96317724	96317808
19125279	19125381
71000921	71001044
80677578	80677735
10676588	10676697
2034586	2034714
33539174	33539228
36716538	36716650
129871545	129871636
125050121	125050229
48227902	48228078
99853230	99853326
95369446	95369559
57841783	57841900
146223144	146223229
103875376	103875496
11271347	11271448
131540173	131540268
125264026	125264144
18066550	18066650
34748853	34748956
145704470	145704591
11267047	11267147
94973300	94973405
125574185	125574280
50143060	50143128
95586491	95586545
118316490	118316588
48114945	48115061
144818795	144818846
3142271	3142362
100819033	100819133
18537890	18537978
118342456	118342632
27472306	27472466
67089214	67089347
103598109	103598215
26548388	26548487
98834367	98834461
37788994	37789068
101859802	101859896
15311290	15311374
29034635	29034748
59307895	59307970
41680285	41680383
24052091	24052267
95625243	95625346
24087007	24087085
26240433	26240516
144025118	144025205
427689	427740
22144897	22144976
30085254	30085351
15420200	15420293
145909832	145909965
133887796	133887972
58986930	58987026
101170701	101170784
18726050	18726112
22225419	22225507
143716169	143716269
22745550	22745638
25473429	25473481
6540097	6540202
141210393	141210495
62475942	62476013
134465642	134465818
48909920	48910000
33282230	33282406
58909635	58909811
67976497	67976583
74577850	74577923
126713047	126713128
22287956	22288040
145735159	145735273
127836812	127836885
90629416	90629472
57101877	57101957
100404208	100404287
145747904	145748006
131141956	131142027
131814992	131815056
146012832	146012932
7771119	7771216
19637205	19637286
107777591	107777767
146245553	146245637
81910653	81910704
129335034	129335101
62637414	62637590
8105455	8105533
7255434	7255534
145692414	145692514
77280210	77280279
144528944	144529044
41261747	41261809
135489137	135489236
41852924	41852996
57350514	57350612
28559010	28559108
48091929	48092024
27930425	27930485
125966023	125966199
64303954	64304130
101553159	101553255
67334135	67334194
87045506	87045682
18054939	18055005
64058288	64058368
104524408	104524468
97340330	97340402
95825837	95825887
1729525	1729604
56941503	56941679
87715680	87715856
103597514	103597690
10275400	10275475
22832230	22832308
72687382	72687459
138505176	138505352
61523699	61523773
144065626	144065715
38578972	38579148
11424775	11424846
103541040	103541090
102658614	102658790
30458324	30458500
27373500	27373588
86985712	86985888
127822294	127822363
104123798	104123974
144388967	144389034
125576739	125576796
62722692	62722783
20042524	20042574
101859389	101859565
54721466	54721546
101539243	101539419
101271287	101271351
6786235	6786320
141368833	141368884
30015233	30015308
104719710	104719765
28645368	28645544
27713099	27713275
22862227	22862309
72740299	72740397
81599527	81599703
54404985	54405161
2230569	2230651
23021056	23021138
124034738	124034914
12516982	12517080
56794089	56794265
75000447	75000623
62381424	62381600
59634336	59634512
41003964	41004140
104086156	104086332
134468082	134468258
72887559	72887735
6687714	6687890
128902445	128902520
90738198	90738272
10518344	10518418
81904322	81904396
103646522	103646698
21953184	21953279
6673861	6674037
124778630	124778680
37010827	37011003
29493598	29493774
41369829	41369899
29940521	29940574
143897871	143897971
143751071	143751166
92405837	92405916
128750093	128750157
124775731	124775907
12523162	12523221
124428518	124428694
123651243	123651315
29873756	29873816
38009487	38009663
25027802	25027878
23386162	23386338
86363880	86364056
37248127	37248177
94648187	94648363
142193680	142193856
96249464	96249640
28994873	28994950
28627250	28627426
47868675	47868851
86059744	86059920
102169899	102170075
98905535	98905711
69403018	69403071
144302663	144302716
102217355	102217418
2027738	2027793
23606586	23606762
56923256	56923432
30848962	30849138
123807356	123807532
40059373	40059549
26519404	26519580
11872663	11872760
10874006	10874182
146030519	146030635
98565812	98565864
106920563	106920739
30046076	30046252
103714208	103714384
95370061	95370237
140035451	140035627
85538431	85538607
28213172	28213348
35009829	35010005
21669823	21669999
118341287	118341463
73199466	73199642
28861938	28862114
122261125	122261301
138903220	138903396
57470521	57470697
108792109	108792285
103639749	103639925
37851252	37851428
70858553	70858603
123689818	123689994
91865278	91865328
144140203	144140288
145049149	145049202
81492176	81492352
90701475	90701651
125568815	125568991
91583343	91583519
56492425	56492601
144869048	144869224
130740867	130741043
43131388	43131564
124475173	124475349
28692747	28692923
130709475	130709651
98656369	98656545
103973692	103973868
91013452	91013628
9815501	9815564
107282476	107282652
104776630	104776806
48079061	48079237
124934744	124934920
94070092	94070268
3442547	3442723
121963524	121963700
10190318	10190494
10282775	10282951
56731463	56731639
58026357	58026533
144635635	144635811
54500704	54500880
67831695	67831871
9688545	9688721
119427288	119427464
58122165	58122341
124498925	124498975
38029232	38029282
144283823	144283999
30356675	30356851
31042901	31043077
64078308	64078484
92248803	92248979
139126648	139126824
107589968	107590033
42315610	42315786
17058260	17058436
142248652	142248828
10656320	10656496
143791753	143791929
60964842	60964913
146052103	146052279
120276286	120276462
91960591	91960767
87631321	87631497
94706421	94706597
72917540	72917609
67521665	67521841
96902889	96903065
38242576	38242752
95579948	95580124
5934348	5934524
38283287	38283463
144467264	144467440
95820888	95821064
86291572	86291748
23145491	23145667
37917687	37917863
101138265	101138441
62565446	62565622
102534052	102534228
23273213	23273389
102768610	102768786
107093346	107093522
99097872	99098048
17191556	17191732
18769802	18769978
22871950	22872126
2308376	2308552
53854248	53854424
133227856	133228032
74217851	74218027
20400521	20400697
95274569	95274620
106785273	106785449
96172367	96172543
126243006	126243182
60834219	60834395
110338182	110338358
126130700	126130876
21971993	21972169
117460214	117460390
49838245	49838421
129665702	129665878
131449934	131450110
97157449	97157625
90996854	90997030
27441241	27441417
72723099	72723275
27494112	27494288
25910819	25910995
90860544	90860720
59372288	59372464
128906981	128907157
24857565	24857626
8800223	8800399
67372099	67372275
117939536	117939712
75257036	75257212
27339807	27339983
29732601	29732777
70576084	70576260
28491349	28491525
140260390	140260566
108767893	108768069
86999569	86999745
135898754	135898930
143820909	143821085
125245067	125245117
36948458	36948634
67341080	67341256
142322544	142322720
105338335	105338511
98594820	98594996
74224661	74224837
145711690	145711866
49033815	49033991
108920674	108920850
100878166	100878342
121968998	121969174
40057248	40057424
92052991	92053167
117924968	117925144
26231607	26231783
39853354	39853407
6281508	6281684
22004401	22004577
105342182	105342358
101156330	101156380
128872434	128872610
121618015	121618191
142639619	142639795
106730343	106730519
129203393	129203569
19266006	19266182
8846905	8847081
144854024	144854074
23447144	23447320
117636221	117636397
24749358	24749534
98387935	98388111
41685952	41686128
66618461	66618522
144065900	144066076
21848317	21848493
129281843	129282019
11645376	11645552
139863766	139863942
17722136	17722312
42928782	42928958
6949426	6949500
135643856	135644032
110747592	110747768
118050212	118050388
103422909	103423085
83219885	83220061
144110801	144110977
12040197	12040373
144363849	144364025
82783300	82783371
30239846	30240022
11612664	11612840
130606053	130606229
25991324	25991500
92467757	92467933
127579222	127579398
105142489	105142665
102121813	102121989
96398913	96399089
145288573	145288749
136478191	136478367
142183374	142183550
50279392	50279568
64213396	64213572
144230269	144230445
4695432	4695608
144313753	144313929
95725722	95725898
15235875	15236051
29580615	29580791
138346962	138347138
105504522	105504698
125384999	125385175
55545479	55545655
111844703	111844879
29908653	29908829
12724453	12724629
80647548	80647724
20913925	20914101
57114867	57115043
54793682	54793858
99384878	99385054
130315707	130315883
73856347	73856523
144136214	144136390
82166218	82166394
145151014	145151190
55081986	55082162
75765734	75765910
112809531	112809707
6921116	6921292
108080937	108081113
22643137	22643313
111834422	111834598
141937543	141937719
144896675	144896851
121433973	121434149
53001646	53001822
91007918	91008094
54801062	54801238
121951352	121951528
60127708	60127884
109716140	109716316
102108784	102108960
61585127	61585303
116383252	116383428
11325187	11325363
144815562	144815738
102644845	102645021
145982630	145982806
30515506	30515682
130744113	130744289
108544582	108544758
27234503	27234679
30524465	30524641
40795039	40795215
66944680	66944856
10773409	10773585
106918204	106918380
140050012	140050188
29177938	29178114
40983723	40983899
82802771	82802947
11447059	11447235
16621977	16622153
20081355	20081531
142085711	142085887
37552701	37552877
11194470	11194646
101912739	101912915
68733114	68733290
11162022	11162198
27058589	27058765
131433766	131433942
126517818	126517994
144804690	144804866
139711197	139711373
41722510	41722686
52763164	52763340
134658259	134658435
126714876	126715052
126553416	126553592
65487718	65487894
59572252	59572428
37782160	37782336
71657875	71658051
30404832	30405008
99176902	99177078
145673844	145674020
25333286	25333462
125042732	125042908
65311916	65312092
41685635	41685811
10648121	10648297
19615351	19615527
87100889	87101065
140659218	140659394
19971488	19971664
41435466	41435642
81161910	81162086
19727927	19728103
143690496	143690672
53649771	53649947
110654846	110655022
105337747	105337923
26435173	26435349
144513326	144513502
105454631	105454807
38625910	38626086
23716899	23717075
19786440	19786616
55671439	55671615
103694845	103695021
55274808	55274984
101950895	101951071
133408220	133408396
57160921	57161097
807694	807870
108508131	108508307
106918716	106918892
144366880	144367056
143561833	143562009
107151729	107151905
129701356	129701532
110651912	110652088
6116094	6116270
54923118	54923294
98800281	98800457
60032247	60032423
136464700	136464876
144656979	144657155
121358065	121358241
99570413	99570589
10708038	10708214
131776903	131777079
37888430	37888606
74359865	74360041
9534571	9534747
130036267	130036443
57883467	57883643
8176222	8176398
126709063	126709239
133157237	133157413
100180461	100180637
96114924	96115100
144926252	144926428
41702367	41702543
146127427	146127603
1476229	1476405
108511764	108511940
128926702	128926878
102914706	102914882
99395434	99395610
144876868	144877044
108612251	108612427
116089016	116089192
32964213	32964389
37551985	37552161
105967745	105967921
125601725	125601901
130047337	130047513
30789062	30789238
61789223	61789399
62704703	62704879
71520643	71520819
85944295	85944471
27621451	27621627
14121927	14122103
86157804	86157980
76169609	76169785
126516840	126517016
22722401	22722577
66474310	66474486
124287186	124287362
53878479	53878655
21779620	21779796
26144183	26144359
11104531	11104707
141954378	141954554
59521197	59521373
22427686	22427862
98424396	98424572
110564293	110564469
58487882	58488058
133490972	133491148
142636942	142637118
139491033	139491209
87056415	87056591
105698772	105698948
125979373	125979549
66746890	66747066
133663742	133663918
22553243	22553419
21952805	21952981
38144299	38144475
21432226	21432402
33403322	33403498
127616192	127616368
542098	542274
38258370	38258546
56843252	56843428
59447482	59447658
61385899	61386075
38326047	38326223
141353502	141353678
49086751	49086927
56793118	56793294
74207185	74207361
98464999	98465175
130760694	130760870
143808397	143808573
102103343	102103519
11703090	11703266
22562199	22562375
94654054	94654230
134654339	134654515
38592229	38592405
127079233	127079409
124178992	124179168
8174515	8174691
145980554	145980730
26621750	26621926
131107035	131107211
94577759	94577935
99877979	99878155
37642160	37642336
122654604	122654780
97788021	97788197
136469452	136469628
100694820	100694996
131840681	131840857
126131424	126131600
62380153	62380329
94139984	94140160
125538189	125538365
38627631	38627807
80979450	80979626
37684117	37684293
22961869	22962045
18209839	18210015
96770963	96771139
38899505	38899681
22552585	22552761
142264688	142264864
39709513	39709689
23103743	23103919
128412996	128413172
121820953	121821129
19612245	19612421
49179383	49179559
21376307	21376483
134898440	134898616
80527771	80527947
37824722	37824898
92265620	92265796
131392694	131392870
102513734	102513910
87570486	87570662
22022772	22022948
117560619	117560795
17434472	17434648
144870995	144871171
116422210	116422386
14717751	14717927
66362666	66362842
142402329	142402505
105378150	105378326
125550715	125550891
27761320	27761496
128577402	128577578
127711296	127711472
143750709	143750885
71025969	71026145
56884808	56884984
92093986	92094162
90996470	90996646
70744677	70744853
62669142	62669318
55372084	55372260
121096908	121097084
33497807	33497983
102213041	102213217
37120131	37120307
126970098	126970274
11286884	11287060
106794090	106794266
146125644	146125820
41278699	41278875
27319278	27319454
42619100	42619276
97239553	97239729
6776918	6777094
21998667	21998843
41247487	41247663
91657181	91657357
86084096	86084272
143069989	143070165
544921	545097
26307723	26307899
107717417	107717593
130788779	130788955
102465862	102466038
103045071	103045247
25766316	25766492
63614417	63614593
145719634	145719810
103820805	103820981
39130516	39130692
63924374	63924550
139926736	139926912
106256331	106256507
51310816	51310992
74347916	74348092
145911224	145911400
52576200	52576376
57530738	57530914
96531552	96531728
140290125	140290301
101678370	101678546
98787249	98787425
74790199	74790375
129027045	129027221
11815235	11815411
4092179	4092355
69489770	69489946
42949007	42949183
8374851	8375027
57837904	57838080
8860129	8860305
8831695	8831871
131428887	131429063
141474387	141474563
95604630	95604806
74361456	74361632
80941874	80942050
96079658	96079834
20360806	20360982
123937840	123938016
104116508	104116684
10399686	10399862
99239906	99240082
18671765	18671941
6815710	6815886
71060280	71060456
15424411	15424587
107775414	107775590
7212830	7213006
110656875	110657051
140108679	140108855
23019461	23019637
95654618	95654794
92088964	92089140
50213764	50213940
145101132	145101308
66946028	66946204
101571995	101572171
109092779	109092955
56760574	56760750
10634883	10635059
129944580	129944756
75278432	75278608
125462532	125462708
117715454	117715630
20484898	20485074
26942765	26942941
16637423	16637599
97325447	97325623
4919959	4920135
102178697	102178873
139178034	139178210
37697861	37698037
87369015	87369191
116802403	116802579
106672837	106673013
72732288	72732464
99390069	99390245
32412294	32412470
28801409	28801585
702206	702382
33101816	33101992
68646055	68646231
145156811	145156987
132873373	132873549
8751041	8751217
76284818	76284994
40339449	40339625
139873684	139873860
62248626	62248802
133070028	133070204
48172096	48172272
142044752	142044928
63814558	63814734
99439099	99439275
19204026	19204202
126929407	126929583
62641982	62642158
142938022	142938198
11509223	11509399
41753481	41753657
96215244	96215420
83355837	83356013
27737204	27737380
59929569	59929745
103569411	103569587
9618131	9618307
47916921	47917097
9178202	9178378
96978880	96979056
13402404	13402580
109735245	109735421
62841658	62841834
95908834	95909010
105402233	105402409
8783539	8783715
22224534	22224710
134132695	134132871
33663358	33663534
33278729	33278905
81478220	81478396
2241447	2241623
75083736	75083912
136742518	136742694
106154623	106154799
101586313	101586489
11204462	11204638
101873953	101874129
221960	222136
26124854	26125030
16689300	16689476
131540645	131540821
27312210	27312386
124890326	124890502
120781330	120781506
102559572	102559748
131314794	131314970
11593968	11594144
123935525	123935701
21313592	21313768
142114902	142115078
48591008	48591184
123792426	123792602
94658880	94659056
143632566	143632742
11828104	11828280
110732546	110732722
37217863	37218039
86952621	86952797
71040108	71040284
64023703	64023879
125473425	125473601
117727975	117728151
143230774	143230950
86211492	86211668
122273188	122273364
84737285	84737461
131431889	131432065
25367464	25367640
21732346	21732522
144567254	144567430
4399508	4399684
56599841	56600017
99717905	99718081
61186949	61187125
24835295	24835471
131219916	131220092
129209575	129209751
89332878	89333054
57700165	57700341
108245438	108245614
107016708	107016884
106945420	106945596
48905561	48905737
133152904	133153080
79144654	79144830
143210279	143210455
73825381	73825557
27445819	27445995
100850370	100850546
67628660	67628836
103136036	103136212
91093669	91093845
55344408	55344584
71060549	71060725
144516952	144517128
38269137	38269313
11828600	11828776
134708980	134709156
59924830	59925006
1727809	1727985
125278990	125279166
142457157	142457333
81524924	81525100
124031244	124031420
18219322	18219498
132871879	132872055
38415067	38415243
144397001	144397177
142036998	142037174
127522600	127522776
102171134	102171310
91770620	91770796
124204924	124205100
130253493	130253669
23841988	23842164
99559297	99559473
13235363	13235539
41801724	41801900
67940944	67941120
143799604	143799780
41051061	41051237
99142348	99142524
144563684	144563860
141644098	141644274
82503180	82503356
101454911	101455087
139963799	139963975
143154850	143155026
124484434	124484610
144965410	144965586
70534066	70534242
110678507	110678683
37963317	37963493
48649337	48649513
22091690	22091866
38011412	38011588
56363227	56363403
101890271	101890447
95834960	95835136
87137420	87137596
39847585	39847761
17013809	17013985
6429829	6430005
130828032	130828208
145873443	145873619
109085487	109085663
8524718	8524894
22760233	22760409
105651431	105651607
130551480	130551656
48469860	48470036
72564190	72564366
10498756	10498932
128980102	128980278
103906838	103907014
22069639	22069815
40623792	40623968
21551829	21552005
106002493	106002669
119522812	119522988
85934314	85934490
125973837	125974013
76217575	76217751
66375923	66376099
99032221	99032397
145237593	145237769
145518745	145518921
128219327	128219503
35998790	35998966
144898003	144898179
87626350	87626526
8436036	8436212
131387270	131387446
21104361	21104537
59425866	59426042
145081949	145082125
126741626	126741802
68287129	68287305
23239176	23239352
49049220	49049396
48423526	48423702
74961185	74961361
62618081	62618257
126442502	126442678
17941459	17941635
49018506	49018682
28476213	28476389
124496699	124496875
131663379	131663555
92355886	92356062
138855564	138855740
128190864	128191040
143376892	143377068
53883264	53883440
139712711	139712887
56970110	56970286
22046370	22046546
134309328	134309504
108793860	108794036
42010154	42010330
129568974	129569150
144889397	144889573
143379520	143379696
48423825	48424001
56792356	56792532
41160450	41160626
75002821	75002997
68814420	68814596
73123111	73123287
131739260	131739436
55677493	55677669
85517065	85517241
22084151	22084327
144256494	144256670
55150974	55151150
98852217	98852393
55856712	55856888
19607843	19608019
74545472	74545648
143375099	143375275
126438837	126439013
37483818	37483994
38614301	38614477
115466773	115466949
106078712	106078888
49607547	49607723
129209969	129210145
52926973	52927149
144681194	144681370
101637957	101638133
63015423	63015599
12458913	12459089
109278805	109278981
124835687	124835863
130327386	130327562
30585174	30585350
6715769	6715945
66045091	66045267
30130316	30130492
131324688	131324864
1231299	1231475
98572309	98572485
39411062	39411238
42713669	42713845
32081145	32081321
61760102	61760278
112456543	112456719
66657455	66657631
95245430	95245606
68707269	68707445
117705979	117706155
22774923	22775099
10331955	10332131
133064222	133064398
11137067	11137243
26120360	26120536
2877495	2877671
101920801	101920977
40558164	40558340
86972335	86972511
112112865	112113041
74566320	74566496
