177591235	177591467
172759075	172759285
42889521	42889709
153989954	153990181
132446988	132447201
38441915	38442124
38809975	38810192
95194499	95194733
923611	923827
177503219	177503428
55566445	55566653
176087886	176088107
174961136	174961382
177707042	177707271
150494939	150495154
172721023	172721225
40904908	40905115
172359465	172359681
176540970	176541168
80490935	80491143
153451955	153452170
141071725	141071940
134801884	134802118
175843540	175843770
134887604	134887803
150880370	150880564
53813327	53813560
171615716	171615941
138598409	138598614
132155898	132156096
10628066	10628282
87986847	87987048
159626427	159626640
10284188	10284401
139348422	139348655
131836935	131837147
14727550	14727740
50258797	50259049
10452917	10453098
154029854	154030027
43105862	43106084
139536786	139536992
138893206	138893404
149838486	149838696
32329531	32329743
32613266	32613456
1167869	1168076
40688333	40688523
172143885	172144105
142078754	142078949
139167116	139167331
159772409	159772617
180586387	180586576
173846637	173846837
179095493	179095692
55497030	55497227
1667414	1667615
175156886	175157116
140998715	140998917
158533894	158534090
38922303	38922494
131343625	131343802
148761525	148761721
87976296	87976506
176831471	176831686
143204759	143204955
148067074	148067297
141044640	141044843
133375316	133375536
150431297	150431504
173400259	173400445
151038591	151038791
34898488	34898663
96204695	96204853
176538925	176539136
34486385	34486565
153344695	153344875
178594189	178594385
172140115	172140318
150544441	150544625
153784812	153785036
38193296	38193494
126011889	126012065
134527108	134527324
176881474	176881687
317330	317530
169765954	169766189
98368275	98368453
39217995	39218168
149509588	149509789
76070473	76070655
133625288	133625486
107596373	107596550
87077055	87077239
75552178	75552369
81608248	81608425
170845767	170845981
148822177	148822380
172124584	172124782
95182785	95182964
176001125	176001318
141258820	141258998
68389552	68389740
137785741	137785946
14352298	14352483
157170559	157170784
139012965	139013158
132583664	132583874
170171575	170171769
138758105	138758264
176817590	176817784
139624145	139624348
1140498	1140695
4879918	4880098
154022133	154022306
150618876	150619074
127537112	127537311
671788	671985
133519952	133520141
133280036	133280223
131400478	131400669
149730169	149730358
149597792	149597985
142035340	142035534
145429084	145429278
149217338	149217532
133913552	133913744
173744363	173744545
159935886	159936070
95178891	95179083
149652192	149652373
102475077	102475247
178017741	178017924
37837576	37837753
151031668	151031871
149370428	149370612
55232043	55232213
131399197	131399377
89561177	89561353
141081792	141081982
1641777	1641994
6765887	6766086
112942325	112942489
167696447	167696635
176085119	176085299
40755199	40755381
169862088	169862270
7816471	7816656
139737305	139737487
6821082	6821257
122335728	122335923
78320900	78321089
149815723	149815904
137839530	137839706
149016485	149016627
180609026	180609196
150158788	150158962
149940608	149940786
1645078	1645252
41856876	41857029
180296090	180296267
73088659	73088837
169611147	169611335
35003553	35003733
35089891	35090064
171533955	171534150
168106562	168106729
174378271	174378451
174337314	174337499
103514893	103515070
76440452	76440644
137412885	137413048
35926658	35926818
107978110	107978271
112331841	112332000
157602040	157602217
1168355	1168534
169652954	169653134
149541272	149541456
180470349	180470541
148998370	148998539
136834985	136835175
125992216	125992362
125874928	125875101
176928046	176928238
171906037	171906236
34523349	34523500
33436098	33436273
135223168	135223346
81521475	81521650
150826967	150827152
131755437	131755632
173739064	173739239
39080803	39080967
173213864	173214052
135165877	135166058
54467988	54468148
163902457	163902611
7755210	7755384
177034540	177034725
54442509	54442677
14648778	14648930
174220780	174220983
135547959	135548131
98396150	98396313
149208081	149208252
139145361	139145550
177497061	177497229
90079626	90079791
10988120	10988301
68630656	68630861
10695270	10695436
150505784	150505976
38667222	38667404
79378709	79378888
162835550	162835722
81461833	81461986
36507541	36507705
158122631	158122795
76164034	76164191
39283516	39283683
32093414	32093589
118324164	118324357
110493927	110494083
89730045	89730209
36739859	36740020
114970494	114970662
176744986	176745158
43389939	43390113
172134295	172134466
173472506	173472697
112027484	112027650
94073675	94073838
43074071	43074253
118747843	118747993
108017114	108017282
179898071	179898234
36305927	36306101
148414952	148415116
140971701	140971869
136105868	136106050
179720582	179720727
80802894	80803053
130718159	130718334
68303680	68303864
31809253	31809425
132165701	132165885
142393674	142393848
133922556	133922733
173447502	173447632
157096035	157096203
172710925	172711091
134240293	134240478
139742867	139743038
148828959	148829115
34474725	34474875
141340377	141340545
139015364	139015537
78316953	78317114
75937455	75937605
74532661	74532850
153847335	153847499
72747191	72747381
37413181	37413328
137977622	137977793
131746676	131746854
131722349	131722505
10319617	10319786
148494366	148494514
54522347	54522532
150036136	150036331
7928000	7928157
32232662	32232836
180038266	180038434
43040502	43040660
79154056	79154219
142260164	142260329
96497781	96497918
162774708	162774846
77833748	77833902
176918530	176918783
38209008	38209173
68320103	68320251
134510512	134510680
176797875	176798056
176046370	176046528
154519288	154519445
170065812	170065987
36693326	36693492
135585480	135585629
180211618	180211767
67548606	67548753
18394416	18394574
173000170	173000355
137558575	137558734
173411355	173411508
75897417	75897561
78195763	78195911
131401152	131401352
80461445	80461580
129103668	129103837
121851955	121852104
149036266	149036406
431151	431331
42057454	42057598
42909092	42909271
172330003	172330168
71604347	71604490
112257976	112258179
111482743	111482883
13988068	13988223
145921915	145922088
83014144	83014302
5497370	5497538
139243770	139243926
1174620	1174783
76788302	76788468
7857093	7857247
170050665	170050818
173754423	173754566
163931298	163931435
71907087	71907228
113014750	113014887
9544667	9544850
131574064	131574226
156755530	156755683
102560400	102560535
141193725	141193882
139955103	139955248
5492593	5492736
145912934	145913061
149924393	149924581
140114058	140114205
169527475	169527622
173046064	173046201
169643354	169643508
171720593	171720747
151522524	151522662
72815622	72815772
52497681	52497835
10724933	10725089
188808	188958
150695665	150695828
171467276	171467445
174871746	174871914
148751024	148751182
177662134	177662304
179297682	179297824
134896596	134896764
132795959	132796104
56434028	56434186
30040732	30040856
79571317	79571451
178157764	178157913
81647754	81647896
78429566	78429688
110614652	110614797
96478481	96478613
38383042	38383191
1479827	1479973
139523901	139524046
71053867	71054029
2151537	2151683
141928391	141928561
179554140	179554299
111756070	111756241
95672213	95672353
150903035	150903176
153354072	153354198
118323854	118324017
170764078	170764231
142783254	142783428
135760671	135760814
1763840	1763993
172593410	172593539
139224105	139224229
42995108	42995244
121492517	121492655
149969447	149969598
126649679	126649812
43484442	43484568
139752565	139752719
32076937	32077051
177888279	177888405
136965363	136965489
6526185	6526325
158743910	158744045
162991471	162991594
179628366	179628509
148110607	148110757
167646903	167647032
82726344	82726482
135418237	135418379
130925365	130925490
151205057	151205182
131608535	131608700
133437788	133437958
148747143	148747315
145267655	145267796
158942965	158943087
5887131	5887280
176988373	176988515
195918	196055
103144282	103144425
76941406	76941595
6837754	6837889
109026838	109026981
158560263	158560389
180097675	180097794
72114893	72115050
118771272	118771420
178266461	178266598
73944713	73944838
95228593	95228745
171486751	171486886
153559788	153559915
75840254	75840386
169701463	169701620
90522042	90522182
134798033	134798204
176127359	176127516
176005440	176005549
105457817	105457979
72138849	72138953
66505122	66505257
138897627	138897750
154352164	154352303
139619563	139619711
32489935	32490050
39005843	39005958
172197635	172197825
72497844	72498015
174363002	174363127
6577129	6577257
140014682	140014835
170031095	170031241
137915054	137915189
135398374	135398527
131515960	131516078
56594158	56594279
153801535	153801675
137618972	137619098
140797087	140797253
156904075	156904191
57183846	57183960
126116059	126116165
179190289	179190389
176239938	176240087
68338786	68338898
112093409	112093514
95116843	95116979
157422051	157422175
43065095	43065224
172199071	172199182
131651611	131651740
55599493	55599607
132759605	132759743
149232709	149232820
95297010	95297172
60954462	60954570
94980133	94980279
179755763	179755883
78852102	78852222
17216339	17216469
156680605	156680734
154384030	154384182
179742803	179742949
108804650	108804740
175788735	175788842
58484393	58484509
154191614	154191681
151151076	151151213
82769471	82769592
5394656	5394771
138721156	138721275
92917194	92917338
142128307	142128406
149540829	149540949
125675043	125675139
168133711	168133827
16550568	16550687
55560350	55560461
121285649	121285743
16345663	16345762
168414694	168414827
65603628	65603725
140705687	140705804
178688417	178688550
76373504	76373630
13957310	13957409
147754420	147754524
150226779	150226876
179636185	179636322
10864035	10864134
170060110	170060252
127549085	127549181
179517541	179517667
72887086	72887200
133481649	133481755
148337292	148337414
58182583	58182695
158583913	158584026
81134486	81134594
36265673	36265765
148644435	148644512
41843763	41843858
141990759	141990884
43040018	43040100
6435575	6435673
71078852	71078969
145076966	145077061
172411467	172411546
75698990	75699106
67756111	67756211
167913370	167913445
39376474	39376586
57756693	57756808
169694985	169695086
1235620	1235735
129107169	129107283
1738073	1738176
3603155	3603275
89826003	89826069
139154787	139154914
134522703	134522795
36079424	36079523
134073967	134074143
63931078	63931136
115367968	115368023
176074096	176074220
40798368	40798499
75879463	75879524
107009457	107009564
52244479	52244575
173019192	173019280
56946265	56946365
125689759	125689843
121836615	121836703
18698757	18698861
135313251	135313360
177489102	177489192
133204977	133205072
168175438	168175547
159414502	159414601
43730156	43730229
34538272	34538325
75370445	75370541
1204979	1205081
148696880	148696971
16160995	16161078
148931403	148931499
10690104	10690195
68258856	68258984
149213906	149214082
159507997	159508057
143583433	143583542
72511964	72512105
54201922	54202018
176736805	176736885
114405236	114405291
139091106	139091187
141531569	141531674
171339306	171339385
148507729	148507813
36696306	36696372
176883498	176883602
10652482	10652573
90397748	90397847
75471014	75471106
147823645	147823737
126625724	126625837
94186107	94186199
4868450	4868511
136996172	136996234
63908321	63908416
140792486	140792571
148814111	148814196
148944400	148944576
174163129	174163233
157375929	157375983
15003685	15003775
156576034	156576102
33380087	33380156
10305185	10305267
87437431	87437538
118357813	118357882
33934930	33935106
990411	990511
65602297	65602473
90228061	90228156
123273021	123273126
71314129	71314216
159392713	159392805
134355151	134355259
150427529	150427638
4862790	4862885
132202057	132202133
118127858	118127938
149449948	149450049
140099935	140100016
121751315	121751401
138738412	138738482
40879626	40879716
131862336	131862485
140800525	140800576
10111815	10111892
177409245	177409345
42428	42532
72251706	72251787
1245242	1245342
169497957	169498058
73937972	73938077
88025566	88025648
176498923	176499099
148113312	148113399
64080331	64080507
4942573	4942650
70743124	70743300
71540856	71541032
14108763	14108855
157189094	157189270
56594856	56595032
7746336	7746512
74199364	74199459
31232535	31232628
75031182	75031232
146345712	146345888
89431856	89431931
64397077	64397167
173352617	173352669
31581763	31581832
101014439	101014527
18466389	18466453
180515432	180515495
177573121	177573230
111887283	111887372
126900040	126900097
134793297	134793347
134761930	134761989
177502971	177503066
81047188	81047349
62697379	62697555
149666494	149666670
137688237	137688334
178921172	178921260
1053394	1053466
145432483	145432559
148521021	148521090
145806807	145806983
128241346	128241438
172141852	172141947
140904455	140904528
5419536	5419712
171057268	171057318
125879985	125880055
61229960	61230136
158758465	158758554
149501836	149501911
72832768	72832827
149047252	149047302
1601849	1601946
56196819	56196869
54065048	54065100
71690723	71690788
133863361	133863411
159865494	159865670
114433956	114434010
176037188	176037281
102568245	102568421
176830850	176830945
7261199	7261375
102017299	102017369
140891995	140892171
42912391	42912567
39149198	39149264
98107349	98107525
76011827	76011949
140787453	140787531
71662274	71662450
135400367	135400459
145945466	145945516
157502405	157502461
141293771	141293868
36690544	36690720
140749652	140749828
134539344	134539520
137157939	137158115
110886400	110886471
67957178	67957354
122759122	122759298
119794093	119794200
172709094	172709177
16791268	16791444
151120294	151120470
140729514	140729690
122946896	122947072
141137135	141137186
148608685	148608861
38420841	38421017
77923173	77923349
55610543	55610593
31664877	31664943
123006755	123006931
147862503	147862679
138677357	138677533
33970052	33970228
133923007	133923183
159818239	159818302
79174637	79174813
122244445	122244621
52721930	52722106
156559183	156559245
39714371	39714421
150369351	150369527
14270415	14270591
170769470	170769646
122881323	122881499
102918176	102918352
107857652	107857828
175145929	175146105
158531121	158531176
96566846	96567022
125936973	125937061
135280823	135280882
154248393	154248454
159448946	159449122
176297127	176297303
1209132	1209308
137516013	137516189
38994585	38994656
132219039	132219215
72216629	72216805
81645667	81645717
321665	321841
137746860	137746947
111940814	111940990
111828097	111828273
132946766	132946836
134553375	134553551
114884934	114885110
81660402	81660578
169407811	169407874
98103913	98104089
121531672	121531722
115403830	115404006
36459796	36459847
173312785	173312961
179105607	179105783
137371776	137371952
168729616	168729792
65038467	65038643
133476272	133476448
149339197	149339373
56292205	56292381
112714738	112714914
86176694	86176870
36876022	36876198
115911856	115912032
125828639	125828815
111510815	111510991
37723665	37723841
43631519	43631695
135709714	135709890
159343347	159343432
140699809	140699985
39579071	39579247
163440188	163440364
6292221	6292397
169847923	169848099
56634025	56634201
35925155	35925206
11075165	11075341
98162958	98163134
89902503	89902679
1380618	1380700
175970121	175970228
129188542	129188718
75441885	75442061
11267470	11267646
151098924	151099100
142097211	142097387
131997438	131997614
179285944	179285999
63443784	63443960
8184688	8184864
149381393	149381569
36242138	36242314
61064636	61064812
669354	669406
71819917	71820093
141017688	141017864
61502123	61502299
138587038	138587214
57185579	57185755
90680758	90680934
123860413	123860475
142382724	142382900
79777210	79777386
180548963	180549139
149903417	149903593
85975431	85975510
172405848	172406024
6745840	6746016
147558896	147559072
180033046	180033222
59105881	59106057
141255603	141255687
136656232	136656408
156793838	156794014
140571798	140571974
140723269	140723445
86365912	86366088
61756399	61756575
10701685	10701861
9208069	9208131
18772679	18772855
14364813	14364989
149636075	149636251
77829295	77829471
79070472	79070648
149865937	149866113
115106345	115106409
141142500	141142676
52466664	52466840
36734636	36734812
140777342	140777518
52211309	52211485
140613788	140613964
142092762	142092938
6759601	6759777
139525501	139525551
79387627	79387803
2208171	2208347
163849545	163849721
78788	78847
133747566	133747742
72466472	72466648
350613	350789
140718200	140718376
79968072	79968248
141488165	141488341
172437622	172437798
7519411	7519587
37212369	37212425
33588956	33589132
102116297	102116473
15106016	15106192
38404866	38405042
95949844	95950020
132825381	132825557
118806628	118806804
150381950	150382031
78998849	78999025
54455614	54455790
172093425	172093601
132089393	132089569
2017805	2017981
145061244	145061420
43627198	43627374
65519591	65519767
65794653	65794829
177624085	177624261
130758890	130759066
44774500	44774676
171334829	171335005
108815049	108815225
168374374	168374550
96023728	96023784
79641978	79642154
16690452	16690628
139927202	139927378
77304284	77304460
149281860	149282036
68561898	68562074
134668346	134668522
75699684	75699860
132090781	132090957
31825702	31825878
16934257	16934433
170792464	170792640
138427522	138427698
60351357	60351533
79982690	79982866
94619824	94619880
137400918	137401094
90715515	90715691
134901950	134902126
176432835	176433011
172571358	172571534
151122481	151122657
52558311	52558487
142783587	142783763
145770133	145770309
2805324	2805500
177844387	177844563
150664046	150664222
40756064	40756240
55368327	55368503
67568209	67568385
139452904	139453080
139731416	139731592
96379878	96380054
118651442	118651618
39716690	39716866
170911500	170911676
137404549	137404725
5699305	5699481
119079770	119079946
54141102	54141278
137799109	137799285
99766102	99766278
142396451	142396627
179402288	179402464
72750389	72750565
172366271	172366321
149404245	149404421
75182139	75182315
94999942	95000118
137469199	137469375
42583481	42583657
1011332	1011508
169128917	169129093
10233707	10233883
39600046	39600222
171797767	171797943
116283698	116283874
130753055	130753231
173052809	173052985
137799814	137799876
141704183	141704359
38832029	38832205
16489426	16489602
1468471	1468647
140018790	140018966
9361966	9362142
10424346	10424522
65221513	65221689
10607924	10608100
110797171	110797347
78428906	78429082
131617658	131617834
126015328	126015504
77277755	77277931
38265755	38265931
35183408	35183584
142295488	142295664
132623301	132623477
98132136	98132312
132888724	132888900
133563018	133563194
36744771	36744947
135509842	135510018
136410962	136411138
106211574	106211750
74345727	74345903
33997602	33997778
80007869	80008045
81147699	81147875
159866249	159866425
36414987	36415163
180287675	180287851
138923030	138923206
14872052	14872113
40736487	40736663
77361615	77361791
172571939	172572115
142268143	142268319
42656869	42657045
146833513	146833689
73198478	73198654
127211282	127211458
134591620	134591796
42745614	42745790
132701088	132701264
125826359	125826535
98241732	98241806
151940193	151940369
145205331	145205507
173008751	173008927
134905962	134906138
90515703	90515879
131654504	131654680
148648606	148648782
16456433	16456609
76373112	76373288
141391718	141391894
14364280	14364456
131841903	131842079
176314635	176314811
146568479	146568655
53607744	53607920
171889284	171889460
34915636	34915812
6583177	6583353
178016897	178017073
121427790	121427966
133362374	133362550
81470549	81470725
34919349	34919525
176727331	176727507
127244891	127245067
154996460	154996636
67582239	67582415
172296394	172296570
140762141	140762317
89682035	89682211
57075325	57075501
83223065	83223241
179228920	179229096
39547769	39547945
141524987	141525163
180145781	180145957
10457822	10457998
128471407	128471583
137883766	137883942
112849181	112849357
68041441	68041617
156739524	156739700
157441043	157441219
142597120	142597296
89457372	89457548
10201683	10201859
74632580	74632756
106907819	106907995
995064	995240
101559633	101559809
137078802	137078978
134346871	134347047
180100387	180100563
153569553	153569729
133090342	133090518
179334875	179335051
114645574	114645750
23209117	23209293
140092184	140092360
1008771	1008947
32451173	32451349
42423460	42423636
151729331	151729507
11182903	11183079
131526003	131526179
49621171	49621347
66452905	66453081
112846664	112846840
149341710	149341886
2038893	2038944
44536869	44537045
131862608	131862671
34452415	34452591
90005254	90005430
73508251	73508427
43227802	43227978
102558881	102559057
139030015	139030191
70309487	70309663
139145167	139145257
171277670	171277846
76856603	76856779
139606742	139606918
37775084	37775260
107681405	107681581
32590352	32590528
167541522	167541698
75633869	75634045
21817883	21818059
174891739	174891915
36398382	36398558
80721414	80721590
176514035	176514211
86308983	86309159
176729524	176729700
60653682	60653858
133199646	133199822
43556890	43557066
114910341	114910517
75604983	75605159
142246680	142246856
154062007	154062183
131721168	131721344
68379385	68379561
175123646	175123822
43010879	43011055
160971373	160971549
177547978	177548154
78405798	78405974
180611197	180611373
167899412	167899588
137114768	137114944
119991640	119991816
38751325	38751501
162930219	162930395
77763690	77763866
109961201	109961377
5141888	5142064
39137943	39138119
172878122	172878298
82904088	82904264
140420831	140421007
141736785	141736835
21469961	21470137
108774580	108774756
154407692	154407868
133115580	133115756
140739421	140739597
55565482	55565658
102941078	102941254
15014081	15014257
58303368	58303544
31639380	31639446
171033537	171033713
140937510	140937686
89717094	89717270
176882435	176882611
135216080	135216256
131762597	131762773
141191164	141191340
141380349	141380525
66445863	66446039
140810020	140810196
133638587	133638763
180694432	180694608
134889624	134889800
67724134	67724310
79125190	79125366
176102753	176102929
149555183	149555359
73936387	73936563
54191648	54191824
10266946	10267122
53170382	53170558
903361	903416
90478629	90478805
141427913	141428089
136680522	136680698
112783447	112783623
171472079	171472255
61567859	61568035
42894346	42894522
33423233	33423409
34687042	34687218
101897956	101898132
169253714	169253890
40803051	40803227
167150394	167150570
6202863	6203039
78216536	78216712
95680563	95680739
52774225	52774401
56795334	56795510
141021558	141021734
17189624	17189800
175662249	175662425
55278799	55278975
94244681	94244857
132757205	132757381
40798810	40798986
102811439	102811615
9499137	9499313
140624797	140624973
59096009	59096185
111546225	111546401
76814267	76814443
64372304	64372480
125570389	125570565
78760666	78760842
169222321	169222497
56728802	56728978
126200119	126200295
170700401	170700577
96088270	96088446
56122993	56123169
52391876	52392052
131805376	131805552
174008599	174008775
36729174	36729350
139069738	139069914
80404333	80404509
36073791	36073967
35963472	35963648
34929648	34929824
95937513	95937689
78831725	78831901
157145608	157145784
18305521	18305697
53785325	53785501
67716519	67716695
5881542	5881718
54255597	54255773
156454165	156454341
62074859	62075035
16552936	16553112
7392620	7392796
114725611	114725787
126365263	126365439
112947783	112947959
139725686	139725862
147202380	147202556
140782225	140782401
176245170	176245346
62015898	62016074
173056803	173056979
104842487	104842663
126898031	126898207
67629867	67630043
179335759	179335935
180594959	180595135
178957735	178957911
170218449	170218625
82860039	82860215
140709886	140710062
157282511	157282687
70993839	70994015
14405503	14405679
72379026	72379202
29960547	29960723
158713577	158713753
135700109	135700285
66541978	66542154
16776842	16777018
43043296	43043472
132138079	132138255
55566028	55566204
147007739	147007915
59109601	59109777
10364510	10364686
31929430	31929606
127082575	127082751
115473615	115473791
63259037	63259213
77458199	77458375
41708318	41708494
147329389	147329565
72431402	72431578
112672678	112672854
127213969	127214145
39224380	39224556
41925251	41925427
141521142	141521318
145510106	145510282
72733453	72733629
153900581	153900757
148810725	148810901
53539407	53539583
130445779	130445955
132562894	132563070
138954728	138954904
132682861	132683037
128430937	128431113
17203565	17203741
175908722	175908898
13977061	13977237
141967028	141967204
23978229	23978405
51953120	51953296
77656254	77656430
126112800	126112976
147237208	147237384
71565052	71565228
126378382	126378558
140940533	140940709
18314332	18314508
175300108	175300284
178220269	178220445
141523563	141523739
56378373	56378549
36777304	36777480
130207276	130207452
126420477	126420653
35202551	35202727
173042985	173043161
176476383	176476559
139167620	139167796
140593359	140593535
10857236	10857412
94304316	94304492
14685901	14686077
58969360	58969536
10030709	10030885
121528705	121528881
60306721	60306897
64254752	64254928
145214991	145215167
86720751	86720927
130500875	130501051
175986770	175986946
154019882	154020058
10775845	10776021
45797156	45797332
175274587	175274763
1004778	1004954
54703004	54703180
175832814	175832990
95048194	95048370
175857086	175857262
103385543	103385719
138088096	138088272
43402027	43402203
126334156	126334332
108626880	108627056
114582155	114582331
71576623	71576799
175294935	175295111
150599443	150599619
93860655	93860831
126182146	126182322
34905762	34905938
60139971	60140147
132596522	132596698
179263771	179263947
73331433	73331609
42767707	42767883
176934317	176934493
68327965	68328141
135647800	135647976
32707622	32707798
134600569	134600745
149829553	149829729
414348	414524
133917444	133917620
138604299	138604475
67676051	67676227
54062688	54062864
178831408	178831584
5293277	5293453
148618210	148618386
35963744	35963920
128429824	128430000
158197598	158197774
169775155	169775331
61507368	61507544
35921107	35921283
43306165	43306341
6712981	6713157
179518267	179518443
140602777	140602953
96382093	96382269
112184025	112184201
140514698	140514874
141205859	141206035
115893478	115893654
10528677	10528853
66110352	66110528
149455427	149455603
142149933	142150109
81937298	81937474
54523111	54523287
61519280	61519456
37758377	37758553
95987785	95987961
52082789	52082965
139549084	139549260
3509498	3509674
7897227	7897403
53525097	53525273
11048979	11049155
154134546	154134722
121437480	121437656
38498166	38498342
39201370	39201546
111865328	111865504
178560051	178560227
53814072	53814248
125936541	125936717
159378467	159378643
85796862	85797038
43039586	43039762
133897560	133897736
176171775	176171951
176264759	176264935
52726566	52726742
126828563	126828739
77565098	77565274
148108849	148109025
175605912	175606088
90795867	90796043
179589060	179589236
178772592	178772768
139049516	139049692
149155470	149155646
71074611	71074787
108640134	108640310
64779647	64779823
133242124	133242300
982676	982852
131146705	131146881
71880540	71880716
39216108	39216284
130247894	130248070
149425167	149425343
7593144	7593320
102631681	102631857
53166994	53167170
170589679	170589855
171272974	171273150
83007953	83008129
145266883	145267059
43387106	43387282
2415904	2416080
90937768	90937944
61649994	61650170
3599889	3600065
77280043	77280219
151885110	151885286
31317872	31318048
176137943	176138119
56679103	56679279
133847997	133848173
122456002	122456178
28012739	28012915
116790479	116790655
131825888	131826064
4700389	4700565
58470176	58470352
88713942	88714118
60463359	60463535
60435040	60435216
147836951	147837127
79379418	79379594
98440378	98440554
141372007	141372183
4512249	4512425
138529718	138529894
148120951	148121127
63370462	63370638
42871330	42871506
176924785	176924961
85759265	85759441
179798366	179798542
66066133	66066309
65732695	65732871
134498467	134498643
81122060	81122236
1010362	1010538
172631359	172631535
31358935	31359111
79603474	79603650
113785677	113785853
101872132	101872308
35815769	35815945
134442010	134442186
156769914	156770090
139726356	139726532
138704406	138704582
10521671	10521847
844135	844311
139017364	139017540
131599706	131599882
59583124	59583300
28779380	28779556
41696184	41696360
54200260	54200436
65534974	65535150
114505499	114505675
16667028	16667204
80231947	80232123
76312091	76312267
53357527	53357703
55216694	55216870
72608366	72608542
56134355	56134531
24633939	24634115
152876429	152876605
6632654	6632830
101881021	101881197
56333239	56333415
131338893	131339069
122232792	122232968
180472335	180472511
44952487	44952663
126144461	126144637
97685502	97685678
38673779	38673955
118292542	118292718
137946982	137947158
50046985	50047161
66283909	66284085
78260820	78260996
134395319	134395495
157345036	157345212
68344095	68344271
10476135	10476311
94229568	94229744
79500953	79501129
170634395	170634571
42971327	42971503
127419581	127419757
141821310	141821486
38551626	38551802
83018288	83018464
79704226	79704402
139513225	139513401
88023667	88023843
140220647	140220823
118745067	118745243
112379356	112379532
110201482	110201658
132807505	132807681
149110153	149110329
169008726	169008902
153537028	153537204
140248390	140248566
3852794	3852970
118670769	118670945
61113679	61113855
111021776	111021952
36241757	36241933
149818831	149819007
106583873	106584049
31291662	31291838
54163280	54163456
180688031	180688207
111034168	111034344
165057345	165057521
138755601	138755777
142093034	142093210
33298032	33298208
81592834	81593010
140753334	140753510
134241375	134241551
77616390	77616566
163406019	163406195
153136209	153136385
117947122	117947298
37120458	37120634
77851837	77852013
112389292	112389468
52778856	52779032
130500400	130500576
36602916	36603092
61439577	61439753
149330802	149330978
138473456	138473632
134640124	134640300
7464449	7464625
141268947	141269123
176923163	176923339
73241460	73241636
109024387	109024563
39570613	39570789
102376893	102377069
15598512	15598688
36944814	36944990
137774668	137774844
114369665	114369841
1976117	1976293
157256133	157256309
102922920	102923096
121206281	121206457
102591985	102592161
59945221	59945397
172216261	172216437
65505391	65505567
62014311	62014487
37555138	37555314
131614288	131614464
95005793	95005969
140474059	140474235
1799480	1799656
179911565	179911741
172957678	172957854
95717324	95717500
10146112	10146288
142362524	142362700
7079163	7079339
150080110	150080286
167474445	167474621
121833974	121834150
107817176	107817352
71542077	71542253
136556223	136556399
43609964	43610140
93662437	93662613
71375229	71375405
43110977	43111153
141697531	141697707
2038577	2038753
171177307	171177483
128462462	128462638
135325492	135325668
42636632	42636808
177711257	177711433
78630077	78630253
51303175	51303351
140464086	140464262
53550456	53550632
70897077	70897253
29697994	29698170
1654151	1654327
123987785	123987961
54038536	54038712
63934020	63934196
141225111	141225287
72514484	72514660
128010651	128010827
143562954	143563130
119868655	119868831
66092833	66093009
10867167	10867343
102855374	102855550
50254808	50254984
58187646	58187822
56516825	56517001
158871584	158871760
67681146	67681322
1511886	1512062
81763138	81763314
119799846	119800022
111496376	111496552
64333732	64333908
134187126	134187302
73076445	73076621
81180803	81180979
154429482	154429658
425971	426147
130342119	130342295
53513809	53513985
172623184	172623360
1363319	1363495
80339620	80339796
63976268	63976444
53029826	53030002
108451795	108451971
109025088	109025264
74239835	74240011
163123397	163123573
39949086	39949262
142485836	142486012
122680634	122680810
50218583	50218759
26700991	26701167
43232140	43232316
108255758	108255934
135209640	135209816
63891114	63891290
140734507	140734683
179319328	179319504
112409574	112409750
125835749	125835925
177501692	177501868
52647294	52647470
147670229	147670405
137989333	137989509
74215440	74215616
150158168	150158344
140561818	140561994
66789589	66789765
121794095	121794271
10498577	10498753
68855907	68856083
132143175	132143351
31638887	31639063
34896237	34896413
148831897	148832073
135219244	135219420
4295916	4296092
43661292	43661468
180644581	180644757
77518066	77518242
149942514	149942690
36178147	36178323
21810912	21811088
78496523	78496699
112666340	112666516
169830770	169830946
114922254	114922430
71651661	71651837
43008701	43008877
68319038	68319214
36041701	36041877
89735551	89735727
178639998	178640174
28766725	28766901
52539375	52539551
99959538	99959714
180289762	180289938
73280965	73281141
43040975	43041151
29812122	29812298
11046343	11046519
337972	338148
150899938	150900114
41270621	41270797
32074643	32074819
43105533	43105709
137968926	137969102
32690377	32690553
154375385	154375561
86264396	86264572
172143464	172143640
150180729	150180905
87898598	87898774
154011488	154011664
180614913	180615089
123791498	123791674
10441816	10441992
58146265	58146441
38484201	38484377
54987728	54987904
138609734	138609910
81314398	81314574
17132730	17132906
55274099	55274275
179985355	179985531
60658886	60659062
36060770	36060946
141339647	141339823
16585512	16585688
126307220	126307396
172386258	172386434
77268625	77268801
56391358	56391534
81152758	81152934
176796157	176796333
94935050	94935226
175267354	175267530
156751364	156751540
140566569	140566745
73256893	73257069
131132566	131132742
845554	845730
32319745	32319921
137688718	137688894
133561188	133561364
31270614	31270790
140058772	140058948
72929098	72929274
179583152	179583328
81893391	81893567
153207146	153207322
143521954	143522130
34007827	34008003
57758587	57758763
43483585	43483761
141550851	141551027
180590630	180590806
180039684	180039860
10859279	10859455
168301825	168302001
45696412	45696588
157243808	157243984
90162204	90162380
447034	447210
141049185	141049361
64107020	64107196
34958318	34958494
3075504	3075680
164636265	164636441
134882737	134882913
92943609	92943785
41022809	41022985
66160452	66160628
145386904	145387080
34582608	34582784
149145595	149145771
138848073	138848249
176981639	176981815
109390125	109390301
53810188	53810364
77836684	77836860
80597346	80597522
67772840	67773016
7887317	7887493
56114336	56114512
59678702	59678878
111839921	111840097
175965523	175965699
148645253	148645429
171285410	171285586
34656321	34656497
108925046	108925222
112999692	112999868
36870643	36870819
179232710	179232886
132652123	132652299
10802501	10802677
180700488	180700664
178570544	178570720
74977189	74977365
176924451	176924627
110399530	110399706
179265177	179265353
75779374	75779550
218862	219038
98123148	98123324
43753340	43753516
176794412	176794588
52777878	52778054
141439240	141439416
61739661	61739837
172260770	172260946
1292429	1292605
102594061	102594237
79149930	79150106
