45307187	45307427
56524915	56525136
43462951	43463177
45920483	45920711
41560981	41561207
46662739	46662999
74275614	74275849
72740824	72741034
39818970	39819228
36823850	36824067
29852440	29852651
30580141	30580359
76247029	76247290
43212707	43212950
39894318	39894544
42287738	42288010
48624325	48624545
43275217	43275511
35730538	35730764
48374803	48375023
45967352	45967574
41837808	41838049
27053914	27054168
72375634	72375845
38511321	38511547
60186866	60187146
80111810	80112033
39957906	39958110
79700843	79701068
27475945	27476186
47031687	47031894
40474850	40475080
38716595	38716800
25572366	25572591
79988400	79988626
44913310	44913525
48860596	48860807
25659920	25660145
78400756	78400990
72453764	72453971
27966629	27966835
48628272	48628490
29764373	29764591
33446792	33447026
75243149	75243381
45918632	45918850
74502507	74502719
70536544	70536741
75327566	75327779
74519262	74519477
47633745	47633965
48073990	48074217
34074565	34074769
42852239	42852459
75491078	75491295
71251891	71252112
32276250	32276444
42245863	42246075
79075597	79075825
17259462	17259669
7646962	7647172
72954086	72954281
26821812	26822019
46755869	46756076
47109603	47109792
74010367	74010584
46956396	46956588
41755337	41755547
74864327	74864555
42072319	42072533
43296348	43296539
55320567	55320781
37363304	37363495
44859673	44859880
34838892	34839107
46671301	46671512
34985812	34986022
61556331	61556534
48075661	48075863
27077146	27077381
42610969	42611186
16905185	16905392
41089832	41090031
27206122	27206329
79917597	79917829
79451363	79451595
33325296	33325493
49230605	49230809
40679331	40679529
30646511	30646737
36579991	36580187
76418181	76418384
46095778	46095980
74677397	74677596
55208419	55208596
30169639	30169838
46569948	46570156
41654098	41654283
71425609	71425818
37910484	37910705
48164896	48165090
38959860	38960085
46102520	46102734
72787685	72787903
7183953	7184185
39804211	39804413
36571033	36571226
71366089	71366291
32688579	32688797
67231675	67231881
41471411	41471612
48559919	48560109
54669929	54670133
47645294	47645514
7259424	7259616
39705160	39705368
61502851	61503055
19266256	19266454
19669861	19670068
36833393	36833588
38514825	38515015
74117507	74117822
38267977	38268171
41771842	41772030
49027753	49027963
34091151	34091370
72172914	72173120
36600434	36600633
43099400	43099601
73901142	73901354
76108792	76109007
38170074	38170265
43354657	43354846
47957956	47958165
37778262	37778490
64563395	64563592
47938565	47938766
74394158	74394351
78549217	78549421
42021433	42021633
73511888	73512097
17545216	17545399
72919695	72919899
75768584	75768792
78169976	78170178
46882303	46882501
57518237	57518413
46695996	46696197
7199776	7199987
42997457	42997658
17822576	17822771
80309782	80309981
4316546	4316764
47392937	47393130
66756097	66756286
38776263	38776460
56494991	56495206
27451185	27451368
25680876	25681100
40253635	40253848
59489817	59490026
76493264	76493462
70723926	70724110
47472459	47472660
66770476	66770690
31204257	31204475
61996674	61996858
78955173	78955378
35405027	35405209
73110239	73110423
27918727	27918921
45018260	45018446
36505098	36505291
43717825	43718013
74620060	74620245
37309208	37309393
79227230	79227420
45078591	45078758
37401076	37401259
61484189	61484362
76081144	76081328
77389447	77389628
47647456	47647665
73422490	73422661
74543504	74543677
17763603	17763798
72653661	72653848
38242780	38242978
32527059	32527245
54857637	54857846
26578734	26578925
40177035	40177205
26132569	26132751
75538878	75539068
74001752	74001945
66168647	66168825
2285958	2286144
2148140	2148322
63227935	63228110
41923692	41923884
64902893	64903067
60781212	60781415
3817221	3817413
58513368	58513551
38771971	38772155
1235912	1236106
74454720	74454913
62398516	62398698
40915521	40915714
39705593	39705770
57598959	57599152
53603834	53604025
28431628	28431790
6325408	6325606
77720030	77720222
40730520	40730718
61689698	61689863
44919260	44919457
73408746	73408951
6817260	6817451
80279382	80279588
70721718	70721894
32078228	32078397
45019991	45020171
3908000	3908193
33219968	33220168
26207130	26207323
77715813	77716003
45393143	45393296
27945050	27945247
43472580	43472780
79215521	79215714
36740680	36740865
47485444	47485637
25928828	25929010
72364495	72364671
42428205	42428388
8649331	8649530
7464360	7464537
3641097	3641265
40976268	40976476
31325436	31325612
80739746	80739930
39065633	39065828
2731819	2731999
55969932	55970111
38518917	38519114
25708086	25708281
72297394	72297575
34476420	34476598
46293054	46293242
32747419	32747591
76285945	76286131
4792455	4792634
36204406	36204593
17794430	17794614
38269461	38269626
56394859	56395038
56596033	56596225
40115077	40115275
56190498	56190678
6925364	6925552
46103868	46104058
42600611	42600789
77682499	77682689
71152434	71152621
32185766	32185942
74462161	74462339
18120819	18120990
55749345	55749522
73743984	73744148
37779780	37779947
38597331	38597506
57082347	57082501
46680029	46680211
60749761	60749944
77042047	77042227
6569428	6569595
77763746	77763975
48277933	48278163
72957773	72957974
32106238	32106394
37388385	37388573
43505509	43505702
31237006	31237161
41955997	41956174
72956854	72957038
21219943	21220128
8204041	8204220
78873214	78873394
15164153	15164355
35062679	35062870
26867819	26867988
46801970	46802140
80194334	80194527
72489588	72489742
35111971	35112144
41176510	41176688
47625939	47626133
62935097	62935268
40268823	40268993
48919317	48919497
56665118	56665287
1477817	1478002
78962875	78963067
44079995	44080152
41158661	41158842
7537759	7537941
46208684	46208840
4118757	4118924
11839213	11839373
34982438	34982614
59713410	59713565
75426239	75426416
1026396	1026587
79116609	79116792
62359410	62359578
43930166	43930328
55191507	55191670
65289928	65290095
76704690	76704855
62773066	62773221
40995489	40995648
39653058	39653244
4965801	4965965
47772906	47773070
57297793	57297991
63133301	63133480
8024997	8025177
41751262	41751441
44899775	44899962
48758743	48758917
74456739	74456893
38632490	38632666
18864208	18864411
25563847	25563993
33860437	33860595
21183405	21183584
36648345	36648542
3767092	3767257
47512531	47512700
28420625	28420776
39823323	39823485
1533388	1533546
14205951	14206135
49449101	49449262
40558136	40558321
73400330	73400518
77979701	77979854
58798232	58798388
55860723	55860888
48246757	48246938
36714445	36714611
15406225	15406385
25926960	25927146
45776280	45776489
46026704	46026887
31264037	31264204
79204379	79204554
76172714	76172884
62645348	62645509
7983363	7983528
32473569	32473740
70553185	70553346
33639833	33639977
40374265	40374438
55825014	55825169
38689650	38689819
72357705	72357885
6955468	6955656
46749107	46749264
57407024	57407190
75062975	75063134
58220344	58220492
17584526	17584711
37828505	37828667
48703570	48703775
16424672	16424813
19417325	19417488
53591479	53591629
73319254	73319403
20130156	20130328
57388453	57388589
33866473	33866659
76967443	76967620
77083765	77083930
20025048	20025203
38136760	38136955
2752179	2752344
70556484	70556634
7726139	7726293
4613289	4613436
28258455	28258631
1179565	1179723
27907432	27907597
2689673	2689847
34959477	34959635
32869858	32870015
80626516	80626693
7591416	7591579
61519926	61520085
43348309	43348468
65821421	65821607
72766944	72767119
55935406	55935563
43909594	43909764
46578583	46578762
74812716	74812889
64251280	64251432
55087461	55087622
73746051	73746212
37427363	37427502
61045908	61046060
77965513	77965672
79283454	79283621
41387252	41387380
36641237	36641364
46868485	46868638
80163838	80163999
77890061	77890231
66459216	66459375
43210651	43210813
33416397	33416559
72861092	72861261
36489651	36489819
34131834	34132019
44026536	44026677
39735938	39736060
56327120	56327282
27507380	27507552
59494323	59494482
27438948	27439107
74789987	74790125
46151817	46151951
79265639	79265797
4812500	4812660
36891441	36891595
18151672	18151809
48104279	48104429
70982375	70982527
45867492	45867656
54897127	54897277
65796621	65796778
62103231	62103390
37139501	37139634
28134901	28135046
45820084	45820251
26578240	26578397
73996622	73996777
17400216	17400376
38358171	38358316
29885805	29885981
44270745	44270926
80509786	80509928
47785671	47785795
77808811	77808983
46452121	46452277
62067850	62068027
7080800	7080973
77785219	77785400
27239448	27239579
72195844	72196011
8689238	8689388
42193080	42193244
40464336	40464515
32965372	32965527
53373410	53373548
47257771	47257918
16189238	16189381
49034247	49034395
1624199	1624351
14198336	14198500
75082685	75082845
53426256	53426393
7816364	7816498
37704268	37704432
37331266	37331429
73760739	73760892
77898293	77898450
62141239	62141389
76848861	76849021
42408775	42408928
18529106	18529225
2319445	2319581
36665674	36665828
71706408	71706555
2916364	2916515
76356943	76357103
17715650	17715808
48350581	48350751
65370887	65371017
63096754	63096916
4270177	4270316
77184155	77184333
961732	961884
77387970	77388119
698183	698346
30810624	30810766
10748579	10748715
42160934	42161087
37021252	37021378
3810895	3811059
34274211	34274357
34965350	34965492
76861934	76862096
72598244	72598369
77982313	77982461
61934503	61934666
46048122	46048291
73597390	73597530
63274545	63274685
25930301	25930461
71185794	71185927
74404764	74404902
46055825	46055993
48217397	48217519
42018061	42018226
36819448	36819593
65775210	65775346
67522249	67522396
72350312	72350458
36918034	36918154
45439664	45439792
29844668	29844827
62384381	62384500
66432637	66432764
21416353	21416491
54793365	54793505
19896190	19896332
76441815	76441939
45331189	45331374
36131021	36131151
60143409	60143536
40111809	40111941
26083886	26084034
39643140	39643310
8013641	8013801
75052451	75052590
73102002	73102144
6339420	6339550
41132871	41133003
46534748	46534873
28106381	28106531
71307211	71307372
4324041	4324172
79071263	79071435
40705430	40705569
7963689	7963805
62915596	62915734
66197029	66197163
26940395	26940530
59914732	59914851
6908225	6908332
40333406	40333569
262145	262285
49841871	49842012
29761780	29761907
27444279	27444404
42856557	42856715
73649173	73649299
72433936	72434053
3838475	3838625
43176620	43176754
78997715	78997853
16267206	16267338
73841408	73841564
72086129	72086275
34296632	34296771
25896437	25896587
80834692	80834803
1812144	1812269
47304901	47305025
1552209	1552346
30986448	30986568
27229924	27230134
39805016	39805154
16318378	16318501
884374	884518
16356694	16356801
52968694	52968807
76130528	76130681
78338147	78338257
27292744	27292859
63290423	63290555
77782591	77782727
48238933	48239048
38020486	38020649
56381751	56381874
899833	900017
78056583	78056707
45854103	45854215
33882857	33882951
34176616	34176746
79870684	79870848
7620636	7620758
73892596	73892737
57830945	57831055
73236835	73236987
26743966	26744074
48347588	48347699
40669598	40669732
42344225	42344343
41081390	41081486
53434216	53434317
47929217	47929363
15136467	15136586
62024231	62024332
15732204	15732319
63195007	63195117
29860759	29860886
73629124	73629237
37350778	37350906
4785412	4785521
49399932	49400034
38115325	38115412
49376274	49376378
30466031	30466136
48029963	48030088
41995243	41995361
45879876	45880018
17258341	17258476
66462387	66462496
38183375	38183480
16492759	16492865
44290386	44290482
10231016	10231125
63191175	63191302
1934024	1934123
75277217	75277353
45822491	45822620
58716228	58716336
40219427	40219528
13241234	13241355
17472147	17472292
42175660	42175785
65830190	65830270
37810239	37810334
67565302	67565411
17217051	17217175
15074861	15074995
72292843	72292965
73197968	73198070
46259141	46259246
3586419	3586522
74711031	74711141
73852078	73852200
79979125	79979225
7039674	7039817
32052831	32052949
66610223	66610334
37886776	37886939
65383255	65383351
21023110	21023210
43226658	43226774
7755207	7755327
38347977	38348090
38600035	38600135
59467419	59467538
75396813	75396893
1436650	1436752
1090585	1090689
72732991	72733117
17936940	17937042
65374948	65375083
48278148	48278334
48556229	48556399
17045323	17045432
76010057	76010158
30228794	30228890
27697280	27697357
39485699	39485822
79504714	79504839
74679616	74679733
35754767	35754882
43313143	43313229
62211098	62211200
72915673	72915767
61072879	61072949
1958290	1958416
31849759	31849859
80372477	80372584
29716554	29716659
67054460	67054578
53605078	53605152
56214211	56214305
43312144	43312240
7766079	7766207
21360486	21360584
1687441	1687548
41598072	41598189
46231150	46231274
47634918	47635017
31110656	31110832
43209335	43209441
32771035	32771152
65272336	65272443
8313735	8313850
8022147	8022280
2256467	2256517
72839183	72839281
72280933	72281025
55518315	55518421
27472537	27472598
1419087	1419157
80725146	80725245
7961110	7961210
64196936	64196995
26087163	26087306
38231884	38231976
35887523	35887621
7893597	7893670
7738287	7738393
73127576	73127698
75092691	75092746
37027930	37028048
37320999	37321085
53679281	53679380
8901437	8901510
15901942	15902038
21353351	21353432
73857500	73857582
10640504	10640680
77818696	77818837
28667243	28667419
27090856	27090932
10549867	10549966
4470148	4470236
77944615	77944710
46088756	46088932
42275864	42276040
72206693	72206743
35014683	35014805
74723278	74723356
78451936	78452036
46891915	46891998
80202327	80202400
38590001	38590177
12645688	12645772
7535934	7536020
47857145	47857321
64670050	64670147
29025037	29025140
959415	959523
8062222	8062311
77078827	77079003
77384676	77384754
73285761	73285849
58114580	58114651
70114886	70114982
66395317	66395380
78222782	78222884
60715310	60715408
43503290	43503359
19350504	19350602
76982237	76982301
40873206	40873262
46385292	46385468
73002926	73003021
40555330	40555430
38459407	38459460
44121841	44121922
68164271	68164447
49539065	49539139
5610261	5610437
40086623	40086799
40336266	40336355
25758074	25758161
73266553	73266624
20224166	20224257
56249974	56250044
64851470	64851544
36631095	36631196
37824807	37824857
48157166	48157251
78485657	78485833
15848520	15848636
56072872	56073048
62106355	62106531
27546537	27546638
48556967	48557040
79407911	79408087
47445874	47446050
56354601	56354777
32001726	32001902
58719205	58719381
15752542	15752592
25981785	25981936
42856784	42856956
31365841	31365891
27003164	27003221
40683995	40684171
1268912	1268962
74178385	74178437
78944364	78944416
47573856	47573979
65471622	65471798
80258762	80258938
80308247	80308297
64286321	64286497
58663794	58663844
20896337	20896409
3505973	3506065
55910815	55910891
79977965	79978030
31848940	31849036
61989111	61989209
73754864	73755040
31376918	31377094
21415072	21415173
7744984	7745084
1572774	1572824
44264405	44264581
235964	236051
33390678	33390854
43971744	43971827
73234842	73235018
79779779	79779831
77061278	77061454
40202637	40202697
48194687	48194784
7944769	7944945
37396026	37396107
38191456	38191632
66201491	66201559
74835910	74836086
10521523	10521699
79827369	79827436
7227684	7227749
48439436	48439612
27921264	27921440
7801267	7801317
46429330	46429409
6904992	6905168
36010548	36010724
38219083	38219193
80875700	80875750
26708731	26708814
71952827	71953003
76555917	76555989
8791897	8792073
71779343	71779412
3730589	3730644
46337150	46337326
10517964	10518140
9869092	9869157
8286909	8287008
4635037	4635213
76015634	76015715
64161819	64161873
78623931	78624107
55038370	55038546
14829982	14830069
56199399	56199575
73585238	73585319
43799714	43799797
25982095	25982195
7920165	7920240
48940900	48940957
59657525	59657701
71994858	71995034
8041977	8042153
79386631	79386807
40580536	40580712
20020094	20020270
48929553	48929729
64711936	64712112
73749905	73749998
26973963	26974139
36762731	36762822
34135963	34136139
77696302	77696377
79490315	79490491
75888569	75888745
25978631	25978717
61773988	61774164
6949179	6949355
44364114	44364290
34400038	34400095
74884042	74884092
42441172	42441279
75007453	75007508
5140918	5141094
79346455	79346522
5490869	5491045
12084093	12084269
16208180	16208356
7761869	7762045
42201320	42201496
28882584	28882760
5153002	5153059
40826020	40826196
10779383	10779559
29395438	29395614
47653078	47653254
46955609	46955785
13498182	13498358
39967950	39968000
26971091	26971267
53131305	53131481
37080277	37080453
7760370	7760546
55479560	55479736
42423205	42423381
7490138	7490314
45054125	45054185
63552601	63552777
79163531	79163707
72777118	72777193
47921223	47921399
22007284	22007460
36478146	36478322
603852	604028
1956950	1957126
7576657	7576833
27899941	27900117
53902711	53902887
80452638	80452814
72562385	72562561
48894705	48894881
1768832	1769008
46713977	46714036
48192355	48192531
28804241	28804417
38095897	38096073
12159806	12159982
47113482	47113658
3868478	3868654
47300913	47301089
73610248	73610335
62487248	62487424
29700289	29700465
75210873	75211049
36886324	36886500
57936881	57937057
11802896	11803072
73483481	73483657
74554695	74554871
71187685	71187861
30334255	30334431
34309171	34309347
62493525	62493701
4871141	4871317
64724148	64724324
61523389	61523565
61775349	61775525
38324723	38324899
38457674	38457850
42295812	42295988
39852316	39852492
36061537	36061713
27570826	27571002
62770596	62770772
78840103	78840279
73267271	73267447
41411668	41411844
79438848	79439024
38195239	38195415
80637526	80637702
53626597	53626773
7068500	7068676
42462883	42463059
10199162	10199338
65713843	65714019
5100341	5100517
65599208	65599384
73611610	73611786
29342759	29342935
66773692	66773760
13209987	13210163
25524674	25524850
35227990	35228166
40770649	40770825
4934784	4934960
77813668	77813844
77397289	77397465
56032652	56032828
66968359	66968535
53795609	53795785
1467288	1467464
48171729	48171905
80871607	80871783
21953844	21954020
29042286	29042365
73056175	73056351
62844048	62844224
58217259	58217435
35969577	35969753
45054766	45054942
65685763	65685939
13017917	13018093
17633083	17633259
40042011	40042187
65154316	65154492
38475062	38475238
2833441	2833617
35930692	35930868
35207439	35207615
42811240	42811416
43094309	43094485
34336464	34336640
19220682	19220858
37225712	37225888
42219100	42219276
2952080	2952256
1532411	1532587
41400315	41400491
78335379	78335555
1162489	1162665
31847547	31847723
655512	655688
16331490	16331666
43669817	43669993
57394398	57394574
59049240	59049416
27176387	27176563
73500469	73500645
27696910	27697086
4923068	4923244
77038536	77038712
74381935	74382111
30771275	30771451
16440276	16440452
15848012	15848188
27243449	27243625
4693236	4693412
36151419	36151595
57824310	57824486
40270706	40270882
8798344	8798520
40972062	40972238
3978244	3978420
53719259	53719435
73923514	73923690
61787784	61787960
9632464	9632640
48275712	48275888
8085323	8085499
40831876	40832052
26674060	26674236
47368190	47368366
43096688	43096864
73236557	73236733
36666744	36666920
61912274	61912450
36890174	36890350
16776617	16776793
6376592	6376768
52831950	52832126
15117104	15117280
60498938	60499025
43324397	43324573
28530558	28530734
64971748	64971924
79383009	79383185
22203225	22203401
38447064	38447240
62733118	62733294
31203720	31203773
40761112	40761288
39942620	39942796
42296464	42296640
30438478	30438654
29151615	29151791
65555571	65555747
79885872	79886048
19045851	19046027
8897662	8897838
12906518	12906694
79995193	79995369
40833300	40833476
53847675	53847851
48708040	48708216
55162350	55162526
78075162	78075338
42589313	42589489
55198795	55198971
40180660	40180836
1945889	1946065
80732947	80733123
55017354	55017530
26753295	26753471
42988553	42988729
17343398	17343574
62958027	62958203
29835333	29835509
47076534	47076710
38073370	38073546
4806955	4807131
65217290	65217466
25907595	25907771
42406446	42406622
18855234	18855410
77948711	77948887
79174683	79174859
10534471	10534647
43890808	43890984
73844606	73844782
36175997	36176173
67243000	67243176
32254959	32255135
73263809	73263985
60257057	60257233
1929378	1929554
79919170	79919346
260903	261079
15555031	15555207
16290042	16290218
21032443	21032619
28663704	28663880
40776434	40776610
41150095	41150271
74121323	74121499
7977063	7977239
46413355	46413531
48410806	48410982
59486977	59487153
5972320	5972496
75084721	75084897
76113568	76113744
73286199	73286375
79679635	79679811
15160740	15160916
1998372	1998548
18467477	18467653
72404516	72404692
76570168	76570344
72450246	72450422
43860664	43860840
81153189	81153365
65506568	65506744
26220365	26220541
22194099	22194275
29543290	29543466
80342553	80342729
68632783	68632959
11784144	11784320
28452383	28452559
28605159	28605335
79634975	79635151
42477730	42477906
61309985	61310161
49513093	49513269
79568615	79568791
75737297	75737473
61524115	61524291
18046475	18046651
19622217	19622393
34094042	34094218
44049083	44049259
31082209	31082385
29046412	29046588
5342538	5342714
32846413	32846589
70948444	70948620
34244635	34244811
42015554	42015730
27175787	27175963
18935138	18935314
31975101	31975277
3595163	3595339
8554423	8554599
37245606	37245782
76921422	76921598
49197182	49197358
76134129	76134305
782942	783118
19689290	19689466
48772540	48772716
7388156	7388332
9828152	9828328
55817383	55817559
41843888	41844064
73585593	73585769
60748993	60749169
49244497	49244673
59503507	59503683
57930656	57930832
37417659	37417835
7892126	7892302
11547679	11547855
13829023	13829199
4498420	4498596
25365844	25366020
54203989	54204165
48474870	48475046
1465206	1465382
6613713	6613889
56406867	56407043
73616163	73616339
60770628	60770804
16487649	16487825
16894814	16894990
65268770	65268946
72858442	72858618
25936737	25936913
19241501	19241677
17033472	17033648
6316428	6316604
44331282	44331458
1945262	1945438
56277501	56277677
2270493	2270669
32490809	32490985
31003575	31003751
67603387	67603563
64197981	64198157
79375826	79376002
7518261	7518437
71642905	71643081
4718679	4718855
73126877	73127053
45810433	45810609
75263033	75263209
66007365	66007541
80056015	80056191
25782937	25783113
47976599	47976775
74609428	74609604
79014694	79014870
54969224	54969400
73092373	73092549
78388265	78388441
35866849	35867025
36736213	36736389
73622079	73622255
48255816	48255992
29339888	29340064
46338763	46338939
6605172	6605348
41416373	41416549
75497223	75497399
71301313	71301489
42281130	42281306
17304597	17304773
79296653	79296829
80382558	80382734
4103231	4103407
53401921	53402097
52977922	52978098
19014548	19014608
36559285	36559461
26575266	26575442
80064240	80064416
43039332	43039508
73846019	73846195
3635557	3635733
34303102	34303278
13501157	13501333
4152730	4152906
45741798	45741974
73521029	73521205
15059489	15059665
79228755	79228931
37704000	37704176
74732449	74732625
58654987	58655163
73008616	73008792
1968394	1968570
15151577	15151753
56788500	56788676
63794054	63794230
40591315	40591491
36724659	36724835
55975471	55975647
33308133	33308309
28892246	28892422
2611023	2611199
48691045	48691221
47297075	47297251
40927615	40927791
10130276	10130452
45693326	45693502
3438902	3439078
3595655	3595831
17517069	17517245
41323190	41323366
55536639	55536815
77879724	77879900
59436286	59436462
32013304	32013480
27471004	27471180
39013342	39013518
44953902	44954078
78098189	78098365
8126744	8126920
80843859	80844035
55629764	55629940
32633552	32633728
65012625	65012801
43726127	43726303
10519935	10520111
19648266	19648442
4686122	4686298
67081179	67081355
43743491	43743667
41621465	41621641
1358607	1358783
14717093	14717269
27070936	27071112
18095373	18095549
26875258	26875434
2073437	2073613
79093698	79093874
81153630	81153806
9480585	9480761
35125561	35125737
42942609	42942785
9432456	9432632
62294175	62294351
66053760	66053936
63790719	63790895
48133880	48134056
66768084	66768260
43229460	43229636
10675848	10676024
4542780	4542956
56422291	56422467
56598314	56598490
8736044	8736220
45928365	45928541
40830981	40831157
79383265	79383441
7117227	7117403
62368722	62368898
55813181	55813357
72302086	72302262
81031343	81031519
60805358	60805534
79103186	79103362
14789613	14789789
32291486	32291662
61756675	61756851
1786190	1786366
7406393	7406569
20284688	20284864
47781342	47781518
41987661	41987837
39573859	39574035
4890652	4890828
46962134	46962310
73629997	73630173
17606492	17606668
46212583	46212759
35227489	35227665
50460986	50461162
15785462	15785638
8894946	8895122
38278819	38278995
79660927	79661103
4207822	4207998
40464819	40464995
48782606	48782782
78237344	78237520
3351060	3351236
30824632	30824808
62543650	62543826
79447777	79447953
51708117	51708293
20550059	20550235
81034917	81035093
7155778	7155954
68618628	68618804
61959670	61959846
8533964	8534140
63452158	63452334
65135990	65136166
27443018	27443194
73885651	73885827
29853381	29853557
15046964	15047140
4167080	4167256
3747319	3747495
80372689	80372865
7836468	7836644
56655101	56655277
64422605	64422781
5608469	5608645
27224256	27224432
63224734	63224910
18043347	18043523
27062315	27062491
42084558	42084734
76342904	76343080
29388756	29388932
39835523	39835699
80512392	80512568
44088250	44088426
42749950	42750126
1521262	1521438
40171953	40172129
56162113	56162289
56415391	56415567
4883948	4884124
39478689	39478865
31835371	31835547
76795139	76795315
76311552	76311728
27280628	27280804
58219567	58219743
72199600	72199776
18615800	18615976
62249952	62250128
16118855	16119031
74709434	74709610
10782572	10782748
18070325	18070501
43309140	43309316
72209079	72209255
73826224	73826400
48674196	48674372
28348825	28349001
59652306	59652482
40224548	40224724
55456936	55457112
37392009	37392185
22012534	22012710
53254621	53254797
50184093	50184269
48925514	48925690
79668927	79669103
42700568	42700744
12935218	12935394
61984848	61985024
46564091	46564267
38473690	38473866
66428008	66428184
17688274	17688450
20943575	20943751
9425514	9425690
72081697	72081873
65938985	65939161
63984227	63984403
1050893	1051069
9458199	9458375
25533579	25533755
8157207	8157383
54577286	54577462
47049803	47049979
49662988	49663164
11048043	11048219
1617206	1617382
9195589	9195765
27012092	27012268
44068301	44068477
64621485	64621661
42180341	42180517
78929853	78930029
71948974	71949150
21320152	21320328
56429641	56429817
61483126	61483302
74500307	74500483
73061092	73061268
19549304	19549480
7319732	7319908
61514214	61514390
31271398	31271574
7089705	7089881
79643026	79643202
31268109	31268285
39822219	39822395
14427	14603
68763362	68763538
63215401	63215577
42643310	42643486
38606545	38606721
27046486	27046662
34948044	34948220
64447709	64447885
48698292	48698468
17888991	17889167
76989375	76989551
40315169	40315345
74382624	74382800
7886082	7886258
37234209	37234385
40672606	40672782
76839475	76839651
56415729	56415905
43797231	43797407
71475260	71475436
74361683	74361859
65797867	65798043
41957803	41957979
29153091	29153267
1944871	1945047
29324395	29324571
42188532	42188708
12570767	12570943
42228002	42228178
76164473	76164649
19715840	19716016
48736717	48736893
7997252	7997428
45578112	45578288
74553611	74553787
4060160	4060336
72984301	72984477
32498339	32498515
79030941	79031117
75118777	75118953
75641194	75641370
49617615	49617791
27864064	27864240
78729511	78729687
55675283	55675459
30185765	30185941
72529251	72529427
77792186	77792362
55850258	55850434
75645815	75645991
80781042	80781218
42659353	42659529
26335607	26335783
7386668	7386844
79783853	79784029
37185039	37185215
77805698	77805874
25715472	25715648
80624757	80624933
27912098	27912274
42118889	42119065
54954388	54954564
29044109	29044285
76186353	76186529
27224622	27224798
31667645	31667821
56618710	56618886
57243351	57243527
26902528	26902704
53813228	53813404
32273283	32273459
28353800	28353976
53828459	53828635
31616077	31616253
76783559	76783735
43238273	43238449
21143083	21143259
66259310	66259486
36097194	36097370
56672920	56673096
26295366	26295542
54943972	54944148
55952904	55953080
55131824	55132000
45401093	45401269
30241791	30241967
75910863	75911039
78258477	78258653
48883829	48884005
28882301	28882477
44272450	44272626
65059651	65059827
21003105	21003281
26988762	26988938
27531454	27531630
55984308	55984484
9066062	9066238
55420508	55420684
71417213	71417389
72812232	72812408
67390976	67391152
65626153	65626329
4468962	4469138
61970108	61970284
18223247	18223423
43410431	43410607
19912599	19912775
33445139	33445315
3911408	3911584
57513114	57513290
62736273	62736449
55945761	55945937
28699873	28700049
16819395	16819571
46024363	46024539
33469294	33469470
32752132	32752308
53083002	53083178
21962525	21962701
79881442	79881618
46741007	46741183
64344802	64344978
56082772	56082948
6918132	6918308
29852900	29853076
3551190	3551366
36313770	36313946
43393869	43394045
40611327	40611503
59079730	59079906
40540701	40540877
61926571	61926747
56390311	56390487
73823711	73823887
4837683	4837859
46639626	46639802
59628628	59628804
18720189	18720365
77164841	77165017
61562210	61562386
77015743	77015919
43741247	43741423
2273135	2273311
38948150	38948326
8060100	8060276
74884799	74884975
43024947	43025123
57636412	57636588
62962182	62962358
37248623	37248799
73178617	73178793
66596355	66596531
53819766	53819942
14262585	14262761
43278145	43278321
75275732	75275908
64301087	64301263
36715775	36715951
39844322	39844498
25819009	25819185
17473649	17473825
34899835	34900011
79864883	79865059
19913513	19913689
33940040	33940216
74176080	74176256
79377110	79377286
61512366	61512542
76133502	76133678
42161696	42161872
36444265	36444441
39480491	39480667
19998709	19998885
56609270	56609446
35716251	35716427
46146059	46146235
79283104	79283280
37991427	37991603
12299179	12299355
2947123	2947299
71653727	71653903
13951543	13951719
7900504	7900680
3668836	3669012
4464304	4464480
42173104	42173280
46599529	46599705
11701212	11701388
53316354	53316530
42453528	42453704
26747457	26747633
76140415	76140591
30916118	30916294
21307914	21308090
39684472	39684648
61064636	61064812
44928888	44929064
38497464	38497640
43186337	43186513
29849065	29849241
7118260	7118436
75817213	75817389
11775228	11775404
75503368	75503544
53045528	53045704
56310320	56310496
53745019	53745195
62028404	62028580
40472048	40472224
58252188	58252364
77122336	77122512
48228400	48228576
78652586	78652762
17404411	17404587
2740597	2740773
47937604	47937780
25334867	25335043
7124287	7124463
74590168	74590344
57542459	57542635
159354	159530
67719986	67720162
67063896	67064072
48578550	48578726
18158614	18158790
41034748	41034924
52250152	52250328
74704126	74704302
52027655	52027831
61503846	61504022
25783335	25783511
55162909	55163085
32352332	32352508
73650357	73650533
49613301	49613477
6551612	6551788
40175714	40175890
71321706	71321882
21837296	21837472
55082458	55082634
21355717	21355893
2135042	2135218
9793497	9793673
76601007	76601183
31529122	31529298
18044654	18044830
38953075	38953251
56296669	56296845
72376886	72377062
45971868	45972044
40398620	40398796
43476246	43476422
37976937	37977113
61509358	61509534
77751411	77751587
16256795	16256971
