46530233	46530511
39329892	39330122
15309526	15309757
17882781	17883006
139048222	139048471
195923530	195923776
14302732	14302946
45698324	45698541
13537851	13538082
45079228	45079511
12933547	12933748
47563670	47563882
13689803	13690036
194054565	194054799
184089412	184089624
24040524	24040715
196336231	196336447
47040102	47040325
195621553	195621749
194033486	194033734
195590026	195590237
15244282	15244479
46599853	46600064
42141363	42141559
13691984	13692231
12909529	12909744
141179052	141179258
9757554	9757758
13699418	13699626
46120391	46120623
46746583	46746779
38016226	38016427
40626122	40626321
195577784	195578029
42922517	42922752
46951090	46951311
39168143	39168336
40622101	40622295
37896959	37897178
197237068	197237283
32551720	32551907
5468119	5468315
32989298	32989509
142547637	142547835
14962706	14962933
9344316	9344547
9544983	9545182
36742550	36742727
197632938	197633156
50310411	50310618
20381906	20382110
38159562	38159766
50653452	50653645
16219912	16220116
50264839	50265067
45082317	45082494
48193064	48193285
194992309	194992546
170529839	170530029
4753162	4753340
33925798	33926005
40369209	40369382
9012768	9012965
16592363	16592543
45252114	45252316
183100277	183100447
44240220	44240411
42485408	42485609
38692776	38692975
14550494	14550692
45802703	45802910
13503165	13503361
40233455	40233634
195641966	195642163
13133743	13133952
184279128	184279354
185701388	185701588
37000288	37000480
14245048	14245242
9974543	9974756
49577171	49577375
33116040	33116229
50609633	50609818
169386942	169387171
184007241	184007437
187432274	187432464
16288885	16289082
69740319	69740523
192162374	192162564
195980561	195980733
14832922	14833118
193505997	193506211
13938159	13938348
8811135	8811318
58626442	58626625
170132014	170132201
14822512	14822709
15419836	15420027
156799581	156799781
5099555	5099742
170408262	170408449
155523996	155524201
185378296	185378500
5017889	5018088
196696803	196697016
124620244	124620439
50651582	50651774
4697757	4697945
47462614	47462801
141030685	141030886
52035593	52035793
48031525	48031708
32509401	32509581
46419947	46420122
50232024	50232227
136471113	136471346
48199696	48199867
156391760	156391980
43680119	43680304
50263579	50263763
45970629	45970817
128145252	128145458
197325982	197326183
157583219	157583421
187397486	187397684
12748073	12748269
13025782	13025953
182401454	182401624
194827225	194827423
183484881	183485068
43811016	43811210
58173528	58173725
196246110	196246286
126471160	126471357
11278390	11278574
137787517	137787697
188672490	188672675
97742162	97742348
50362087	50362267
15149684	15149877
184261836	184262024
184495633	184495811
179276660	179276842
127174460	127174660
25689658	25689832
155100304	155100491
38008874	38009064
134027310	134027502
12176638	12176815
193498641	193498859
124480190	124480370
38537664	38537861
9394957	9395130
37821137	37821308
138642382	138642555
52481118	52481308
5068638	5068825
19908320	19908488
155588292	155588492
124407781	124407960
46936766	46936954
45980368	45980533
48477497	48477684
11101296	11101477
184135720	184135913
143393295	143393476
10780646	10780838
140911168	140911375
123371294	123371485
14589871	14590046
136732789	136732992
153970933	153971106
9109151	9109316
156956991	156957161
112361847	112362030
14967275	14967429
10800365	10800553
150945617	150945798
9904354	9904576
185977423	185977600
155040957	155041124
14509659	14509826
12217458	12217626
47365850	47366034
126108170	126108376
67022357	67022542
141457006	141457185
99973108	99973299
53148044	53148219
194980819	194981036
124187137	124187319
150505665	150505854
138634304	138634515
170527371	170527545
50557038	50557184
129209141	129209318
138136485	138136659
187456697	187456867
169581311	169581482
46671522	46671717
47555233	47555416
34057068	34057238
40358671	40358816
33829009	33829177
45266716	45266914
124283899	124284076
52885511	52885681
186938073	186938243
8664682	8664860
38521410	38521598
4762453	4762643
37493439	37493630
176232137	176232321
10266681	10266845
53106759	53106933
44955488	44955657
52157232	52157404
183613117	183613286
170028045	170028213
187036722	187036883
16090311	16090472
71924641	71924818
193855676	193855854
33996572	33996742
39231391	39231568
53230019	53230196
44364962	44365124
73150322	73150492
129102226	129102403
40220560	40220719
50226818	50226992
42623827	42624008
49840093	49840269
129995132	129995289
44574404	44574582
52419297	52419474
10987463	10987638
186334911	186335092
16331922	16332078
5022060	5022257
191134917	191135064
170767727	170767901
53409138	53409318
141170966	141171122
39333442	39333598
42791558	42791713
196729694	196729869
196255715	196255903
48586262	48586442
52178399	52178563
39489479	39489622
37595973	37596146
135794188	135794339
185026025	185026169
64519395	64519576
123208343	123208520
39072412	39072559
50579954	50580134
141998962	141999092
125304582	125304721
42543249	42543442
194403433	194403588
15374010	15374189
33414443	33414599
115411830	115412011
10385939	10386106
50283704	50283883
46908320	46908506
42872853	42873015
126398181	126398346
10459626	10459785
3242442	3242598
167883558	167883704
48315219	48315372
32823044	32823224
5347175	5347351
195586287	195586462
149939121	149939320
45701622	45701790
187465863	187466048
179033879	179034016
12761651	12761793
172705187	172705339
71730394	71730563
49943822	49943984
169380372	169380555
184231614	184231784
131748226	131748395
47292193	47292376
4392629	4392775
45553095	45553255
51536150	51536322
159523035	159523200
172428941	172429104
155869721	155869874
42289096	42289245
9029719	9029887
178733433	178733578
197807545	197807725
134319796	134319963
99787712	99787871
172384718	172384874
171547823	171547948
45948406	45948574
51976147	51976331
13036542	13036723
197274610	197274787
138634883	138635068
151901376	151901528
196564844	196565002
4332106	4332234
42785852	42785996
194294606	194294766
141681507	141681666
100789220	100789391
149945655	149945817
47830698	47830841
156855341	156855475
196675367	196675554
39540183	39540335
45634743	45634908
50230141	50230304
152760968	152761109
128689223	128689374
25634047	25634207
183103890	183104034
49486643	49486795
138698676	138698852
142305790	142305945
33957390	33957564
17918902	17919066
15160228	15160388
49709214	49709392
130478691	130478844
13927002	13927167
46965072	46965258
148991016	148991168
50159085	50159236
58518567	58518739
39447909	39448066
182431965	182432100
48442389	48442533
141079809	141079944
52265629	52265811
171332446	171332601
15671775	15671900
31810374	31810537
47412744	47412910
133142498	133142667
53254022	53254175
4763878	4764013
24279621	24279775
149198297	149198453
158563690	158563832
138830789	138830947
150886196	150886342
171490361	171490508
170217467	170217623
88252835	88252961
129653443	129653600
184002675	184002831
185960435	185960600
52038326	52038502
39194383	39194561
38173199	38173377
194193134	194193265
167645919	167646080
4675185	4675319
139281047	139281208
36833949	36834103
150863907	150864063
73135244	73135397
194064747	194064904
183602667	183602835
129661182	129661349
51716211	51716345
141280398	141280538
33173247	33173369
14675440	14675581
32185723	32185849
141160318	141160467
57204289	57204442
24306290	24306443
36910480	36910598
69021637	69021799
42881246	42881383
24110628	24110763
42232729	42232863
77087665	77087826
125156744	125156905
64016457	64016617
127852462	127852610
66458290	66458453
196411869	196412022
168867205	168867351
16642906	16643024
24722097	24722254
51009001	51009132
141741291	141741415
38044937	38045060
127945769	127945939
196756697	196756859
13922151	13922339
50473600	50473780
127293935	127294093
184187250	184187415
186332767	186332911
149902053	149902197
112770176	112770308
100181912	100182039
52325582	52325727
111686643	111686776
120277867	120278009
169755623	169755803
120513998	120514138
187459909	187460075
101412544	101412661
127794528	127794685
143067879	143068038
112453696	112453831
13068886	13069047
49025373	49025531
149212086	149212224
155868405	155868531
183757890	183758033
54887980	54888119
113557535	113557705
48545177	48545306
57993931	57994119
12932676	12932805
127409823	127409977
75601376	75601539
118753738	118753912
142712937	142713064
124278807	124278937
195753027	195753210
183735237	183735405
3221401	3221538
49492062	49492196
196705642	196705790
58477612	58477780
24681881	24682004
134513840	134513988
50297509	50297650
45706739	45706853
32338318	32338436
42613894	42614046
195749065	195749183
122398079	122398222
27175797	27175950
132760193	132760337
149230210	149230337
196251529	196251666
169684399	169684545
159750118	159750259
50587633	50587783
37254595	37254757
184521175	184521292
23930242	23930365
179485922	179486069
181427449	181427575
69210864	69210974
27753666	27753809
133646495	133646649
38780257	38780407
183968162	183968290
41737428	41737560
195474838	195475006
172391051	172391162
193290292	193290423
39166825	39166968
140719008	140719137
150439237	150439336
49876732	49876889
118960435	118960554
127889895	127890013
192185176	192185320
58810078	58810204
36946275	36946418
149654630	149654756
118347704	118347820
38388138	38388288
138921286	138921393
45212957	45213086
59561246	59561394
128964617	128964839
67164360	67164519
127371146	127371268
172314010	172314113
183959745	183959900
64470231	64470338
187037614	187037721
150643578	150643719
133649330	133649466
107872354	107872481
138655151	138655287
185451815	185451923
39041595	39041701
52254567	52254700
42872029	42872109
42797287	42797427
25938641	25938749
135614071	135614190
194354130	194354293
156100388	156100493
164903636	164903750
197252696	197252842
113007044	113007159
182902532	182902649
58615962	58616100
32975785	32975903
6841120	6841222
12180878	12180990
128303369	128303507
176590648	176590763
177077624	177077854
141594425	141594540
33925073	33925176
128503215	128503351
111830778	111830909
65425431	65425559
48236030	48236170
195800213	195800338
187458766	187458902
51703391	51703502
13696909	13697061
133620052	133620181
111436510	111436639
10785838	10785977
118601336	118601420
24815397	24815505
47206242	47206359
122075403	122075528
60417428	60417545
58554431	58554551
158509223	158509352
151789870	151789971
192284607	192284724
133103428	133103561
128216759	128216945
140730499	140730599
129369256	129369368
177495647	177495764
116489775	116489920
176532213	176532318
185072060	185072162
151556889	151556990
73551955	73552066
136751392	136751514
195285505	195285604
44155808	44155910
40032179	40032304
187396793	187396905
138198337	138198441
39419708	39419807
196172372	196172467
49741035	49741139
39142729	39142846
184988410	184988505
10364134	10364248
58159658	58159773
13271244	13271343
38704217	38704339
179529550	179529650
69170168	69170277
47879304	47879419
186327391	186327491
128399649	128399770
127266707	127266853
167458889	167458985
11102534	11102671
65327930	65328025
113871444	113871523
43419779	43419877
137899637	137899698
176656959	176657033
137690165	137690275
184592950	184593058
39250123	39250201
152743926	152744039
115503449	115503566
17936091	17936190
71561284	71561367
141899793	141899851
73143297	73143387
167098156	167098265
171284703	171284879
113296839	113296934
195501904	195502075
113345766	113345864
186647944	186648093
66988929	66989040
139146529	139146639
139770321	139770423
129346929	129347011
140950541	140950657
12521480	12521579
129327637	129327707
184259001	184259111
100309554	100309641
48723358	48723491
101948075	101948129
75772778	75772882
125853123	125853236
55519261	55519369
137837849	137837978
172195233	172195337
51753255	51753373
49378154	49378216
185959755	185959854
184072192	184072297
48595697	48595827
156848521	156848649
133537831	133537922
32706403	32706495
93968515	93968593
70169702	70169766
36771105	36771194
120342012	120342106
57023043	57023161
128594541	128594680
134097358	134097466
49208562	49208650
38323530	38323641
153486749	153486925
119539994	119540084
152192547	152192636
127572657	127572768
15546606	15546782
120280206	120280308
14443782	14443910
43585836	43585933
159724470	159724569
185661422	185661504
152628151	152628265
123047804	123047905
151000854	151000950
186471051	186471227
42160439	42160505
133931922	133931991
138660235	138660411
183187259	183187350
156853585	156853666
186307108	186307217
57134279	57134359
43897319	43897418
15282997	15283094
182840255	182840371
38688237	38688330
38563030	38563094
47520730	47520906
38669645	38669695
180522816	180522900
17274999	17275065
44360614	44360731
65718130	65718210
45097143	45097319
142648158	142648214
58163586	58163704
72715454	72715535
85625405	85625456
114102776	114102856
69355650	69355752
127550819	127550927
75692308	75692401
137511638	137511739
47481776	47481860
54462411	54462587
52373668	52373759
46249900	46250076
158152360	158152434
50384824	50384906
40547358	40547425
71779128	71779207
24705081	24705147
150127902	150128032
171171110	171171286
68925422	68925495
122661839	122661959
155728766	155728840
197777806	197777912
178043314	178043409
149111293	149111349
48274273	48274372
17454570	17454662
160638936	160639112
186258394	186258570
63979426	63979495
132071546	132071615
65658655	65658831
119963236	119963339
194722846	194722896
11376588	11376669
156166258	156166339
124714434	124714510
108994718	108994784
46538409	46538499
32219558	32219627
195583583	195583675
124269398	124269482
20553410	20553491
30810399	30810464
49132049	49132099
58980636	58980721
49195729	49195779
132118301	132118382
34725454	34725630
9542368	9542453
129548592	129548645
62651593	62651769
24725428	24725514
184186273	184186449
38046062	38046112
20267399	20267501
31734270	31734446
13325211	13325327
193688077	193688253
127689923	127690099
10206478	10206583
14503374	14503484
38885491	38885667
106328660	106328836
127263214	127263304
13494345	13494521
51672050	51672146
138313656	138313741
156173737	156173787
50712900	50713021
99472341	99472438
43003267	43003337
52462639	52462815
160131514	160131690
42271502	42271596
58449577	58449628
170900946	170901122
39448378	39448554
172050410	172050586
24130437	24130501
72004767	72004859
5163782	5163958
178787115	178787176
12851612	12851706
11888394	11888446
66124435	66124515
143604767	143604943
167765138	167765314
186539360	186539457
39458977	39459078
102392491	102392561
13350118	13350294
38038421	38038597
196669316	196669384
42581475	42581651
113631890	113632066
123005264	123005354
98321078	98321150
129543892	129544068
178103275	178103357
129961826	129962002
158507518	158507570
170905594	170905770
149489553	149489729
157290446	157290622
141632192	141632263
143363519	143363590
171046582	171046758
50628411	50628587
141363794	141363949
8459162	8459338
108125538	108125714
157250489	157250665
28370142	28370318
43197389	43197459
49694401	49694500
133213473	133213548
30240733	30240787
81539740	81539916
33419121	33419171
97438171	97438248
11197217	11197310
128309950	128310009
53333670	53333846
128564811	128564987
167758505	167758681
140582657	140582833
38081513	38081689
42702498	42702674
185695313	185695489
158445648	158445824
16360926	16361102
41137319	41137495
51409489	51409665
109115389	109115463
197653435	197653501
63804368	63804418
67840584	67840760
16290953	16291129
75343449	75343537
11845625	11845676
37298038	37298214
138553215	138553391
115533729	115533905
130258019	130258073
121714480	121714656
39583419	39583595
77304540	77304612
128157512	128157577
67435317	67435493
14317253	14317304
39769021	39769197
53972848	53972900
125978445	125978515
48774509	48774560
119610897	119611073
129062940	129062990
124882668	124882844
130611838	130612014
46414097	46414273
128569140	128569316
16870378	16870554
169480840	169480931
179367485	179367661
37217361	37217444
116477215	116477265
161569847	161570023
16016254	16016430
54180769	54180945
172993682	172993858
135222789	135222965
14957438	14957614
184466400	184466576
52968743	52968919
172208031	172208207
38697386	38697443
42158775	42158951
107565193	107565369
183197848	183198024
137665386	137665436
120136106	120136282
185995457	185995548
101528128	101528304
31490098	31490274
140456055	140456133
56736630	56736806
189679438	189679614
44956517	44956693
53744325	53744375
179039470	179039646
49051658	49051713
25574365	25574541
179040636	179040722
158981638	158981814
111856058	111856234
160425315	160425491
182336092	182336145
150021736	150021787
143494332	143494508
32440667	32440742
158635785	158635961
38665182	38665358
45588236	45588412
183945337	183945394
150213428	150213604
46256327	46256388
13242597	13242651
122473806	122473982
12179606	12179782
52087639	52087815
193422363	193422436
107148830	107149006
128127580	128127756
85616320	85616496
38882597	38882773
159706422	159706598
106783404	106783580
41922828	41923004
136110573	136110749
69720391	69720452
674367	674543
54864885	54864936
3237934	3238110
45133694	45133870
183846966	183847142
112301201	112301377
40350982	40351039
182897182	182897256
14538975	14539151
185597702	185597878
42589015	42589191
4712123	4712299
139239009	139239185
59299192	59299368
23968343	23968519
20971637	20971813
24227584	24227647
139038723	139038899
139847525	139847701
138680167	138680343
4613494	4613670
43265320	43265385
151186226	151186402
32376275	32376451
88162816	88162992
13187185	13187265
8705256	8705432
186857551	186857727
160992591	160992767
10745684	10745860
34148368	34148544
184788383	184788559
141022340	141022516
124869480	124869656
185395121	185395297
106954845	106954903
58515348	58515524
11985649	11985825
196730011	196730187
132378233	132378409
126701765	126701826
71119082	71119258
129047633	129047809
135797741	135797917
143152719	143152895
129721936	129722112
133930767	133930943
183863139	183863315
141193175	141193351
98048485	98048661
99809284	99809460
107646444	107646620
141173842	141174018
126241221	126241397
160659783	160659959
53144299	53144475
196913943	196914119
31608629	31608805
71635807	71635983
47866380	47866556
14440319	14440495
181418332	181418508
43112851	43113027
70599994	70600170
4626253	4626429
151097251	151097427
138048038	138048214
12236197	12236373
158977941	158978117
193179549	193179725
127309824	127310000
12828964	12829054
169772096	169772272
5019263	5019439
153008972	153009148
11696783	11696959
48506891	48507067
36998656	36998832
42560407	42560583
139656630	139656806
5352397	5352453
44277512	44277688
183278447	183278623
12943359	12943423
195854545	195854721
187457810	187457986
2198039	2198215
152679096	152679272
40474421	40474597
15447059	15447235
171281172	171281348
140954518	140954694
56481227	56481403
159881188	159881364
47891610	47891786
9464941	9465117
62174634	62174810
127814152	127814216
177201002	177201178
47044157	47044333
396148	396324
49878683	49878859
56528809	56528985
161277299	161277475
111732481	111732657
158377586	158377762
22605707	22605883
149070348	149070524
49937333	49937509
114009796	114009972
114811080	114811256
85410024	85410200
10376344	10376520
148675562	148675738
119107523	119107699
152553148	152553324
49377538	49377714
187334202	187334378
38060402	38060578
155761823	155761906
42822429	42822605
153008184	153008360
71908412	71908588
123798296	123798472
34052864	34053040
58203005	58203181
33186087	33186263
24538175	24538351
63335372	63335548
43801079	43801255
183622298	183622474
45874288	45874464
51426877	51427053
14194265	14194441
157809422	157809598
186567298	186567474
21525897	21526073
194991559	194991735
155419785	155419961
148838170	148838346
118536631	118536807
45375113	45375289
47517463	47517639
180630053	180630229
36749259	36749435
186784539	186784715
152292348	152292524
46436669	46436845
12525705	12525881
157324488	157324664
140974877	140975053
20081383	20081559
108633974	108634150
118603618	118603794
115538727	115538903
8281523	8281699
87399866	87400042
128772324	128772500
151157498	151157674
149956918	149957094
41935579	41935755
185216182	185216358
121265642	121265818
167600022	167600095
181419967	181420143
11247674	11247850
179646950	179647126
136754585	136754761
52506069	52506245
36875061	36875237
5268584	5268760
17839610	17839786
186882970	186883146
50690286	50690462
5178449	5178625
72924744	72924920
196983864	196984040
145783451	145783627
108208677	108208853
133758446	133758622
14899116	14899292
121977743	121977919
153313099	153313275
186649023	186649199
32381688	32381864
123361361	123361537
152226573	152226749
197807914	197808090
128513944	128514120
101292529	101292705
46887438	46887614
15093140	15093316
88268533	88268709
9824540	9824716
127678835	127679011
170128336	170128512
197466491	197466667
152891975	152892151
194756100	194756276
45549631	45549807
19927023	19927199
148673361	148673537
132450050	132450226
108381098	108381274
196213259	196213435
128026016	128026192
148661448	148661624
32218836	32219012
65422399	65422575
149684985	149685161
182665767	182665943
59843586	59843762
31251674	31251850
11302276	11302452
125485222	125485309
17300438	17300614
111762571	111762747
127415108	127415284
49968407	49968583
11685272	11685448
172763701	172763789
32060664	32060840
33481463	33481639
119278432	119278608
9972802	9972978
165613811	165613987
118817566	118817742
129345582	129345758
192534172	192534348
163340277	163340453
168936264	168936440
46410190	46410366
20082304	20082480
10825156	10825332
30735095	30735271
139307390	139307566
71760205	71760381
182877282	182877458
45120482	45120658
108800964	108801140
160061047	160061223
169907017	169907193
128183164	128183340
196019511	196019687
196249622	196249798
122747461	122747637
17734904	17735080
141845150	141845326
43784479	43784655
188865895	188866071
184445367	184445543
139072876	139073052
186205726	186205902
193987676	193987852
195283313	195283489
131245690	131245866
65736890	65737066
35949979	35950155
125635426	125635602
123442511	123442687
131513733	131513909
47417988	47418164
124070666	124070842
4534974	4535150
14549023	14549199
108196496	108196672
65770860	65771036
185720986	185721162
122018814	122018990
42578011	42578187
33047659	33047835
48777440	48777616
99251212	99251388
53021094	53021270
11815864	11816040
21592671	21592847
100612545	100612721
33106563	33106739
53461109	53461285
139283239	139283415
177096923	177097099
184933751	184933927
99527125	99527301
47021181	47021357
101355147	101355323
122913449	122913625
119319681	119319857
22159313	22159489
17074023	17074199
14955763	14955939
54985518	54985694
40761504	40761680
115705513	115705689
163208130	163208306
13541727	13541903
127730141	127730317
183220670	183220846
108742636	108742812
146052054	146052230
101396144	101396320
170679467	170679643
88052402	88052578
148665167	148665343
100480167	100480343
113464060	113464236
171752987	171753163
20082749	20082925
155713451	155713627
50425909	50426085
158984688	158984864
190962137	190962313
137771123	137771299
158031217	158031393
30054531	30054707
23803008	23803184
93953134	93953310
142624006	142624182
48673219	48673395
23986753	23986929
149248536	149248712
128880490	128880666
155577767	155577943
126194365	126194541
123438056	123438232
177002370	177002546
108537341	108537517
11693495	11693671
101532687	101532863
126973634	126973810
164924598	164924774
56337737	56337913
43732454	43732630
134396176	134396352
59038642	59038818
172629051	172629227
14649924	14650100
176768654	176768830
39002579	39002755
108598885	108599061
48723007	48723183
137411751	137411927
17735235	17735411
178684448	178684624
98833514	98833690
183835555	183835731
45085246	45085422
54408593	54408769
195617017	195617193
158362115	158362291
140824737	140824913
124647565	124647741
42643521	42643697
72871622	72871798
47323147	47323323
81631262	81631438
153735984	153736160
21794368	21794544
117716403	117716579
190040211	190040387
4039952	4040128
185938796	185938972
120137848	120138024
98543240	98543416
9890592	9890768
50312049	50312225
43920775	43920951
115502869	115503045
58400430	58400606
4313634	4313810
100035500	100035676
180821517	180821693
145907450	145907626
51428448	51428624
11420802	11420978
39106772	39106948
128746060	128746236
130418735	130418911
179468642	179468818
141089024	141089200
39302552	39302728
69997521	69997697
9869018	9869194
45177475	45177651
44571544	44571720
194060155	194060331
71466228	71466404
123735564	123735615
14905294	14905470
146295573	146295749
73481678	73481854
149526103	149526279
150583172	150583348
141129358	141129534
50665276	50665452
185625117	185625293
172059382	172059558
10748166	10748342
114936519	114936695
197476556	197476732
46949699	46949875
72314614	72314790
127092945	127093121
122279601	122279777
17852419	17852595
14715350	14715526
160361891	160362067
41330397	41330573
69474508	69474684
67040348	67040524
158970674	158970850
52008004	52008180
78708665	78708841
55468908	55469084
138067140	138067316
78694993	78695169
108327751	108327927
172144545	172144721
197180979	197181155
179139407	179139583
23001978	23002154
14342667	14342843
6820908	6821084
71353936	71354112
13324712	13324888
112156543	112156719
12937684	12937860
24624574	24624750
134192886	134193062
52716147	52716323
146358727	146358903
12989074	12989250
99508296	99508472
15668624	15668800
152189861	152190037
101357081	101357257
184081121	184081297
141027553	141027729
132361147	132361323
136840665	136840841
139935179	139935355
56374620	56374796
40151519	40151695
39710018	39710194
39225919	39226095
150246380	150246556
170736320	170736496
106837145	106837321
9975919	9976095
10024757	10024933
70580339	70580515
45034179	45034355
159943431	159943607
172554300	172554476
50611567	50611743
185276889	185277065
8153003	8153179
172700641	172700817
133553176	133553352
97758515	97758691
46775151	46775327
133382717	133382893
23754488	23754664
194650089	194650265
46890042	46890218
46318101	46318277
52422415	52422591
43544684	43544860
42270369	42270545
9862740	9862916
5083119	5083295
49577466	49577642
39679417	39679593
122640693	122640869
12910014	12910190
43808150	43808326
46759370	46759546
37577578	37577754
24401255	24401431
49027266	49027442
52446203	52446379
72705059	72705235
128669554	128669730
68942894	68943070
4867671	4867847
150548218	150548394
133551421	133551597
194947910	194948086
171364247	171364423
170566172	170566348
52266918	52267094
32195753	32195929
127061712	127061888
37953618	37953794
125965286	125965462
124921144	124921320
172527017	172527193
129042854	129043030
10321982	10322158
40630059	40630235
132061952	132062128
72036297	72036473
151744078	151744254
143002242	143002418
10305683	10305859
105405314	105405490
14411241	14411417
123016451	123016627
121811449	121811625
50191923	50192099
28709233	28709409
194838697	194838873
52854897	52855073
128211663	128211839
52407231	52407407
159943151	159943327
169796399	169796575
69459605	69459781
136471876	136472052
182555708	182555884
131753843	131754019
15568576	15568752
157065669	157065845
98742549	98742725
53168833	53169009
11208568	11208744
126701414	126701590
196050662	196050838
93788171	93788347
119901874	119902050
156392084	156392177
177075234	177075410
27700790	27700966
11695348	11695524
65320058	65320234
125403111	125403287
17472574	17472750
99405945	99406121
125655104	125655280
150481767	150481943
40566205	40566381
58291820	58291996
155070799	155070975
93723255	93723431
63336957	63337133
133095755	133095931
3057264	3057440
43128868	43129044
9768734	9768910
193963995	193964171
196359462	196359638
196950947	196951123
33968574	33968750
44037853	44038029
52826542	52826718
12583245	12583421
45248345	45248521
46469528	46469704
112238349	112238525
52879831	52880007
51137769	51137945
98713129	98713305
196264298	196264474
151636171	151636347
65156063	65156239
180520735	180520911
17686673	17686849
143692030	143692206
156253091	156253267
45363195	45363371
58153181	58153357
155470960	155471136
154463826	154464002
37875376	37875552
14619534	14619710
150004457	150004633
136936684	136936860
57040962	57041138
169738999	169739175
15853822	15853998
184787524	184787700
156192947	156193123
37477216	37477392
64449335	64449511
39851032	39851208
130752398	130752574
58223347	58223523
81468464	81468640
39225380	39225556
197228898	197229074
57213736	57213912
10992612	10992788
16969084	16969260
19390539	19390715
37783246	37783422
152161915	152162091
114137613	114137789
133381215	133381391
16925606	16925782
43967680	43967856
14473182	14473358
48990053	48990229
138178734	138178910
6433912	6434088
182906782	182906958
100428774	100428950
108943315	108943491
162774757	162774933
10557960	10558136
182422825	182423001
131929682	131929858
124000675	124000851
33758365	33758541
14274185	14274361
124705455	124705631
185486370	185486546
24190625	24190801
185986942	185987118
195721303	195721479
98062853	98063029
122111848	122112024
160204316	160204492
70157326	70157502
52142820	52142996
49059400	49059576
15094294	15094470
112373931	112374107
137833872	137834048
182803501	182803677
182208498	182208674
47028824	47029000
161141835	161142011
125917188	125917364
50408109	50408285
17728209	17728385
189685172	189685348
118582926	118583102
87019074	87019250
197894579	197894755
147102670	147102846
149009049	149009225
39765822	39765998
56381335	56381511
98891978	98892154
9894333	9894509
51853837	51854013
186831101	186831277
44217810	44217986
75241310	75241486
158291660	158291836
49162819	49162995
130199716	130199892
110033483	110033659
58318433	58318609
142759198	142759374
73557587	73557763
155853819	155853995
57632548	57632724
171256346	171256522
77397478	77397654
25898527	25898703
5847994	5848170
14591174	14591350
70113447	70113623
112998648	112998824
36885253	36885429
129035499	129035675
112046312	112046488
46974210	46974386
143047417	143047593
37034308	37034484
73105631	73105807
170831631	170831807
128151903	128152079
16875833	16876009
14473866	14474042
13237980	13238156
183221645	183221821
66909200	66909376
154672641	154672817
45541152	45541328
179371220	179371396
52516241	52516417
165730977	165731153
56285484	56285660
136829336	136829512
170076026	170076202
110175708	110175884
142840293	142840469
138638278	138638454
12917547	12917723
172468236	172468412
181976450	181976626
38043113	38043289
107140140	107140316
43814827	43815003
112754334	112754510
134245969	134246145
31382692	31382868
89148230	89148406
136537036	136537212
53384776	53384952
13714821	13714997
49738937	49739113
40282524	40282700
101100783	101100959
182400087	182400263
75478869	75479045
142563306	142563482
134349446	134349622
13432906	13433082
9773026	9773202
126664079	126664255
171532053	171532229
50294516	50294692
47029263	47029439
138906520	138906696
143727430	143727606
182627116	182627292
128222036	128222212
156922235	156922411
151378795	151378971
56889989	56890165
115859039	115859215
135969958	135970134
97512386	97512562
64671463	64671639
147101532	147101708
155701749	155701925
61550315	61550491
33677685	33677861
65066224	65066400
183952086	183952262
193793719	193793895
71975452	71975628
38749357	38749533
4356508	4356684
197003796	197003972
8755714	8755890
7186500	7186676
122746696	122746872
176915577	176915753
13536013	13536189
34302213	34302389
28359053	28359229
48956040	48956216
52408300	52408476
195955173	195955349
46901849	46902025
6811611	6811787
124211753	124211929
39196015	39196191
50192635	50192811
67432204	67432380
171585875	171586051
124487761	124487937
195934251	195934427
177063471	177063647
195293772	195293948
171241997	171242173
138418099	138418275
17182687	17182863
186737443	186737619
127192159	127192335
111258671	111258847
87841833	87842009
67022764	67022940
196244391	196244567
5028274	5028450
178823007	178823183
142705988	142706164
149435306	149435482
184063535	184063711
136336036	136336212
72867371	72867547
71979837	71980013
12973092	12973268
106925081	106925257
176915233	176915409
123026634	123026810
4910669	4910845
67408368	67408544
41327918	41328094
131972198	131972374
99364282	99364458
176148167	176148343
21332167	21332343
141564360	141564536
51834021	51834197
150547973	150548149
157211536	157211712
170881103	170881279
12964442	12964618
156192439	156192615
48955793	48955969
31766273	31766449
34021895	34022071
195249150	195249326
129824947	129825123
93586373	93586549
158512860	158513036
195835268	195835444
179194072	179194248
183198254	183198430
171506964	171507140
61280503	61280679
150784941	150785117
86823356	86823532
100538854	100539030
155892117	155892293
97686920	97687096
10983838	10984014
133540822	133540998
86612608	86612784
54904463	54904639
18799713	18799889
12087997	12088173
126209583	126209759
79570501	79570677
142790199	142790375
66872816	66872992
141448213	141448389
58408764	58408940
39485137	39485313
100915058	100915234
128384312	128384488
45209155	45209331
13681643	13681819
43741497	43741673
119099690	119099866
50380319	50380495
180351624	180351800
133657635	133657811
171678808	171678984
158257363	158257539
185293287	185293463
39243670	39243846
143614763	143614939
135455700	135455876
142575956	142576132
150558639	150558815
195926357	195926533
159721420	159721596
140768697	140768873
125965024	125965200
52776558	52776734
129033701	129033877
46334920	46335096
132254962	132255138
139347993	139348169
64009185	64009361
10434063	10434239
186440321	186440497
45385575	45385751
75471288	75471464
18336837	18337013
455919	456095
10925295	10925471
21881275	21881451
88229650	88229826
98531739	98531915
18600965	18601141
44666494	44666670
32943603	32943779
197106289	197106465
32281675	32281851
10465267	10465443
155129754	155129930
11581242	11581418
15311181	15311357
170452308	170452484
27399271	27399447
87553129	87553305
176381762	176381938
133916623	133916799
52833173	52833349
170889958	170890134
197874956	197875132
128040990	128041166
134474063	134474239
98292391	98292567
46705245	46705421
12750447	12750623
133096349	133096525
147079713	147079889
42599450	42599626
169462499	169462675
140218042	140218218
1123824	1124000
4812335	4812511
191119863	191120039
187148506	187148682
196715163	196715339
15190271	15190447
119400212	119400388
142585947	142586123
5829661	5829837
9464461	9464637
25635614	25635790
37645294	37645470
45175440	45175616
197807146	197807322
25482859	25483035
177457359	177457535
64384977	64385153
13089109	13089285
156190048	156190224
134959366	134959542
50311805	50311981
194125483	194125659
15599184	15599360
194315526	194315702
15404106	15404282
8343787	8343963
195621946	195622122
13343772	13343948
13601083	13601259
140271883	140272059
9153155	9153331
107657005	107657181
10340969	10341145
155052731	155052907
149928641	149928817
143691430	143691606
47448342	47448518
141717630	141717806
11608534	11608710
159851590	159851766
123084734	123084910
156831690	156831866
118864354	118864530
176351430	176351606
193554416	193554592
107574637	107574813
46896313	46896489
171177998	171178174
70044449	70044625
196674501	196674677
193323784	193323960
197254000	197254176
159040230	159040406
32822405	32822581
61356923	61357099
50340511	50340687
52086990	52087166
141929951	141930127
195837402	195837578
52231916	52232092
156227588	156227764
87347374	87347550
70139584	70139760
93692664	93692840
58571167	58571343
62544341	62544517
194909360	194909536
57620926	57621102
126807639	126807815
140834048	140834224
46469007	46469183
4606764	4606940
150443364	150443540
50259348	50259524
122235890	122236066
197239172	197239348
155042397	155042573
171552053	171552229
72937414	72937590
134168223	134168399
71702029	71702205
158249990	158250166
141859560	141859736
32775212	32775388
33034141	33034317
53090567	53090743
185216694	185216870
140641624	140641800
139174762	139174938
87132036	87132212
156877898	156878074
156919512	156919688
8649313	8649489
138145148	138145324
175659321	175659497
160991521	160991697
4985337	4985513
49450658	49450834
37632417	37632593
152552398	152552574
138408030	138408206
135969110	135969286
195932273	195932449
57947823	57947999
111434882	111435058
140998224	140998400
139026142	139026318
52544071	52544247
39440335	39440511
133495990	133496166
45506083	45506259
46715756	46715932
157164915	157165091
158630134	158630310
87217141	87217317
111340499	111340675
11891526	11891702
65545392	65545568
50923037	50923213
8483796	8483972
55756242	55756418
5772873	5773049
62608358	62608534
45329454	45329630
138641359	138641535
30821278	30821454
195918872	195919048
171146164	171146340
187770286	187770462
14155952	14156128
122024775	122024951
59197950	59198126
148847235	148847411
11025121	11025297
71559727	71559903
161278147	161278323
85553723	85553899
13394311	13394487
43203287	43203463
38875702	38875878
66866642	66866818
123166940	123167116
196698159	196698335
14433852	14434028
37588478	37588654
69841351	69841527
105235910	105236086
13968875	13969051
39207977	39208153
98078968	98079144
9291346	9291522
113455446	113455622
14321000	14321176
105237759	105237935
48647087	48647263
49966697	49966873
101522135	101522311
33275492	33275668
187923958	187924134
167124765	167124941
128266503	128266679
183706165	183706341
8378248	8378424
52048753	52048929
12932094	12932270
64516207	64516383
193886115	193886291
177188179	177188355
128565121	128565297
161126905	161127081
46491383	46491559
135511123	135511299
81715769	81715945
128806886	128807062
75629424	75629600
182971925	182972101
41342056	41342232
139653463	139653639
100353764	100353940
42055061	42055237
141989252	141989428
72900545	72900721
54467918	54468094
97758252	97758428
13178082	13178258
132522770	132522946
9120322	9120498
69062767	69062943
197185275	197185451
131377058	131377234
9918891	9919067
27509163	27509339
170074743	170074919
125117910	125118086
137768465	137768641
126373570	126373746
152242385	152242561
133943501	133943677
75552630	75552806
149206980	149207156
66327211	66327387
114546476	114546652
129201667	129201843
178865031	178865207
193383250	193383426
190602097	190602273
42039535	42039711
118603857	118604033
193974130	193974306
123500125	123500301
185957243	185957419
47008440	47008616
13380636	13380812
122667428	122667604
25945856	25946032
107395694	107395870
30975746	30975922
55439624	55439800
73046916	73047092
53955434	53955610
126721128	126721304
24776694	24776870
156880537	156880713
39314731	39314907
44107409	44107585
32217209	32217385
179041074	179041250
193992230	193992406
15819938	15820114
96582094	96582270
8677408	8677584
12994783	12994959
194041807	194041983
156167898	156168074
145936792	145936968
129324301	129324477
139018311	139018487
130087793	130087969
139007080	139007256
46977108	46977284
14257747	14257923
113342169	113342345
5518189	5518365
178745451	178745627
168565168	168565344
66623865	66624041
53293051	53293227
12871865	12872041
87820516	87820692
154622217	154622393
44924788	44924964
138181829	138182005
61367556	61367732
193807415	193807591
43328176	43328352
48457188	48457364
156305626	156305802
81351233	81351409
169380040	169380216
46450447	46450623
143367645	143367821
143416961	143417137
9593976	9594152
40971651	40971827
122734541	122734717
183903509	183903685
195550950	195551126
148579171	148579347
