864873	865099
3246090	3246301
12934545	12934758
3666338	3666558
8988339	8988550
11995491	11995693
9771546	9771772
9575581	9575767
9073687	9073897
20143164	20143346
12039007	12039227
32811030	32811235
48346359	48346561
10520173	10520369
11733053	11733255
48636781	48636980
29738087	29738278
839415	839617
12391742	12391938
3771409	3771612
32724019	32724211
77140922	77141122
45275568	45275799
11872583	11872769
3585904	3586093
33864763	33864928
9148041	9148214
60253527	60253711
13823977	13824174
23501635	23501823
9971442	9971610
21166918	21167117
21078857	21079039
77404147	77404353
6920127	6920293
47385181	47385374
12283269	12283458
52901957	52902131
45299107	45299295
44626716	44626888
9684124	9684290
55710826	55711021
60251650	60251834
12092825	12093017
11937990	11938168
74110965	74111142
2994643	2994829
5057832	5058001
46303529	46303723
21096019	21096173
77288872	77289031
55297497	55297679
34902497	34902665
29004470	29004637
46201703	46201875
7221510	7221683
19069202	19069353
55549149	55549301
33336577	33336731
43245183	43245338
3594356	3594491
34522361	34522507
74514080	74514259
57069820	57070003
3129384	3129545
45973067	45973246
8982562	8982739
2105027	2105146
21085583	21085737
10787421	10787573
6886328	6886473
8696860	8697042
616477	616609
55789237	55789401
53082631	53082780
43861239	43861394
47883717	47883874
34268110	34268254
10560565	10560726
32966607	32966750
74421837	74421998
8389748	8389900
21202313	21202465
624111	624256
12247029	12247190
13630257	13630410
43271344	43271501
46548285	46548447
13801067	13801216
3703755	3703902
832283	832436
49147611	49147753
43554153	43554281
75612150	75612321
68101219	68101384
12237295	12237471
39694430	39694561
30812120	30812260
29557350	29557482
56431646	56431764
24038023	24038175
47037134	47037267
22306773	22306912
32987973	32988093
32586079	32586215
42792805	42792949
77915754	77915884
77006624	77006751
46203260	46203404
11655419	11655571
18759680	18759824
3063147	3063242
21283140	21283264
9811084	9811236
14086697	14086834
56975838	56975976
7038330	7038488
55113695	55113842
12727170	12727305
19477826	19477942
8480601	8480721
19536125	19536219
35117953	35118092
60650013	60650134
34923365	34923506
43753388	43753500
20711810	20711888
75362871	75363002
322626	322767
34409109	34409242
32606511	32606631
60683606	60683736
46002373	46002492
8882642	8882765
20958912	20959014
9661718	9661830
74061142	74061250
45972019	45972073
51970810	51970954
77929220	77929347
48033624	48033760
597014	597136
78015823	78015938
71863760	71863873
30050948	30051114
29537018	29537125
7177261	7177367
19749423	19749553
3454829	3454924
12767138	12767294
60093059	60093163
741986	742075
2542059	2542158
21939838	21939939
21699100	21699212
28469993	28470085
72020562	72020676
53448995	53449124
59798662	59798773
77139085	77139207
12659985	12660087
46238398	46238510
2083816	2083917
57504927	57505014
2471676	2471770
74515857	74515942
44135868	44135966
57490976	57491074
9792704	9792803
9951392	9951450
29135943	29136119
12893948	12894048
18772126	18772222
60305794	60305875
43653853	43653944
6521961	6522052
12328051	12328145
666287	666386
23476243	23476330
45281016	45281116
57655497	57655594
29302434	29302610
46190747	46190857
74695364	74695442
45282875	45283019
55989416	55989513
712734	712843
22067779	22067853
19494848	19494943
43460041	43460135
19024547	19024657
831047	831131
72219315	72219392
74712520	74712696
42259013	42259124
32707267	32707443
1062750	1062800
65183334	65183411
20379092	20379268
34389615	34389791
23412123	23412206
11519241	11519306
33876696	33876799
3281558	3281656
9516613	9516685
477722	477773
56724580	56724645
13813460	13813517
60382180	60382234
45757040	45757116
3998871	3998954
45549143	45549238
3441435	3441611
1664254	1664336
961710	961790
7567169	7567300
9673643	9673724
20284360	20284536
44238376	44238482
20510172	20510348
34349701	34349877
30129320	30129496
2906785	2906885
7022431	7022481
72369735	72369802
55526591	55526767
56197075	56197251
44731419	44731501
56448889	56449065
2932261	2932437
11553489	11553555
39878815	39878991
55861468	55861521
3664952	3665128
48311214	48311390
70211698	70211775
8478764	8478940
3596789	3596965
43201035	43201211
56435787	56435858
53051889	53052065
9334646	9334758
33530444	33530620
55803112	55803288
10682448	10682515
12271768	12271865
20393718	20393894
51654310	51654365
34337179	34337355
35358624	35358714
75477638	75477688
4106521	4106697
19912653	19912829
77156547	77156600
10851863	10852039
8367485	8367661
47390459	47390635
13558217	13558283
24229816	24229891
21082942	21083118
47255020	47255196
43302964	43303140
3481941	3482117
54230997	54231057
25185353	25185403
52347000	52347067
34875110	34875160
29206458	29206634
72143490	72143666
39486743	39486919
24201585	24201635
43973314	43973490
56916525	56916701
35056261	35056437
6482651	6482827
76746271	76746447
23683649	23683825
902302	902478
34846331	34846507
5868316	5868492
10518594	10518770
55848080	55848256
44742019	44742195
3995585	3995761
49194588	49194764
32368013	32368189
34862458	34862634
71510140	71510316
47294490	47294666
76419878	76420054
46585498	46585674
23887262	23887438
30132495	30132671
46131946	46132122
19577656	19577832
42966340	42966516
55229166	55229342
61245699	61245875
9850441	9850617
9683455	9683631
35024799	35024975
58989588	58989764
59249187	59249363
43490473	43490649
9403881	9404057
46705241	46705417
56161130	56161306
34152312	34152488
7272379	7272555
47730432	47730608
61185787	61185963
72161038	72161095
3643768	3643944
20991845	20992021
20563267	20563443
22124138	22124314
47413865	47414041
34965920	34966096
56737751	56737927
68122051	68122227
6729892	6730068
8525884	8526060
45523978	45524154
59916826	59917002
29399681	29399857
5073380	5073556
34242071	34242247
72956378	72956554
74138762	74138938
60822735	60822911
28786795	28786971
13003468	13003644
19180912	19181088
3151468	3151644
45302439	45302615
33497121	33497297
68157723	68157899
8654603	8654779
71708075	71708251
27454600	27454776
9474896	9475072
33675997	33676173
3869945	3870121
60990354	60990530
61106600	61106776
72531786	72531962
10005419	10005595
68159076	68159252
7164726	7164902
21498517	21498693
32702943	32703119
48577582	48577758
13113132	13113308
497096	497272
53447544	53447720
60625210	60625386
56067331	56067507
21756812	21756988
60692493	60692669
14074304	14074480
42475512	42475688
54416006	54416182
33597734	33597910
43419496	43419672
10490780	10490956
59850943	59851119
6683306	6683482
57663712	57663888
33091881	33092057
11040921	11041097
4068674	4068850
44061153	44061329
47721549	47721725
9722751	9722927
43728808	43728984
3653489	3653665
66290681	66290857
29851770	29851946
13139867	13140043
75461279	75461455
72009779	72009955
31075371	31075547
66403077	66403253
2467093	2467269
46974280	46974456
10249384	10249560
53245119	53245295
20817721	20817897
77912228	77912404
13530954	13531130
23985469	23985645
61009543	61009719
45550266	45550442
43753824	43754000
45557464	45557640
4017570	4017746
10032460	10032636
3286505	3286681
11732	11908
64884900	64885076
1914588	1914764
70429896	70430072
51645934	51646110
25179300	25179476
52650409	52650585
59561549	59561725
21392577	21392753
13216185	13216361
52314524	52314700
45122595	45122771
55225208	55225384
2223992	2224168
11728365	11728541
3279901	3280077
55626583	55626759
73439504	73439680
42159110	42159286
12744250	12744426
12531811	12531987
77748068	77748244
54456942	54457118
9967653	9967829
19988132	19988308
29523270	29523446
60659253	60659429
42964467	42964643
52617558	52617734
55899282	55899458
33077873	33078049
48804514	48804690
22180183	22180359
28256205	28256381
29321199	29321375
45458196	45458372
59568704	59568880
58216696	58216872
31702817	31702993
56936422	56936598
27956586	27956762
57364581	57364757
51919046	51919222
9612323	9612499
49814876	49815052
28550267	28550443
44789729	44789905
33519222	33519398
10784706	10784882
24048903	24049079
52763616	52763792
11826931	11827107
61662134	61662310
31902761	31902937
59169836	59170012
46194133	46194309
3297479	3297655
20787398	20787574
59303141	59303317
22569864	22570040
11741615	11741791
19492404	19492580
31020114	31020290
2230807	2230983
61603467	61603643
8426507	8426683
35065364	35065540
158576	158752
6543416	6543592
6219215	6219391
22068952	22069128
11387973	11388149
8997743	8997919
28822036	28822212
12068466	12068642
59218851	59219027
12037210	12037386
2337645	2337821
12737389	12737565
67863175	67863351
74634174	74634350
61646696	61646872
74587417	74587593
72335505	72335681
12272014	12272190
22314144	22314320
71647659	71647835
8084264	8084440
12121293	12121469
33169070	33169246
9017143	9017319
55578141	55578317
47536255	47536431
41710443	41710619
621320	621496
44809977	44810153
77113353	77113529
46423594	46423770
33357102	33357278
12047012	12047188
5600488	5600664
3448299	3448475
5023419	5023595
72608459	72608635
20116580	20116756
25769468	25769644
11964005	11964181
71820226	71820402
47928453	47928629
72881988	72882164
56751520	56751696
11310588	11310764
44718358	44718534
11761673	11761849
60069883	60070059
46100192	46100368
20140083	20140259
44576853	44577029
53189359	53189535
286531	286707
32935124	32935300
46166206	46166382
1586032	1586208
12539948	12540124
54243362	54243538
66514572	66514748
29190946	29191122
76635605	76635781
12394534	12394710
13159598	13159774
21544605	21544781
11163717	11163893
7452417	7452593
9914628	9914804
1078408	1078584
8647467	8647643
19958765	19958941
68449215	68449391
52226336	52226512
77783322	77783498
75897	76073
9055338	9055514
23963758	23963934
580280	580456
12396489	12396665
23142041	23142217
3665876	3666052
60090461	60090637
9614035	9614211
73986752	73986928
60233531	60233707
72675857	72676033
70320329	70320505
21656356	21656532
8912570	8912746
57298914	57299090
32389811	32389987
29869571	29869747
46476337	46476513
61173396	61173572
19904503	19904679
77958222	77958398
20938907	20939083
39325515	39325691
9889606	9889782
74398772	74398948
52583864	52584040
8450026	8450202
9914014	9914190
19284793	19284969
11980509	11980685
44497478	44497654
74092817	74092993
33952950	33953126
2325555	2325731
2547589	2547765
75414739	75414915
74332293	74332469
53528606	53528782
12074831	12075007
9549517	9549693
19192134	19192310
28750398	28750574
688447	688623
34479361	34479537
60384128	60384304
12886635	12886811
32607306	32607482
9831202	9831378
73566227	73566403
33579089	33579265
5879484	5879660
47471176	47471352
3014058	3014234
68117930	68118106
45534578	45534754
3852460	3852636
74370656	74370832
59625151	59625327
73191076	73191252
78005528	78005704
18775231	18775407
9506511	9506687
20633900	20634076
67627019	67627195
34889090	34889266
904816	904992
46941840	46942016
47696487	47696663
33766626	33766802
74118070	74118246
24597976	24598152
74923916	74924092
10194716	10194892
730165	730341
10038373	10038549
71784314	71784490
29290958	29291134
41201039	41201215
30499901	30500077
60254566	60254742
47289093	47289269
28551443	28551619
19325303	19325479
