75943599	75943915
128520159	128520393
128731612	128731850
127849868	127850104
1032814	1033086
140026136	140026351
105794362	105794584
105817189	105817435
75807514	75807743
105683297	105683531
75495862	75496084
106587777	106587990
107786740	107786950
134966313	134966539
100157456	100157678
73269916	73270154
99730327	99730555
128858478	128858674
128065897	128066114
150660130	150660360
105697459	105697683
148663914	148664146
142491144	142491416
100066944	100067180
98439442	98439662
137583929	137584140
139702146	139702372
73831800	73832030
5603281	5603501
36331155	36331356
148787820	148788040
73140128	73140339
156701664	156701902
100449700	100449937
157066306	157066528
45194288	45194503
130560152	130560366
128523707	128523920
148659848	148660070
91510049	91510269
142912242	142912438
111375811	111376011
129465630	129465858
129712083	129712276
150118192	150118419
150869684	150869950
101922827	101923047
86941683	86941871
131339508	131339727
139330759	139330963
155589729	155589948
5534328	5534556
129650764	129650966
96734040	96734255
130581800	130582010
131373978	131374172
149359739	149359950
100702678	100702897
138423554	138423751
75649510	75649725
101880030	101880236
1105448	1105677
101915557	101915771
155137627	155137867
154982384	154982601
5526577	5526807
43878534	43878790
150821104	150821322
116570572	116570784
362150	362355
154705504	154705718
73021409	73021629
73482244	73482446
142705095	142705312
75921016	75921238
150595648	150595869
140217800	140218005
100720930	100721141
142937768	142937963
151012235	151012444
98062714	98062918
137588485	137588677
100926319	100926543
76145322	76145540
152591549	152591776
137277095	137277283
149439331	149439537
45299700	45299904
128038705	128038894
105292881	105293102
96657057	96657254
151000585	151000794
100609495	100609725
150808195	150808414
66022638	66022861
50535810	50536032
31023302	31023517
150685658	150685860
137693657	137693847
103087692	103087892
101331675	101331897
1513734	1513946
1619211	1619427
148762948	148763148
120627742	120627942
151065282	151065507
73149103	73149297
104563412	104563606
139184807	139185034
129275472	129275663
97650921	97651134
4793590	4793793
106183019	106183223
10929015	10929201
29961124	29961314
30780138	30780337
32519281	32519463
131198368	131198568
73815659	73815874
99728681	99728878
100787378	100787591
71198335	71198538
99998363	99998567
116759594	116759773
86689053	86689291
102937732	102937932
99588569	99588763
149194772	149195003
32982703	32982927
154432294	154432483
134117519	134117722
101245771	101245984
130406825	130407021
140353281	140353482
150145865	150146076
151145830	151146034
30783101	30783290
112538828	112539016
152404124	152404291
134317821	134317996
129882470	129882674
92076567	92076754
128850404	128850606
141233213	141233396
23610312	23610501
73082027	73082267
70322017	70322199
128027820	128028017
2749400	2749615
100835862	100836053
142551726	142551920
112190619	112190788
64772743	64772938
149580595	149580789
134855496	134855727
98910612	98910798
50485805	50486072
153078738	153078928
151456695	151456900
31014503	31014695
132003601	132003786
100397161	100397358
155608031	155608229
143002649	143002834
73620990	73621189
131630211	131630413
158769830	158770017
139703786	139703989
101186190	101186375
5405744	5405949
97924219	97924425
135485944	135486135
22150001	22150180
133826100	133826305
6362710	6362891
132265560	132265760
43622344	43622586
51228817	51229005
48149838	48150031
134012754	134012933
45175832	45176002
127987717	127987904
2710632	2710836
133939138	133939332
27200649	27200847
36024875	36025073
116166179	116166408
47294083	47294282
73981175	73981364
88176158	88176313
23095317	23095482
39620110	39620296
24859940	24860112
111370675	111370845
65187352	65187544
2508624	2508823
147959915	147960090
95156845	95157045
138701914	138702102
30603994	30604167
129007505	129007702
5125149	5125340
137846354	137846539
155391528	155391714
143824900	143825092
100492491	100492693
28060039	28060214
129469932	129470108
105650000	105650193
152890237	152890436
75272283	75272461
71217171	71217373
44961784	44961967
126987798	126988007
154536029	154536210
127775799	127776000
150475913	150476079
107515167	107515330
75892337	75892533
50437216	50437399
131192716	131192907
44517040	44517210
56142086	56142277
6556056	6556246
124425340	124425516
141676142	141676329
38255422	38255589
38375293	38375501
107103681	107103851
156556852	156557029
100322982	100323158
150683228	150683418
25891321	25891504
2517336	2517529
42980959	42981134
22599594	22599783
95704831	95705014
106300528	106300841
99510847	99511027
47305937	47306107
148892507	148892698
4837802	4838018
7464122	7464295
37221672	37221860
148272788	148272971
158146752	158146922
111392356	111392518
149487272	149487474
5279913	5280099
35577120	35577300
126894037	126894239
6475338	6475529
23736687	23736874
100161608	100161802
103047406	103047575
73226129	73226315
2904762	2904945
98434527	98434712
6388644	6388835
149119497	149119764
2491131	2491319
116311876	116312068
66843275	66843461
102031269	102031450
137341117	137341287
149558532	149558726
72866233	72866380
372682	372892
130754100	130754265
8476626	8476809
99679450	99679648
67090268	67090453
50245035	50245211
98050417	98050603
103164901	103165048
25133039	25133206
93918390	93918570
676172	676344
113061881	113062050
4671326	4671504
112509319	112509499
98638108	98638301
151047439	151047640
77669593	77669782
131376898	131377075
4650589	4650753
25932556	25932717
139305670	139305855
139875061	139875217
1265239	1265422
44280661	44280844
98871877	98872060
2926705	2926903
27235918	27236075
45702996	45703181
25138132	25138290
96044353	96044515
150663204	150663385
100302963	100303146
112929316	112929471
30840420	30840599
23586707	23586870
22528584	22528751
26404841	26404989
134291184	134291343
140711979	140712144
22491942	22492111
39785844	39786044
73280559	73280731
112135999	112136163
104488948	104489120
62476110	62476281
22766082	22766271
55323308	55323491
30315835	30316022
31162320	31162480
150725802	150725988
150715318	150715504
25299371	25299534
1452500	1452694
5705115	5705284
64676883	64677082
5490406	5490590
54841945	54842107
22122573	22122777
5598575	5598759
5744208	5744358
100080920	100081274
97798011	97798175
140043045	140043208
105230021	105230175
141349815	141349966
106377046	106377217
105807277	105807410
44896636	44896806
103871977	103872144
120432167	120432330
21547330	21547501
70294235	70294404
138550741	138550908
127848591	127848754
43300975	43301150
156266283	156266448
45013448	45013622
156742257	156742455
148224818	148224982
17809566	17809729
101007308	101007490
149496991	149497155
143187917	143188072
2720593	2720775
143434248	143434381
100063528	100063702
70163326	70163482
31784025	31784171
23301580	23301751
44236073	44236226
56072621	56072799
23312772	23312944
100289364	100289540
154719374	154719518
155172914	155173077
75391880	75392017
66836900	66837051
31776102	31776266
100227073	100227226
107754683	107754846
91265567	91265701
71201030	71201198
99591899	99592044
64079560	64079714
106842419	106842575
129042223	129042387
8335806	8335954
35946165	35946304
148936590	148936751
111381915	111382056
1597939	1598130
27176110	27176276
1544027	1544200
45962920	45963081
127087531	127087717
99229398	99229564
47219906	47220067
138759903	138760035
51498288	51498449
36513092	36513271
134959358	134959504
130725309	130725454
135510285	135510468
22822345	22822513
66949314	66949477
73441233	73441408
25605618	25605758
139119413	139119587
150710022	150710190
45893965	45894108
116238447	116238614
75849507	75849671
135694330	135694480
51230541	51230689
139303723	139303899
158286856	158287027
97642895	97643031
95546001	95546160
31017605	31017764
151727302	151727454
119730107	119730273
98030538	98030714
26324777	26324925
5527546	5527735
826147	826332
142578763	142578903
1472195	1472363
107519926	107520068
149484652	149484823
25133940	25134092
37238555	37238714
106007576	106007728
44605203	44605339
147939465	147939610
43994237	43994381
21807035	21807200
20817708	20817884
97795563	97795740
36710535	36710691
39559600	39559750
107142149	107142279
156442841	156443022
41982729	41982901
1704374	1704566
150941475	150941655
2387743	2387885
4869831	4870003
111202004	111202176
42882905	42883055
140004402	140004549
26416741	26416899
104524232	104524385
94024864	94025009
307103	307272
102706223	102706378
55709013	55709155
65479067	65479214
43850270	43850413
35956705	35956883
157668251	157668431
123134374	123134497
151329464	151329639
140375179	140375323
123512420	123512568
98963255	98963402
23470035	23470179
87046107	87046253
83565504	83565667
134105394	134105536
43148104	43148245
23584634	23584769
49892359	49892503
35664312	35664456
23125764	23125903
95106405	95106541
135800125	135800269
134198053	134198192
135196985	135197085
128911706	128911843
45957278	45957419
77388747	77388873
55661561	55661728
110738834	110738957
76876642	76876787
108233280	108233432
47859043	47859186
12726967	12727183
55347749	55347915
101182183	101182348
44170776	44170927
64942355	64942516
73819719	73819878
45004206	45004359
103737263	103737392
141354425	141354528
131544037	131544202
35559946	35560088
47128496	47128658
86866293	86866433
127348902	127349029
102045165	102045292
128099484	128099615
36015584	36015718
100781597	100781747
150706516	150706677
1209623	1209766
142658175	142658320
123275739	123275862
44112039	44112177
139705738	139705881
129247701	129247810
35749199	35749330
2249216	2249367
23317133	23317254
17746496	17746621
28893896	28894062
38147145	38147285
100048147	100048326
12663651	12663770
1215842	1215991
116628593	116628717
130125942	130126102
142700654	142700780
50159535	50159672
92250423	92250552
92685089	92685184
123221004	123221116
31174207	31174347
101457488	101457685
75988682	75988832
118910117	118910259
102053072	102053220
22143433	22143585
814230	814406
120497658	120497806
39504704	39504820
51434869	51434996
148702953	148703113
93344677	93344802
133701547	133701671
25109718	25109841
135243320	135243439
129304394	129304503
36406825	36406966
131229785	131229904
45217898	45218036
95141139	95141247
101151150	101151319
151451286	151451418
97557698	97557855
101458854	101459002
121187697	121187813
38438445	38438584
102615535	102615679
149450847	149451006
115820383	115820506
132915484	132915597
14497550	14497696
157091225	157091359
142340125	142340281
43479502	43479650
55322627	55322796
106433598	106433715
106689070	106689173
26707301	26707437
94876289	94876414
122794430	122794554
77649991	77650101
134434968	134435083
98984660	98984777
141374652	141374796
95854145	95854268
31673636	31673776
140511022	140511128
44059909	44060026
11251855	11251970
56032101	56032274
140143957	140144069
5717741	5717885
100813154	100813315
116853189	116853298
104621816	104621923
155598241	155598407
84671058	84671171
129702930	129703045
105070290	105070404
150020646	150020792
17022355	17022497
64152	64285
12678643	12678747
5821249	5821392
6036996	6037087
28962387	28962505
29803982	29804120
115898861	115898992
89783644	89783788
119912356	119912486
100494844	100494985
143113807	143113905
139190473	139190595
154585993	154586146
4923417	4923601
5324676	5324797
108253789	108253850
48339309	48339442
67642129	67642238
142564175	142564319
133940745	133940854
44887343	44887495
99123444	99123556
137311353	137311473
3340597	3340735
155326657	155326787
3194651	3194777
37241299	37241418
128938242	128938346
142699318	142699433
100738223	100738381
86556122	86556227
102702487	102702568
149546418	149546529
131231541	131231650
5512393	5512533
6144383	6144599
41980483	41980606
39781947	39782065
6598609	6598703
37324480	37324578
155561147	155561256
151480065	151480285
140920203	140920335
158488901	158489016
38358551	38358650
147962217	147962319
24330016	24330125
25608649	25608748
127269436	127269520
157225744	157225852
38972273	38972412
135357710	135357794
76067315	76067461
142571125	142571219
1680113	1680231
154581261	154581373
913086	913190
108137694	108137794
19748741	19748840
5013621	5013703
140193022	140193113
1588172	1588296
143042616	143042734
86534658	86534769
2286899	2287032
38700231	38700356
120195183	120195271
96808898	96808993
155531485	155531590
150705919	150706036
143043291	143043414
157132916	157133092
123177262	123177363
106420535	106420651
12107263	12107362
65670255	65670398
126443268	126443367
35075385	35075488
27729336	27729432
139287006	139287105
100399048	100399143
75698654	75698714
116449861	116449971
26101421	26101520
43495959	43496078
73466113	73466286
36352301	36352413
156352914	156353004
128544840	128544933
123505733	123505789
138666197	138666348
18104018	18104116
135392918	135393050
25019120	25019234
134386153	134386250
93532268	93532359
21293837	21293945
155597772	155597926
139005848	139005947
130692328	130692427
100425519	100425645
71959198	71959298
6642009	6642090
73027394	73027472
123264772	123264855
71390729	71390838
98375185	98375255
29448510	29448615
20351207	20351306
18032082	18032171
32840219	32840327
149973333	149973427
8763894	8763963
90057234	90057339
82201652	82201747
106791027	106791119
20638289	20638377
31528328	31528425
31232651	31232771
106684893	106685042
77570179	77570259
77287219	77287328
111126756	111126855
150865428	150865547
139778961	139779039
37956822	37956893
24358064	24358171
150788630	150788723
128853838	128853932
86099136	86099217
92509967	92510042
92874992	92875046
97870824	97870924
1262941	1263047
120446055	120446231
115813224	115813303
5896202	5896305
130516760	130516843
42916224	42916307
44388117	44388234
77533069	77533192
107384013	107384113
33972624	33972717
100887612	100887719
148823425	148823503
120977588	120977764
51255788	51255886
135020540	135020640
105297515	105297589
154490569	154490653
134043126	134043215
105517092	105517262
106788035	106788116
44121989	44122067
157030973	157031026
130667020	130667196
128067467	128067571
105042193	105042254
16111009	16111090
151773488	151773542
90917715	90917790
30485588	30485689
35464672	35464752
994271	994405
50132255	50132342
101500442	101500571
18385409	18385500
140931464	140931547
76961302	76961399
8230086	8230262
151008694	151008775
73393599	73393698
30978509	30978600
136091115	136091177
44415143	44415242
140771231	140771303
24627633	24627687
97128700	97128767
1408819	1408897
16604617	16604716
104793525	104793588
16117786	16117962
105680042	105680128
142115750	142115826
75386455	75386631
81099458	81099532
6897495	6897595
13302723	13302776
55483024	55483077
142997021	142997197
20480447	20480623
32886392	32886460
158187836	158187936
2144046	2144170
103982105	103982281
90663975	90664028
21301477	21301653
37248235	37248292
135099783	135099859
129284635	129284703
92090984	92091085
134923087	134923176
1798332	1798445
95108158	95108334
99214111	99214287
99755013	99755088
116516821	116516997
16966001	16966177
107821612	107821788
91763109	91763192
38381017	38381122
30204239	30204415
156609779	156609862
157190717	157190893
155205524	155205584
152038634	152038714
148639019	148639195
56160769	56160847
1834903	1835079
72738294	72738379
130988048	130988101
106600348	106600445
40092173	40092349
123007711	123007775
97735973	97736149
127432929	127433005
130443366	130443435
26130740	26130815
34863374	34863550
150661908	150661988
948564	948740
44025653	44025739
67253837	67253926
33147454	33147521
127144948	127144998
29675408	29675584
112799952	112800002
158823309	158823413
93072154	93072330
149322706	149322882
123341658	123341834
100202159	100202257
116229195	116229287
37873242	37873418
5214319	5214400
107886921	107887097
39936054	39936230
37026811	37026987
66302091	66302267
157260675	157260778
103528441	103528617
121635130	121635306
1807337	1807423
152556902	152557078
158768577	158768659
145787290	145787358
45007226	45007317
33225457	33225534
47984992	47985072
73689786	73689857
156375556	156375626
98362484	98362660
105681673	105681849
99516658	99516834
48031469	48031550
1546655	1546831
111403398	111403468
134236930	134237106
107365738	107365789
34360633	34360809
31413112	31413163
112655181	112655357
97464954	97465130
157198746	157198922
142172263	142172313
128046188	128046260
66290632	66290808
121150461	121150637
108100504	108100680
112186891	112186950
36527511	36527576
157847944	157848042
38262224	38262295
94065469	94065521
30588475	30588651
149983337	149983439
42054338	42054514
6629581	6629673
141485840	141486016
27275118	27275200
29229423	29229599
26331361	26331537
99056831	99057007
27250105	27250173
72217194	72217251
138134439	138134615
105128497	105128673
112754080	112754256
107738310	107738389
117793715	117793891
150730129	150730305
1965047	1965223
69626705	69626881
26409235	26409411
154799802	154799852
103214019	103214195
149757677	149757853
93717168	93717344
74070916	74071092
73808120	73808218
47475506	47475682
64411705	64411881
38836624	38836800
140146382	140146558
105575186	105575256
28136402	28136472
93003769	93003945
54856368	54856544
148704726	148704902
44574257	44574433
147781247	147781423
75574795	75574971
112092652	112092828
132735902	132736078
7635193	7635369
11381089	11381170
24755541	24755717
108093269	108093445
112120528	112120704
39493451	39493627
100423695	100423871
96774491	96774667
116468454	116468630
44258000	44258176
23978658	23978834
135347065	135347241
140346962	140347138
5179735	5179911
100005290	100005466
33149163	33149250
157179944	157180120
134238822	134238998
98470058	98470234
144088942	144089118
35470285	35470461
29788020	29788196
151689586	151689678
100186169	100186345
28133348	28133524
151108857	151109033
151048212	151048388
23752106	23752282
128101561	128101645
95353008	95353184
113350447	113350623
30452725	30452901
105690579	105690755
144733825	144734001
44854675	44854851
38370574	38370750
105405641	105405817
36358744	36358920
28118001	28118177
112051346	112051522
128021284	128021460
24934660	24934710
87974657	87974833
100878426	100878602
118816177	118816353
128482142	128482318
87427247	87427423
2607368	2607544
1216757	1216933
158622190	158622254
115981683	115981859
24852028	24852204
135388955	135389131
75590655	75590831
64912176	64912261
150053606	150053782
116624998	116625174
116652810	116652986
1037074	1037250
39831665	39831729
106209561	106209737
8458383	8458559
128114482	128114554
80886423	80886599
24762658	24762834
25894637	25894813
154586892	154587068
42871356	42871532
150753864	150754040
120748069	120748245
115778374	115778550
104624570	104624746
104284153	104284329
73062147	73062323
23694232	23694408
158766274	158766450
23902935	23903111
106102945	106103121
92047419	92047481
128313101	128313277
149296093	149296269
117633570	117633746
143534439	143534615
44627796	44627972
139024905	139025081
36171734	36171910
89927564	89927740
92509599	92509775
133119101	133119277
8405224	8405400
158622678	158622854
77625131	77625307
73809048	73809129
115890116	115890292
33935004	33935180
5867560	5867610
121007080	121007256
6146151	6146327
132824279	132824455
140000313	140000489
129252685	129252861
157218161	157218337
142681012	142681188
128560612	128560788
157043378	157043554
68532484	68532660
137687158	137687334
86777781	86777957
77280979	77281155
115876208	115876261
4779263	4779439
120365552	120365728
29628894	29629070
50700710	50700886
37007024	37007200
111284776	111284826
127229012	127229188
18705837	18706013
154624386	154624562
20874383	20874559
7702294	7702470
45911832	45912008
63643596	63643772
150700731	150700907
139685077	139685253
89782084	89782167
142023567	142023743
139526968	139527144
81673951	81674127
35077569	35077745
143018925	143019101
106810244	106810420
150784547	150784723
73115866	73116042
8075644	8075820
134409475	134409651
127154682	127154858
36061003	36061179
156620392	156620568
157267386	157267562
29855155	29855331
40174463	40174639
142193438	142193614
131936832	131937008
117836019	117836195
22589978	22590154
148959133	148959309
77068971	77069147
77855471	77855647
4889197	4889373
137928253	137928429
26118607	26118783
150451341	150451517
118838087	118838263
10748208	10748384
41744806	41744982
16471857	16472033
73579391	73579567
102105391	102105567
129464777	129464953
30324503	30324679
132615750	132615926
142246217	142246393
136559284	136559460
133882242	133882418
38389604	38389780
14731353	14731529
151216246	151216422
108301016	108301192
148553483	148553659
32246787	32246838
129917952	129918128
142240489	142240665
74493544	74493656
127650553	127650729
102692064	102692240
95500494	95500670
47272725	47272901
12498253	12498429
51496031	51496207
106647854	106648030
141454842	141455018
31483075	31483251
150054977	150055153
155867752	155867928
20369364	20369540
72993076	72993252
139239133	139239309
85379820	85379996
41736118	41736294
75944850	75945026
129434828	129435004
23111798	23111974
20212466	20212642
45620299	45620475
17720586	17720762
99869871	99870047
91808278	91808454
155336278	155336454
149103798	149103974
71626657	71626833
131798649	131798825
139254879	139255055
112055049	112055225
8257177	8257353
158200734	158200910
99815703	99815879
149007409	149007585
73959631	73959807
50198843	50199019
77711304	77711480
102715363	102715539
145545889	145546065
24705409	24705585
142508922	142509098
101514179	101514355
95025439	95025615
33283037	33283213
142622619	142622795
124956647	124956823
142334043	142334219
44325779	44325955
45961869	45962045
117355958	117356134
43982658	43982834
75623785	75623961
84652489	84652665
158235761	158235937
69397116	69397292
4266156	4266332
143589847	143590023
2800324	2800500
150757024	150757200
92053985	92054161
3105415	3105591
28101863	28102039
134530338	134530514
127238443	127238619
100167061	100167237
134628650	134628826
44254056	44254232
77763728	77763904
2471231	2471407
37771887	37772063
133538653	133538829
3240213	3240389
12476874	12477050
142186661	142186837
143077333	143077509
29146081	29146257
90084851	90085027
92033733	92033909
138411143	138411319
73007682	73007858
5638513	5638689
99013242	99013418
32944826	32945002
157021659	157021835
12714587	12714763
32250413	32250589
123437985	123438161
151843182	151843358
152530579	152530755
154376435	154376611
73864363	73864539
25019718	25019894
98384538	98384714
104976466	104976642
99527202	99527378
150574268	150574444
18392045	18392221
28961497	28961673
142148319	142148495
107749848	107750024
132892542	132892718
74282594	74282770
149427494	149427670
131934557	131934733
30549830	30550006
151267524	151267700
151402784	151402960
39991197	39991373
148906774	148906950
127660327	127660503
12283859	12284035
128116777	128116953
101499782	101499958
25430980	25431156
154201143	154201319
32953923	32954099
44283993	44284169
32931276	32931452
1126641	1126817
152408401	152408577
97601626	97601802
100933791	100933906
65987659	65987835
7581105	7581281
137782215	137782391
100860764	100860814
158288657	158288833
107024565	107024741
128306349	128306525
99200898	99201074
121078513	121078689
23224691	23224867
77565457	77565633
100210854	100211030
27190510	27190686
97921129	97921305
129112282	129112458
29879037	29879213
154482210	154482386
65196504	65196680
28336631	28336807
107220938	107221114
140391284	140391460
93180491	93180667
91459435	91459611
231146	231322
26726125	26726301
137501620	137501796
33147057	33147233
90712297	90712473
93251423	93251599
25219518	25219694
65606032	65606208
138330132	138330308
45186475	45186651
154568887	154569063
150115038	150115214
83605661	83605837
84650512	84650688
158614355	158614531
73617610	73617786
101054593	101054769
154861768	154861944
30934720	30934896
6566185	6566361
40369264	40369440
48194472	48194648
104585531	104585707
7004774	7004950
117039997	117040173
105283972	105284148
92462360	92462536
103913336	103913512
100202443	100202505
77302516	77302692
73998916	73999092
44837049	44837225
150086073	150086249
134639020	134639196
116176627	116176803
150942614	150942790
103746666	103746842
66359951	66360016
76243218	76243394
105819257	105819433
119575628	119575804
111495405	111495581
158823579	158823755
50764502	50764678
151561208	151561384
26438972	26439148
134853931	134854107
124700031	124700207
8317137	8317313
6066198	6066374
113666673	113666849
117390764	117390940
20382919	20383095
154485478	154485654
158621795	158621971
99474240	99474416
152133806	152133982
45118099	45118275
121036380	121036556
158380361	158380537
90042288	90042464
98429377	98429553
115807308	115807484
22900447	22900623
4885594	4885770
45447492	45447668
87516266	87516442
140361042	140361218
3202010	3202186
73598123	73598299
131734566	131734742
11467412	11467588
124496405	124496581
37392576	37392752
42016803	42016979
106808163	106808339
158611183	158611359
4519129	4519305
87135670	87135846
150573923	150574099
150901614	150901790
32676459	32676635
38407829	38408005
11383551	11383727
37549758	37549934
44347027	44347203
86444437	86444613
128526454	128526630
148769004	148769180
135330183	135330359
72385698	72385874
27703355	27703531
154744824	154745000
128500206	128500382
130021633	130021809
26540487	26540663
158678426	158678602
107657271	107657447
73267048	73267224
4831802	4831978
140207810	140207986
151560564	151560740
138333719	138333895
51135471	51135647
69971620	69971796
30266546	30266722
120622405	120622581
47932858	47933034
30212765	30212941
151442529	151442705
157259634	157259810
120715963	120716139
152091440	152091616
98782559	98782735
129794963	129795139
106499558	106499734
116078410	116078586
13218718	13218894
79648603	79648779
54907404	54907580
29142266	29142442
139939452	139939628
91481768	91481944
116164795	116164971
55500997	55501173
106619681	106619857
149015209	149015385
123741333	123741509
151145420	151145596
135395693	135395869
56394965	56395141
127675880	127676056
105631184	105631360
44995497	44995673
86568622	86568798
116443028	116443204
134032365	134032541
155008625	155008801
77089649	77089825
22041124	22041300
73703759	73703817
106300920	106301039
30509843	30510019
23145917	23146093
74124317	74124493
152161192	152161368
129222690	129222866
142273812	142273988
158793662	158793838
51209214	51209390
148844405	148844581
68676886	68677062
135306090	135306266
39850011	39850187
47140528	47140704
158532776	158532952
7561036	7561212
105400768	105400944
132176751	132176927
64348540	64348716
48008548	48008724
158930725	158930901
16931064	16931240
158364999	158365175
82234663	82234839
101459914	101460090
156686204	156686380
22539774	22539950
100074998	100075174
143092420	143092596
463373	463549
154651577	154651753
37274545	37274721
12770997	12771173
12362010	12362186
5436186	5436362
128503619	128503795
117432134	117432310
106584852	106585028
34967677	34967853
107866302	107866478
5569293	5569469
129016418	129016594
1884073	1884249
35841461	35841637
134232176	134232352
65086694	65086744
149321838	149322014
80328460	80328636
142533375	142533551
27417720	27417896
16735347	16735523
97475058	97475234
103630562	103630738
25894265	25894441
19705173	19705349
5517322	5517498
51293111	51293287
12558889	12559065
99650954	99651130
28429124	28429300
148201100	148201276
127049835	127050011
37940974	37941150
12428842	12429018
146942482	146942658
75831094	75831270
128337771	128337947
134128956	134129132
150436202	150436378
134917588	134917764
20687919	20688095
90225516	90225692
142219095	142219271
102092080	102092256
157401088	157401264
105328481	105328657
131203504	131203680
41042753	41042929
92857649	92857825
3937168	3937344
100674477	100674653
73589226	73589402
147839842	147840018
22893686	22893862
72756679	72756855
38393963	38394139
130380792	130380968
18360708	18360884
25100169	25100345
64090901	64091077
89778867	89779043
7143112	7143288
152274535	152274711
136372546	136372722
64696086	64696262
86543900	86544076
29649479	29649655
104503240	104503416
135025909	135026085
32244115	32244291
100091063	100091239
153769057	153769233
51050472	51050648
27784811	27784987
96694389	96694565
6677406	6677582
150677877	150678053
30102312	30102488
90718781	90718957
29578035	29578211
56101604	56101780
132079148	132079324
32306823	32306999
76012489	76012665
2648689	2648865
95317122	95317298
12529837	12530013
54614564	54614740
157669224	157669400
67408708	67408884
138775636	138775812
106850960	106851136
27701832	27702008
152520529	152520705
40272251	40272427
101958012	101958188
47892371	47892547
44261013	44261189
25989425	25989601
103393551	103393727
2683050	2683226
95760928	95761104
158148320	158148496
27616070	27616246
148683270	148683446
155089058	155089234
29917795	29917971
33847462	33847638
45257130	45257306
50663308	50663484
30017954	30018130
130418525	130418701
66071922	66072098
36124120	36124296
7800972	7801148
142153218	142153394
116426895	116427071
150672090	150672266
6295845	6296021
98868434	98868610
22626531	22626707
65285677	65285853
140426197	140426373
104559131	104559307
101083779	101083955
155949616	155949792
73529727	73529903
135868829	135869005
151569083	151569259
142038545	142038721
99943036	99943212
12725240	12725416
42730742	42730918
55338875	55339051
145449496	145449672
34173900	34174076
84544013	84544189
94139242	94139418
7693341	7693517
140962017	140962193
150075334	150075510
44471035	44471211
25760065	25760241
7222387	7222563
142255784	142255960
27881828	27882004
124210	124386
30101551	30101727
73043688	73043864
140345034	140345210
75887440	75887616
124405968	124406144
99577541	99577639
99435699	99435875
44196960	44197136
135874436	135874612
128512640	128512816
90258724	90258900
128702926	128703102
1183863	1184039
149401030	149401206
100378979	100379155
54732141	54732317
139243071	139243247
15344732	15344908
100271291	100271467
65888821	65888997
110082473	110082649
150657443	150657619
124637019	124637195
158439995	158440171
89891865	89892041
66370761	66370937
149053003	149053179
16958011	16958187
43739650	43739826
30830817	30830993
29963700	29963876
27814443	27814619
139025940	139026116
84816122	84816298
2404547	2404723
151323637	151323813
2565736	2565912
95315511	95315687
1084484	1084660
135046678	135046854
91506148	91506324
37893202	37893378
149919275	149919451
130103817	130103993
106873810	106873986
106619156	106619332
144424038	144424214
64085593	64085769
13156878	13157054
16460620	16460796
126248467	126248643
158526549	158526725
32386969	32387145
1479394	1479570
12726362	12726538
12564532	12564708
75760003	75760179
115763127	115763303
22768150	22768326
876169	876345
139475697	139475873
22700460	22700636
148381469	148381645
80548555	80548731
125311097	125311273
130907032	130907208
1747804	1747980
72734131	72734307
103254894	103255070
6978065	6978241
86227742	86227918
113338775	113338951
92804641	92804817
6199907	6200083
94972266	94972442
150657115	150657291
35633630	35633806
158575569	158575745
150888719	150888895
113044410	113044586
138818375	138818551
38385273	38385449
48179068	48179244
55433540	55433716
21340384	21340560
30436116	30436292
2139131	2139307
104681722	104681898
34799263	34799439
129408973	129409149
1633247	1633423
112389944	112390120
26547404	26547580
91053794	91053970
116767701	116767877
134671408	134671584
101201991	101202167
43839298	43839474
154997261	154997437
106845919	106846095
23316048	23316224
93090764	93090940
25935075	25935251
18214557	18214733
139122614	139122790
36324177	36324353
147244474	147244650
158656578	158656754
156327707	156327883
150521507	150521683
19091513	19091689
150454034	150454210
75620417	75620593
132394801	132394977
135789036	135789212
66119158	66119334
93930369	93930545
73241211	73241387
13319580	13319756
76009212	76009388
93925173	93925349
95867970	95868146
51422736	51422912
156296001	156296177
2360642	2360818
91413844	91414020
135421838	135422014
143026664	143026840
75279412	75279588
33090444	33090620
48464478	48464654
89252464	89252640
128803849	128804025
10771089	10771265
44678924	44679100
45431752	45431928
138794178	138794354
94078563	94078739
92722158	92722334
151630402	151630578
78140000	78140176
44240542	44240718
129010758	129010934
148232524	148232700
158021779	158021955
112156156	112156332
157532458	157532634
50182031	50182207
121733094	121733270
30114160	30114336
155165295	155165471
65495972	65496148
138571288	138571464
120581192	120581368
47484392	47484568
91677807	91677983
98923552	98923728
84120180	84120356
12723372	12723548
139314242	139314418
142135148	142135324
152653224	152653400
15055806	15055982
1416818	1416994
28966728	28966904
4601518	4601694
22772458	22772634
131438477	131438653
131012419	131012595
149504356	149504532
140683666	140683842
44125206	44125382
158645785	158645961
150652961	150653137
117099192	117099368
3762289	3762465
106718725	106718901
18255165	18255341
101268523	101268699
43111416	43111592
132440726	132440902
134440298	134440474
29986559	29986735
101723938	101724114
6865898	6866074
24861072	24861248
152819423	152819599
70050178	70050354
72842889	72843065
100231581	100231757
95348247	95348423
140623983	140624159
117309984	117310160
38403122	38403298
36513499	36513675
65816270	65816446
558877	559053
133029144	133029320
105995413	105995589
110969818	110969994
103797322	103797498
23053891	23054067
104653009	104653185
151433730	151433906
137139028	137139204
6470089	6470265
110230660	110230836
90917208	90917384
147983357	147983533
134371709	134371885
23560277	23560453
4603465	4603641
106532413	106532589
134331527	134331703
96225560	96225736
154551797	154551973
142636760	142636936
150624799	150624975
106771036	106771212
92807629	92807805
47337736	47337912
158183951	158184127
105172487	105172663
99379971	99380147
45039142	45039318
154824795	154824971
86579724	86579900
148846300	148846476
129234990	129235166
9131025	9131201
91875431	91875607
4721823	4721999
35764903	35765079
5497227	5497403
31099276	31099452
110729972	110730148
1994326	1994502
19794248	19794424
14029274	14029450
29279376	29279552
10452150	10452326
157017414	157017590
86643188	86643364
73305556	73305732
75508255	75508431
158318877	158319053
138812540	138812716
16154360	16154536
38145569	38145745
158553802	158553978
143760911	143761087
7221894	7222070
32467382	32467558
99045662	99045838
5632428	5632604
24615886	24616062
100054289	100054465
132185632	132185808
158497675	158497851
156337868	156338044
129168691	129168867
1598221	1598397
106012125	106012301
30741931	30742107
142146069	142146245
139967703	139967879
88341	88517
155238749	155238925
20198438	20198614
28666360	28666536
136854022	136854198
87872668	87872844
1004638	1004814
140175692	140175868
44178544	44178720
27219436	27219612
34715491	34715667
123322830	123323006
68868264	68868440
51377545	51377721
107744008	107744184
119122381	119122557
106853720	106853896
129572675	129572851
54841559	54841735
134199422	134199598
135482045	135482221
152569496	152569672
25429213	25429389
94285434	94285610
133427606	133427782
3522131	3522307
29894205	29894381
36054508	36054684
89874332	89874508
142211148	142211324
127839926	127840102
87740801	87740977
142953504	142953680
151722915	151723091
29153558	29153734
916159	916335
149516415	149516591
155517310	155517486
138729298	138729474
68047234	68047410
104781656	104781832
157553263	157553439
20022562	20022738
105029729	105029905
95424338	95424514
19787486	19787662
142606816	142606992
3962020	3962196
37531580	37531756
85183675	85183851
121634699	121634875
105172882	105173058
99971569	99971745
130794745	130794921
20578921	20579097
143106017	143106193
83285391	83285567
138145666	138145842
150102306	150102482
28400500	28400676
79689645	79689821
100253931	100254107
45614204	45614380
103800957	103801133
132202965	132203141
149157689	149157865
129169594	129169770
106377781	106377957
44149056	44149232
16840823	16840999
44187191	44187367
43518727	43518903
85519674	85519850
3735355	3735531
21467625	21467801
4681717	4681893
149547410	149547586
15760614	15760790
156308916	156309092
117993057	117993233
54909514	54909690
28338608	28338784
150655763	150655939
132959865	132960041
65305527	65305703
75948129	75948305
100389657	100389833
141853296	141853472
4672681	4672857
128434196	128434372
155149502	155149678
75244407	75244583
34940540	34940716
129404470	129404646
158568236	158568412
100143430	100143606
143724288	143724464
144552062	144552238
156263261	156263437
104654033	104654209
98634518	98634694
122527422	122527598
55834	56010
13316739	13316915
72850582	72850758
41751412	41751588
50250202	50250378
127099488	127099664
105378710	105378886
32731624	32731800
92157106	92157282
140295508	140295684
23510349	23510525
137290921	137291097
101468653	101468829
65445955	65446131
92219694	92219870
88388738	88388914
105015034	105015210
40644543	40644719
5595003	5595179
155364411	155364587
47432176	47432352
50656616	50656792
148725420	148725596
154916971	154917147
155198149	155198325
132341716	132341892
138519953	138520129
76142354	76142530
89744383	89744559
31822153	31822329
81112031	81112207
132532870	132533046
129794041	129794217
92861083	92861259
78927590	78927766
12536539	12536715
110953149	110953325
36011067	36011243
105696073	105696249
25022665	25022841
98836286	98836462
30722262	30722438
140098208	140098384
84660237	84660413
105162724	105162900
128472714	128472890
99689470	99689646
103065728	103065904
153379841	153380017
139415664	139415840
2595508	2595684
113414353	113414529
77619296	77619472
132188308	132188484
143052641	143052817
101448415	101448591
157507787	157507963
122172825	122173001
96407667	96407843
65842837	65843013
100814882	100815058
148444445	148444621
159088924	159089100
126540138	126540314
156382609	156382785
32825005	32825181
65958795	65958971
73778530	73778706
133675789	133675965
26893523	26893699
26900081	26900257
127036287	127036463
157926228	157926404
33374111	33374287
104776878	104777054
99642446	99642622
141437925	141438101
6463936	6464112
129592113	129592289
102120493	102120669
14757444	14757620
142659395	142659571
148694685	148694861
121859372	121859548
157657170	157657346
36343771	36343947
67528259	67528435
67084270	67084446
140599723	140599899
127962211	127962387
45192954	45193130
24921363	24921539
128500611	128500787
72732908	72733084
38451154	38451330
41932055	41932231
131689279	131689455
42168413	42168589
151329150	151329326
71799156	71799332
26660112	26660288
94287865	94288041
105070872	105071048
118510380	118510556
31376242	31376418
43335939	43336115
149493465	149493641
561989	562165
156561516	156561692
99814901	99815077
108129608	108129784
99797790	99797966
55665675	55665851
72847995	72848171
2424139	2424315
143598862	143599038
27960919	27961095
100130393	100130569
92320936	92321112
157622244	157622420
22541076	22541252
131241162	131241338
18650059	18650235
127048084	127048260
5905005	5905181
149569928	149570104
