31648563	31648794
15691543	15691833
35265420	35265659
3732839	3733060
37178273	37178492
31514474	31514701
154996809	154997047
32086661	32086891
35310064	35310296
34122578	34122806
41747687	41747922
147178661	147178898
29815898	29816119
43111280	43111521
42515376	42515597
136547428	136547638
53036723	53036980
161791914	161792131
30646818	30647054
1604656	1604874
36986006	36986226
31566415	31566635
42012004	42012230
44443511	44443726
30796319	30796550
73121995	73122224
149753184	149753413
37659850	37660074
36733999	36734228
35704137	35704340
91189087	91189327
147827836	147828059
32806519	32806735
42134249	42134467
158641980	158642200
166689238	166689479
32952647	32952857
43737276	43737490
44046961	44047169
39277784	39277999
26341897	26342141
39271018	39271239
31334737	31334940
39134262	39134500
34216888	34217116
33216105	33216339
36997126	36997357
47277663	47277897
158493252	158493458
138026547	138026743
31737626	31737836
20292003	20292221
41743709	41743917
159595386	159595591
164377737	164377940
41649958	41650175
44140523	44140735
150401875	150402091
10801556	10801755
3742704	3742908
3126677	3126896
6677140	6677339
35490678	35490894
5215089	5215301
41336718	41336939
44623322	44623540
2932485	2932697
159125305	159125521
168771031	168771239
33739360	33739584
31763662	31763938
44306343	44306541
170838997	170839189
2989281	2989506
42694401	42694602
37452044	37452252
37019324	37019544
41559797	41560004
166814359	166814568
16128955	16129239
30845558	30845766
30364710	30364929
170190295	170190518
3279864	3280105
34164090	34164312
40995780	40995997
47755870	47756077
2634765	2634975
157505454	157505669
36591290	36591496
144334640	144334829
104973671	104973868
108863289	108863490
150247394	150247602
16277589	16277809
188875	189093
10510846	10511030
18504299	18504489
33393739	33393937
43474518	43474722
47065187	47065382
161794987	161795182
31697202	31697428
30449933	30450140
14211421	14211659
33557517	33557712
43231293	43231495
158294850	158295052
16206872	16207052
41286639	41286859
37759311	37759529
43635051	43635256
151645442	151645643
13909204	13909398
109509106	109509303
25992772	25992997
29705919	29706121
83777206	83777407
44235840	44236038
13336806	13337002
157695780	157696012
42869302	42869503
37282723	37282928
2791520	2791717
50783907	50784097
36727011	36727216
169284792	169285001
5143966	5144142
32055427	32055659
35435942	35436151
35208945	35209140
43097629	43097828
30698693	30698907
170231825	170232019
3933414	3933604
31740704	31740921
90142713	90142925
167188775	167188963
44119648	44119866
29720912	29721121
107996631	107996828
31461638	31461835
160877060	160877255
148880980	148881184
150656360	150656531
159525215	159525410
6547365	6547565
36989541	36989726
31409463	31409669
34131681	34131861
111580264	111580482
3251773	3251964
35107769	35107945
26066237	26066421
34427775	34427955
137114181	137114383
44201951	44202153
29557310	29557488
41651385	41651595
42043342	42043542
160940982	160941179
30070933	30071115
43919045	43919279
34577426	34577593
4156205	4156390
36328338	36328540
28984563	28984774
73839706	73839906
35172918	35173103
33553506	33553703
2738720	2738904
41570886	41571076
143896597	143896767
57181377	57181568
166519668	166519847
7276252	7276441
131949421	131949613
36063035	36063227
165341123	165341316
33247820	33248108
46816764	46816962
30690474	30690659
33995474	33995682
156885613	156885812
17815649	17815849
70876345	70876535
10404291	10404493
37293583	37293799
14144926	14145125
33091603	33091774
31164822	31165042
69488615	69488784
35995218	35995430
37534181	37534388
43464470	43464669
14129862	14130055
109103562	109103760
110026475	110026670
26596062	26596269
32381314	32381501
32212792	32212989
33819765	33819961
105131029	105131209
31519225	31519409
33730055	33730257
36091704	36091889
31160381	31160570
43422328	43422523
71079140	71079322
167555753	167555939
41754229	41754428
53275553	53275740
114180174	114180381
126277820	126278111
73290166	73290334
169295202	169295401
35417252	35417430
43691656	43691849
5030966	5031149
151335577	151335759
25071086	25071272
166726837	166727033
126179957	126180137
134245195	134245363
5057433	5057626
1382119	1382322
44030625	44030808
161413897	161414068
159139609	159139777
150045069	150045254
134237780	134237969
137397761	137397954
161171325	161171496
105389360	105389573
27740318	27740500
136965386	136965570
125635358	125635529
148899403	148899588
75918739	75918933
11575860	11576021
127442618	127442814
36692471	36692647
149403491	149403646
138029118	138029291
26607695	26607872
39070140	39070335
33679527	33679723
47381829	47381987
52528547	52528703
16332439	16332617
6697218	6697397
30098880	30099046
143748438	143748621
41335516	41335698
11655896	11656061
138188181	138188377
41814640	41814800
32383309	32383495
3991146	3991339
150155765	150155936
52926588	52926798
112484618	112484802
135505079	135505255
36390983	36391191
35705400	35705554
37140030	37140220
21589559	21589742
45682575	45682737
18596582	18596745
53349531	53349691
32122419	32122629
84221614	84221796
99293728	99293925
36648288	36648484
52264676	52264837
11144686	11144864
112318421	112318596
1397305	1397495
134495180	134495346
143014096	143014279
150716654	150716830
39329873	39330066
166298437	166298623
156983169	156983363
38965000	38965183
107318914	107319089
151656051	151656218
145955233	145955392
30509319	30509495
13795418	13795591
131206620	131206776
112364951	112365147
90996724	90996885
130342271	130342446
157735850	157736016
13574372	13574566
36819005	36819157
24856337	24856503
158088300	158088456
155249589	155249762
36583047	36583202
34954645	34954821
158635306	158635467
135203689	135203863
28323997	28324159
15491700	15491883
150161822	150161988
110360716	110360895
8983487	8983663
44042372	44042555
106532637	106532828
38839882	38840036
7239109	7239298
34495022	34495209
7615814	7615967
85132189	85132370
135144149	135144342
41431150	41431324
33668323	33668502
159214553	159214698
42844903	42845071
31685405	31685580
154936855	154937061
88639613	88639775
163602304	163602498
5379989	5380162
41904115	41904290
142468119	142468284
27156718	27156897
33712266	33712450
33140521	33140682
160030119	160030289
82463673	82463862
149886791	149886963
16965209	16965383
137635517	137635692
3209431	3209600
126317236	126317399
39315714	39315883
91207262	91207421
17804523	17804680
142859135	142859298
170826207	170826369
29040006	29040172
159555875	159556019
120063445	120063619
26493631	26493783
151996959	151997132
111963865	111964036
37175893	37176054
138910043	138910213
42629404	42629578
151213146	151213308
31105304	31105480
26569445	26569628
134499721	134499882
51824657	51824823
38461834	38461983
125474763	125474948
35262226	35262391
138322996	138323149
151149404	151149556
71665726	71665885
44064547	44064711
28652080	28652243
31548683	31548881
32836083	32836231
111003667	111003815
130096394	130096561
27655295	27655481
35551703	35551864
161089037	161089199
42931673	42931829
26097628	26097772
138121222	138121380
12289673	12289840
29981243	29981372
69282537	69282716
37027096	37027281
91103118	91103279
49998765	49998927
44189379	44189547
136638269	136638411
53590732	53590883
30206329	30206487
134418363	134418513
159463724	159463868
33736429	33736619
17156462	17156598
108496759	108496942
45890619	45890782
161154204	161154337
44598270	44598439
3748619	3748773
161774431	161774609
138430651	138430799
107639450	107639611
1596590	1596780
133284233	133284398
3411240	3411399
168168100	168168267
31055406	31055576
34360565	34360749
74385321	74385462
134385087	134385244
2354231	2354371
88101164	88101310
31367429	31367612
109156546	109156705
19852198	19852327
25279181	25279339
26003415	26003580
36107295	36107475
134478037	134478172
16169257	16169397
150186189	150186328
33129320	33129486
17584481	17584632
113201153	113201331
35725356	35725498
151139069	151139216
33359087	33359252
30421440	30421744
14067121	14067272
139540443	139540606
166264033	166264189
56224152	56224299
31047665	31047813
14046783	14046968
108371182	108371310
160955341	160955490
168420411	168420576
6724869	6725038
119121768	119121923
157882747	157882916
24525159	24525304
169357082	169357247
35114285	35114431
53302492	53302633
143600647	143600800
158368317	158368467
31831734	31831873
52281458	52281606
139309422	139309576
15441602	15441744
97634408	97634556
74098516	74098683
119432018	119432159
7243817	7243969
141884073	141884222
41703292	41703461
43824013	43824169
36164145	36164344
44424093	44424257
25223821	25223970
36270358	36270523
49574940	49575065
30187056	30187211
5471315	5471465
85677225	85677374
71594161	71594315
149364708	149364874
160559356	160559510
27577175	27577305
87646854	87647036
37506017	37506173
122702789	122702913
8131620	8131760
64308573	64308727
83765205	83765334
142528650	142528814
83767554	83767690
149410784	149410942
148785991	148786121
28739560	28739726
28510424	28510601
143658828	143658980
137248580	137248725
147021341	147021459
6675222	6675366
85836727	85836883
84224709	84224848
52589349	52589503
29670395	29670542
37980512	37980636
108169522	108169695
161522693	161522832
43741161	43741321
80423520	80423653
83924979	83925129
158553083	158553226
137113553	137113754
16410031	16410165
43037863	43037983
74442927	74443048
41869994	41870151
2912042	2912197
90650291	90650430
10429966	10430084
28985016	28985149
24581412	24581533
86192916	86193067
47015424	47015552
86033280	86033394
134242505	134242663
28654336	28654462
41673733	41673892
159291040	159291218
138266180	138266309
6495052	6495200
16286418	16286569
24583774	24583885
160284437	160284555
127741700	127741840
43726332	43726485
143834619	143834772
32764894	32765016
43576141	43576279
45898295	45898428
158177812	158177969
32821857	32821983
100270722	100270842
168756713	168756877
108301634	108301761
56457816	56457953
109557702	109557832
142310525	142310647
133089195	133089340
43969137	43969276
32915704	32915819
27720135	27720257
20404923	20405040
159081399	159081518
69053946	69054078
106283360	106283503
119469827	119469951
122851727	122851851
45387308	45387482
97842132	97842266
42182626	42182747
49377761	49377888
139690751	139690887
87776279	87776427
44232698	44232836
138437149	138437284
31010621	31010758
90081918	90082026
38970975	38971103
26521962	26522118
4848980	4849120
118940067	118940183
32901497	32901606
86064885	86065022
126080346	126080500
28956357	28956503
100316058	100316182
6557305	6557450
34023143	34023291
6788758	6788883
167364990	167365118
52859997	52860127
3457361	3457523
33267544	33267662
36986520	36986631
43742590	43742739
52099120	52099244
129919545	129919617
30464516	30464660
130643943	130644076
123190699	123190830
161574056	161574205
69471337	69471452
13229436	13229573
13874082	13874244
42866726	42866877
6759543	6759663
37349387	37349513
39269493	39269646
15390633	15390802
27219587	27219762
32968000	32968089
71722684	71722794
85138155	85138291
34383167	34383276
797631	797748
107014517	107014647
29596504	29596616
27760210	27760359
29802735	29802860
153185148	153185250
26572931	26573078
7255227	7255393
139694377	139694628
80487838	80487968
167764996	167765126
117799701	117799816
13195231	13195369
5004339	5004435
11496574	11496682
30565248	30565349
3157812	3157983
132244637	132244755
84930651	84930754
134962223	134962335
106783030	106783130
132016140	132016231
40276543	40276688
161815037	161815106
161839555	161839665
43139097	43139234
20056751	20056863
36308855	36308983
2846681	2846798
69348304	69348432
153269437	153269558
30883404	30883525
154822127	154822238
32753801	32753906
100449925	100450045
135827570	135827658
28737681	28737798
29404619	29404752
107349266	107349402
117926516	117926605
80254864	80255028
31364858	31364909
99968783	99968938
46387418	46387527
28948962	28949138
40880221	40880325
6316013	6316102
100927452	100927562
144261303	144261403
39860432	39860549
31920223	31920324
16771320	16771421
88506367	88506477
36669450	36669569
41392338	41392453
24667268	24667427
132231248	132231343
39833233	39833335
31036756	31036871
140317711	140317832
85725258	85725371
46378220	46378321
80924292	80924395
159531148	159531248
37673344	37673455
43921581	43921714
110499872	110499970
10478811	10478911
99287760	99287881
112364370	112364464
12638392	12638508
13332160	13332255
158018833	158018966
136871653	136871781
20127140	20127228
16129640	16129801
142888118	142888200
75914066	75914181
130051779	130051868
150255448	150255554
135760199	135760267
127786149	127786275
84594325	84594416
44067930	44068039
28805257	28805349
4211021	4211114
150238550	150238633
154475694	154475777
10466023	10466123
35923889	35924003
166744270	166744384
49891681	49891786
28499653	28499759
151136401	151136475
153345664	153345757
130073124	130073178
31038571	31038671
168461273	168461414
30712093	30712226
150392413	150392506
97663067	97663174
112031243	112031342
153219075	153219166
46057994	46058086
29673567	29673672
116882746	116882811
139446173	139446259
31869874	31869993
12606138	12606238
150219567	150219688
139685664	139685751
155648769	155648882
18121929	18122072
25890813	25890913
7339495	7339619
122813175	122813262
30379357	30379435
148744	148928
50759758	50759847
593289	593391
137962765	137962865
150739389	150739565
143144180	143144252
38997389	38997447
89490638	89490732
168595154	168595280
26175783	26175874
56769518	56769616
33165363	33165461
138328221	138328299
143554154	143554212
722125	722198
146864591	146864721
39345401	39345495
164527637	164527771
155495968	155496072
142433732	142433821
99782584	99782672
25602753	25602803
100555502	100555578
159421230	159421314
81048091	81048164
32016079	32016171
32202820	32202929
32659949	32660049
89309436	89309534
26389660	26389743
105851006	105851150
105535627	105535677
135466256	135466328
33600418	33600506
168299507	168299586
43254918	43255032
1524344	1524464
44205790	44205897
113101861	113101941
80523692	80523868
11172823	11172999
137289474	137289524
56820031	56820215
42977019	42977120
163975823	163975999
67776497	67776588
14711414	14711515
40862802	40862901
11044738	11044865
119450683	119450757
105932730	105932823
44398970	44399146
56820794	56820889
109235582	109235699
42231153	42231268
28101931	28101990
155473539	155473608
132601050	132601140
142796023	142796107
31856670	31856721
135997169	135997259
170097359	170097452
37605688	37605752
27046801	27046874
35520245	35520307
76644766	76644873
43785094	43785174
30137951	30138001
161558483	161558581
34528751	34528820
31890871	31890941
27094935	27095111
38639794	38639858
137592856	137592957
16331646	16331822
90021553	90021631
147223665	147223841
90078004	90078056
26064880	26064970
41007147	41007323
109504461	109504554
107435573	107435684
53409489	53409631
7143960	7144035
80579423	80579521
116608946	116609122
25942918	25942991
108848052	108848142
32668416	32668514
30325512	30325585
3239802	3239874
159026458	159026530
15642644	15642820
106787372	106787460
129896589	129896674
138912175	138912237
4727999	4728067
33313168	33313251
31459803	31459979
3372585	3372672
74449010	74449092
159393487	159393663
41302537	41302713
121722115	121722167
123052131	123052189
149067861	149067915
89692563	89692613
39197376	39197463
137415627	137415734
167403261	167403333
80382436	80382612
136231040	136231113
124123835	124123938
34214407	34214583
6712914	6712975
168518797	168518866
42134574	42134666
130257834	130257899
156681194	156681260
2449150	2449240
31620706	31620882
12151174	12151350
150338163	150338251
42712495	42712562
25490449	25490526
2750324	2750500
116589851	116589929
34482456	34482530
118730192	118730288
7723391	7723478
36841479	36841655
167200354	167200429
159112529	159112581
170884412	170884588
110849367	110849543
76641878	76642054
44225322	44225430
157460609	157460681
7899386	7899483
136929477	136929532
155054411	155054587
37138567	37138666
116853328	116853378
112043009	112043100
161561163	161561238
108434801	108434899
168227375	168227473
43806141	43806246
8219696	8219872
144263429	144263505
217155	217331
153552273	153552449
7814066	7814242
52151722	52151898
126354939	126354997
150472432	150472482
125191927	125191979
149350123	149350205
165462986	165463162
148128063	148128119
70930793	70930969
166795408	166795489
53016570	53016746
3511790	3511874
42198141	42198219
69678088	69678165
42499923	42499977
69023975	69024037
166511480	166511656
27863383	27863559
99778069	99778245
36750665	36750841
134158995	134159171
169821146	169821322
26026596	26026772
73890900	73890950
132851632	132851808
15337939	15338115
40813492	40813575
24992240	24992332
35295320	35295496
99567387	99567563
52272348	52272408
31759190	31759366
25556752	25556928
139137333	139137387
100194339	100194389
2952841	2952996
686651	686827
80280652	80280713
118151207	118151274
32982650	32982826
33050586	33050762
161919598	161919774
133144206	133144382
155189373	155189433
25788956	25789028
5422668	5422844
137487275	137487451
47748639	47748699
2988810	2988864
114200833	114200899
64474334	64474510
125117165	125117232
148466164	148466340
15623891	15623963
52128606	52128782
13847104	13847280
143913554	143913730
34035778	34035832
14464482	14464658
84127720	84127896
121376891	121376947
913245	913295
111682979	111683155
52516934	52517110
56756688	56756864
90319888	90320064
20092363	20092539
44437665	44437715
162169926	162170102
116332058	116332234
42228758	42228934
33459972	33460148
84245863	84246039
18824121	18824297
25266020	25266196
119056585	119056761
144537465	144537536
11242023	11242199
41246822	41246998
25018319	25018495
40792143	40792319
144426116	144426292
110374924	110375100
33935855	33936031
140373981	140374157
28832017	28832193
87986960	87987136
10954859	10955035
28072514	28072568
32134652	32134828
111271030	111271120
118605050	118605226
56234932	56235108
42007380	42007556
144906468	144906644
154477265	154477441
107453678	107453854
11700499	11700675
30640838	30641014
17702241	17702291
149347726	149347902
68906630	68906806
27759970	27760055
45345888	45345943
90680438	90680614
140762526	140762702
138261095	138261271
40296512	40296688
135772927	135772977
75940333	75940509
106671285	106671461
37453068	37453244
39157820	39157996
37271797	37271973
30451568	30451744
24521257	24521433
157702696	157702872
33115935	33116111
52463182	52463240
158626388	158626564
7994325	7994501
44272588	44272764
140248555	140248731
106808353	106808424
112658475	112658651
15512498	15512674
149269120	149269296
32162892	32163068
7425314	7425490
74290040	74290216
164076363	164076539
32793753	32793929
24431371	24431547
76077884	76078060
8006577	8006753
67636070	67636246
106534151	106534327
137910710	137910760
31410398	31410574
1437030	1437206
39948901	39949077
11766440	11766616
164530897	164531073
138325680	138325856
147728819	147728995
135857158	135857334
29653627	29653803
159638646	159638822
146025466	146025548
32853588	32853764
108571779	108571955
17908094	17908270
38941067	38941243
163591412	163591588
71396330	71396506
787058	787234
30881849	30881987
99217529	99217705
17086695	17086871
118902074	118902250
41769256	41769432
41274103	41274279
169726652	169726710
120287777	120287838
15275023	15275199
3196212	3196388
33640672	33640848
71019881	71020057
125632395	125632450
131840818	131840994
86632769	86632945
108437107	108437161
71416320	71416496
27129764	27129940
34205844	34206020
131855424	131855504
119215140	119215316
41034663	41034839
148435	148611
150740263	150740439
74320363	74320417
160075651	160075827
134138691	134138867
131781175	131781351
36773827	36774003
170831988	170832164
35383076	35383252
2209568	2209744
38741240	38741416
136868582	136868758
132805370	132805546
44462038	44462214
157756052	157756228
146362520	146362696
119558538	119558714
15254290	15254466
39330359	39330535
15464618	15464794
123701558	123701734
109394642	109394818
42277584	42277760
89991610	89991786
154691758	154691934
87788833	87789009
46189008	46189184
3849517	3849604
134432339	134432515
151727298	151727474
39060064	39060240
87849070	87849246
116418322	116418405
106892896	106893072
29944357	29944533
82715949	82716125
43197144	43197320
139013455	139013631
15327593	15327769
116217797	116217973
160263178	160263354
135262111	135262180
49499944	49500120
10415391	10415567
76236313	76236489
132236401	132236577
53357827	53358003
84994222	84994398
143348299	143348475
42071961	42072137
125435445	125435621
158402694	158402836
30512540	30512716
32222988	32223164
109848302	109848478
133036469	133036645
39056220	39056396
161354381	161354557
168368890	168369066
158564817	158564993
131193488	131193664
152623193	152623369
100564695	100564758
42051907	42052083
168533652	168533828
28351441	28351617
12234364	12234540
14281081	14281257
106241114	106241290
133890097	133890273
227364	227540
41149932	41150108
161773048	161773224
24205264	24205440
38538634	38538810
27763752	27763928
133151473	133151649
97345718	97345894
80658951	80659127
157197524	157197700
53516051	53516227
21935900	21936076
49817379	49817555
133833662	133833838
29615830	29616006
107957834	107958010
69587174	69587227
154269072	154269248
52027832	52028008
33059849	33060025
56179603	56179779
157355706	157355882
28806737	28806913
49998471	49998647
118830271	118830447
132621580	132621756
52441480	52441656
42052706	42052882
150673576	150673752
36778231	36778407
151797144	151797320
167897871	167898047
155126511	155126687
53593476	53593652
6928403	6928579
42136472	42136648
106894328	106894504
149777914	149778090
57540479	57540655
162039976	162040152
111200427	111200603
131019172	131019348
10435347	10435523
108466956	108467132
116854793	116854969
31744961	31745137
145252678	145252854
32087206	32087382
73232622	73232709
36853479	36853655
130186301	130186477
126274289	126274465
133874918	133875094
116966822	116966998
5746722	5746898
68936454	68936630
136656100	136656276
11618878	11619054
144020037	144020213
33093989	33094165
36945254	36945430
16183433	16183609
7670086	7670262
82980633	82980809
114316063	114316239
37190527	37190703
137167296	137167472
37709846	37710022
18156265	18156441
13927503	13927679
34165559	34165735
139695657	139695833
3238562	3238738
160362851	160363027
45468789	45468965
160509535	160509711
135744901	135745077
13814424	13814600
51885883	51886059
105403990	105404166
3002183	3002359
35147311	35147487
33790471	33790647
3312154	3312330
119097805	119097981
110104535	110104711
141242848	141243024
151063036	151063212
109718336	109718512
158447346	158447522
157931474	157931650
33375213	33375389
161650347	161650523
130603494	130603670
126227654	126227830
111378603	111378779
83775513	83775689
151007145	151007321
35536818	35536994
147477469	147477645
80577920	80578096
134444870	134445046
88032170	88032346
7107044	7107220
80842765	80842941
108819220	108819396
29621298	29621474
57132964	57133140
89580562	89580738
32028910	32029086
68643273	68643449
43920542	43920718
123159326	123159502
153070101	153070277
126091060	126091236
42072276	42072373
88410614	88410790
87416268	87416444
3835273	3835449
4936909	4937085
27182471	27182647
28777876	28778052
3885951	3886127
52747233	52747409
37575884	37576060
15286249	15286425
117877178	117877354
31542171	31542347
2158911	2159087
91650703	91650879
75920965	75921141
159590299	159590475
97501807	97501983
74225452	74225628
158927749	158927925
13429391	13429567
161851099	161851275
128058203	128058379
7157993	7158169
16761835	16762011
136904239	136904415
27787575	27787751
14864242	14864418
579444	579620
149867435	149867611
152589509	152589685
125513553	125513729
119399967	119400143
154665180	154665356
33547937	33548113
26189205	26189381
105219252	105219428
31564851	31565027
31095978	31096154
83931725	83931901
161865629	161865805
91791301	91791477
168551638	168551814
127860563	127860739
110712103	110712279
161796309	161796485
31553386	31553562
97507433	97507609
167914294	167914470
149511459	149511635
27486658	27486834
135408608	135408784
114429652	114429828
11585765	11585941
99915501	99915677
136081061	136081237
167702200	167702376
5303571	5303747
157342787	157342963
3069177	3069353
51720175	51720351
152085552	152085728
133258609	133258785
47047502	47047678
93354149	93354325
27125799	27125975
52680403	52680579
44635966	44636142
160274030	160274206
43138666	43138842
52704516	52704692
47599179	47599355
30069818	30069994
97516204	97516380
2196414	2196590
35387397	35387573
74564836	74565012
32150058	32150234
89175605	89175781
157632535	157632711
7992306	7992482
168602153	168602329
34111847	34112023
149838707	149838883
118872337	118872513
161351821	161351997
130686536	130686712
80404451	80404627
80355815	80355991
144903043	144903219
7673473	7673649
28323558	28323734
56716658	56716834
138166652	138166828
135483901	135484077
28816646	28816822
162343936	162344112
162116147	162116323
134252464	134252640
151969241	151969417
6225263	6225439
162863832	162864008
13575541	13575717
158110092	158110268
3148545	3148721
12290545	12290721
30732097	30732273
109159384	109159560
74036445	74036621
11822636	11822812
169964635	169964811
31797807	31797983
114230500	114230676
112501412	112501588
17988028	17988204
47445731	47445907
31657392	31657568
36411927	36412103
149295055	149295231
144803356	144803532
80445075	80445251
13538395	13538571
20564528	20564704
119654976	119655152
16316979	16317155
6131829	6132005
33747213	33747389
35916626	35916802
32053686	32053862
109704462	109704638
134772811	134772874
168451976	168452152
32081750	32081926
76603159	76603335
46749306	46749482
25153383	25153559
163848960	163849136
38688191	38688367
160240156	160240332
2505968	2506144
117771109	117771285
42533073	42533249
32084604	32084780
167120609	167120785
152873829	152874005
161113517	161113693
34759714	34759890
131520913	131521089
79520000	79520176
139087136	139087312
152659755	152659931
158865310	158865486
149969675	149969851
137060749	137060925
12504695	12504871
117290449	117290625
108025685	108025861
7165357	7165533
4055783	4055959
40989712	40989888
122797442	122797618
127623998	127624174
12890517	12890693
121751684	121751860
13767807	13767983
125175517	125175693
27145568	27145744
3295921	3296097
52455240	52455416
40967369	40967545
151186718	151186894
109214689	109214865
158939651	158939827
15299817	15299993
91188168	91188344
160112373	160112549
50570009	50570185
85395797	85395973
155026710	155026886
130469434	130469610
80141294	80141470
88193855	88194031
161188507	161188683
14475237	14475413
40973976	40974152
43853262	43853438
168459913	168460089
44527365	44527541
167459431	167459607
159961290	159961466
40742773	40742949
52769494	52769670
136700135	136700311
27721941	27722117
157342493	157342669
161100561	161100737
123737102	123737278
30910483	30910659
36756057	36756233
11154310	11154486
6750115	6750291
13916176	13916352
117667431	117667607
74020068	74020244
129691657	129691833
169888015	169888191
53544283	53544459
101105662	101105838
42364568	42364744
164287326	164287502
120041454	120041630
75976546	75976722
122354851	122355027
72794740	72794916
52152070	52152246
129942507	129942683
150665513	150665689
158244147	158244323
42104253	42104429
33244966	33245142
16239935	16240111
30653227	30653403
166303672	166303848
18324493	18324669
4646064	4646240
129573351	129573527
107506911	107507087
91143944	91144120
33217210	33217386
127508137	127508313
56502480	56502656
116539419	116539595
161626364	161626540
170738632	170738808
118886590	118886766
43945159	43945335
13251622	13251798
46958752	46958928
150390378	150390554
114417837	114418013
31051883	31052059
150144264	150144440
35483811	35483987
36865527	36865703
4313284	4313460
146349438	146349614
168445804	168445980
24283546	24283722
170602048	170602224
117589398	117589574
27180859	27181035
108852666	108852842
1364465	1364641
155569639	155569815
137736834	137737010
12894191	12894367
2917470	2917646
147712173	147712349
152527677	152527853
13454913	13455089
32935424	32935600
73995513	73995689
127587598	127587774
8059495	8059671
43302297	43302473
129993056	129993232
85484521	85484697
109762493	109762669
131438012	131438188
126112823	126112999
31289708	31289884
32163416	32163592
88102864	88103040
27598648	27598824
26104367	26104543
15948287	15948463
18303120	18303296
97074732	97074908
89202646	89202822
3032220	3032396
39127565	39127741
7847534	7847710
161394386	161394562
18264983	18265159
4282133	4282309
125476039	125476215
34158620	34158796
1424647	1424823
47209625	47209801
148501060	148501236
41159404	41159580
150250665	150250841
148572537	148572713
51215206	51215382
158402437	158402613
125833880	125834056
37457631	37457807
41569445	41569621
17600345	17600521
150507786	150507962
27983341	27983517
36547488	36547664
107780589	107780765
52368117	52368293
91186529	91186705
6702166	6702342
139571807	139571983
118605997	118606173
80803821	80803997
87947632	87947808
84302591	84302767
138608488	138608664
46594109	46594285
25013601	25013777
99689918	99690094
161521234	161521410
150921973	150922149
43636114	43636290
150328355	150328531
123160701	123160877
138745448	138745624
18990703	18990879
97945696	97945872
13625158	13625334
105140787	105140963
138750209	138750385
122931476	122931652
551453	551629
111332961	111333137
136847661	136847837
146209250	146209426
89952387	89952563
34497487	34497663
33670253	33670429
91113439	91113615
36043586	36043762
39419712	39419888
104975728	104975904
6057769	6057945
37145096	37145272
161978817	161978993
132104012	132104188
100353463	100353639
33743621	33743797
71230397	71230573
30789814	30789990
164039535	164039711
158056956	158057132
69178520	69178696
19473175	19473351
166833965	166834141
18122891	18123067
169890041	169890217
322332	322508
34528402	34528578
33479943	33480119
34605952	34606128
38166011	38166187
38247303	38247479
84569468	84569644
47601049	47601225
39032039	39032215
144385172	144385348
110187289	110187465
14584807	14584983
159429717	159429893
53844375	53844551
164021939	164022115
105560542	105560718
34393892	34394068
4806392	4806568
161621726	161621902
157480135	157480311
10421358	10421534
3978555	3978731
129820266	129820442
126633518	126633694
42143705	42143881
70545706	70545882
150141752	150141928
151362112	151362288
31082872	31083048
4008722	4008898
10031253	10031429
143850344	143850520
105851409	105851585
126497517	126497693
152445672	152445848
85489197	85489373
159379888	159380064
110663230	110663406
50096256	50096432
146250283	146250459
45389428	45389604
100624635	100624811
123637938	123638114
91218470	91218646
14192519	14192695
10951912	10952088
15787163	15787339
56435618	56435794
36699745	36699921
73334449	73334625
139696635	139696811
164001072	164001248
164518657	164518833
80176060	80176236
31865360	31865536
88947912	88948088
62860076	62860252
70818238	70818414
111799971	111800147
36947180	36947356
1793326	1793502
17584733	17584909
126109061	126109237
111902465	111902641
57412354	57412530
169613106	169613282
36213575	36213751
16184429	16184605
138599513	138599689
111965615	111965791
131081276	131081452
34551237	34551413
42925982	42926158
164768611	164768787
122170767	122170943
112194552	112194728
12603739	12603915
815426	815602
30638650	30638826
69269053	69269229
121627239	121627415
4920635	4920811
53820982	53821158
6105970	6106146
57445629	57445805
11094315	11094491
99600028	99600204
113627844	113628020
17094035	17094211
43365845	43366021
138838803	138838979
37700556	37700732
10887169	10887345
110778889	110779065
158035208	158035384
119670771	119670947
73326255	73326431
41424148	41424324
112633217	112633393
33551456	33551632
161260121	161260297
40550748	40550924
148498857	148499033
12035172	12035348
5398795	5398971
15893913	15894089
28949738	28949914
139430787	139430963
168155507	168155683
135384080	135384256
1336586	1336762
158986664	158986840
26544282	26544458
37617821	37617997
26450644	26450820
15289172	15289348
29617930	29618106
148929819	148929995
160524457	160524633
26924690	26924866
37151170	37151346
37096369	37096545
64633161	64633337
152086688	152086864
158183719	158183895
36336760	36336936
43972937	43973113
122682853	122683029
52861550	52861726
132990900	132991076
74362387	74362563
114257385	114257561
14816810	14816986
33280412	33280588
57189437	57189613
129888643	129888819
108298494	108298670
138272640	138272816
125420912	125421088
84907537	84907713
32399917	32400093
19873383	19873559
71104303	71104479
16763349	16763525
12075520	12075696
14044462	14044638
20528690	20528866
153274376	153274552
31631733	31631909
11264436	11264612
106537947	106538123
24934158	24934334
166570586	166570762
41418914	41419090
161602711	161602887
30696085	30696261
159239199	159239375
74513602	74513778
5220772	5220948
15906170	15906346
37528303	37528479
5950849	5951025
161587851	161588027
28463998	28464174
24695877	24696053
13278527	13278703
163761749	163761925
17167671	17167847
84953066	84953242
31838200	31838376
11938910	11939086
168472391	168472567
56157471	56157647
150419699	150419875
157760559	157760735
170190761	170190937
45914217	45914393
33926430	33926606
99667725	99667901
56413844	56414020
3825799	3825975
74324711	74324887
155816353	155816529
134495885	134496061
31070236	31070412
28715611	28715787
162081989	162082165
147106238	147106414
30458360	30458536
14788000	14788176
105957923	105958099
161675910	161676086
29080021	29080197
34042203	34042379
17845833	17846009
53583767	53583943
166849071	166849247
159276935	159277111
56407517	56407693
6222508	6222684
34759272	34759448
157745095	157745271
29664409	29664585
157242	157418
149449624	149449800
119284255	119284431
127511841	127512017
84324809	84324985
108840284	108840460
1894067	1894243
44561313	44561489
30882044	30882220
156031956	156032132
10771616	10771792
40680828	40681004
166142916	166143092
13358840	13359016
29586004	29586180
131164791	131164967
157263570	157263746
170374303	170374479
83422681	83422857
4164408	4164584
2998594	2998770
133089442	133089618
26285525	26285701
11921356	11921532
87739550	87739726
14397514	14397690
14118187	14118363
153833351	153833527
28109715	28109891
2695808	2695984
45345452	45345628
159050403	159050579
140427134	140427310
69685049	69685225
51928438	51928614
1515709	1515885
20454541	20454717
11947383	11947559
160054321	160054497
49590844	49591020
24389577	24389753
91012159	91012335
138725328	138725504
164133715	164133891
82750383	82750559
161282945	161283121
117293273	117293449
101841425	101841601
107056063	107056239
47701992	47702168
30005063	30005239
106603267	106603443
24547590	24547766
69344939	69345115
164343742	164343918
140202897	140203073
106618025	106618201
33780537	33780713
170569904	170570080
51914376	51914552
147212138	147212314
40820911	40821087
10621595	10621771
159673997	159674173
3453724	3453900
136663238	136663414
119664426	119664602
25732832	25733008
84937759	84937935
167631982	167632158
2842132	2842308
95879617	95879793
34241104	34241280
138186110	138186286
147523158	147523334
70577322	70577498
41196440	41196616
408710	408886
74679792	74679968
150589369	150589545
89832431	89832607
100184322	100184498
134176145	134176321
28180253	28180429
111531576	111531752
147200800	147200976
170733591	170733767
33086422	33086598
107976522	107976698
28583996	28584172
155589343	155589519
116433213	116433389
163541346	163541522
87566785	87566961
31704178	31704354
36561921	36562097
74098906	74099082
28548345	28548521
91006610	91006786
5136115	5136291
68854683	68854859
39699419	39699595
73844340	73844516
34252653	34252829
117602194	117602370
10404695	10404871
89132691	89132867
43323713	43323889
159127543	159127719
34211752	34211928
150049785	150049961
142795651	142795827
34835456	34835632
134758608	134758784
88654487	88654663
144540356	144540532
130618091	130618267
100731339	100731515
14322338	14322514
20212829	20213005
4225832	4226008
157073785	157073961
26055652	26055828
154982920	154983096
167412461	167412637
91005114	91005290
32165279	32165455
35494396	35494572
161152083	161152259
6873462	6873638
97888579	97888755
159016348	159016524
104773579	104773755
123047807	123047983
50783266	50783442
109415729	109415905
89434816	89434992
408931	409107
168397541	168397717
12292684	12292860
10759686	10759862
159572396	159572572
168715840	168716016
99873774	99873950
143730662	143730838
167533653	167533829
69362238	69362414
16339395	16339571
14510392	14510568
28836724	28836900
100676945	100677121
56573914	56574090
10256439	10256615
40518096	40518272
107057678	107057854
41907272	41907448
24283282	24283458
109631209	109631385
29195087	29195263
56622548	56622724
123714588	123714764
27585566	27585742
43543837	43544013
4957777	4957953
35684107	35684283
105542165	105542341
34512670	34512846
147096422	147096598
20127669	20127845
30737410	30737586
160999714	160999890
90012024	90012200
108813433	108813609
159274387	159274563
1097683	1097859
134779164	134779340
125004671	125004847
2104583	2104759
164150233	164150409
153353539	153353715
36882338	36882514
70415968	70416144
8064496	8064672
6728883	6729059
84228914	84229090
11069340	11069516
16511412	16511588
111348529	111348705
26538498	26538674
96990683	96990859
19869830	19870006
150020392	150020568
119606163	119606339
15063051	15063227
53599917	53600093
167126457	167126633
126448919	126449095
110940168	110940344
46010238	46010414
153275685	153275861
20907810	20907986
18043556	18043732
43895189	43895365
132619573	132619749
89187251	89187427
119289695	119289871
157041233	157041409
138830639	138830815
27689155	27689331
119949556	119949732
168249566	168249742
90602431	90602607
37226113	37226289
72927925	72928101
52227425	52227601
106748937	106749113
105872142	105872318
113410361	113410537
105879227	105879403
31012190	31012366
90321958	90322134
150510422	150510598
24601231	24601407
170752591	170752767
5938666	5938842
15037204	15037380
147235080	147235256
7174107	7174283
159238379	159238555
28950464	28950640
117168517	117168693
3330571	3330747
40772836	40773012
138724615	138724791
139122008	139122184
80114080	80114256
107739434	107739610
138296891	138297067
133049866	133050042
37503545	37503721
122611361	122611537
158373856	158374032
29570851	29571027
2953055	2953231
31706267	31706443
170918430	170918606
112350506	112350682
159727217	159727393
76214654	76214830
13977449	13977625
164767776	164767952
47688307	47688483
168240566	168240742
124036500	124036676
89693363	89693539
45389843	45390019
3383707	3383883
19812838	19813014
40504260	40504436
155517142	155517318
86369873	86370049
137278515	137278691
30688064	30688240
15770617	15770793
28367473	28367649
151983189	151983365
108121879	108122055
41040928	41041104
138243154	138243330
43894500	43894676
97208151	97208327
49516440	49516616
136259820	136259996
85278804	85278980
71257141	71257317
163148680	163148856
4059453	4059629
125535216	125535392
51263715	51263891
28249252	28249428
39838850	39839026
145535696	145535872
126274843	126275019
3710966	3711142
116832683	116832859
118297319	118297495
49704044	49704220
116638381	116638557
167411334	167411510
112125870	112126046
166879249	166879425
27083064	27083240
52254141	52254317
85259745	85259921
14706715	14706891
17962744	17962920
4467122	4467298
160493486	160493662
143968929	143969105
125080617	125080793
150336436	150336612
3162942	3163118
170239272	170239448
36410659	36410835
101416921	101417097
35699726	35699902
24360006	24360182
110804868	110805044
15995187	15995363
32921095	32921271
31697929	31698105
52561339	52561515
29885758	29885934
151409050	151409226
164132805	164132981
4135701	4135877
11012031	11012207
138018586	138018762
44009356	44009532
43940307	43940483
16353142	16353318
158981078	158981254
158135155	158135331
168733815	168733991
118585214	118585390
151856431	151856607
30043640	30043816
53155736	53155912
47062213	47062389
91319306	91319482
17820330	17820506
31795498	31795674
142477725	142477901
3338149	3338325
3056334	3056510
38202029	38202205
134325963	134326139
126682292	126682468
157542416	157542592
134294612	134294788
116765385	116765561
70197707	70197883
166261616	166261792
3163382	3163558
18139252	18139428
146920005	146920181
158319303	158319479
112098660	112098836
32097043	32097219
121147521	121147697
107500331	107500507
12009187	12009363
134273111	134273287
40842380	40842556
20418262	20418438
20839963	20840139
41755246	41755422
33756238	33756414
150282908	150283084
40442759	40442935
52370618	52370794
108050428	108050604
139969712	139969888
86246862	86247038
43370658	43370834
42881573	42881749
105525857	105526033
7390254	7390430
109917221	109917397
130054577	130054753
85473254	85473430
108582015	108582191
41060310	41060486
37428036	37428212
6694708	6694884
7722002	7722178
90502687	90502863
31705805	31705981
7566979	7567155
41410570	41410746
17190518	17190694
4620163	4620339
160688273	160688449
143381677	143381853
158181349	158181525
164461106	164461282
30840414	30840590
36981672	36981848
1263451	1263627
76564876	76565052
107595597	107595773
89894212	89894388
44613105	44613281
137335106	137335282
38763426	38763602
161661726	161661902
157548907	157549083
130615027	130615203
159589667	159589843
15246132	15246308
148292224	148292400
90085289	90085465
5965371	5965547
7468798	7468974
90661285	90661461
55310552	55310728
85474390	85474566
133056220	133056396
42979010	42979186
82690009	82690185
