34268986	34269249
10691727	10691961
42612738	42612969
39888362	39888581
36422575	36422801
42637297	42637520
36184738	36185002
46386647	46386892
51925254	51925496
8317952	8318159
44289525	44289739
13973104	13973352
48201423	48201637
10380196	10380414
48837171	48837396
50440988	50441212
45227210	45227425
10755513	10755726
47165322	47165540
59092577	59092870
41710266	41710485
49895226	49895444
47939976	47940182
40023473	40023696
18362684	18362890
2156060	2156287
41168732	41168968
13990944	13991278
41140455	41140689
18043375	18043588
46146438	46146652
3706125	3706336
13204648	13204866
56028300	56028516
13088732	13088971
39818805	39819017
47016780	47016993
45348073	45348298
14517042	14517256
36618696	36618910
2648549	2648769
11404528	11404744
14459323	14459549
4809677	4809897
38826194	38826422
49087591	49087805
17966444	17966660
41104561	41104770
18049146	18049346
18107701	18107926
34992514	34992739
35843759	35843962
6516966	6517176
46367375	46367594
12958465	12958679
50009921	50010122
19256926	19257124
46898885	46899098
49291487	49291691
6048900	6049099
49149841	49150066
12907400	12907624
46991166	46991384
10360837	10361050
3163339	3163550
44023720	44023909
18117868	18118074
38724528	38724737
2069763	2069968
7633352	7633567
6125611	6125820
8764085	8764292
48216473	48216691
17403701	17403885
982762	982986
49474265	49474457
54735602	54735812
2236310	2236520
2019668	2019864
55671967	55672179
5031685	5031888
58666502	58666698
9190565	9190762
1767501	1767719
770330	770546
51425593	51425775
47141882	47142099
29124719	29124926
16358488	16358704
5578301	5578496
5804062	5804292
56015459	56015664
1279788	1279994
2611257	2611460
1672386	1672606
43951266	43951458
34262545	34262733
7918206	7918432
49339059	49339252
7745524	7745736
51976290	51976472
15288377	15288592
38893671	38893883
55392820	55393022
5048363	5048581
50073521	50073710
47799476	47799672
45981662	45981870
46094280	46094487
4803962	4804171
41768226	41768429
39005801	39006018
11698509	11698724
1240337	1240553
38633162	38633368
4636308	4636519
12252026	12252225
18223883	18224089
46580884	46581093
10044854	10045066
16152426	16152627
42937900	42938100
48292111	48292313
19250529	19250722
30101577	30101777
12674975	12675167
45930941	45931149
30181929	30182130
921769	921995
18319248	18319443
18521494	18521684
47516306	47516517
11593481	11593683
47260639	47260857
48823349	48823549
664951	665166
39612770	39612981
16882457	16882657
51041048	51041273
32715586	32715788
15740191	15740402
46145428	46145649
47747520	47747765
54345435	54345630
734124	734336
48210638	48210819
19643109	19643323
33897818	33898010
1546274	1546487
41650403	41650595
42455858	42456061
45841970	45842177
3665929	3666124
13172264	13172444
11248456	11248654
17010550	17010752
1194568	1194779
6863673	6863850
3327053	3327224
48269229	48269427
40811338	40811524
10514875	10515089
1244468	1244673
41208525	41208727
45274000	45274174
17501939	17502138
15695553	15695752
38734562	38734765
7406061	7406262
54527232	54527428
47359444	47359642
19164698	19164892
18169259	18169467
8418926	8419121
41955347	41955570
1795868	1796061
44156541	44156724
8082783	8082976
16494155	16494338
4732728	4732906
47117477	47117660
48366743	48366928
51286914	51287087
11314566	11314764
9906930	9907111
52160287	52160475
35464149	35464402
50964536	50964737
14897190	14897391
1315750	1315947
12888466	12888653
48246924	48247103
30207522	30207715
51373819	51374013
45562801	45562995
35558100	35558291
52164327	52164518
45982293	45982483
45751985	45752183
2474621	2474834
18460453	18460633
56117641	56117840
54249639	54249835
6166086	6166272
40283709	40283907
51762714	51762881
57918010	57918197
49601164	49601349
47930596	47930779
42077068	42077244
45942793	45943003
19285927	19286117
16293611	16293792
14247690	14247874
30364481	30364679
42783988	42784183
38393342	38393519
11146698	11146880
49298457	49298650
46532245	46532431
39452848	39453025
51842083	51842269
49287960	49288125
10499639	10499822
11557626	11557826
1113345	1113544
54296285	54296495
55652693	55652886
14185953	14186144
13541886	13542086
51662129	51662313
17981164	17981370
2637040	2637239
17393536	17393748
17564330	17564517
42462008	42462184
45406942	45407135
44098910	44099095
39902533	39902714
45303844	45304013
39703081	39703268
2579519	2579705
917710	917919
42377311	42377486
16889714	16889900
18390302	18390491
10138456	10138661
15979937	15980125
47343850	47344025
18561806	18561987
55723911	55724090
13895850	13896026
45520284	45520455
3618622	3618818
6862838	6863035
3545169	3545344
1929392	1929605
33061238	33061407
48610682	48610867
1267014	1267207
9736597	9736750
47232094	47232264
13708565	13708743
42069837	42070032
33634901	33635077
8645703	8645945
42954712	42954878
35503940	35504143
3849216	3849397
51111403	51111584
19097637	19097831
4204697	4204862
34636733	34636915
1001735	1001922
45192535	45192723
56844994	56845158
2749299	2749483
51598075	51598263
56764270	56764453
47032915	47033076
14685091	14685259
46768592	46768756
45704048	45704228
48794584	48794769
52111290	52111488
3305023	3305202
36661699	36661884
3700499	3700695
17496872	17497059
33726255	33726436
31173970	31174141
46320467	46320659
1826190	1826373
47120361	47120550
9316288	9316433
55929619	55929792
33467234	33467396
18279057	18279232
48763471	48763610
17316169	17316350
33675231	33675414
46935253	46935437
14258997	14259174
21385797	21385966
1864828	1864997
19477751	19477939
17505852	17506030
3076046	3076240
15742699	15742884
50184030	50184206
36310971	36311151
33921677	33921855
19453618	19453774
3821987	3822152
8804724	8804894
7419385	7419552
39127547	39127747
15666715	15666910
50486982	50487141
16825632	16825800
19754725	19754909
13094470	13094667
3852819	3852970
40970340	40970506
57610643	57610827
40727862	40728044
44129180	44129345
32778794	32778975
57615455	57615618
47494494	47494676
4352701	4352861
59025359	59025538
4267132	4267289
17457089	17457278
11908342	11908518
2391374	2391525
59030892	59031090
46073252	46073421
49242169	49242413
15667282	15667448
54672317	54672504
10110997	10111171
18958097	18958268
13700131	13700293
49946720	49946906
38586444	38586605
8223485	8223625
17577156	17577307
35632303	35632477
50860424	50860572
49728214	49728379
12099779	12099928
42325277	42325434
49178733	49178921
9247271	9247428
36207901	36208098
5987465	5987625
40645829	40645971
6022374	6022557
47987100	47987276
19335996	19336176
11992148	11992296
54533253	54533420
6126466	6126630
51911123	51911271
11607252	11607439
17178352	17178514
55395530	55395721
4811789	4811957
18581156	18581320
42439101	42439275
6633343	6633482
41814510	41814669
3429582	3429770
52281207	52281369
45160596	45160746
8461638	8461817
267445	267622
14542815	14542991
1605888	1606064
17535875	17536036
15272551	15272689
10041663	10041789
6218598	6218755
42502746	42502926
28957130	28957304
8650900	8651070
56577886	56578044
53698648	53698820
11671479	11671626
44249536	44249699
47582673	47582833
40926648	40926803
50265129	50265281
4267737	4267910
50050348	50050477
45074236	45074379
50871937	50872071
56821025	56821215
2613908	2614064
52642552	52642723
10828101	10828259
3520527	3520701
17886243	17886423
14662247	14662415
48202703	48202867
771331	771505
56587896	56588054
19601292	19601431
9422849	9423010
7149240	7149382
48854632	48854791
18499307	18499470
44278643	44278819
584471	584643
5547950	5548117
30221480	30221646
506778	506933
9900916	9901089
42800293	42800473
1813043	1813225
14590967	14591125
550147	550306
33732653	33732813
2273799	2273968
47894800	47894952
51207553	51207711
4791180	4791356
35626393	35626539
1837715	1837880
53928372	53928529
36438422	36438572
10652255	10652376
46273513	46273684
9697510	9697642
19296856	19296986
35738766	35738936
51520119	51520278
3472072	3472240
10185033	10185173
51208797	51208965
47917826	47917978
33907230	33907388
45080301	45080433
1775036	1775219
46184869	46185021
44059451	44059592
18786691	18786835
43820958	43821118
30019314	30019477
7864548	7864708
17970365	17970519
52741163	52741294
40950732	40950890
36984148	36984275
14597310	14597458
18439262	18439384
56165063	56165213
43937135	43937303
34836884	34837011
510671	510901
18497018	18497177
40372270	40372450
35986345	35986511
58693385	58693542
13212189	13212355
35633924	35634090
10982039	10982237
8035771	8035919
58840498	58840639
13076242	13076403
50550259	50550403
861925	862095
45665382	45665535
17080090	17080219
56143867	56144002
56683360	56683499
51433207	51433344
2316059	2316212
46417188	46417350
50982479	50982624
29370188	29370326
12034559	12034696
49711655	49711779
53238355	53238520
5794233	5794367
12886455	12886602
13144998	13145145
42538989	42539129
48606454	48606586
30349019	30349165
31160469	31160607
12074811	12074949
11493560	11493740
35329291	35329420
17716953	17717130
18705212	18705385
1897739	1897883
5892635	5892808
41480574	41480712
49713416	49713565
13685895	13686059
45989093	45989250
42829392	42829525
11489052	11489184
35130527	35130665
12868474	12868624
35203704	35203842
55895163	55895337
48770412	48770537
1513939	1514099
10501475	10501614
42688617	42688744
4872729	4872863
39601132	39601264
46027027	46027165
35760456	35760650
18977469	18977597
49112112	49112272
45629402	45629558
59031503	59031652
35605613	35605755
14578754	14578882
15530066	15530194
8333897	8334024
12170391	12170551
30185608	30185767
17814798	17814963
16528622	16528751
48372247	48372377
10369769	10369924
47207848	47207977
30251116	30251246
17895291	17895417
2962198	2962359
49702244	49702370
39677986	39678133
5773882	5774018
56143113	56143243
6738586	6738701
45492558	45492695
49973670	49973809
49649200	49649340
383998	384153
46908431	46908561
22728667	22728807
51228343	51228525
8067358	8067497
45311345	45311445
39220453	39220590
42527915	42528039
11052824	11052955
36040218	36040342
47628558	47628674
5370005	5370153
48317072	48317214
56666626	56666740
36001392	36001544
14159527	14159578
4567692	4567804
39988576	39988717
50175682	50175789
56289079	56289225
16177503	16177605
13477474	13477601
5823652	5823786
4139827	4139937
40671574	40671700
7990130	7990285
3224497	3224663
17371806	17371928
13305501	13305589
17650160	17650296
18519117	18519257
35959754	35959867
46784146	46784281
6632155	6632291
50755706	50755824
1445304	1445426
17607179	17607335
18572809	18572916
17346455	17346623
38969320	38969433
18882573	18882674
47046061	47046184
6482057	6482123
58730426	58730573
41047251	41047359
20070118	20070264
54992593	54992707
5687198	5687345
14999742	14999895
39528942	39529042
17836682	17836844
1372122	1372237
31141040	31141146
45157816	45157950
19665302	19665432
48018769	48018873
4186518	4186619
57977238	57977358
4576150	4576264
38747220	38747394
30718650	30718784
49092254	49092401
41055214	41055340
18174345	18174439
36402233	36402329
39125372	39125474
49804636	49804754
16222178	16222298
3586193	3586314
46905594	46905700
12782965	12783053
56048514	56048648
13944599	13944725
49729425	49729518
48466566	48466626
12201767	12201858
1624610	1624669
12943558	12943699
50918130	50918254
41029306	41029422
39813769	39813859
14667564	14667692
56592072	56592205
14143128	14143255
48817783	48817865
44173455	44173566
52968232	52968333
48893971	48894075
33616922	33617021
47257181	47257266
39542983	39543099
10810550	10810657
31157346	31157412
43033505	43033681
29958859	29958933
10025416	10025561
4633310	4633486
51843362	51843502
34612036	34612212
3339785	3339884
57059036	57059146
14328298	14328418
51227754	51227873
857106	857202
863996	864101
54356273	54356449
16552582	16552683
46061726	46061830
47539176	47539286
51297715	51297809
19005875	19005983
13075907	13075958
10683110	10683286
10594355	10594471
50650843	50650938
7896523	7896634
50511966	50512037
55966207	55966298
8009213	8009305
21191039	21191119
50181270	50181381
40162767	40162859
44270768	44270850
31848090	31848202
295259	295381
38875472	38875569
14583083	14583206
43110930	43111106
18631147	18631323
8439080	8439169
30262785	30262882
42289624	42289699
12751082	12751150
49977367	49977461
11047492	11047558
42250679	42250778
50990318	50990398
45690902	45690988
29754493	29754569
15374977	15375153
51799720	51799819
45454971	45455069
29751566	29751646
50762325	50762427
56320969	56321042
4851752	4851814
12996392	12996523
4660536	4660628
40697753	40697872
47714093	47714191
40476776	40476849
49009534	49009637
12827853	12827952
13193366	13193445
48993173	48993236
8680698	8680874
1513045	1513220
38389411	38389587
36046689	36046783
2275262	2275323
51661764	51661940
12313267	12313336
19663677	19663781
48812717	48812801
39993584	39993641
21665748	21665835
3575479	3575529
4911922	4912007
13215446	13215537
39748946	39749017
29434698	29434809
52158227	52158289
10616455	10616505
35535345	35535521
36551515	36551598
4400621	4400723
49979649	49979708
40042218	40042307
34732482	34732556
50220817	50220993
4140500	4140572
39903413	39903533
6753457	6753558
38932393	38932569
46110649	46110752
52846966	52847036
52751768	52751847
43139202	43139295
1223223	1223322
18654959	18655048
7717036	7717112
39048005	39048181
8134393	8134448
49094442	49094504
43100769	43100824
41325762	41325938
40661742	40661830
18530242	18530343
16136598	16136696
14616369	14616421
45055639	45055815
3440250	3440325
39420994	39421098
17552093	17552186
15923028	15923121
54902710	54902787
8477913	8477994
4523431	4523507
39964868	39965044
13832233	13832321
49925746	49925878
46282532	46282708
42148377	42148553
8571186	8571238
47535594	47535698
16497557	16497733
42704113	42704289
11662904	11662963
54276264	54276349
55647234	55647298
40030841	40031017
10602869	10603045
50006423	50006599
41414993	41415169
55813281	55813457
33802311	33802487
19673983	19674084
7067292	7067358
55657572	55657642
48655869	48655927
3146716	3146784
5377675	5377725
8643684	8643860
10880926	10880979
34711473	34711649
17416296	17416472
11551752	11551848
40776484	40776567
49577308	49577484
51672734	51672785
49578252	49578428
13983598	13983692
15264983	15265041
5805945	5806121
17787961	17788021
14472731	14472809
35581548	35581600
5968035	5968211
54410086	54410262
39260468	39260644
18599738	18599914
7934178	7934259
18272186	18272257
34286367	34286465
39467298	39467474
16946991	16947167
36468545	36468680
39378208	39378384
52313643	52313730
31275868	31276044
10535110	10535171
6312223	6312276
9957846	9958022
42750410	42750586
37719029	37719205
28464995	28465171
17877546	17877722
54808497	54808673
1000173	1000349
19052038	19052118
49769742	49769839
53523123	53523210
1672097	1672197
14169855	14170031
19516180	19516356
54942241	54942417
36869782	36869837
13388087	13388263
52286757	52286933
46196669	46196845
36373139	36373202
3485095	3485271
12876934	12876991
49346041	49346217
42924265	42924441
46520157	46520333
10223772	10223948
18343792	18343854
42205783	42205843
5480652	5480828
56904910	56904966
35546699	35546875
38716953	38717129
50853924	50854100
49503118	49503294
4233451	4233627
45905667	45905843
52068152	52068217
4557733	4557909
13345460	13345636
3210778	3210954
56861937	56862113
55979242	55979418
18580478	18580654
10975169	10975345
24006845	24006904
1249074	1249129
29612746	29612922
54989952	54990128
12248436	12248612
17685008	17685184
34532935	34533111
50366159	50366335
55185586	55185762
51059921	51060097
45287728	45287904
45086242	45086418
13306643	13306819
1930274	1930450
480261	480437
2263780	2263841
29969681	29969737
3986255	3986431
3108776	3108952
4558534	4558584
18714276	18714452
19471971	19472147
10969116	10969175
45414611	45414668
46513093	46513269
6048046	6048222
35818683	35818859
7102416	7102592
35644729	35644905
11236876	11237052
50668762	50668938
36083258	36083434
18551317	18551493
7968459	7968635
34212071	34212247
18434096	18434272
12632914	12633090
14306952	14307128
52759710	52759886
18783621	18783797
10339652	10339828
6280208	6280384
14184300	14184382
53030371	53030547
15261335	15261511
10812797	10812862
3104289	3104392
680313	680489
3987857	3988033
45017095	45017271
42101766	42101942
6412514	6412690
46992789	46992965
14225687	14225863
7431977	7432153
31829069	31829245
15952768	15952944
39405746	39405922
30088261	30088437
38565061	38565237
5523222	5523398
14429790	14429966
36681461	36681637
6504865	6505041
51172718	51172894
35536678	35536854
28816335	28816511
41312878	41313054
19226901	19227077
50832223	50832306
33090661	33090837
14311149	14311242
11784422	11784598
42363557	42363733
15870885	15871061
7917871	7917925
41858454	41858630
29776919	29777095
12787247	12787423
16639017	16639193
49631159	49631335
51600732	51600908
52018229	52018405
4525227	4525403
57791261	57791437
56582557	56582733
5226065	5226241
53580283	53580459
588193	588369
43608550	43608630
45197587	45197763
2951104	2951280
19106658	19106834
40898928	40899104
41111594	41111656
39443315	39443491
50249690	50249866
12871477	12871653
55600046	55600222
3074034	3074210
42297158	42297334
5154251	5154427
11811045	11811221
33793412	33793588
30378484	30378660
32831279	32831455
1438209	1438385
3126086	3126262
53811839	53812015
43281261	43281437
33362074	33362250
556147	556323
49501363	49501539
42942666	42942842
11770542	11770718
9958849	9959025
18701576	18701752
19223869	19224045
47750751	47750927
58533371	58533547
50767834	50768010
18313623	18313799
10209757	10209933
6299867	6300043
495715	495891
1590768	1590944
51635733	51635909
55803421	55803597
1853416	1853592
48293734	48293910
59030402	59030578
3324496	3324672
737852	738028
50254435	50254611
3654222	3654398
10930970	10931146
3343837	3344013
44314057	44314233
10971914	10972090
47634039	47634215
50758483	50758659
6736629	6736805
54770016	54770192
34921764	34921940
40723359	40723535
14224985	14225161
54415994	54416170
1788930	1789106
7838306	7838482
2261912	2262088
35806815	35806991
18994879	18995055
30479297	30479473
36547127	36547303
13323757	13323933
46692777	46692953
12844261	12844437
13388874	13389050
6018948	6019124
32532836	32533012
56215171	56215347
40741642	40741818
43198005	43198181
18057199	18057375
8161007	8161183
4589714	4589890
704244	704420
40404259	40404435
51941574	51941750
45943109	45943216
36490022	36490198
29575306	29575482
3862949	3863125
9098933	9099109
35047592	35047768
49403266	49403442
8808579	8808755
21881119	21881295
47812911	47813087
19586772	19586948
44166750	44166926
28733364	28733540
32167307	32167483
55164769	55164945
23253108	23253284
532902	533078
51831033	51831209
54385470	54385646
35797703	35797879
47808625	47808801
36048600	36048776
18450557	18450733
54015232	54015408
14153927	14154103
45681570	45681746
48720287	48720463
18388354	18388530
31545486	31545662
1503557	1503733
39035158	39035334
14208707	14208883
42905531	42905707
55770643	55770819
34587306	34587482
3250806	3250982
8386151	8386327
43067627	43067803
10398491	10398667
33180999	33181175
18512612	18512788
7994256	7994432
16173608	16173784
39166408	39166584
14134405	14134581
39966026	39966202
1221582	1221758
13958596	13958772
53251659	53251835
56765259	56765435
58518759	58518935
41859945	41860121
44212977	44213153
54950686	54950862
10400395	10400571
52216043	52216219
42585819	42585995
38715303	38715479
40388555	40388636
13732278	13732454
49866623	49866799
6552007	6552183
18392825	18393001
2168963	2169139
14797339	14797515
46785743	46785919
55431083	55431259
49063625	49063801
18700269	18700445
45849879	45850055
45907487	45907663
5170511	5170687
5338852	5339028
36604841	36605017
15921300	15921476
1946060	1946236
18434615	18434791
2096892	2097068
2199408	2199584
39692521	39692697
33889114	33889290
13539281	13539457
28980162	28980338
35332740	35332916
29750198	29750374
53104345	53104521
3969724	3969900
47783581	47783757
55852214	55852390
13261163	13261339
24000433	24000609
10880382	10880558
41632675	41632851
5690173	5690349
2663915	2664091
44227860	44228036
11571100	11571276
56151524	56151700
23528769	23528945
13183454	13183630
15202776	15202952
12949140	12949316
31291162	31291338
5001655	5001831
47270032	47270208
58883843	58884019
38625327	38625503
11308572	11308748
39715674	39715850
42104023	42104199
13358701	13358877
11969361	11969537
30713403	30713579
4375814	4375990
52996446	52996622
10527257	10527433
41107027	41107203
58899325	58899501
13720855	13721031
51341678	51341854
52056531	52056707
51409608	51409784
46009695	46009871
47251862	47252038
38893473	38893549
11646958	11647134
5109704	5109880
30363124	30363300
17733220	17733396
42815847	42816023
2956541	2956717
47253475	47253651
42795144	42795320
48948611	48948787
46850663	46850839
3692595	3692771
605346	605522
52894488	52894664
50793370	50793546
6393110	6393286
36542287	36542463
50779992	50780168
15284651	15284827
41304058	41304234
17600046	17600222
56457279	56457455
3673105	3673281
8751632	8751808
10445676	10445852
22072945	22073121
54096275	54096451
12606191	12606367
17115943	17116119
13107489	13107665
16723141	16723317
47852341	47852517
11337855	11338031
41827767	41827943
42257937	42258113
10589598	10589774
41250469	41250645
42532479	42532655
2977848	2978024
49831247	49831423
28503365	28503541
41937453	41937629
7526828	7527004
11241707	11241883
35911351	35911527
1036020	1036196
12975533	12975709
49457906	49458082
1693070	1693246
52014747	52014923
52168372	52168548
51942299	51942475
9542257	9542433
19328085	19328261
41914278	41914454
10381646	10381822
37605066	37605242
43733533	43733709
43297696	43297872
15590502	15590678
52333668	52333844
41364146	41364322
49947107	49947283
54451018	54451194
3612840	3613016
42596620	42596796
8210915	8211091
19496129	19496305
54312813	54312989
14586128	14586304
16082147	16082323
41678306	41678482
52140729	52140905
34850033	34850209
47787658	47787834
44039735	44039911
42044255	42044431
57901286	57901462
3473113	3473289
18879382	18879558
13829633	13829809
39209609	39209785
1848767	1848943
15212391	15212567
46302385	46302561
19265688	19265864
41076651	41076827
5039029	5039205
48825134	48825310
56425156	56425332
12476729	12476905
3719152	3719328
41035056	41035232
11669718	11669894
42944579	42944755
5354591	5354767
35707893	35708069
47933610	47933786
6260978	6261154
53290068	53290244
18587964	18588140
7562268	7562444
34258826	34259002
21439597	21439773
49934107	49934283
49438193	49438369
4343018	4343194
36231927	36232103
51524386	51524562
20108573	20108749
34827801	34827977
2819682	2819858
39047508	39047684
34196103	34196279
18755254	18755430
54534617	54534793
17031636	17031812
42891250	42891426
43295424	43295600
35046459	35046635
55677482	55677658
22063735	22063791
24342634	24342810
45988583	45988759
5720616	5720792
48842170	48842346
51504318	51504494
10806581	10806757
1064981	1065157
1289697	1289873
54312028	54312204
4677205	4677381
50969257	50969433
5535051	5535227
45672185	45672361
47019187	47019363
18794129	18794305
49316894	49317070
33610038	33610214
47074902	47075078
10620997	10621173
52075713	52075889
1768369	1768545
41027284	41027460
53761075	53761251
4246809	4246985
39167046	39167222
20041316	20041492
13953285	13953461
36450029	36450205
11399123	11399299
5029827	5030003
1207444	1207620
3061451	3061627
52311957	52312133
31186194	31186370
16606814	16606990
14183006	14183182
14453697	14453873
8412701	8412877
51135538	51135714
6769398	6769574
7566088	7566264
3783714	3783890
2661711	2661887
30156024	30156200
11563399	11563575
6710640	6710816
51224297	51224473
41536640	41536816
14064135	14064311
46585596	46585772
8218964	8219140
45004709	45004885
18891589	18891765
18883804	18883980
51897696	51897872
43778974	43779150
52854886	52855062
21666800	21666976
18967342	18967518
17214088	17214264
11354050	11354226
28959792	28959968
49851258	49851434
16439979	16440155
10327882	10328058
30326037	30326213
58249840	58250016
41633828	41634004
11990817	11990993
42817475	42817651
2887472	2887648
42749038	42749214
53125606	53125782
907273	907449
18595889	18596065
13637476	13637652
14886778	14886954
17163381	17163557
36422285	36422461
49617486	49617662
2062189	2062365
49136170	49136346
35342441	35342617
970751	970927
8420652	8420828
3234843	3235019
58740760	58740936
50740854	50741030
35153969	35154145
42257195	42257371
44284122	44284298
19026547	19026723
5052592	5052768
50831493	50831669
17559453	17559629
40256220	40256396
48011255	48011431
53497229	53497405
6717133	6717309
21617862	21618038
48922072	48922248
43929895	43930071
41108108	41108284
42048452	42048628
38478113	38478289
45348875	45349051
424161	424337
41318077	41318253
3302848	3303024
41248010	41248186
53202929	53203105
41529195	41529371
3556974	3557150
40724301	40724477
45016493	45016669
12936443	12936619
3308218	3308394
41313684	41313860
45931924	45932100
4623142	4623318
1044481	1044657
5309820	5309996
48894785	48894961
14044989	14045165
45439071	45439247
23065706	23065882
49649475	49649651
36274605	36274781
46902561	46902737
18433175	18433351
16296647	16296823
6417792	6417968
47927954	47928130
47328747	47328923
19857460	19857636
5515822	5515998
58428071	58428247
29201305	29201481
42847565	42847741
4369988	4370164
3907741	3907917
40118385	40118561
7445568	7445744
6733486	6733662
44100676	44100852
18302832	18303008
51396462	51396638
22034498	22034674
10330390	10330566
49610012	49610188
50393374	50393550
50303042	50303218
3879768	3879944
17445557	17445733
10500579	10500755
1107000	1107176
40940150	40940326
42210660	42210836
54162689	54162865
58090361	58090537
14982536	14982712
3599764	3599940
42195392	42195568
13828164	13828340
14682912	14683088
47234457	47234633
45831414	45831590
46581932	46582108
10662384	10662560
51003570	51003746
13207167	13207343
53898171	53898347
54836481	54836657
19245823	19245999
7012930	7013106
1285768	1285944
18909313	18909489
4547560	4547736
45968412	45968588
12095862	12096038
29228037	29228213
51162203	51162379
4167599	4167775
5137950	5138126
1406759	1406935
14309273	14309449
4537980	4538156
1780657	1780833
16162536	16162712
47652862	47653038
675401	675577
35657503	35657679
15543535	15543711
2841441	2841617
33707083	33707259
19807275	19807451
49522946	49523122
39176519	39176695
46430931	46431107
40949250	40949426
49979237	49979413
30897517	30897693
33705558	33705734
51153394	51153570
4769641	4769817
54175082	54175258
41945862	41946038
9902313	9902489
31459205	31459381
43692266	43692442
11611715	11611891
10531745	10531921
53496916	53497092
2543634	2543810
46352276	46352452
17757404	17757580
50576771	50576947
30277203	30277379
13200090	13200266
50594049	50594225
18208597	18208773
18573999	18574175
37663646	37663822
52050107	52050283
17945384	17945560
42340107	42340283
33710431	33710607
33700556	33700732
18263405	18263581
16699347	16699523
3684255	3684431
10230567	10230743
58341505	58341681
36235732	36235908
45773335	45773511
2819921	2820097
4730812	4730988
7923099	7923275
10547206	10547382
15136138	15136314
39904885	39905061
1218124	1218300
2208703	2208879
14474570	14474746
7451191	7451367
24050807	24050983
41324606	41324782
24038581	24038757
14207520	14207696
41197527	41197703
4207274	4207450
2041941	2042117
51798042	51798218
55187815	55187991
46389174	46389350
1248144	1248320
54865608	54865784
860519	860695
47224984	47225160
43427394	43427570
32868139	32868315
830236	830412
7998443	7998619
43591973	43592149
48327742	48327918
48589846	48590022
33239513	33239689
36183136	36183312
44064844	44065020
58979749	58979925
58891966	58892142
15184111	15184287
15774168	15774344
48044081	48044257
1383747	1383923
36228425	36228601
4297980	4298156
41507222	41507398
49540077	49540253
39195383	39195559
46220778	46220954
15363349	15363525
30576489	30576665
18383264	18383440
19162460	19162636
18185110	18185286
57989017	57989193
23466862	23467038
28293359	28293535
36208242	36208418
39408769	39408945
41662222	41662398
5327161	5327337
