65801010	65801265
82459354	82459637
76995698	76995955
81134406	81134632
72124308	72124542
71267671	71267892
75700416	75700653
30287351	30287563
73656225	73656442
82204525	82204744
70997410	70997639
28952863	28953081
74124109	74124330
75645900	75646145
72309703	72309923
45960515	45960725
76859757	76859980
73468022	73468246
13413977	13414188
75608866	75609076
43600978	43601201
11312615	11312827
47081054	47081268
72639852	72640058
97360975	97361190
80955241	80955473
30681518	30681736
49866405	49866601
49864303	49864578
72221238	72221431
72575499	72575718
71275481	71275673
29280758	29280949
4891939	4892156
43843973	43844189
21784682	21784923
47599872	47600080
71152336	71152559
44882055	44882279
43951165	43951396
126218779	126218986
64917969	64918165
74088123	74088349
81689231	81689446
49714647	49714869
80956674	80956903
25369986	25370181
75403996	75404181
73808334	73808595
5665158	5665385
85631308	85631513
103989606	103989801
75639471	75639687
134036679	134036889
61385870	61386066
11767298	11767474
72300313	72300516
50189465	50189669
97134474	97134672
73369021	73369208
82265397	82265610
81903571	81903767
72663152	72663350
33297744	33297929
103600504	103600715
79807134	79807332
65389219	65389409
48398517	48398702
46983756	46983958
27649595	27649785
13702058	13702272
3085828	3086009
104238778	104238970
45428234	45428424
73571774	73571984
126077865	126078083
99674602	99674794
3239632	3239831
63510795	63510994
12306245	12306443
88699208	88699441
69539755	69539934
5991437	5991626
76947746	76947933
118976198	118976411
120959024	120959206
72685515	72685726
76782140	76782328
3281904	3282089
45353285	45353469
28917146	28917340
97190239	97190423
88137049	88137255
78933740	78933917
6962051	6962254
11800010	11800204
64353870	64354052
102193601	102193842
88720242	88720445
97453853	97454063
46962611	46962799
12028695	12028864
81247426	81247629
28966117	28966329
13116913	13117100
75413655	75413846
21567741	21567927
103832740	103832916
69548296	69548489
73074142	73074329
43362207	43362401
104594790	104594978
104677274	104677482
111612277	111612446
70310619	70310796
86024423	86024630
48426961	48427156
46951361	46951581
71399069	71399257
11514251	11514418
72968881	72969085
105446008	105446202
73144070	73144252
6443830	6444040
50802682	50802860
81160329	81160511
50615692	50615872
134266710	134266894
70657301	70657474
79471261	79471453
44167199	44167376
133836646	133836821
73246353	73246534
76025879	76026034
63594960	63595132
74096987	74097179
91020214	91020387
71404406	71404586
93058098	93058293
102973490	102973662
86300349	86300556
74100275	74100454
88470925	88471136
69615462	69615617
99629279	99629470
73079366	73079549
71674488	71674681
23447416	23447583
79606507	79606690
28670897	28671072
52035529	52035695
102098298	102098480
15148506	15148663
79516312	79516494
17299791	17299966
45360351	45360568
73044911	73045079
119256150	119256328
126228799	126228981
63798510	63798679
103330022	103330216
81227252	81227426
13820082	13820258
103362639	103362821
129948309	129948506
82423946	82424120
102902074	102902268
835444	835639
45470449	45470643
32635174	32635349
105004519	105004697
52051385	52051534
51572119	51572326
103540935	103541116
80828866	80829085
85965443	85965617
23277907	23278074
115323311	115323490
81321979	81322177
125727264	125727464
60059384	60059529
5671917	5672083
118556543	118556712
74856528	74856728
124463436	124463624
21367733	21367888
49571698	49571851
61569218	61569391
99461282	99461441
73596988	73597179
88963337	88963498
93395268	93395426
22021191	22021375
7729331	7729519
72518901	72519061
98832713	98832879
78744679	78744841
99332093	99332258
120966297	120966501
102102218	102102412
98135176	98135349
44185589	44185783
88345292	88345469
71476803	71476981
79734251	79734422
60144883	60145091
43932097	43932279
121510242	121510392
23357191	23357375
35924550	35924692
26846122	26846269
25516101	25516279
99551831	99552003
12753191	12753354
65479862	65480016
86297259	86297425
62576421	62576563
100227293	100227438
102778820	102778990
75289237	75289381
99519280	99519465
134272098	134272286
62724014	62724184
73456563	73456747
32125859	32126014
72108316	72108485
65632195	65632349
43788774	43788941
31072890	31073068
119297173	119297363
104343666	104343816
99491622	99491778
130829920	130830090
32496526	32496683
134201547	134201731
557050	557225
71173113	71173278
102774131	102774304
133956021	133956192
120000890	120001031
112370142	112370297
73329845	73330023
105352597	105352750
102321808	102322012
103929270	103929447
104489112	104489275
125754224	125754394
88448175	88448343
64370526	64370683
25402186	25402339
111644032	111644199
81982514	81982669
4698882	4699044
86112113	86112282
29593578	29593753
62194311	62194459
70853161	70853302
47600608	47600763
31015806	31016002
6244664	6244838
21558997	21559147
122702439	122702610
125318955	125319087
99167285	99167461
79667722	79667886
43574460	43574624
52385035	52385212
73156069	73156226
134938350	134938508
35283718	35283871
72319206	72319361
13482563	13482720
64577795	64577962
126736756	126736901
100069411	100069595
105245545	105245691
45730771	45730911
120303684	120303844
30880239	30880385
135143339	135143529
113897243	113897400
82422517	82422692
134753917	134754079
29528932	29529090
78307234	78307391
102801058	102801212
44806549	44806729
122708493	122708670
61998344	61998486
93847618	93847774
71072988	71073169
81368617	81368796
30823584	30823724
28682996	28683155
7450546	7450721
96892811	96892946
73533252	73533431
121446084	121446236
129809687	129809841
124802984	124803126
81262292	81262481
79151745	79151908
72379185	72379321
103061297	103061450
121176489	121176665
29785411	29785559
112506242	112506388
64004875	64005014
80417425	80417585
71276131	71276300
82020504	82020654
82359285	82359445
115281051	115281210
88159652	88159823
82621751	82621886
129705193	129705371
81107050	81107213
35507518	35507641
26624123	26624272
52070685	52070820
1463175	1463333
104829443	104829621
114074727	114074874
86425748	86425917
98549509	98549651
15627367	15627527
37178024	37178175
15757923	15758087
72091271	72091420
81052865	81053033
74992772	74992910
49652474	49652625
105472782	105472932
79401664	79401815
124892601	124892771
24792676	24792820
112039246	112039376
102638331	102638461
5325571	5325719
6720254	6720413
69916259	69916391
94194878	94195003
134468325	134468487
73506533	73506669
75841094	75841232
73540605	73540744
17332330	17332479
61968565	61968675
105365576	105365725
50720379	50720508
61874655	61874793
24485486	24485617
104356314	104356464
97123171	97123316
93311703	93311899
61625045	61625158
129652342	129652512
33084643	33084798
94334185	94334352
14579038	14579185
101805890	101806048
92766161	92766292
77796196	77796352
121204959	121205112
119209143	119209294
52321677	52321792
118935551	118935700
66190609	66190749
118934477	118934598
78925621	78925745
104438621	104438775
102819845	102820002
50372735	50372879
25016911	25017051
6130712	6130889
63352477	63352605
11557724	11557880
82295716	82295874
11476471	11476599
115145011	115145170
102810107	102810269
102974573	102974739
15767832	15767970
48377888	48378038
118925371	118925529
104153754	104153910
74594086	74594235
134166220	134166371
102827707	102827822
80962368	80962511
11466612	11466771
45485938	45486081
106051262	106051411
17472854	17472978
135251373	135251485
6092876	6093018
6487762	6487914
95136277	95136404
130066371	130066516
78871749	78871884
69968320	69968452
34927491	34927599
71718171	71718281
98970378	98970507
13578879	13579020
64843775	64843898
116636935	116637085
89621431	89621561
115559510	115559612
27171074	27171198
30976724	30976855
7163298	7163442
93011344	93011448
99313382	99313522
121367952	121368107
33619564	33619671
104159359	104159517
125341774	125341897
71981395	71981531
124408352	124408491
73521374	73521502
118441971	118442098
47627425	47627536
63225740	63225899
102921615	102921744
51566997	51567098
77159716	77159863
13344420	13344578
82016754	82016866
112295705	112295823
27847572	27847696
95048889	95049006
79479452	79479502
81806738	81806879
15251967	15252092
17649648	17649764
32059357	32059485
79597489	79597600
79474983	79475105
59825125	59825238
4857565	4857691
47644908	47645045
13560195	13560343
72147420	72147534
26164674	26164748
89610648	89610777
32656860	32656979
86016909	86017037
35852346	35852467
38265664	38265770
86189830	86189917
12295012	12295117
50508656	50508777
24846265	24846330
8095394	8095501
2970603	2970713
124058392	124058509
130538335	130538470
102268589	102268692
54539989	54540109
5024366	5024468
130122486	130122609
101605701	101605825
60051453	60051551
70764667	70764777
104182530	104182678
45504229	45504329
103991660	103991779
98155835	98155940
7567518	7567635
59417047	59417151
70108337	70108409
16933435	16933550
52181161	52181265
103202097	103202208
97006425	97006549
76990434	76990610
30703081	30703165
6690024	6690147
118986523	118986622
85885797	85885916
11923481	11923627
28721219	28721320
96039991	96040098
13262052	13262173
129867744	129867844
6709737	6709913
82705164	82705265
74034645	74034713
108465512	108465590
15503486	15503586
134650568	134650670
116063832	116063937
112835974	112836117
135060587	135060740
71168418	71168568
94840144	94840275
126429973	126430077
105358683	105358766
112114194	112114301
73715968	73716084
63656842	63656947
21309629	21309722
89265162	89265315
61666347	61666477
76498771	76498877
61666750	61666849
34926507	34926683
88659558	88659734
45420748	45420882
80812168	80812279
73078838	73078952
80063276	80063386
90595553	90595616
24808043	24808144
50727155	50727237
120219174	120219350
16994813	16994899
26047017	26047127
32545742	32545833
120560543	120560634
112071269	112071366
77155181	77155319
16851462	16851557
104263519	104263599
35525831	35525923
27015165	27015233
82142929	82143003
105805356	105805462
1156139	1156256
73829623	73829741
24906805	24906892
99436590	99436675
72139469	72139561
106065475	106065569
17641226	17641322
127622970	127623095
73407423	73407524
86134833	86134913
35415734	35415895
18527945	18528029
121249382	121249493
49423658	49423753
120183497	120183579
43248718	43248835
33482372	33482548
14520800	14520895
9251282	9251366
108384789	108384869
43957462	43957557
100185600	100185712
95242462	95242549
108555548	108555632
52413050	52413226
91553548	91553664
28031168	28031288
135333759	135333883
74135482	74135545
49732444	49732544
49954078	49954137
70748527	70748630
108471271	108471326
106340700	106340780
43751422	43751514
68691274	68691328
53149269	53149341
94875680	94875755
23582231	23582282
101152358	101152430
21147356	21147442
123368268	123368374
27179967	27180066
126254472	126254571
100154352	100154452
26014974	26015024
120327988	120328041
54644118	54644294
50184414	50184498
123813652	123813828
61590483	61590659
43700511	43700616
96943490	96943644
102503461	102503560
15013995	15014100
13141736	13141817
52314743	52314919
81928997	81929097
52420060	52420163
6880281	6880381
13394622	13394798
81297060	81297116
6885469	6885526
120610085	120610261
14993685	14993749
104112004	104112071
14541052	14541121
99223474	99223650
31040969	31041030
28530854	28530926
113900041	113900140
73821345	73821521
100932004	100932180
6622256	6622399
79789350	79789420
32294008	32294184
18504082	18504145
24931926	24932102
114067764	114067854
65736400	65736576
124039322	124039388
2881404	2881580
125343343	125343403
61792630	61792806
49497828	49497891
15476173	15476349
49718081	49718257
86027460	86027519
25241770	25241850
134451483	134451539
72297497	72297673
123902435	123902611
95301863	95302039
89874196	89874372
59912574	59912750
88444089	88444265
120958095	120958167
112431905	112432081
82684240	82684310
102632182	102632235
97227147	97227208
111738320	111738393
97625126	97625195
85786702	85786774
50801184	50801360
86373309	86373372
127557084	127557134
101320421	101320482
134717862	134717959
99115528	99115612
22839791	22839967
120899078	120899254
98797282	98797332
70092603	70092779
6128462	6128638
95117543	95117719
96080166	96080226
103255193	103255369
44179071	44179125
101372076	101372252
50426720	50426772
118927759	118927935
53975613	53975789
3777448	3777545
29738034	29738210
121376525	121376701
71696006	71696083
133368254	133368308
102826360	102826536
131926147	131926323
91186098	91186274
74635123	74635299
71728675	71728851
120093	120172
25927461	25927637
105236232	105236298
64926675	64926851
88705413	88705589
114868371	114868444
32735054	32735149
90789692	90789868
122538	122635
47004312	47004488
124325284	124325460
98400720	98400896
95314645	95314821
75818538	75818608
13203268	13203444
98525508	98525684
110304379	110304555
74327776	74327952
61963925	61964101
99294639	99294815
80734607	80734783
94602951	94603127
5336149	5336325
62095566	62095742
65393554	65393730
1411136	1411312
99788101	99788154
24283591	24283651
24649537	24649713
81818687	81818863
127137280	127137456
118547659	118547835
135132260	135132436
52312683	52312859
100802624	100802702
104107071	104107247
74918890	74919066
49713561	49713737
98130429	98130605
133757048	133757224
75717237	75717413
108904372	108904548
85768642	85768818
98841472	98841648
134957524	134957614
99469346	99469522
35668243	35668299
3264276	3264452
91461268	91461319
75863393	75863569
15287655	15287831
89495140	89495200
11895583	11895759
93454042	93454218
29666408	29666584
15786370	15786546
100424305	100424481
94799629	94799699
77846811	77846987
101769741	101769917
22278599	22278775
94350560	94350736
50093532	50093708
98402841	98403017
1286051	1286227
103051468	103051644
82138036	82138212
63493190	63493366
105619112	105619163
14367459	14367635
134260333	134260509
132026222	132026398
62642951	62643127
108623391	108623567
30024810	30024986
63662242	63662418
106110025	106110201
98100142	98100318
121031071	121031247
64314505	64314681
74927906	74928082
46168007	46168183
32499753	32499929
79403862	79404038
29228285	29228461
44525724	44525900
118596497	118596673
32428298	32428474
61860097	61860154
79649943	79650119
34955309	34955485
74014969	74015145
73444225	73444275
75571573	75571645
112307027	112307203
105324661	105324837
114194954	114195019
65626291	65626467
112563692	112563868
120018921	120019097
31372724	31372900
119202506	119202682
48478599	48478775
95576017	95576193
32236630	32236806
99930363	99930539
9373682	9373743
50587767	50587943
30291453	30291629
131770046	131770116
103227156	103227332
92671434	92671610
99372283	99372459
52381862	52381915
49816280	49816456
70883413	70883589
104661277	104661453
86475732	86475908
89416354	89416530
52548915	52548968
106034520	106034696
71389896	71390072
50489600	50489776
79011138	79011314
22863000	22863176
88109365	88109541
69280790	69280966
6960400	6960576
122182961	122183137
92511273	92511449
70853895	70854071
33405246	33405422
82356529	82356705
14239018	14239194
81150447	81150623
22392708	22392884
6245400	6245576
101470983	101471159
43471148	43471324
50369687	50369863
88453645	88453821
63738809	63738985
13313625	13313801
32151224	32151400
5727584	5727760
93976462	93976638
17291852	17292028
95462135	95462311
115214360	115214536
123646600	123646776
5484093	5484269
61564929	61565105
98982110	98982286
73383229	73383405
31320530	31320706
80697573	80697749
111716514	111716690
55361143	55361319
75534595	75534771
42924106	42924282
61382192	61382368
80140922	80141098
128075645	128075821
126681793	126681855
97096575	97096751
128192763	128192939
27574134	27574310
100508166	100508342
79971331	79971507
90694661	90694837
4890988	4891164
52761511	52761687
14598470	14598646
116454589	116454765
12944190	12944366
14865258	14865434
25971614	25971790
43761411	43761587
105644519	105644695
13124626	13124802
88122985	88123161
30530209	30530271
835036	835212
81539190	81539366
38043768	38043944
45938119	45938295
95505319	95505495
5426059	5426235
25315579	25315755
52770789	52770965
82778998	82779174
15018003	15018179
85974441	85974617
112440877	112441053
97666829	97667005
103892307	103892483
111896906	111897082
97777070	97777246
96259928	96260104
33444845	33445021
97002865	97003041
87546184	87546360
27945636	27945812
97989405	97989581
4809345	4809521
5476064	5476240
12824554	12824730
6458986	6459162
29432011	29432187
9384940	9385116
29681427	29681603
29167608	29167784
130370172	130370348
103817491	103817667
28591575	28591751
128437716	128437892
71559976	71560152
120324262	120324438
76524072	76524248
111966010	111966186
80826219	80826395
132139695	132139871
24608472	24608648
35485047	35485223
98230002	98230178
43903605	43903781
135071114	135071290
106398693	106398869
14074528	14074704
71455982	71456158
96961582	96961758
101614714	101614890
62215909	62216085
35012830	35013006
93672655	93672831
103048085	103048261
15210544	15210720
121303035	121303211
126222894	126223070
118204145	118204321
111985832	111986008
73982664	73982840
35250066	35250242
62407071	62407247
17272720	17272896
13098574	13098750
24672635	24672811
85963945	85964121
105969468	105969644
121066239	121066415
50616597	50616773
76003966	76004142
96389865	96390041
22242606	22242782
106382479	106382655
98939699	98939875
89620006	89620182
3020383	3020559
118387013	118387189
120969079	120969255
5385640	5385816
17516663	17516839
82203469	82203645
99166996	99167172
71876070	71876246
126749751	126749927
73886055	73886231
104813731	104813907
80886990	80887166
91149102	91149278
81890105	81890281
64197489	64197665
11454045	11454221
74086478	74086654
23447020	23447196
5915522	5915698
98251175	98251351
34594187	34594363
114886407	114886583
121059176	121059352
70551989	70552165
104163658	104163834
6828548	6828724
59937207	59937383
6056208	6056384
88726397	88726573
3235145	3235321
91323708	91323884
1121023	1121199
103032091	103032267
127318433	127318609
15469934	15470110
73030142	73030318
15866619	15866795
129876859	129877035
21530202	21530378
71874771	71874947
98956414	98956590
104513006	104513182
126360096	126360272
102430852	102431028
49759970	49760146
104143909	104144085
93056364	93056540
86543156	86543332
111968839	111969015
43886292	43886468
76779235	76779411
100091745	100091921
15413262	15413438
99092763	99092939
85857633	85857809
102322850	102323026
76586393	76586569
98479645	98479821
22476127	22476303
23991905	23992081
22507481	22507657
112066038	112066214
126833714	126833890
100183526	100183702
116231227	116231403
121362079	121362255
11208116	11208292
102242420	102242596
7096959	7097135
62580137	62580313
134210107	134210283
76868498	76868674
101860399	101860575
114325327	114325503
99805619	99805795
129833862	129834038
1797842	1798018
86294027	86294203
134752295	134752471
12771998	12772174
100505527	100505703
130010261	130010437
82499180	82499356
126320667	126320843
5624850	5625026
34944574	34944750
49678319	49678495
70982090	70982266
94050681	94050857
126850056	126850232
78662792	78662968
71209664	71209840
88021746	88021922
85997075	85997251
30870835	30871011
98094777	98094953
111768218	111768394
5648938	5649114
127210744	127210920
102754139	102754315
4555132	4555308
71867091	71867267
75157879	75158055
69597825	69598001
110543801	110543977
30960053	30960229
131843391	131843567
50209451	50209627
105176701	105176877
98590388	98590564
49671726	49671902
77686657	77686833
6193466	6193642
45804306	45804482
81804836	81805012
97890294	97890470
92622777	92622953
111775880	111776056
63044165	63044341
7459137	7459313
134257201	134257377
79431727	79431903
93518463	93518639
21144457	21144633
64008350	64008526
80197974	80198150
43697689	43697865
50573818	50573994
116581316	116581492
1758023	1758199
118525179	118525355
130432508	130432684
73463432	73463608
130062260	130062436
26823429	26823605
6711345	6711521
73738328	73738504
13628777	13628953
6151020	6151196
135311042	135311132
122096543	122096719
101036709	101036885
16587252	16587428
88283222	88283398
60712536	60712712
29759341	29759517
88458105	88458281
102488940	102489116
104822744	104822920
61808028	61808204
45651350	45651526
78764806	78764982
122584421	122584597
125785331	125785507
75973428	75973604
24841450	24841626
4813459	4813635
33421631	33421807
60290962	60291138
16819526	16819702
85752261	85752437
65661116	65661292
7914051	7914227
99801295	99801471
29802022	29802198
112858573	112858749
71168636	71168812
62950438	62950614
71661464	71661640
34680208	34680384
103877136	103877312
104375144	104375320
45745620	45745796
47089866	47090042
23603823	23603999
29408418	29408594
131977979	131978155
43186115	43186291
111952340	111952516
94598975	94599151
94644749	94644925
5632183	5632359
50532880	50533056
102855458	102855634
1146951	1147127
81444957	81445133
93668659	93668835
96204168	96204344
105681576	105681752
76857812	76857988
16870271	16870447
27150140	27150316
87898905	87899081
45374569	45374745
115464922	115465098
101390304	101390480
25811981	25812157
89102869	89103045
15921078	15921254
76751316	76751492
87860358	87860534
127670969	127671145
97205740	97205916
131687526	131687702
50029236	50029412
80938603	80938779
22282435	22282611
63555347	63555523
16885391	16885567
51565036	51565212
132882687	132882863
81145822	81145998
15703112	15703288
54500708	54500884
121981468	121981644
224261	224437
113875647	113875823
131130844	131131020
73063125	73063301
5136931	5137107
123660145	123660321
31780150	31780326
80887415	80887591
93170017	93170193
92547756	92547932
24802204	24802380
52428762	52428938
123872231	123872407
23805583	23805759
81251052	81251228
131457040	131457216
22906574	22906750
33608840	33609016
44162781	44162957
59098928	59099104
11654596	11654772
16356363	16356539
71118031	71118207
87938266	87938442
80679150	80679326
22875245	22875421
75994435	75994611
72581282	72581458
97049458	97049634
80911627	80911803
52031726	52031902
105742519	105742695
35409338	35409514
102278589	102278765
30673803	30673979
47024976	47025152
30648691	30648867
16895327	16895503
88392002	88392178
94276893	94277069
80889241	80889417
29532815	29532991
130658134	130658310
111626336	111626512
101769353	101769529
5057288	5057464
92631070	92631246
25278962	25279138
1402297	1402473
16158495	16158671
101619496	101619672
35274876	35275052
127849940	127850116
80612741	80612917
124027690	124027866
98053123	98053299
12749690	12749866
90695201	90695377
12527379	12527555
15033481	15033657
82615232	82615408
98785476	98785652
92539461	92539637
98503869	98504045
12698628	12698804
28072694	28072870
17454452	17454628
123422576	123422752
35529027	35529203
54068074	54068250
50378662	50378838
104998656	104998832
92803103	92803279
2661790	2661966
36070655	36070831
23143983	23144159
65579622	65579798
74820899	74821075
6215203	6215379
116889632	116889808
134174364	134174540
91053314	91053490
70166933	70167109
7665020	7665196
48429656	48429832
80062869	80063045
5564957	5565133
72024949	72025125
43692669	43692845
1001781	1001957
71546643	71546819
133915090	133915266
72521177	72521353
35593652	35593828
23819121	23819297
62900624	62900800
134350727	134350903
122360496	122360672
30475342	30475518
74454348	74454524
69983434	69983610
81228037	81228213
115863153	115863329
65484778	65484954
15944636	15944812
11147431	11147607
123734701	123734877
27735067	27735243
18601770	18601946
72716187	72716363
35081040	35081216
97149868	97150044
102771246	102771422
72302372	72302548
12172385	12172561
50827799	50827975
61435692	61435868
101006583	101006759
71643066	71643242
44280800	44280976
6448315	6448491
77353492	77353668
29879730	29879906
27531199	27531375
135460752	135460928
103057720	103057896
35902860	35903036
26839773	26839949
121619010	121619186
72294016	72294192
120472846	120473022
114231701	114231877
102772669	102772845
106374087	106374263
42688004	42688180
1188650	1188826
14995634	14995810
74678215	74678391
133672550	133672726
51497068	51497244
46090322	46090498
101195891	101196067
5491915	5492091
80280913	80281089
98451035	98451211
7798457	7798633
75912983	75913159
74068302	74068478
29419094	29419270
134616304	134616480
134391182	134391358
52374392	52374568
12889673	12889849
97601751	97601927
82218809	82218985
70062042	70062218
43892146	43892322
50626470	50626646
48714324	48714500
112316886	112317062
95271177	95271353
88974540	88974716
80184596	80184772
73730230	73730406
5023899	5024075
125332843	125333019
115699334	115699510
18999143	18999319
102587656	102587832
50323461	50323637
32499316	32499492
50157470	50157646
130293075	130293251
17451270	17451446
112967404	112967580
572829	573005
15304156	15304332
103508917	103509093
60348745	60348921
104827784	104827960
50617962	50618138
61460589	61460765
80730981	80731157
85961163	85961339
134172880	134173056
71167641	71167817
73282330	73282506
44779696	44779872
93312601	93312777
72354528	72354704
63663002	63663178
32097707	32097883
112148589	112148765
50476341	50476517
117114817	117114993
135127432	135127608
132485061	132485237
44857579	44857755
79523911	79524087
100148133	100148309
69426315	69426491
126220744	126220920
95681207	95681383
102757529	102757705
90977531	90977707
131676159	131676335
102577339	102577515
80828523	80828699
80827034	80827210
6515411	6515587
76736392	76736568
52127607	52127783
13527725	13527901
69842662	69842838
130008529	130008705
71548898	71549074
65647087	65647263
25233857	25234033
104404682	104404858
93505046	93505222
125947863	125948039
87863641	87863817
74080612	74080788
102822428	102822604
28468521	28468697
61858911	61859087
102131111	102131287
43872418	43872594
7302424	7302600
102758937	102759113
103872091	103872267
80358982	80359158
71186636	71186812
74003885	74004061
37068270	37068446
32216814	32216990
856304	856480
77105608	77105784
82217771	82217947
97050656	97050832
98386668	98386844
116061059	116061235
18393299	18393475
45013171	45013347
30928978	30929154
3110676	3110852
97488399	97488575
11387909	11388085
71503026	71503202
4216468	4216644
44729165	44729341
129492957	129493133
35900803	35900979
105648164	105648340
49625017	49625193
103124554	103124730
49679190	49679366
90973061	90973237
80424769	80424945
105241757	105241933
47151337	47151513
95581244	95581420
67940585	67940761
112259274	112259450
64251876	64252052
64024628	64024804
18505526	18505702
38041330	38041506
58583737	58583913
74032709	74032885
5082526	5082702
112679429	112679605
88352198	88352374
73138758	73138934
50820954	50821130
97320919	97321095
134674235	134674411
94516968	94517144
7466381	7466557
82258635	82258811
90692543	90692719
31909338	31909514
5602850	5603026
61593649	61593825
840616	840792
11824923	11825099
49743939	49744115
123494150	123494326
71949948	71950124
54248721	54248897
35769228	35769404
119190774	119190950
114632603	114632779
63504344	63504520
3088060	3088236
12110594	12110770
22802509	22802685
102397661	102397837
1120095	1120271
63657522	63657698
38226918	38227094
82290087	82290263
116639419	116639595
65737168	65737344
35887406	35887582
38654928	38655104
102728954	102729130
73653735	73653911
52384201	52384377
43566203	43566379
7861163	7861339
68685669	68685845
52748588	52748764
49614283	49614459
105899084	105899260
11958114	11958290
99038356	99038532
76871309	76871485
3707850	3708026
127059201	127059377
116310517	116310693
106166586	106166762
2964585	2964761
7452867	7453043
44666977	44667153
43693492	43693668
35021886	35022062
74397274	74397450
93368699	93368875
17418042	17418218
74020530	74020706
5241509	5241685
46222599	46222775
50953069	50953245
31608376	31608552
4750707	4750883
11834901	11835077
134125050	134125226
73244266	73244442
17245131	17245307
30316151	30316327
5252351	5252527
104474763	104474939
79991836	79992012
134277115	134277291
102998579	102998755
79366570	79366746
27541449	27541625
38281207	38281383
113358329	113358505
43633223	43633399
81198274	81198450
43814464	43814640
54404548	54404724
105425999	105426175
124861710	124861886
102063589	102063765
23276183	23276359
73423826	73424002
73046870	73047046
45184948	45185124
43812651	43812827
63238816	63238992
70319995	70320171
102815227	102815403
116308578	116308754
121485538	121485714
103595856	103596032
114449170	114449346
23370977	23371153
120480627	120480803
101245066	101245242
60541712	60541888
38265202	38265378
79216338	79216514
63367185	63367361
127031818	127031994
14931449	14931625
119079657	119079833
30215658	30215834
62528685	62528861
82049347	82049523
47594421	47594597
25210336	25210512
87755660	87755836
71186982	71187158
65851754	65851930
15343470	15343646
104299913	104300089
76871822	76871998
115540518	115540694
62784574	62784750
5727283	5727459
29027218	29027394
98273497	98273673
112901996	112902172
135081502	135081678
105302561	105302737
57391042	57391218
62606135	62606311
75532446	75532622
72324760	72324936
72318913	72319089
43903153	43903329
126599798	126599974
80192437	80192613
52178074	52178250
634167	634343
30842074	30842250
43872874	43873050
64976948	64977124
5734709	5734885
95992540	95992716
115870429	115870605
29111754	29111930
7343484	7343660
30648964	30649140
72190332	72190508
73308286	73308462
93253284	93253460
94582857	94583033
73892245	73892421
11497324	11497500
29475042	29475218
99548720	99548896
20077130	20077306
134018305	134018481
14228382	14228558
38679715	38679891
79731986	79732162
21964204	21964380
134405161	134405337
4925582	4925758
78063601	78063777
124102261	124102437
106057640	106057816
122829891	122830067
