22292948	22293192
22001062	22001285
20144581	20144839
23470648	23470906
23226182	23226424
19617487	19617738
22067227	22067457
20810587	20810835
22818466	22818709
19897513	19897760
19958072	19958311
23623987	23624310
19718216	19718484
22067524	22067773
20116803	20117032
23219672	23219892
20960561	20960792
22936589	22936792
19167009	19167244
22307192	22307433
23052266	23052483
20772502	20772746
22292450	22292716
22339343	22339564
21239850	21240103
23284999	23285205
22549813	22550044
20255845	20256079
20273308	20273547
19705515	19705763
18312821	18313053
17255573	17255772
22384957	22385177
22918875	22919080
21995809	21996017
19744126	19744365
20000996	20001224
23030189	23030364
22415054	22415268
20850802	20851021
20918654	20918892
21997367	21997588
20226141	20226346
22711705	22711918
22081000	22081241
18225266	18225475
19667195	19667411
21158305	21158522
21336107	21336326
22511225	22511405
18038215	18038414
19132288	19132488
50468769	50468990
21316284	21316434
40420852	40421057
21051902	21052125
24191772	24191998
23197952	23198160
19935381	19935535
22785922	22786133
23728151	23728356
46512384	46512664
39925280	39925492
22454761	22454949
36520109	36520312
23130757	23130964
21457169	21457396
37712976	37713174
23035354	23035545
23096118	23096317
42565057	42565272
36866366	36866563
39164911	39165119
25858593	25858787
29225440	29225640
24585717	24585906
23009118	23009300
39566877	39567080
37934913	37935121
28405399	28405581
29641601	29641793
19205529	19205706
22302083	22302256
19619814	19620011
18640007	18640204
19711698	19711929
21375224	21375403
22929494	22929664
45664967	45665179
22465388	22465580
30651884	30652072
26727062	26727238
31957360	31957545
50587665	50587863
28838287	28838512
46041566	46041755
49701169	49701366
22697291	22697468
45973978	45974176
35746812	35747016
50118554	50118758
31545063	31545256
22562298	22562441
43627338	43627537
50323254	50323462
37941236	37941425
41079194	41079391
18942014	18942216
43624438	43624640
21948225	21948411
32029893	32030069
41799887	41800081
21138663	21138824
42833554	42833754
38077655	38077839
43781769	43781977
21271398	21271584
22763745	22763921
37853445	37853628
51014606	51014824
20072509	20072711
30401326	30401495
45022180	45022364
21096201	21096348
47194586	47194782
22326749	22326942
32925017	32925207
46390801	46390989
19949868	19950072
30787187	30787365
22676454	22676633
18558917	18559075
46938278	46938463
27152677	27152866
31151479	31151654
21452484	21452644
23110499	23110660
19093856	19094031
38213725	38213910
41972998	41973192
40432720	40432919
39930869	39931070
39266343	39266506
17539176	17539338
30783394	30783577
23112782	23112949
23881881	23882032
28416114	28416297
31316392	31316571
42337370	42337538
20162522	20162711
50780822	50780998
32373269	32373432
46518405	46518585
42093201	42093379
23053315	23053473
38749224	38749419
29791065	29791223
46402311	46402488
25631907	25632080
50585307	50585484
33193068	33193236
43263844	43264033
30682909	30683071
23632174	23632353
46710276	46710423
43784433	43784612
19941251	19941435
37374181	37374343
23933388	23933560
33382119	33382268
24921497	24921643
29550507	29550687
18975382	18975552
23045124	23045279
42710046	42710232
21240112	21240301
33396769	33396946
40948237	40948401
31503737	31503912
51170659	51170843
18986611	18986791
46374520	46374693
31030503	31030671
24819774	24819951
37562670	37562840
41913863	41914008
30881441	30881631
33698118	33698273
19546850	19547014
37178185	37178355
19629021	19629159
19768012	19768112
24643616	24643775
22014508	22014642
42486939	42487116
46959342	46959507
36942402	36942564
18371718	18371873
22734820	22735009
40744177	40744313
26794747	26794891
50324663	50324812
51058935	51059093
43058082	43058252
31481256	31481422
39706983	39707150
35826919	35827086
39531229	39531408
22777080	22777230
36697443	36697605
35979195	35979367
21132275	21132401
38448393	38448582
27075092	27075250
31485209	31485384
31608030	31608184
50161052	50161209
26169007	26169167
18268097	18268239
43670024	43670176
45949719	45949891
32061718	32061874
18507286	18507449
29436800	29436922
37663162	37663340
45216621	45216757
44389153	44389302
24298856	24298990
22590140	22590276
17980826	17980947
32268377	32268527
17600470	17600654
27041329	27041497
30652168	30652334
25453349	25453508
23027543	23027670
22555638	22555756
35627623	35627767
45131818	45131976
17555931	17556077
25154249	25154394
48888296	48888444
35550998	35551119
28200804	28200960
18020286	18020418
23657895	23658013
26857301	26857427
37963415	37963568
31159858	31160018
36682626	36682783
50765426	50765593
45093398	45093567
41042336	41042490
42062755	42062886
25348138	25348285
38465420	38465561
38510598	38510764
24571237	24571392
40395602	40395750
50679642	50679789
37252485	37252630
45831725	45831821
25598427	25598561
29877136	29877297
41993393	41993540
43017652	43017786
42956974	42957108
39858496	39858595
26760529	26760660
19953695	19953799
23612433	23612536
36019437	36019559
43456361	43456490
29251735	29251839
46763655	46763785
36541230	36541344
23744944	23745103
45497851	45497976
18374642	18374751
36591069	36591180
18483899	18484039
41922818	41922925
42142731	42142842
45659768	45659894
22457512	22457584
30683865	30684006
46959749	46959852
49442478	49442616
30484980	30485055
38039442	38039529
48233600	48233718
17398446	17398561
30841283	30841389
32774760	32774898
31627253	31627379
39408659	39408776
38494087	38494242
30123318	30123440
22725436	22725515
22424534	22424710
50431956	50432052
17652444	17652589
45080756	45080874
38057248	38057337
22817573	22817749
36617947	36618032
33056388	33056483
35420135	35420237
20194494	20194611
19155749	19155825
32366218	32366303
38330074	38330185
21802475	21802553
36673871	36673940
19023222	19023398
43742538	43742627
36317891	36318006
17264837	17265013
20015619	20015706
46375063	46375188
19754742	19754828
43486346	43486436
25444781	25444869
42840515	42840640
37153766	37153895
28447845	28447946
38003174	38003272
50936750	50936801
20938092	20938151
37474006	37474059
46751464	46751522
39953462	39953593
39702882	39702939
32366737	32366831
47609455	47609567
43364077	43364174
38019744	38019811
23602743	23602821
25168651	25168729
27802006	27802108
22560738	22560914
31741922	31742017
36462044	36462148
36882819	36882872
29920557	29920645
32840231	32840407
20837163	20837339
20959249	20959361
37440233	37440320
25164918	25165011
20246249	20246425
18275230	18275289
25246438	25246503
32343370	32343546
19287601	19287777
18393436	18393517
19649556	19649732
25758256	25758344
23278060	23278194
24917876	24917958
36764451	36764567
24899185	24899361
20141748	20141804
46409429	46409502
51001256	51001325
50648348	50648524
42928994	42929170
29866531	29866609
19788592	19788768
33414328	33414504
43627100	43627220
38131240	38131416
38808887	38809063
39369691	39369867
45019649	45019825
37594587	37594763
32477037	32477111
39939296	39939349
23285928	23286104
38658254	38658317
48022836	48022901
44279113	44279189
29702231	29702407
19683320	19683496
30097339	30097515
47199343	47199519
20181055	20181231
22526084	22526260
25477459	25477635
19748297	19748383
44481704	44481880
39739618	39739794
36027774	36027950
24204402	24204578
40424502	40424600
43429990	43430087
22011696	22011872
45492241	45492417
39889497	39889570
23498636	23498812
36023386	36023444
16872376	16872474
40328913	40329089
19900199	19900281
19072726	19072902
23213290	23213466
44399726	44399902
50964164	50964340
31286684	31286860
22129167	22129343
30031838	30032014
47826580	47826756
24110587	24110763
31668919	31669095
39955833	39956009
20098758	20098934
22301511	22301687
41295215	41295268
37657042	37657095
36576430	36576606
28990794	28990970
41697444	41697620
45681359	45681535
19023556	19023732
23969740	23969916
20925875	20926051
38302131	38302307
42508896	42509072
30085919	30086095
20793536	20793712
39833277	39833453
17652081	17652257
20121562	20121738
19103290	19103466
35546615	35546791
37825171	37825235
41949987	41950163
35439358	35439534
49339708	49339884
17198969	17199145
37988606	37988782
34810892	34811068
30822566	30822742
45371595	45371771
33445217	33445393
31709364	31709540
27232004	27232180
23420182	23420358
19857207	19857383
37595587	37595763
38909176	38909352
43008936	43009112
35536992	35537168
19024557	19024733
22007177	22007353
32662252	32662428
46259884	46260060
29552619	29552795
42347007	42347183
26098019	26098195
39892482	39892658
25334822	25334998
24231133	24231309
36080398	36080574
39239373	39239549
21377330	21377506
24655544	24655720
19864013	19864189
36635607	36635783
47848060	47848236
37868528	37868704
37894450	37894626
30658936	30659112
25568248	25568424
22146201	22146377
44280968	44281144
39399203	39399379
41929316	41929492
39891536	39891712
26122725	26122901
19808401	19808577
42322125	42322301
44477162	44477338
45588592	45588768
26715116	26715292
47076999	47077175
23617605	23617781
33599306	33599482
45478782	45478958
46692490	46692666
21206532	21206708
23221651	23221827
20305220	20305306
35567442	35567618
38092721	38092897
20301377	20301553
19879115	19879291
22337142	22337318
25424563	25424739
42674445	42674621
41939880	41940056
42869630	42869806
17230264	17230440
30168348	30168524
39162233	39162409
51138382	51138558
19842274	19842450
22272179	22272355
24108870	24109046
51130059	51130235
25940012	25940188
47154807	47154983
21355056	21355232
27061539	27061715
39712515	39712691
40018983	40019159
36966141	36966317
43176178	43176354
38361266	38361442
38187944	38188120
20931871	20932047
19829265	19829441
26756471	26756647
17749426	17749602
42353724	42353900
37382357	37382533
45969529	45969705
38439707	38439883
45065679	45065855
21113062	21113238
27194008	27194184
39780882	39781058
24817468	24817644
23461856	23462032
33975551	33975727
18379412	18379588
31478730	31478906
33670307	33670483
19393950	19394126
25102166	25102342
25730133	25730309
51213629	51213805
29985998	29986174
50451150	50451326
42253689	42253865
51135149	51135325
36462278	36462454
17847893	17848069
27947481	27947657
39915640	39915816
40552041	40552217
30886468	30886644
30021669	30021845
42908384	42908560
20174091	20174267
45285558	45285734
26763714	26763890
22027976	22028152
31952724	31952900
17694959	17695135
19760715	19760891
38626235	38626411
37249642	37249818
39611927	39612103
36327093	36327269
44963899	44964075
23318544	23318720
40795334	40795510
20234545	20234721
39264971	39265147
31063621	31063797
46786572	46786748
38694406	38694582
22815167	22815343
39220641	39220817
43583501	43583677
33219126	33219302
29949805	29949981
33606196	33606372
44341852	44342028
37957808	37957984
28078475	28078651
19710897	19711073
17372866	17373042
28387081	28387257
22758172	22758348
19406804	19406980
47031729	47031905
41763405	41763581
19377986	19378162
20922322	20922498
37523052	37523228
31212541	31212717
24721112	24721288
28143752	28143928
22261269	22261445
45605159	45605335
25025151	25025327
19877574	19877750
32242801	32242977
36710445	36710621
36851015	36851191
19419929	19420105
39323415	39323591
45224178	45224354
50690688	50690864
22416183	22416359
26137888	26138064
36239095	36239271
26568476	26568652
19418040	19418216
29755564	29755740
30504708	30504884
39410054	39410230
21148488	21148664
39377405	39377581
17076267	17076443
24372389	24372565
39129359	39129535
38283907	38284083
43366789	43366965
50041412	50041588
39514014	39514190
37269767	37269943
17652780	17652956
30850209	30850385
23875630	23875806
40833007	40833183
32602959	32603135
19173273	19173449
19109063	19109239
30279435	30279611
32914943	32915119
42362743	42362919
38610559	38610735
24552958	24553134
37655678	37655854
21336460	21336636
19219615	19219791
21910437	21910613
21126478	21126654
36907136	36907312
31688418	31688594
30723845	30724021
25963303	25963479
23160049	23160225
36115630	36115806
42218856	42219032
21455556	21455732
38831157	38831333
18237140	18237316
43668933	43669109
42948081	42948257
21309962	21310138
19258517	19258693
38122643	38122819
23499118	23499294
41022330	41022506
43447137	43447313
23632759	23632935
25199073	25199249
38070983	38071159
40323683	40323859
43532377	43532553
20861740	20861916
23223947	23224123
50964825	50965001
29655598	29655774
23445482	23445658
21057072	21057248
22751750	22751926
23884055	23884231
23128185	23128361
50712909	50713085
40589796	40589972
19384671	19384847
26566918	26567094
22519361	22519537
20167907	20168083
20025832	20026008
27038924	27039100
19461110	19461286
37442106	37442282
51156518	51156694
18271385	18271561
31198918	31199094
32126416	32126592
28023538	28023714
28276892	28277068
34319765	34319941
19786470	19786646
17181397	17181573
36730481	36730657
50911751	50911927
50895311	50895487
46365310	46365486
17576567	17576743
44833944	44834120
22057555	22057731
20013020	20013196
50418121	50418297
24881672	24881848
46527088	46527264
50838184	50838360
21342853	21343029
31259268	31259444
19633027	19633203
35734058	35734234
19962549	19962725
24236226	24236402
32598523	32598699
47392582	47392758
41318856	41319032
29508216	29508392
38701797	38701973
22089774	22089950
31262852	31263028
18121049	18121225
21411155	21411331
17082049	17082225
22058269	22058445
23863979	23864155
19419196	19419372
39926803	39926979
38178892	38179068
41156376	41156552
38857680	38857856
43187095	43187271
46432721	46432897
46929455	46929631
44318136	44318312
40921387	40921563
28996726	28996902
20203386	20203562
49944694	49944870
24666746	24666922
32751853	32752029
39716658	39716834
32869399	32869575
36844463	36844639
23609399	23609575
30005257	30005433
21322053	21322229
21423025	21423201
25843877	25844053
21921883	21922059
29808842	29809018
19976401	19976577
24574544	24574720
25729523	25729699
24237633	24237809
31847800	31847976
40355651	40355827
44765369	44765545
20104573	20104749
33454300	33454476
40543473	40543649
44342263	44342439
42159166	42159342
37578216	37578392
20089847	20090023
32368749	32368925
18429247	18429423
43326812	43326988
19061383	19061559
24113245	24113421
28282639	28282815
24578590	24578766
20850156	20850332
21394873	21395049
33915357	33915533
19462075	19462251
50645180	50645356
39077793	39077969
45793783	45793959
38164370	38164546
23718576	23718752
17490663	17490839
17161235	17161411
26173927	26174103
38496887	38497063
20182933	20183109
37394758	37394934
19163387	19163563
47671564	47671740
37373485	37373661
50628857	50629033
38030746	38030922
50360880	50361056
47274570	47274746
29598680	29598856
20008948	20009124
20002431	20002607
19097669	19097845
35944577	35944753
37621590	37621766
30112831	30113007
23437223	23437399
20906418	20906594
