6722059	6722285
87843612	87843809
2221839	2222037
183859351	183859566
39136997	39137213
178171340	178171542
1811709	1811930
57167734	57167933
77101073	77101269
1124446	1124639
38677232	38677428
1750463	1750691
4996924	4997139
38732829	38733027
1630930	1631133
8243997	8244206
10020426	10020660
6329064	6329274
10159489	10159687
40058371	40058589
89436883	89437065
13550616	13550821
57410769	57410989
29208	29385
83660531	83660753
53411708	53411908
7072579	7072766
139840355	139840547
3445265	3445468
49034561	49034743
144695224	144695420
38321532	38321732
3049217	3049389
71370950	71371140
4337047	4337240
160124218	160124395
38181371	38181540
48965160	48965347
185089661	185089846
57666406	57666588
7803935	7804128
3108417	3108618
75000056	75000240
55100484	55100686
148788041	148788231
152283936	152284133
139602259	139602428
140020649	140020810
8470572	8470765
7805845	7806023
154265627	154265842
110343654	110343831
40327519	40327696
154354313	154354491
166414551	166414747
68193065	68193244
187647086	187647268
129375518	129375700
57904262	57904453
186518841	186519018
1901032	1901216
184761496	184761672
6875773	6875965
52697403	52697580
159651222	159651406
184328306	184328502
736509	736689
108939839	108940017
100326774	100326931
185459255	185459447
3882395	3882594
40311330	40311512
87819827	87820004
596549	596732
1748041	1748237
10166560	10166744
76498700	76498899
174427092	174427271
8404983	8405165
122821657	122821816
48580508	48580665
58030269	58030463
2443443	2443715
37604724	37604903
110254198	110254380
160096762	160096926
58029834	58030016
24421155	24421314
129112565	129112737
8178641	8178805
2765917	2766105
99916332	99916631
55189110	55189264
183994823	183994991
56212714	56212901
100729532	100729697
75397651	75397832
185667020	185667203
100384124	100384288
185185422	185185568
128322007	128322165
155473370	155473535
41694984	41695162
16003121	16003268
75601002	75601155
4490243	4490396
78124862	78125029
40151606	40151753
99388788	99388951
48548453	48548604
74207203	74207361
84561170	84561324
3482329	3482521
124271454	124271622
4109298	4109478
154049148	154049321
140216895	140217062
48129877	48130050
141174401	141174594
71467258	71467427
980973	981184
139792295	139792446
83189829	83190008
26030466	26030637
1350077	1350266
108951617	108951787
74439524	74439685
185021542	185021719
8609447	8609622
5792086	5792251
6000157	6000321
185926473	185926632
183727589	183727773
88600725	88600886
55084045	55084219
8268996	8269173
25989848	25990015
146155377	146155514
128508230	128508370
7083843	7084026
75596422	75596562
170534395	170534556
12634787	12634952
128460056	128460211
17638527	17638689
39978148	39978307
9764817	9764966
81283851	81284017
38070906	38071060
55099537	55099707
95327947	95328084
7194091	7194275
82388666	82388805
77299270	77299431
1345719	1345896
190825691	190825826
41283173	41283319
166386033	166386188
165653119	165653269
10175042	10175205
175635669	175635829
10463002	10463176
78161779	78161923
81991039	81991172
27012090	27012241
236112	236276
120971153	120971285
10583808	10583947
174153171	174153327
77008434	77008590
99666652	99666801
7989225	7989369
79963378	79963512
173934722	173934861
184183145	184183284
25441673	25441807
153767985	153768116
76769488	76769651
56814861	56815021
15958000	15958154
184183676	184183856
160367768	160367903
110215298	110215431
58293074	58293229
185085060	185085218
122924634	122924768
39979210	39979379
78306663	78306809
129495892	129496047
171059869	171060014
18595269	18595418
152198019	152198178
76988940	76989066
152570746	152570911
129730717	129730970
103953764	103953920
84174064	84174223
129486858	129487018
174179020	174179147
186392522	186392682
190714292	190714429
140572855	140572999
120550131	120550298
69364254	69364384
10539733	10539880
182064533	182064684
25769619	25769756
79566015	79566144
1161017	1161204
55185200	55185324
6550390	6550541
103930407	103930527
126234729	126234851
83383648	83383802
25443262	25443411
109434417	109434557
187508696	187508840
124694102	124694241
125183488	125183628
122618299	122618456
81257895	81258038
56915173	56915361
166052518	166052672
154064209	154064362
173946371	173946493
1728079	1728239
123638142	123638252
2188201	2188342
160408482	160408612
81257023	81257195
7297785	7297929
139951908	139952005
54796288	54796410
111553117	111553271
55094314	55094480
74519447	74519599
8596261	8596405
106062182	106062302
38063759	38063884
3039144	3039288
83123299	83123425
88157064	88157196
5814789	5814924
108658264	108658396
155539986	155540126
154671486	154671608
1514980	1515141
183846563	183846705
129349058	129349207
174338282	174338383
5052283	5052432
106392848	106392963
185961050	185961194
26721671	26721802
140452125	140452246
8919822	8919967
122871440	122871588
8690006	8690155
164253987	164254119
174415631	174415762
39979550	39979706
17550846	17550963
13658227	13658346
53881917	53882039
5379844	5379958
103541881	103542010
73371064	73371207
68154802	68154937
74730206	74730353
71425075	71425195
185570535	185570685
47688449	47688548
69041401	69041522
147940345	147940467
164113286	164113398
124486042	124486143
138654425	138654586
103179008	103179130
87979986	87980091
56733274	56733398
113156317	113156400
6332889	6333000
155480689	155480798
148511548	148511652
41663615	41663716
74595420	74595528
184393502	184393626
2464535	2464675
10065456	10065595
82272929	82273065
77973564	77973684
154570744	154570860
154006439	154006561
77432361	77432462
90823131	90823242
184319921	184320045
164465663	164465794
79875382	79875474
4184749	4184857
186959436	186959532
171180906	171181023
41646353	41646505
94712919	94712998
74528562	74528663
123653555	123653653
113445074	113445281
6266006	6266116
164406100	164406210
10551394	10551506
56602940	56603032
54774970	54775066
184425458	184425610
75094545	75094651
114316019	114316122
17326107	17326228
89945336	89945447
85425113	85425226
10556443	10556497
4147513	4147638
6765432	6765548
154495610	154495703
110971249	110971356
88191473	88191551
146478924	146479005
26063017	26063116
40926664	40926782
133149092	133149203
91236368	91236489
123498143	123498198
144829149	144829232
100870254	100870368
74735178	74735292
142228464	142228564
74122985	74123056
103266682	103266802
110219955	110220052
1731604	1731702
107423365	107423454
75236670	75236846
6976260	6976335
75055153	75055227
119903071	119903170
111132532	111132708
84430418	84430516
24490457	24490588
104012945	104013023
88297004	88297097
79873148	79873324
184178095	184178198
145064271	145064359
80497708	80497806
90148277	90148358
22391003	22391108
4386695	4386783
155548017	155548122
95254292	95254344
165701034	165701139
25047357	25047533
76498948	76499108
134067974	134068078
48277434	48277503
169845028	169845101
75858117	75858236
81287222	81287304
175240462	175240544
24981848	24981936
83197122	83197236
1912521	1912621
144404051	144404128
83934223	83934309
155427529	155427705
163959419	163959537
53454421	53454506
57702918	57703001
17449464	17449530
7337645	7337745
140576347	140576423
3347894	3348070
141772347	141772414
79533681	79533857
83206468	83206558
141782691	141782756
110624211	110624295
75242772	75242853
109414383	109414464
78539950	78540037
138957065	138957148
9705275	9705364
6333903	6333994
24689146	24689230
110926769	110926854
10528244	10528308
101014695	101014794
18691100	18691156
172767538	172767638
103220894	103221070
48318182	48318269
1695303	1695354
128526563	128526739
1606792	1606854
127877908	127877961
89739923	89740099
141805725	141805824
17470409	17470473
7852404	7852454
9002333	9002440
81973778	81973845
153422127	153422177
114468814	114468891
54671042	54671131
151882063	151882239
82327091	82327183
38761319	38761413
677856	678032
119963279	119963332
95225638	95225814
1339816	1339902
143048164	143048340
154387506	154387682
81136711	81136887
111440151	111440327
186104878	186105054
15480748	15480829
84565970	84566028
170731581	170731757
182449833	182450009
96089047	96089223
140524908	140524958
10016944	10017002
82765935	82766111
13655808	13655984
9497236	9497334
41884877	41885053
105781783	105781959
108500265	108500441
52892281	52892370
16918548	16918606
190123529	190123627
73887455	73887631
47838726	47838789
168998328	168998380
99977277	99977453
8963192	8963368
57826520	57826696
89133255	89133305
155728342	155728420
84692369	84692545
42570751	42570927
77352093	77352177
152565964	152566014
37454657	37454833
130283933	130284109
27686295	27686365
151967184	151967360
10405512	10405600
104128948	104129124
110327590	110327766
139011764	139011845
140149077	140149166
56187939	56188115
120207652	120207828
75548351	75548527
173813588	173813764
139443743	139443817
159937825	159937901
238398	238574
88954569	88954745
56178840	56178905
3325829	3326005
10162060	10162125
89627738	89627914
89580693	89580743
40319209	40319385
47928770	47928831
186017306	186017482
103371029	103371205
86669134	86669310
140555107	140555157
15651653	15651829
56050942	56051004
7721394	7721570
15884336	15884512
9125369	9125545
129703585	129703761
144942842	144943018
178302188	178302364
186226282	186226333
65405146	65405211
103967925	103968101
109756130	109756185
1003452	1003537
155265964	155266140
88072037	88072213
2245420	2245596
8887646	8887822
122229047	122229223
151130666	151130842
15807339	15807515
7763471	7763647
3785624	3785676
58309015	58309191
56995661	56995837
1066768	1066944
170969069	170969152
75186273	75186449
186942824	186943000
4254554	4254730
47385947	47386123
75177525	75177701
148905277	148905336
103544970	103545062
173123725	173123901
187867964	187868018
82297051	82297115
103352608	103352784
6548432	6548608
104707314	104707490
48292480	48292656
174202257	174202433
152038620	152038796
129784722	129784898
10188393	10188569
111236736	111236912
87417359	87417535
175553481	175553540
42284133	42284309
78915765	78915833
123499077	123499253
84181804	84181980
187218275	187218451
10143155	10143331
155320770	155320946
122647920	122648096
5981832	5982008
27086475	27086651
120548453	120548503
122113683	122113859
27178131	27178307
95517146	95517322
108834599	108834649
128703383	128703559
16584250	16584426
123231258	123231434
80838431	80838607
150920738	150920914
1280045	1280221
100806333	100806509
9533820	9533915
187810359	187810535
145095649	145095728
110574016	110574192
25182308	25182364
9900381	9900557
82834613	82834789
107290715	107290891
76837241	76837417
148440086	148440262
87574523	87574699
86291695	86291871
39471122	39471298
15233252	15233428
79513647	79513823
141559119	141559295
15397938	15398114
110495673	110495737
122658000	122658176
7652529	7652598
109493752	109493928
164469750	164469926
38895367	38895543
119202180	119202356
151164128	151164304
159174620	159174796
144508980	144509156
1663534	1663710
1550726	1550811
78016601	78016777
84412141	84412317
85499845	85500021
151219120	151219296
71553870	71554046
185231532	185231708
103546860	103547036
129231603	129231779
155543902	155544078
174209567	174209743
20761776	20761952
142054663	142054839
89460721	89460897
110725422	110725598
54063477	54063653
106442077	106442253
73419405	73419581
25927500	25927676
79438310	79438486
25368796	25368846
150902108	150902284
82840467	82840643
41959786	41959962
110747973	110748149
10015464	10015640
119145562	119145613
86339354	86339530
81244001	81244177
47706834	47707010
146075832	146076008
55875033	55875209
76917025	76917201
54467771	54467947
68589757	68589933
147837720	147837896
89594179	89594355
68854317	68854385
1261863	1261952
113020937	113021113
79697530	79697604
16027891	16028067
84827199	84827375
163969715	163969891
83643094	83643270
38904424	38904600
53777960	53778136
78980835	78981011
15240449	15240625
6676539	6676715
106395192	106395368
16796581	16796757
75800071	75800247
160376874	160377050
88760596	88760772
88014778	88014954
110354692	110354776
175077481	175077657
154945333	154945509
115580638	115580814
174673869	174674045
172955306	172955482
110920080	110920256
7044929	7045105
175143513	175143689
323978	324154
85180493	85180669
188527760	188527936
159778118	159778294
48089220	48089396
130265230	130265406
22412370	22412546
80219292	80219342
81961300	81961476
159176970	159177146
56502314	56502490
138741120	138741296
20424170	20424346
109997961	109998137
183929772	183929948
123573636	123573812
174238259	174238435
43134102	43134278
90032392	90032568
2356005	2356181
87817000	87817176
253150	253326
78522122	78522298
119890546	119890722
55837637	55837813
8943020	8943196
25062694	25062870
48271934	48272110
6909603	6909779
20775126	20775302
56311095	56311271
123523816	123523992
27050066	27050242
18077515	18077691
79590687	79590863
41216673	41216849
7153643	7153819
77669948	77670124
40910800	40910976
40845893	40846069
40230709	40230885
21767523	21767699
94685873	94686049
139859550	139859726
148082165	148082341
668086	668262
6575786	6575962
140105370	140105546
127504778	127504954
25793928	25794104
5391603	5391779
96046159	96046335
170407396	170407572
112952970	112953146
88894857	88895033
41890235	41890411
112204309	112204485
37979455	37979631
151898020	151898196
6785149	6785325
6593699	6593875
140613572	140613748
171011327	171011503
8412426	8412602
15731640	15731816
169506765	169506941
154004695	154004871
55842943	55843119
4680066	4680242
87144782	87144958
6345680	6345856
165918596	165918772
123852129	123852305
6252550	6252726
4671008	4671184
151169453	151169629
159181218	159181394
73433565	73433741
108104436	108104612
1608416	1608592
159546149	159546325
79785670	79785846
77868622	77868798
4432398	4432574
154239981	154240157
76358007	76358183
122173485	122173661
154077544	154077720
124582386	124582562
107160098	107160274
90176031	90176207
1769638	1769814
46650260	46650436
6136437	6136613
128886658	128886834
112996408	112996584
39697406	39697582
154153970	154154146
170644479	170644655
40721152	40721328
5461958	5462134
56275697	56275873
24737778	24737954
140577810	140577986
926625	926801
5144586	5144762
129301116	129301292
113525823	113525999
142079488	142079664
82327304	82327480
96102658	96102834
175286277	175286453
74177295	74177471
84014300	84014476
17474052	17474228
147263893	147264069
4987635	4987811
88976166	88976342
154464102	154464278
112981487	112981663
109102970	109103146
185905260	185905436
68414984	68415160
74312151	74312327
71570307	71570483
143768507	143768683
69241778	69241954
885659	885835
114199578	114199754
807804	807980
4763367	4763543
137785826	137786002
73885271	73885447
14873863	14874039
13656220	13656396
21770100	21770276
48205807	48205983
140430984	140431160
159417283	159417459
187648116	187648292
140682671	140682847
61066901	61067077
72579428	72579604
140089074	140089250
140578241	140578417
86965244	86965420
73192551	73192727
158899991	158900167
169104978	169105154
84203300	84203476
140690158	140690334
123679218	123679394
178588953	178589129
21790973	21791149
170414165	170414341
13432998	13433174
72095559	72095735
8548891	8549067
167087124	167087300
17349183	17349359
122405795	122405971
164471562	164471738
185687206	185687382
27320486	27320662
107819885	107820061
38730606	38730782
108275580	108275756
99708122	99708298
95265726	95265902
70746970	70747146
88386987	88387163
152722848	152723024
90080189	90080365
24990440	24990616
186055698	186055874
55250833	55251009
99861070	99861246
72136705	72136881
48111784	48111960
57534547	57534723
88274749	88274925
55707254	55707430
47124791	47124967
187870215	187870391
20686867	20687043
26862036	26862212
55827645	55827821
6335704	6335880
40919014	40919190
48898951	48899127
53848825	53849001
80684751	80684927
39183702	39183878
39809992	39810168
174222853	174223029
7187880	7188056
85892591	85892767
178476232	178476408
139481659	139481835
184665500	184665676
184284470	184284646
71705396	71705572
185172083	185172259
6697787	6697963
8276722	8276898
139476873	139477049
184521463	184521639
144251256	144251432
154128831	154129007
39437625	39437801
74830773	74830949
159588889	159589065
16291635	16291811
140337357	140337533
108681791	108681967
4577075	4577251
117279853	117280029
5401656	5401832
989924	990100
190861734	190861910
109281105	109281281
65450776	65450952
177262212	177262388
159093748	159093924
40899689	40899865
128972486	128972662
57049627	57049803
115729056	115729232
1026374	1026550
100482369	100482545
128907251	128907427
187475739	187475915
48018378	48018554
155003995	155004171
69137621	69137797
146101573	146101749
16266563	16266739
6919500	6919676
25995425	25995601
4262015	4262191
119191707	119191883
38784549	38784725
128653891	128654067
12731113	12731289
42521955	42522131
141531257	141531433
72723509	72723685
163418840	163419016
96077443	96077619
120134190	120134366
178297318	178297494
104125391	104125567
174912067	174912243
88770232	88770408
40843116	40843292
127711915	127712091
4882357	4882533
76215126	76215302
148978154	148978330
72638430	72638606
1914865	1915041
128400282	128400458
6734462	6734638
154497425	154497601
78230119	78230295
54179778	54179954
3597431	3597607
141281384	141281560
1402322	1402498
76633640	76633816
74733607	74733783
3011153	3011329
166458263	166458439
100039393	100039569
113558517	113558693
155338087	155338263
72598534	72598710
1812071	1812247
123835544	123835720
40608504	40608680
99034290	99034466
144633056	144633232
181587442	181587618
1815762	1815938
6475948	6476124
14789631	14789807
111437614	111437790
3436625	3436801
38858411	38858587
73775302	73775478
6089518	6089694
72050024	72050200
187681280	187681456
8322222	8322398
79860626	79860802
37391704	37391880
95492587	95492763
130089119	130089295
151138552	151138728
141247653	141247829
71767978	71768154
185203605	185203781
38036984	38037160
8112389	8112565
152966989	152967165
75973533	75973709
76649193	76649369
5826487	5826663
170696019	170696195
146531063	146531239
48005694	48005870
6894248	6894424
89735565	89735741
6622860	6623036
55543649	55543825
78739403	78739579
174092364	174092540
8237961	8238137
73161765	73161941
177198822	177198998
175685446	175685622
184171141	184171317
187649397	187649573
26460928	26461104
89140306	89140482
115307896	115308072
72806811	72806987
71517986	71518162
89300085	89300261
47935919	47936095
187641177	187641353
99669887	99670063
15151532	15151708
156363539	156363715
188915125	188915301
167013191	167013367
135856571	135856747
25859116	25859292
17599248	17599424
48683962	48684138
96087185	96087361
153561564	153561740
123372047	123372223
76817013	76817189
78880799	78880975
175795199	175795375
152682280	152682456
8408720	8408896
24474695	24474871
17113974	17114150
7103841	7104017
150185436	150185612
17513710	17513886
125632692	125632868
8299540	8299716
159823814	159823990
174341559	174341735
129474580	129474756
8194478	8194654
74174038	74174214
39593031	39593207
113683987	113684163
87855958	87856134
3558068	3558244
22899264	22899440
73568043	73568219
68412791	68412967
55299969	55300145
25314164	25314340
185932703	185932879
74669039	74669215
133563460	133563636
55307124	55307300
140661777	140661953
190724226	190724402
77904164	77904340
17787600	17787776
7846067	7846243
74908497	74908673
3454284	3454460
47492688	47492864
144175676	144175852
151788300	151788476
110899152	110899328
100733066	100733242
40552979	40553155
101017263	101017439
153329811	153329987
147466374	147466550
184642567	184642743
38186110	38186286
99916785	99916961
2600443	2600619
38875246	38875422
151881355	151881531
185018518	185018694
108575871	108576047
48343498	48343674
13370053	13370229
154684664	154684840
170290919	170291095
164191140	164191316
13195345	13195521
71870027	71870203
79092729	79092905
148629410	148629586
102090505	102090681
17514059	17514235
153856417	153856593
68784257	68784433
125255314	125255490
177968594	177968770
120480338	120480514
154694378	154694554
154566437	154566613
129565953	129566129
56212368	56212544
187284302	187284478
166277211	166277387
48447775	48447951
119693323	119693499
122383934	122384110
55549884	55550060
3951753	3951929
185208879	185209055
23616260	23616436
48781575	48781751
113243051	113243227
182223006	182223182
6682988	6683164
86718157	86718333
53242405	53242581
186130718	186130894
47487216	47487392
158125817	158125993
109811768	109811944
84503464	84503640
79511616	79511792
54480881	54481057
67953743	67953919
83045215	83045391
81282577	81282753
87857590	87857766
16766364	16766540
107187446	107187622
104855429	104855605
84283744	84283920
74789157	74789333
26789836	26790012
144124071	144124247
26331888	26332064
37803805	37803981
80947387	80947563
171774676	171774852
73904683	73904859
86048840	86049016
152410791	152410967
186148531	186148707
187123122	187123298
119811338	119811514
38530776	38530952
41816673	41816849
170232913	170233089
141281026	141281202
27002549	27002725
77172933	77173109
174911371	174911547
14751647	14751823
146877553	146877729
99760550	99760726
124024151	124024327
129306850	129307026
101039017	101039193
6779675	6779851
109177828	109178004
2219197	2219373
8588448	8588624
140004782	140004958
55437458	55437634
120235610	120235786
44728472	44728648
35936113	35936289
15164436	15164612
25669854	25670030
96126107	96126283
74921900	74922076
142267447	142267623
122919347	122919523
1044724	1044900
38862557	38862733
48945507	48945683
177297291	177297467
128046123	128046299
73752481	73752657
31998357	31998533
44631372	44631548
88418406	88418582
47670967	47671143
139497995	139498171
119662209	119662385
96016608	96016784
95312066	95312242
78394772	78394948
184523928	184524104
1754324	1754500
159817332	159817508
144620167	144620343
3767667	3767843
86005663	86005839
184274805	184274981
150835770	150835946
102651763	102651939
99071661	99071837
122577446	122577622
130139626	130139802
110237083	110237259
82346340	82346516
40310209	40310385
159644443	159644619
54372185	54372361
113686877	113687053
85081037	85081213
10262472	10262648
1765328	1765504
150817692	150817868
140973354	140973530
153228943	153229119
72419437	72419613
7158662	7158838
48880245	48880421
113444248	113444424
2757790	2757966
6021504	6021680
174443315	174443491
155213871	155214047
26326898	26327074
36352803	36352979
68942060	68942236
48191853	48192029
37568473	37568649
3767361	3767537
38608226	38608402
54572679	54572855
159963400	159963576
7240136	7240312
17764411	17764587
147163169	147163345
9661436	9661612
88759479	88759655
167942815	167942991
71571282	71571458
174240082	174240258
92034373	92034549
169435574	169435750
190510462	190510638
57666027	57666203
77968300	77968476
82393177	82393353
146137796	146137972
129081296	129081472
181586017	181586193
156275194	156275370
55524939	55525115
128709788	128709964
83663456	83663632
1009077	1009253
15459288	15459464
178261019	178261195
71049482	71049658
19226627	19226803
23968451	23968627
30382103	30382279
109262639	109262815
40259919	40260095
81100809	81100985
106418164	106418340
42282442	42282618
155700611	155700787
103749531	103749707
180788544	180788720
144296918	144297094
146538147	146538323
174098495	174098671
77347523	77347699
123621378	123621554
7772198	7772374
54357308	54357484
6703185	6703361
150931814	150931990
113188074	113188250
6875135	6875311
109315085	109315261
89450081	89450257
129141524	129141700
167423099	167423275
100378510	100378686
56420713	56420889
78354616	78354792
116977707	116977883
187219583	187219759
159499754	159499930
114249789	114249965
127548514	127548690
42867705	42867881
74904233	74904295
189580375	189580551
76579147	76579323
6078213	6078389
186385497	186385673
159593430	159593606
1580945	1581121
1861194	1861370
160113287	160113463
140933866	140934042
10511516	10511692
140150744	140150920
77705487	77705663
6945395	6945571
109336609	109336785
68198442	68198618
79119190	79119366
52762083	52762259
41695753	41695929
170208169	170208345
41214712	41214888
120992496	120992672
140971569	140971745
5823425	5823601
152533812	152533988
108981418	108981594
48559588	48559764
186989278	186989454
129529303	129529479
4273760	4273936
106636936	106637112
14839594	14839770
109076665	109076841
99750086	99750262
128110089	128110265
6691832	6692008
124502510	124502686
49030577	49030753
38138360	38138536
37385356	37385532
77029679	77029855
142782240	142782416
53100710	53100886
113339350	113339526
84249720	84249896
128730425	128730601
27693845	27694021
81911174	81911350
2965216	2965392
53849832	53850008
107122621	107122797
17563873	17564049
4329426	4329602
173077086	173077262
48946775	48946951
145085719	145085895
153700752	153700928
184179063	184179239
148018254	148018430
15807923	15808099
168543960	168544136
154365380	154365556
6384067	6384243
83520620	83520796
173935542	173935718
79613313	79613489
134241847	134242023
170947419	170947595
88465063	88465239
26070951	26071127
68064591	68064767
84376741	84376917
173751480	173751656
185828473	185828649
169864261	169864437
103652402	103652578
39087633	39087809
141117070	141117246
129964801	129964977
112775751	112775927
170037084	170037260
87712375	87712551
142179833	142180009
48143123	48143299
104020999	104021175
63461083	63461259
41260933	41261109
44450993	44451169
145533113	145533289
87856191	87856367
17810221	17810397
157889755	157889931
127326637	127326813
142175584	142175760
40739024	40739200
113554670	113554846
23137523	23137699
84309560	84309736
139499088	139499264
74124267	74124443
140419000	140419176
141445020	141445196
99946091	99946267
10594886	10595062
119460681	119460857
155947279	155947455
68580831	68581007
115616038	115616214
124319385	124319561
69891068	69891244
