23590059	23590350
105512086	105512360
23455870	23456068
23322325	23322528
71605809	71605997
100095246	100095455
70193738	70193946
21560713	21560942
104544383	104544608
72219851	72220058
23246762	23246942
23292088	23292286
75075683	75075872
88237546	88237768
23656376	23656555
69283447	69283664
101112161	101112339
21165991	21166172
105818649	105818841
102983237	102983427
50999291	50999506
24901042	24901234
78488439	78488617
78328640	78328815
23578537	23578725
96027346	96027562
77342456	77342635
76853604	76853784
104013176	104013387
102427528	102427711
21077604	21077806
101367298	101367497
102780602	102780790
103759215	103759403
21482949	21483133
100906622	100906796
73371749	73371926
24802913	24803107
97050607	97050838
22940590	22940789
97207833	97208028
105994762	105994972
99984843	99985036
23521562	23521743
23122332	23122516
102094837	102095037
105106386	105106575
62304418	62304584
100659178	100659378
23527324	23527506
105837238	105837426
23849229	23849415
102904450	102904637
75762880	75763064
103571368	103571558
69378412	69378585
100883876	100884063
70285533	70285694
102990902	102991094
55240795	55240997
93418349	93418530
105442525	105442737
76448852	76449022
105292832	105293014
77534668	77534852
23797351	23797499
24766132	24766303
74292357	74292548
65453407	65453589
34261974	34262154
99732977	99733150
24950871	24951030
76027397	76027558
23369531	23369690
35882546	35882714
77380022	77380204
77519659	77519864
105234946	105235113
75955217	75955391
57533708	57533895
21572700	21572883
23464039	23464209
24058296	24058460
32721382	32721547
105030451	105030614
61719602	61719755
103541966	103542162
105116758	105116950
78121435	78121602
100991288	100991449
91639578	91639752
75774589	75774760
69596084	69596263
72983688	72983851
68050864	68051033
23523690	23523885
96566987	96567168
70494620	70494793
89506768	89506948
55272612	55272779
74718335	74718483
81919634	81919780
69255701	69255908
88480188	88480359
74195542	74195709
24527591	24527756
75770298	75770473
50809557	50809730
22860358	22860535
102563007	102563164
70051814	70051966
91885230	91885376
69291660	69291831
100606944	100607134
34697301	34697474
94603134	94603304
75327717	75327876
77251230	77251410
61092188	61092333
105553188	105553359
105175057	105175234
104274859	104275009
102701751	102701920
72887569	72887722
21323940	21324090
55556397	55556551
76177571	76177735
95155922	95156105
33045416	33045573
38343950	38344109
93605592	93605765
45737854	45737998
35891698	35891849
24559842	24560001
37411542	37411669
91790037	91790200
95908968	95909139
100196383	100196563
100574748	100574892
100491650	100491797
95898630	95898804
93147506	93147670
96741956	96742126
89493722	89493880
101701671	101701834
55239979	55240179
73698702	73698856
24379903	24380053
90865987	90866152
102512844	102513005
24578137	24578272
105556941	105557093
75413158	75413322
74829121	74829296
77537108	77537253
36843357	36843502
75380812	75380955
100850129	100850277
100844282	100844439
76517263	76517397
101317579	101317738
22855941	22856076
61028983	61029100
91164035	91164180
76120591	76120740
63855664	63855814
103544719	103544855
64761672	64761828
65290037	65290206
50101022	50101166
59974179	59974318
75555376	75555515
70047010	70047132
23442921	23443033
105957013	105957167
21536708	21536859
69330088	69330199
21341881	21342042
56806953	56807069
58633241	58633362
21074575	21074711
72187823	72187944
100448910	100449006
77767513	77767653
24483287	24483406
51240484	51240608
100539159	100539267
103966637	103966745
21439658	21439809
101121246	101121366
72322231	72322394
37074249	37074378
23538189	23538312
101119782	101119922
35141919	35142051
91752917	91753041
60632141	60632310
79064512	79064638
65689176	65689323
103985011	103985147
21508352	21508482
31676963	31677152
74100256	74100390
77339267	77339405
71284502	71284627
35876291	35876344
90701769	90701942
106829430	106829565
25275551	25275670
68038142	68038238
76044156	76044272
77679870	77679995
55158396	55158494
23341897	23341986
23039278	23039391
106410957	106411076
91224879	91224993
81930972	81931068
93153341	93153491
23025980	23026095
60043520	60043632
100659523	100659665
104372340	104372481
67893979	67894087
99882167	99882270
59911062	59911159
75599236	75599335
67633225	67633309
23734456	23734538
79033022	79033129
64811003	64811115
58574805	58574918
81630603	81630709
105952216	105952324
54833617	54833722
70198111	70198229
66537565	66537687
36156662	36156763
50571833	50571943
51244776	51244871
39336888	39336999
32724187	32724285
61492080	61492167
24423359	24423441
69310796	69310873
81529295	81529394
89133910	89134019
77111383	77111483
101129740	101129815
94406096	94406208
77413629	77413737
21575192	21575255
82456749	82456842
102237419	102237524
92923180	92923281
57784060	57784236
24685232	24685408
69262805	69262872
89259143	89259232
103384323	103384434
24032079	24032184
93181247	93181332
24101294	24101370
70070429	70070515
36539833	36539900
106551124	106551204
55821455	55821557
22942106	22942183
39700966	39701142
34308944	34309065
34800986	34801111
90985364	90985425
94952706	94952775
39484728	39484801
32404004	32404110
66962356	66962450
74945872	74945971
54814851	54814941
65103561	65103655
81421281	81421348
73938924	73939005
81316709	81316808
104561138	104561196
105294074	105294182
74761086	74761176
71439229	71439319
59495423	59495481
100589245	100589421
82032413	82032480
29243736	29243791
76445738	76445791
102173778	102173875
23287411	23287587
21439188	21439287
103607636	103607812
81637084	81637134
94359408	94359489
59594009	59594108
24630318	24630368
57649620	57649796
81453924	81454004
105669479	105669560
70512919	70512973
77114213	77114265
105363106	105363282
39938661	39938837
99855669	99855845
78446127	78446217
75372465	75372641
74684491	74684555
100621454	100621630
69574225	69574401
24712233	24712298
24028790	24028966
77782343	77782519
33029616	33029685
58968055	58968231
95893483	95893561
35873881	35873986
29078629	29078679
94468219	94468395
19614738	19614838
106004299	106004475
24399068	24399244
34568024	34568116
91643794	91643970
37117303	37117392
75079290	75079421
56941310	56941362
23770978	23771068
37667403	37667468
93439675	93439851
93685632	93685682
23026164	23026335
105915051	105915227
104376769	104376945
104603945	104604044
50346536	50346712
23952577	23952753
20715966	20716023
56331677	56331742
39837653	39837829
88958694	88958764
65226988	65227164
70540800	70540857
24906013	24906189
61736380	61736556
24008971	24009030
68133975	68134151
92378023	92378199
105635577	105635753
21159292	21159468
105947284	105947460
106667413	106667589
76557494	76557670
90526818	90526884
94373215	94373281
34145341	34145517
23764313	23764489
104467461	104467637
61655787	61655963
21226229	21226405
77561210	77561271
77606109	77606177
93626696	93626872
55518275	55518373
105748288	105748356
29220758	29220934
96460787	96460963
77379651	77379827
50332180	50332356
57126778	57126954
106725031	106725207
68171348	68171426
88655792	88655968
78173677	78173853
34318589	34318676
52246905	52247081
24881419	24881595
101368763	101368817
29223540	29223716
91369533	91369583
53427922	53428098
105218557	105218607
102964719	102964895
23322738	23322914
59522257	59522433
51327310	51327486
61923465	61923641
23127194	23127370
52243092	52243268
55679891	55680067
23829891	23829977
96890816	96890992
23902860	23902923
25179708	25179884
67993500	67993550
23399668	23399844
65879112	65879288
95565427	95565603
102131919	102132095
68085423	68085599
70724342	70724518
62361306	62361482
23770738	23770806
72980866	72981042
54805520	54805696
102529590	102529766
32852020	32852196
89479426	89479602
21325894	21326070
104367493	104367669
100752087	100752263
31551309	31551485
77525979	77526155
93673901	93674077
31825284	31825460
24801455	24801631
23768984	23769160
62629819	62629995
55737882	55738058
25148216	25148392
91282762	91282938
77176564	77176740
54795941	54796117
70014872	70015048
55912971	55913147
103241347	103241523
58539401	58539577
60798630	60798806
65450515	65450691
45315525	45315701
74724282	74724370
66291520	66291696
23113270	23113446
100751676	100751852
56198728	56198904
73415319	73415495
33057771	33057947
70041535	70041711
45382950	45383126
59106721	59106897
53773059	53773122
78914890	78915066
67886942	67887118
71422691	71422867
94503008	94503184
35610029	35610205
36994805	36994981
30844609	30844785
37026113	37026289
64770273	64770449
51422557	51422733
65268598	65268774
53076269	53076445
90439687	90439863
65358637	65358813
60155259	60155435
100462194	100462370
77925572	77925748
90381724	90381900
94085627	94085803
23831565	23831741
101372885	101373061
71570685	71570861
74967964	74968140
60364584	60364760
45722484	45722534
55904882	55905058
32542892	32543068
105560122	105560298
105666490	105666666
19503503	19503679
55189603	55189779
90405888	90406064
55039143	55039319
23525455	23525631
75271017	75271193
52445914	52446090
93500820	93500996
20999241	20999417
100784618	100784794
70553920	70554096
69183500	69183676
23706929	23707105
71633293	71633469
65881884	65881971
22843842	22844018
106441123	106441299
74926374	74926550
25512201	25512377
65630943	65631119
100351771	100351947
22025826	22026002
25602110	25602286
20346264	20346440
65138343	65138519
97405350	97405526
55896947	55897123
88634996	88635172
77013282	77013458
66071779	66071955
104597389	104597565
77617764	77617940
75985171	75985347
92325038	92325214
21131239	21131415
69813526	69813702
103557954	103558130
91893707	91893883
93156800	93156976
71789469	71789645
70002069	70002245
38063462	38063638
64604504	64604680
64237010	64237186
100523363	100523539
96032595	96032771
31553669	31553845
99786477	99786653
93604395	93604571
35803313	35803489
55191605	55191781
57341227	57341403
74213221	74213397
95897630	95897806
69727930	69728106
95827879	95828055
68086545	68086721
36287686	36287862
77591445	77591495
50787868	50788044
67604569	67604745
68715247	68715423
30739965	30740141
78495927	78496103
30683771	30683947
76175647	76175823
75920721	75920897
105151653	105151829
77277408	77277584
21945204	21945380
101370771	101370947
34793656	34793832
70480096	70480272
69926925	69927101
106477902	106478078
83176692	83176868
100413325	100413501
49964540	49964716
99859493	99859669
105399804	105399980
75773728	75773904
101649691	101649867
92573068	92573244
77494197	77494373
21335210	21335386
95015844	95016020
50505122	50505298
25501741	25501917
39937210	39937386
50529343	50529519
36574671	36574847
52598531	52598707
61928599	61928775
100769549	100769725
65753284	65753460
81735855	81736031
25074704	25074880
37022963	37023139
21535191	21535367
56958143	56958319
22782719	22782895
68303839	68304015
104624031	104624207
68410683	68410859
103391097	103391273
31343550	31343726
29226446	29226622
100545316	100545492
65231579	65231755
103747913	103748089
103061004	103061180
100149170	100149346
81462764	81462940
35837063	35837239
55883673	55883849
106610151	106610327
34493135	34493311
78630690	78630866
39191143	39191319
60816714	60816890
96565174	96565350
37809729	37809905
64527488	64527664
34433809	34433985
31031607	31031783
69468882	69469058
69829865	69830041
27453865	27454041
60651167	60651343
95147757	95147933
66427826	66428002
64977880	64978056
65427482	65427658
93700409	93700585
74225099	74225275
20612182	20612358
24777400	24777576
50328908	50329084
101006905	101007081
68066799	68066975
74674763	74674939
30018227	30018403
55033632	55033808
105189981	105190157
96075844	96076020
31979435	31979611
96763452	96763628
93579766	93579942
21924476	21924652
75608809	75608985
54642154	54642330
20795542	20795718
91023526	91023702
106805023	106805199
36710526	36710702
88082503	88082679
31919328	31919504
32395383	32395559
33901716	33901892
62327112	62327288
63743595	63743771
92819051	92819227
22788306	22788482
57953582	57953758
59159162	59159338
89335019	89335195
21966839	21967015
106472262	106472438
78457803	78457979
104387877	104388053
76373157	76373333
70193528	70193603
20774075	20774251
20884022	20884198
79303273	79303449
58862523	58862699
70784686	70784862
90768020	90768196
60531337	60531513
24135201	24135377
74334994	74335170
24766906	24767082
92359337	92359513
55022492	55022668
103821228	103821404
92116367	92116543
34770456	34770632
64108187	64108363
88354582	88354758
103160964	103161140
100542584	100542760
22191770	22191946
89643876	89644052
104976086	104976262
97477204	97477380
37715669	37715845
57046125	57046301
23410218	23410394
55030821	55030997
60431834	60432010
91367133	91367309
105337190	105337366
21402414	21402590
67983924	67984100
78621296	78621472
21458529	21458705
74226127	74226303
31756060	31756236
91607131	91607307
65377697	65377873
105999223	105999399
73442589	73442765
36348997	36349173
71088928	71089104
75489471	75489647
22568608	22568784
35192271	35192447
101237575	101237751
50470212	50470388
76326995	76327171
78228088	78228264
96240760	96240936
76260966	76261142
103763419	103763595
58000033	58000209
29990847	29991023
33944972	33945148
106974347	106974523
97033717	97033893
106495749	106495925
78119914	78120090
32938696	32938872
100936953	100937129
49640574	49640750
92365714	92365890
53390861	53391037
70563687	70563863
93651354	93651530
32835558	32835734
101294486	101294662
105956079	105956255
67752676	67752852
106933712	106933888
60661989	60662165
91604894	91605070
23314118	23314294
52510502	52510678
97165718	97165894
73975427	73975603
51836649	51836825
74037747	74037923
71373976	71374152
99991300	99991476
57022767	57022943
97030840	97031016
21372673	21372849
67585056	67585232
96180430	96180606
30753146	30753322
104073500	104073676
78271030	78271206
93582192	93582368
106947985	106948161
94271112	94271288
93079500	93079676
94900340	94900516
75726320	75726496
37702195	37702371
62646206	62646382
94402696	94402872
91950624	91950800
54887308	54887484
29485601	29485777
76568420	76568596
76522602	76522778
90234222	90234398
64194873	64195049
78017773	78017949
23947637	23947813
25159776	25159952
53521719	53521895
42069825	42070001
107083070	107083246
31449434	31449610
52118699	52118875
88700343	88700519
60099166	60099342
69175202	69175378
36283726	36283902
55280943	55281119
69557013	69557189
21571788	21571964
36538767	36538943
59041452	59041628
23452587	23452763
94598731	94598907
22446535	22446711
62593682	62593858
60654938	60655114
62197544	62197720
75412026	75412202
94609694	94609870
32713713	32713889
24196899	24197075
59485801	59485977
87121008	87121184
55712487	55712663
30474430	30474606
53308158	53308334
78283793	78283969
94889929	94890105
74968951	74969127
69618350	69618526
25422602	25422778
56889405	56889581
37242376	37242552
106653231	106653407
97145465	97145641
92181239	92181415
65419821	65419997
25204213	25204389
77383563	77383739
95993826	95994002
21076969	21077145
19108115	19108291
55604991	55605167
22903132	22903308
67091159	67091335
50320606	50320782
92795284	92795460
34529494	34529670
64896819	64896995
89549025	89549201
65486747	65486923
51181279	51181455
103057030	103057206
35853937	35854113
73386832	73387008
73290143	73290319
76964203	76964379
30991215	30991391
93250269	93250445
94115285	94115461
29104748	29104924
55600307	55600483
76443306	76443482
53290386	53290562
99738531	99738707
58598305	58598481
77423059	77423235
80669406	80669582
94369978	94370154
101236798	101236974
102888127	102888303
69568096	69568272
23563734	23563910
77618649	77618825
33180395	33180571
24199279	24199455
102024434	102024610
36003464	36003640
93598891	93599067
100029596	100029772
101779722	101779898
33653917	33654093
40887102	40887278
107012780	107012956
56174154	56174330
80522622	80522798
100851574	100851750
73409761	73409937
52462967	52463143
77489942	77490118
102784368	102784544
93347272	93347448
31125480	31125656
64626416	64626592
105147767	105147943
69234263	69234439
47121097	47121273
32482375	32482551
23334803	23334979
104541998	104542174
74416643	74416819
70175648	70175824
21269975	21270151
64945503	64945679
39504003	39504179
74416995	74417171
103987507	103987683
104836700	104836876
103251993	103252169
74515156	74515332
95215233	95215409
75981734	75981910
88362852	88363028
23182444	23182620
26007162	26007338
23775060	23775236
54976419	54976595
63641487	63641663
105287142	105287318
23638432	23638608
23476113	23476289
93579219	93579395
31080311	31080487
23546148	23546324
42693580	42693756
22386120	22386296
103439024	103439200
100660073	100660249
79314693	79314869
56949084	56949260
99927337	99927513
97764758	97764934
67826708	67826884
104760550	104760726
105757385	105757561
62390178	62390354
52766516	52766692
105442128	105442304
56584992	56585168
107042210	107042386
22471132	22471308
103565806	103565982
97605262	97605438
106877425	106877601
78694151	78694327
101550203	101550379
106993631	106993807
105407185	105407361
71034678	71034854
106734203	106734379
106642603	106642779
55627823	55627999
36352951	36353127
21304919	21305095
51086388	51086564
50474112	50474288
