225662696	225662978
201528859	201529107
32429750	32429977
16514283	16514532
21695035	21695264
46993739	46993986
114889190	114889472
211828595	211828829
201673366	201673617
113258964	113259191
212629283	212629497
110319526	110319777
26324676	26324916
46502797	46503009
33177836	33178121
11097744	11097956
11702549	11702758
29208638	29208894
45118588	45118819
181111661	181111900
11898802	11899027
26221909	26222200
31274654	31274886
31252483	31252715
41418221	41418440
110527098	110527326
182365907	182366129
31181010	31181230
67966173	67966412
16951479	16951709
21581783	21582003
203307624	203307837
20820357	20820564
203242274	203242505
108668214	108668434
22290536	22290745
9927606	9927820
28184623	28184844
6306853	6307082
9687080	9687357
110074971	110075186
17036363	17036586
11779898	11780119
33833422	33833654
110316352	110316581
111002958	111003162
182112387	182112587
27371097	27371325
205225360	205225578
21697119	21697338
27115710	27115928
32254856	32255100
16335594	16335808
43693009	43693212
234634892	234635122
37920526	37920744
17452330	17452545
36615188	36615424
31384265	31384494
167411451	167411671
45060871	45061092
113346871	113347082
1837723	1837953
29562853	29563079
27627364	27627585
12679910	12680143
23425297	23425505
16118598	16118811
205561016	205561257
12184927	12185151
7727672	7727911
211871874	211872126
156890221	156890466
46645273	46645482
205628127	205628341
16570941	16571162
244436403	244436606
205626747	205626964
22747019	22747235
180502727	180502933
85219288	85219501
206663492	206663725
31192141	31192375
231347137	231347343
226309216	226309444
117279995	117280204
23963981	23964196
9551177	9551407
167035943	167036161
27423945	27424169
16382637	16382864
157060002	157060222
23871281	23871482
46943158	46943382
181159094	181159310
26362526	26362754
36886480	36886692
180148033	180148246
16405445	16405657
3827426	3827640
90270307	90270523
156066483	156066691
29529448	29529658
205760800	205760999
23866349	23866581
52468050	52468250
22458470	22458698
235247101	235247306
11954052	11954279
165883497	165883693
228318755	228318971
204332844	204333068
26137382	26137609
222638738	222638980
22743150	22743362
47644893	47645103
201865085	201865342
168409088	168409316
44471409	44471626
155035210	155035430
16067925	16068135
112912353	112912574
211687386	211687605
180485048	180485267
205242671	205242889
90228574	90228806
36982044	36982248
156659366	156659588
41314294	41314491
16408908	16409116
16359380	16359611
24136280	24136493
9935015	9935219
27429264	27429483
203830475	203830697
31895645	31895857
113423658	113423859
66153435	66153638
23730495	23730710
156100176	156100386
155057220	155057440
9256578	9256781
43539369	43539583
227015832	227016064
26648095	26648328
201012120	201012314
6464777	6465001
212650575	212650788
32129527	32129731
6403571	6403774
25015125	25015333
204131703	204131920
2126704	2126912
3341324	3341542
226821902	226822112
36653831	36654037
2313237	2313461
48176224	48176434
227669326	227669526
205454681	205454907
6305166	6305388
202540951	202541144
40439238	40439453
95699575	95699797
37041759	37041970
40804442	40804655
33238661	33238880
37899966	37900174
156195292	156195495
116681734	116681986
53951212	53951427
47658648	47658856
27293472	27293676
201451278	201451499
24098711	24098908
8374432	8374630
202088160	202088371
226163729	226163944
29203761	29203966
41898448	41898668
235257233	235257433
222628543	222628749
31255258	31255461
157125868	157126087
8909007	8909234
201223761	201223978
117041749	117041957
159130862	159131074
227950202	227950421
204958519	204958733
40167617	40167811
110088985	110089170
155140395	155140615
26718060	26718253
156859966	156860175
22968585	22968803
19239616	19239870
25174492	25174713
27883345	27883537
205888187	205888376
200772100	200772307
111765581	111765793
226312938	226313158
156355483	156355676
36565277	36565486
1057555	1057776
155959237	155959449
85575171	85575388
35208350	35208557
26471668	26471880
173400428	173400625
155220557	155220802
39283874	39284108
184774799	184775009
5805932	5806136
223254798	223255028
114447773	114447983
19147324	19147542
110855274	110855488
54955109	54955347
41882830	41883042
156647896	156648098
3369771	3369994
230446392	230446602
182054133	182054343
2479523	2479726
27324216	27324410
67614902	67615135
167657231	167657422
212838660	212838868
156415688	156415887
155034043	155034240
153483475	153483689
249101402	249101612
94279643	94279822
160162961	160163160
224701500	224701711
120413617	120413815
68319405	68319606
201678693	201678903
109820146	109820334
111038691	111038888
46035817	46036005
117027932	117028168
24717829	24718047
201978758	201978966
15373095	15373300
26123402	26123597
12719053	12719267
12268981	12269188
39724398	39724592
181906170	181906365
21985657	21985886
226150167	226150392
180221858	180222050
226033565	226033763
31656912	31657095
42039858	42040055
10488186	10488367
223871991	223872182
36034619	36034834
27932924	27933153
202821507	202821704
206757077	206757292
208195243	208195443
181135794	181135988
110648812	110649010
206234480	206234676
44229212	44229403
120156485	120156687
8409098	8409330
201499966	201500170
214502237	214502453
19977724	19977923
840060	840282
160070858	160071064
156060592	156060796
43379123	43379329
110186036	110186231
37169390	37169600
17563627	17563811
36240361	36240542
208136919	208137184
20478894	20479097
113585320	113585536
21023000	21023218
201762248	201762434
245206046	245206234
26431531	26431723
112933536	112933738
68001171	68001361
27721966	27722167
19210711	19210924
153541068	153541288
150141249	150141460
2345905	2346117
186181841	186182025
202688800	202688998
21521727	21521927
46912592	46912802
11710563	11710786
32879637	32879819
61444730	61444917
24243367	24243577
175121255	175121445
228688729	228688927
225960077	225960276
164756624	164756827
18923993	18924198
43243638	43243831
7707369	7707574
204776142	204776354
41733928	41734133
112024349	112024551
111067176	111067376
45251856	45252057
151273445	151273635
113351923	113352116
3641047	3641252
15426952	15427146
205498171	205498372
160346391	160346591
157459242	157459426
230933703	230933898
20244590	20244783
40119274	40119470
18908002	18908204
3481878	3482080
203087030	203087224
41078043	41078238
246166522	246166712
32986123	32986302
174998960	174999146
226735476	226735668
919611	919818
156036198	156036395
202284804	202285007
20848909	20849103
90418841	90419033
156352847	156353043
10554772	10554978
211307438	211307769
110596542	110596736
168051570	168051764
30265951	30266140
46813849	46814040
181053502	181053703
44400491	44400751
176529057	176529231
55137791	55137984
223886006	223886190
109104441	109104638
9349161	9349336
151707610	151707802
168312018	168312227
200948811	200949010
150785664	150785864
110750471	110750657
41315743	41315956
36600398	36600604
27989732	27989941
43994880	43995077
113683224	113683423
184633169	184633380
112050918	112051113
36565669	36565873
207108898	207109100
207672945	207673125
50798737	50798939
147362405	147362613
18902155	18902355
32681309	32681506
182931737	182931926
39568303	39568501
205030789	205030978
26743591	26743804
208002019	208002205
208058508	208058708
3407863	3408058
110955230	110955424
214434942	214435146
39564425	39564609
17988161	17988356
233926937	233927121
27935233	27935440
9327250	9327459
55276218	55276411
40004930	40005142
11809305	11809493
227100396	227100585
109743839	109744030
153505681	153505898
47190989	47191179
154851033	154851233
35252154	35252336
10567588	10567785
150997133	150997339
146966883	146967067
7962892	7963079
32014560	32014743
1976333	1976543
158094852	158095039
172419155	172419360
9170908	9171097
28844592	28844801
146714122	146714333
206837605	206837805
168572828	168573023
70953646	70953850
156695661	156695855
45259436	45259629
37074951	37075143
171614156	171614338
53859071	53859270
23823646	23823854
228703074	228703238
28575076	28575265
117117338	117117505
25428006	25428190
6101607	6101802
36181158	36181348
24525859	24526055
206718209	206718408
109806272	109806541
154518960	154519161
45769688	45769899
156829925	156830135
244462834	244463021
14286978	14287155
161179692	161179881
26690384	26690582
26611649	26611856
39052794	39053001
228134373	228134588
205366254	205366418
60225206	60225389
17820833	17821034
15455102	15455305
229363277	229363481
51762551	51762757
45265425	45265633
203671314	203671491
39301002	39301183
184951364	184951560
117610500	117610693
201083335	201083523
150952036	150952232
44460548	44460742
113249977	113250207
219834486	219834673
223307098	223307292
167503117	167503304
209866330	209866517
205294644	205294828
6408078	6408282
235416610	235416781
67461836	67462020
20301377	20301556
15757693	15757913
156808777	156808973
154532067	154532260
153650259	153650449
167772634	167772842
207251223	207251404
220950123	220950319
54414785	54414964
32029755	32029938
68808517	68808704
23256896	23257092
205493502	205493695
145457310	145457486
12178760	12178946
32713847	32714052
7729611	7729806
160398485	160398658
211496895	211497072
9785139	9785343
9844707	9844884
19670933	19671128
114825524	114825699
207752762	207752955
6498155	6498340
32211305	32211507
40282566	40282760
115681612	115681811
85238122	85238290
110997898	110998090
46998576	46998778
13992271	13992451
33761175	33761371
203236490	203236655
160967204	160967401
45075215	45075407
228141676	228141871
110075560	110075738
176344221	176344384
55462124	55462344
234458832	234459017
120154320	120154516
66708431	66708637
230303201	230303382
968392	968599
151507266	151507453
116012383	116012564
153467466	153467649
151906582	151906766
153721970	153722156
15599101	15599305
9555377	9555585
1977981	1978174
165687232	165687405
165570973	165571155
116694734	116694945
21922109	21922296
165362212	165362415
26826754	26826958
68027421	68027631
156553931	156554106
212541436	212541602
35063593	35063779
95320048	95320241
182775484	182775670
46872099	46872277
9065255	9065441
29111708	29111890
204733018	204733221
246917304	246917485
151809018	151809192
206807723	206807912
27714985	27715168
26560340	26560518
109736372	109736558
6550011	6550188
91630903	91631088
211854163	211854340
157281023	157281211
12091385	12091587
154452418	154452596
5890893	5891089
32059684	32059869
35916751	35916943
178971893	178972097
6780151	6780327
155293144	155293341
176850208	176850399
54326666	54326830
36192522	36192703
24397428	24397634
26602123	26602293
47854540	47854716
219986051	219986234
32866512	32866712
45766010	45766196
178511712	178511915
37019520	37019708
231493686	231493842
59012448	59012647
120491340	120491522
45301623	45301791
226521199	226521380
109055220	109055380
245319831	245320043
43703853	43704049
179675591	179675765
228800251	228800420
109655369	109655562
2718255	2718445
201417318	201417520
202569344	202569538
1891567	1891768
57297650	57297838
159906307	159906485
204944868	204945047
11705818	11705997
202104395	202104585
32405524	32405710
175343039	175343233
229393877	229394041
111326018	111326192
161708625	161708796
10927217	10927447
180157400	180157594
160576995	160577157
93459755	93459930
154642250	154642431
21835643	21835835
207872310	207872520
85070352	85070519
231227775	231227962
110745712	110745870
160651368	160651583
35667796	35667972
118217265	118217447
178501545	178501731
245316397	245316575
149192772	149192955
116138537	116138722
87597514	87597708
111158472	111158652
166879721	166879901
44760472	44760661
156629818	156630095
205680359	205680511
44843967	44844160
235267586	235267794
206907977	206908157
23303006	23303191
202594628	202594831
29706105	29706281
207155564	207155740
85773910	85774135
118296793	118296976
47898145	47898333
8035430	8035625
153328052	153328238
40609780	40609938
50834216	50834403
33552040	33552241
246862552	246862731
17386237	17386432
95271479	95271650
202162049	202162239
54587328	54587528
28929455	28929627
157475540	157475706
16321106	16321301
19201797	19201990
200479353	200479518
62996311	62996493
61515653	61515839
203309287	203309467
95509063	95509225
24718892	24719065
37953050	37953249
155908049	155908212
38148150	38148313
44683481	44683663
203008553	203008726
40781030	40781233
152025132	152025310
39074033	39074231
19980269	19980442
159181411	159181588
162025866	162026058
145713673	145713872
205304816	205305007
182570582	182570745
3702112	3702294
229797097	229797287
31402326	31402506
151940546	151940731
111162067	111162246
52607627	52607843
183885199	183885362
32281635	32281821
246656036	246656211
55743284	55743485
165562272	165562445
38506272	38506449
40385270	40385468
43880382	43880585
154990046	154990250
10490352	10490536
154321001	154321182
156897650	156897853
46689242	46689398
17278252	17278432
42612615	42612800
153325028	153325194
201330865	201331029
17933434	17933616
212004071	212004264
6787626	6787797
21596774	21596975
204776405	204776613
228401280	228401473
156675815	156676013
120286795	120286983
50814473	50814640
17828904	17829093
113420970	113421159
161162399	161162561
12336410	12336596
117424511	117424685
39876670	39876841
151128567	151128752
220983577	220983771
201192088	201192275
33936174	33936341
41134638	41134820
40771241	40771413
223899987	223900192
155064013	155064189
16142115	16142278
197838152	197838308
167237170	167237331
161456920	161457091
70994523	70994692
113008839	113009027
91631795	91631963
25258824	25259021
101754081	101754238
45825571	45825745
25850119	25850294
240061528	240061696
1840468	1840669
200941177	200941363
247134756	247134937
94095140	94095289
27179677	27179854
53744002	53744168
233376930	233377092
76619897	76620077
31867564	31867760
9048194	9048369
117360306	117360488
204098246	204098433
211751156	211751347
155176731	155176914
205601153	205601336
234201688	234201853
212185399	212185577
186451912	186452072
9515917	9516104
24077876	24078056
175726616	175726798
220050129	220050277
8042456	8042620
223858277	223858441
10398203	10398365
47902217	47902394
175124109	175124268
54535873	54536051
24439106	24439295
213168944	213169093
147364947	147365097
197326180	197326337
212631217	212631381
154244720	154244906
150979282	150979447
41239950	41240131
225668718	225668887
145542943	145543143
183624714	183624876
181007680	181007835
226384768	226384956
35318287	35318584
150022658	150022822
184191807	184191980
172413199	172413383
33338319	33338493
20427497	20427668
39558131	39558299
27372496	27372666
248100271	248100520
228187165	228187355
144918113	144918252
120351697	120351859
162847905	162848087
153165284	153165451
236135130	236135291
52362640	52362788
111323575	111323743
17746430	17746629
26910730	26910890
999272	999445
60437157	60437326
182751540	182751709
185139635	185139810
6340944	6341134
236267044	236267219
30705256	30705417
28417822	28417965
204183442	204183607
47641123	47641270
101704389	101704563
193090962	193091134
43388719	43388893
14898442	14898619
242059786	242059940
7268056	7268229
208418675	208418829
53151975	53152170
27849703	27849882
54738692	54738874
204096869	204097047
34098730	34098888
209801088	209801267
151974295	151974470
90098480	90098689
20901817	20901988
210033754	210033921
203578643	203578817
118301546	118301734
27435728	27435898
156414296	156414460
20757004	20757184
30558871	30559064
28535486	28535634
45480242	45480418
17980362	17980544
226814263	226814446
48192027	48192203
10437567	10437729
27995739	27995929
151313434	151313593
223348479	223348639
55606341	55606477
94309923	94310061
209750166	209750332
2063766	2063930
101774900	101775068
93324525	93324675
45978359	45978534
2486436	2486603
3535668	3535814
41414699	41414860
11845311	11845490
206982071	206982236
15650142	15650330
21558583	21558737
27204558	27204715
36912033	36912196
38503439	38503613
206652955	206653105
200457914	200458068
150138280	150138460
78366487	78366642
62054425	62054598
23031055	23031210
11002106	11002281
27004001	27004181
23511243	23511417
208305632	208305803
91187085	91187256
150457465	150457637
30584416	30584573
110739638	110739804
161147556	161147732
26928956	26929100
17732756	17732924
22602420	22602587
156627321	156627515
153769790	153769955
231451637	231451830
223936925	223937105
41096303	41096476
112298193	112298372
247553503	247553662
166699687	166699871
25176304	25176465
53370645	53370807
43196830	43196990
246614152	246614279
20966729	20966876
114521495	114521664
229650524	229650679
151665656	151665816
220011193	220011350
1376352	1376548
228261649	228261830
165894033	165894175
1227330	1227484
171454461	171454608
145421757	145421905
144535361	144535494
55410884	55411044
110182948	110183107
160696706	160696886
34078583	34078742
162362010	162362152
171624748	171624908
57286822	57286977
30853336	30853483
36010734	36010892
230404744	230404918
157163523	157163702
78580174	78580331
61919153	61919314
40265416	40265601
7278402	7278567
179783987	179784150
23290781	23290934
162770141	162770285
70500230	70500395
41328221	41328407
206804530	206804691
162817754	162817901
71151087	71151248
32914032	32914163
12027274	12027453
201055153	201055320
116314590	116314739
55257683	55257841
154307640	154307801
234733779	234733921
175288875	175289032
37789468	37789639
147727246	147727399
11021156	11021326
169515748	169515905
33352241	33352412
60413093	60413262
160055521	160055679
168204592	168204749
207845992	207846126
41981844	41982043
52000773	52000928
153744484	153744655
211688851	211689055
203185420	203185580
156862164	156862335
62107489	62107662
109631942	109632105
244960230	244960372
156111072	156111250
41788650	41788828
36808407	36808585
150227866	150228026
210757832	210757988
10092642	10092805
64734846	64734997
85725367	85725529
3773836	3773979
90452873	90453016
208416613	208416789
162583592	162583727
15354084	15354248
40071970	40072113
45195048	45195198
19668063	19668232
183250718	183250877
12844037	12844182
150533497	150533654
204910954	204911114
201482188	201482356
204415616	204415784
175857166	175857343
154158661	154158832
110659170	110659323
156696481	156696635
18249454	18249614
201377445	201377594
213547749	213547912
179048402	179048568
203456977	203457139
111173495	111173650
173389581	173389739
183592452	183592591
182271010	182271164
154317809	154317976
212803469	212803646
167028494	167028651
38325835	38326012
53166687	53166815
204777314	204777467
65681364	65681512
161041710	161041889
87617689	87617863
48667947	48668088
244964597	244964767
203594887	203595021
152430995	152431141
93214702	93214842
208155424	208155573
172398573	172398706
10970059	10970236
52762047	52762190
51655216	51655352
45484423	45484582
24528472	24528617
206831915	206832080
6546630	6546787
27611287	27611436
20688411	20688551
234622818	234622957
44502339	44502514
97311103	97311273
36030334	36030468
151566730	151566893
3823872	3824024
33520827	33520981
91995551	91995689
33921526	33921675
15131236	15131401
109370850	109370993
32421721	32421917
147313165	147313305
20539450	20539613
116524128	116524266
86885087	86885233
24137382	24137536
232002538	232002685
149204369	149204536
9161702	9161871
175094509	175094658
207085956	207086092
22992364	22992526
179261592	179261747
117827326	117827463
11424356	11424503
911524	911677
100925190	100925337
38955580	38955729
233576732	233576867
20521761	20521902
14292406	14292557
55487840	55488008
36751176	36751300
32170890	32171054
224691085	224691277
12841771	12841901
118077736	118077873
54547437	54547582
202124072	202124208
153482319	153482496
208042483	208042646
8731476	8731610
157961862	157962019
201088462	201088606
29658832	29658985
51807721	51807865
156577971	156578111
1555562	1555720
15478920	15479082
41748462	41748641
150436934	150437101
167026585	167026740
54776770	54776941
60747140	60747296
160645489	160645636
233530738	233530871
19567840	19567965
202938235	202938350
19908844	19908972
152933239	152933415
157044110	157044280
159750395	159750548
53379381	53379533
76098154	76098289
202968497	202968618
11967837	11967929
89985465	89985600
118438233	118438372
154916356	154916513
19181245	19181405
46908082	46908218
153959320	153959450
21661296	21661458
46953557	46953703
67813481	67813621
203840283	203840421
196117656	196117779
12139727	12139888
115655514	115655695
154934419	154934583
110036585	110036717
91748380	91748522
202433429	202433560
2929131	2929324
241051446	241051615
197893765	197893906
10010485	10010625
21900649	21900812
157933538	157933690
3531810	3531957
203141441	203141591
228528600	228528791
147196158	147196316
205198677	205198841
78610855	78611001
204535064	204535213
159861431	159861603
40123821	40123958
219559276	219559422
113261401	113261558
95507240	95507379
15828009	15828159
160132186	160132341
172697269	172697405
247536133	247536298
208267214	208267372
211798525	211798652
8621236	8621370
231053103	231053232
213088755	213088886
201968866	201969012
192415102	192415218
17600811	17600959
156115897	156116025
27684099	27684243
200591578	200591689
16531607	16531749
937287	937467
234261150	234261310
234917204	234917341
70203374	70203518
23543329	23543506
182415308	182415414
118358722	118358887
51524547	51524701
243100176	243100322
22643863	22644023
209527776	209527921
47088252	47088415
38455798	38455934
113044553	113044707
89948965	89949086
6113110	6113256
242121631	242121793
78149133	78149311
207985326	207985471
149764068	149764264
242181030	242181174
146861757	146861902
25566478	25566639
14421629	14421779
221376924	221377067
206310488	206310601
174186973	174187081
156658901	156659047
166699988	166700118
28798082	28798203
112879687	112879826
202153906	202154038
231942509	231942673
109654782	109654889
210484547	210484672
65289991	65290111
53132112	53132242
21543476	21543607
28969616	28969784
87758748	87758874
203238308	203238425
235256716	235256850
61230991	61231126
166403019	166403174
172714244	172714353
231739853	231739971
234445816	234445932
231892668	231892810
2738652	2738826
1307548	1307701
156426304	156426429
87299395	87299571
20088809	20088959
38276868	38277004
112901532	112901649
68582477	68582601
159102202	159102340
207258156	207258294
244615261	244615409
175403510	175403658
85410479	85410610
178737610	178737730
112290012	112290135
231726463	231726600
44703938	44704073
39657378	39657538
155163358	155163486
17029757	17029891
38027507	38027628
159976248	159976380
59118378	59118501
6483622	6483755
208412486	208412635
249135998	249136156
152158164	152158298
15105763	15105896
161067506	161067673
89823971	89824090
159915511	159915668
180137931	180138060
43396820	43396965
46799317	46799420
9675762	9675885
162327598	162327714
153919144	153919294
164587195	164587344
95774659	95774794
223705189	223705329
14140215	14140367
158968584	158968714
87916650	87916815
201154162	201154300
5570067	5570209
45958905	45959019
8978286	8978404
90511651	90511779
152890417	152890548
177915200	177915353
3643966	3644099
176812973	176813090
52093476	52093605
249200614	249200785
118214740	118214901
6169012	6169146
237032287	237032399
46216437	46216577
179779075	179779195
179038359	179038484
63782741	63782879
234614372	234614534
25224713	25224855
220906526	220906666
248020904	248021050
156880141	156880290
100173245	100173354
182038176	182038353
226612329	226612452
171374360	171374478
89551622	89551730
167370626	167370778
23188691	23188830
17662709	17662847
68585995	68586098
100816769	100816907
52870563	52870668
29742059	29742199
32443475	32443602
183439316	183439460
211649674	211649822
27677884	27678026
112312297	112312385
21023400	21023550
156450623	156450764
240139775	240139874
206781584	206781721
150505152	150505279
6265356	6265499
10213110	10213252
48559450	48559612
243488742	243488843
203473902	203474001
146644211	146644361
15631331	15631498
11724202	11724342
214505306	214505412
185967641	185967751
29839931	29840053
109112866	109112959
41826867	41827032
65541175	65541288
210580724	210580831
9310218	9310336
151371857	151371984
24742009	24742144
70975947	70976052
154971666	154971828
117598084	117598188
197584440	197584540
23215829	23215918
35253836	35253955
50799347	50799486
159184075	159184183
202895982	202896082
54059861	54060001
47213493	47213634
212872690	212872832
226388862	226389000
229694604	229694765
54220502	54220621
2040200	2040326
169681308	169681409
20492062	20492177
163379896	163379999
119910284	119910393
209921041	209921186
201450980	201451105
51657969	51658103
15241978	15242121
40138469	40138585
47728627	47728730
41057986	41058093
203053759	203053897
152505935	152506055
93426034	93426156
94527108	94527245
209742930	209743039
28739423	28739535
38492416	38492517
117306866	117306978
6614583	6614736
207738982	207739161
66414722	66414836
120428947	120429057
44412131	44412285
157460470	157460608
10270352	10270493
108870456	108870590
25935220	25935350
156767229	156767334
228526393	228526529
171196033	171196147
49038467	49038595
112841332	112841422
154249394	154249569
32782199	32782307
62641387	62641486
65701749	65701855
227636938	227637050
94801560	94801678
59235030	59235165
160048509	160048620
221047670	221047795
154506876	154506980
202470583	202470676
207578437	207578536
94511398	94511552
14440485	14440609
92083166	92083276
38231783	38231933
174044047	174044151
7130574	7130681
235580544	235580632
29524144	29524287
205557947	205558075
45121332	45121469
116711097	116711230
22432277	22432346
177150920	177151060
246175716	246175829
246852920	246853031
31635691	31635754
27623319	27623430
85086441	85086611
158091551	158091653
173224480	173224583
45180798	45180915
228659645	228659751
30170968	30171092
28439677	28439787
149934083	149934186
224832434	224832513
155995817	155995926
181448420	181448551
26488412	26488589
207080946	207081054
48463391	48463552
151969419	151969532
17274189	17274265
48575207	48575305
14864958	14865078
202625314	202625425
120510744	120510853
75155637	75155723
153545105	153545207
6950061	6950206
46646032	46646190
26946827	26947007
28306261	28306330
120092379	120092507
212464968	212465059
52593250	52593336
47000892	47001020
183654368	183654466
206899759	206899852
205110887	205110967
2107556	2107687
98519806	98519939
110334769	110334913
185650298	185650423
209609190	209609299
202158169	202158278
223418316	223418439
35147223	35147331
168421722	168421841
42277807	42277904
238027690	238027824
170640597	170640699
55844299	55844434
34628878	34629015
76457323	76457462
182564950	182565010
205457351	205457478
31654406	31654536
44399972	44400092
16801549	16801663
241998195	241998323
27659378	27659503
33764379	33764506
152413495	152413584
204400580	204400685
220469727	220469830
231861067	231861166
110630833	110630943
221651517	221651632
6694784	6694918
204463768	204463886
27524512	27524688
11397692	11397788
225965329	225965412
151416481	151416585
40368028	40368147
23000809	23000866
67998229	67998337
77999512	77999620
167525476	167525536
101215707	101215827
235578714	235578890
55738814	55738911
153261283	153261397
54891020	54891119
99645961	99646076
9070219	9070319
213243866	213243946
47915704	47915826
71515805	71515917
198655381	198655470
12061770	12061883
181122300	181122425
212208372	212208504
110572286	110572462
244110493	244110589
155017512	155017613
5574757	5574856
12167023	12167136
21824341	21824449
179220985	179221084
111308819	111308916
224294565	224294656
167189933	167190088
67955474	67955572
20031181	20031285
3200637	3200797
1285249	1285427
18857522	18857698
39649508	39649558
223297174	223297289
168115187	168115281
207038449	207038501
86078890	86079005
186955157	186955249
156579024	156579121
27136679	27136771
204415166	204415250
18629413	18629504
26019217	26019312
211643543	211643645
201547686	201547779
155196543	155196642
24194843	24195019
93770320	93770405
184435037	184435139
33399163	33399261
53910366	53910479
24477093	24477194
204176354	204176454
234728170	234728291
118694104	118694214
181104627	181104762
109251794	109251882
229850902	229850983
214506443	214506494
159768724	159768831
152162418	152162504
171770693	171770792
162006840	162006971
112199163	112199267
174231974	174232060
57050718	57050793
42780276	42780364
37116168	37116280
110523387	110523515
68231920	68232010
120018620	120018719
236772579	236772690
174063051	174063131
21861416	21861514
93527859	93528035
235677200	235677298
204227678	204227755
149658594	149658697
10574621	10574713
157465979	157466088
39853346	39853422
26490780	26490930
45012487	45012570
86047028	86047144
63429005	63429115
160804895	160804979
110041062	110041160
157347159	157347274
40185807	40185895
68226072	68226191
113615337	113615466
249152349	249152445
246280620	246280711
87491019	87491107
153162996	153163093
247997036	247997149
145589403	145589484
153250539	153250593
205400080	205400201
67191866	67191978
167895788	167895964
209381118	209381231
223263509	223263685
100274387	100274460
21817436	21817565
68577614	68577715
43212975	43213072
52391985	52392095
165897431	165897607
218433248	218433346
120125610	120125698
24716705	24716800
46347374	46347469
236615432	236615546
26868479	26868546
2023250	2023304
38440827	38440925
185529130	185529228
226065506	226065613
53651491	53651593
157133535	157133711
172711873	172711976
25847126	25847180
220219895	220220071
805248	805368
35909752	35909928
241694691	241694867
236917001	236917078
33684409	33684508
214387451	214387539
155936125	155936198
173883544	173883604
224888798	224888922
208166967	208167049
165338579	165338755
40870602	40870778
53647764	53647940
54147941	54147994
48204433	48204519
247844721	247844783
110554380	110554437
6201799	6201896
207152881	207152941
14155488	14155587
110033326	110033502
11538827	11538957
196692607	196692698
714187	714292
6583837	6583920
205641783	205641862
52234744	52234920
59250923	59251016
114522156	114522255
206785831	206785953
220392086	220392262
27743179	27743233
976126	976238
224033808	224033942
36834733	36834842
44569215	44569320
42639116	42639233
85086684	85086840
209422108	209422284
15655681	15655781
24961839	24961919
98516748	98516818
9648606	9648746
111876919	111877011
24868587	24868680
87550067	87550160
201317388	201317484
157918487	157918553
40550504	40550610
108293138	108293206
32936740	32936839
2703310	2703409
151224323	151224375
198125385	198125435
168054125	168054184
108324975	108325073
52814433	52814523
175115850	175115913
50737770	50737855
168130721	168130897
24181193	24181290
25364278	25364454
116249610	116249673
85402002	85402178
211822504	211822592
8075196	8075265
202243900	202243980
32327140	32327233
226796532	226796621
8919568	8919744
61391276	61391359
150253780	150253833
208049614	208049690
197149541	197149717
6142477	6142653
169317824	169317915
153600079	153600178
111942583	111942663
1875529	1875668
152842450	152842508
168148174	168148258
163331086	163331140
48221192	48221368
22534875	22534970
11380356	11380458
230909023	230909122
91317126	91317231
40498051	40498227
158763558	158763633
39650202	39650252
204329233	204329332
27970496	27970672
147172225	147172303
201941833	201942009
33342418	33342470
8091395	8091494
1225693	1225785
4712760	4712857
178743590	178743666
169555738	169555788
213295931	213296030
201847110	201847186
36323585	36323653
183197249	183197301
234462443	234462619
156595802	156595858
43201974	43202038
110466184	110466276
120205944	120206010
37486409	37486469
181394194	181394297
207970765	207970941
51339411	51339512
32228378	32228487
200249015	200249191
3400518	3400694
54181316	54181366
11925727	11925797
224238669	224238721
26517033	26517128
248859651	248859827
7813014	7813075
109782195	109782280
23695507	23695604
6328565	6328741
6231718	6231818
111573301	111573364
37856980	37857069
40544349	40544445
160016585	160016761
180890036	180890086
209775588	209775662
20990079	20990139
17811882	17812058
15177216	15177324
88646295	88646471
168312966	168313043
100151398	100151510
26356535	26356596
231342823	231342925
23961602	23961661
179837010	179837094
233161040	233161216
2314179	2314247
66912233	66912305
154909085	154909181
64003758	64003851
46767857	46767950
85190163	85190262
194668345	194668439
116150938	116151043
23984277	23984453
28686323	28686409
161617498	161617592
28414427	28414603
40618790	40618966
10002569	10002624
6035323	6035499
225506783	225506959
204367769	204367945
158476324	158476374
185565373	185565444
41469569	41469629
185176495	185176565
22109014	22109125
42977411	42977482
206635282	206635458
207432873	207432952
29508556	29508618
20959840	20959948
63907440	63907498
165098885	165099061
12335588	12335667
192775072	192775139
19766422	19766598
93284002	93284178
17928294	17928377
55803908	55803995
25899358	25899534
158057284	158057366
44966441	44966542
230768187	230768256
109942056	109942232
115300698	115300874
18152728	18152818
176435765	176435941
175345473	175345563
247650550	247650636
45285931	45285981
180832465	180832527
152626657	152626712
118697028	118697078
145588623	145588799
32083827	32083913
84588583	84588759
1311780	1311956
208171240	208171416
249120825	249121001
160738217	160738393
115595271	115595343
22349407	22349583
36348667	36348750
101334026	101334202
152114585	152114652
34090625	34090801
214296642	214296743
85410787	85410876
11942177	11942258
222269681	222269737
181888880	181888963
165373293	165373382
151043648	151043723
16918361	16918469
5697392	5697476
32529130	32529194
201278735	201278911
23058443	23058619
114378457	114378519
168062334	168062510
202907616	202907792
101009315	101009491
38401775	38401868
196287233	196287292
12467589	12467765
149860094	149860166
97432217	97432393
224645358	224645428
109826087	109826179
117267481	117267657
230350978	230351035
165042743	165042919
165655458	165655634
27699165	27699228
84326277	84326334
48996498	48996674
207628036	207628135
20703485	20703661
228456415	228456591
51240562	51240738
244766878	244766951
10752532	10752708
31869562	31869738
47993493	47993543
203562862	203563038
221082225	221082287
110461009	110461075
87431053	87431144
46994302	46994478
25071391	25071471
54457864	54458040
44558002	44558061
111098046	111098120
11771237	11771413
160386295	160386471
150895037	150895213
165336729	165336905
231558312	231558445
179090332	179090508
16284047	16284223
32914842	32915018
155247156	155247261
43823805	43823981
192967769	192967945
77614035	77614101
160924163	160924228
35332036	35332212
104057641	104057817
19975418	19975469
84899571	84899747
226252683	226252744
160800442	160800618
200108878	200109054
116260256	116260432
171954181	171954245
110331822	110331998
211803649	211803735
16971181	16971357
242618179	242618355
85706104	85706280
218534783	218534959
23303341	23303424
209739534	209739710
171283098	171283159
234040372	234040441
8786671	8786847
163144702	163144878
155561702	155561878
12661349	12661525
17372676	17372852
151253655	151253709
54572993	54573052
166853642	166853818
61435817	61435993
169898191	169898269
21982395	21982451
211308801	211308977
157339842	157339933
108072265	108072441
155023008	155023184
2792639	2792712
179555552	179555630
246859865	246860041
62873246	62873298
147113878	147114054
20760683	20760859
2470891	2471067
211123408	211123584
55416429	55416605
26496308	26496370
56874929	56874990
204593245	204593421
2105814	2105990
244178353	244178427
204716073	204716249
203608061	203608237
151032138	151032230
55609518	55609579
44496491	44496590
58981667	58981717
26336769	26336833
227918192	227918279
3786538	3786714
166448372	166448548
8021430	8021606
154297143	154297319
113157181	113157357
168606741	168606917
117368635	117368811
28967394	28967570
39281810	39281945
9202400	9202576
9762399	9762575
242149235	242149411
149273016	149273090
205091402	205091578
235946554	235946730
94947174	94947253
197369284	197369460
1440373	1440549
241774416	241774592
19338897	19339073
203456648	203456736
63793353	63793529
208209740	208209792
151986211	151986387
227625467	227625643
64602907	64602965
2757129	2757216
160261202	160261378
145585413	145585589
38484676	38484852
20137820	20137996
175190933	175191109
59755927	59756103
179338982	179339158
94929369	94929545
60165098	60165162
59247543	59247607
220164441	220164617
176660866	176661042
109102573	109102749
19007979	19008155
182050220	182050396
873618	873709
240114932	240115108
200276697	200276873
113615634	113615687
202205576	202205752
89920812	89920988
45173674	45173850
156597300	156597476
236467057	236467114
174967730	174967906
220853530	220853706
161011362	161011538
115522018	115522194
147099393	147099569
3236582	3236758
6706647	6706823
167606672	167606848
21544532	21544617
227422733	227422909
87170103	87170279
18812815	18812991
65528896	65528946
3692578	3692754
148000239	148000415
54647475	54647651
60442575	60442751
240190357	240190533
242183250	242183426
18311113	18311289
209921312	209921409
195909167	195909233
219590046	219590222
38968577	38968753
180447388	180447564
213094371	213094547
43540023	43540199
155056709	155056759
243639423	243639599
208425820	208425996
43231626	43231802
58628746	58628922
46713888	46714064
155277273	155277449
210574040	210574216
181999133	181999309
32149712	32149888
156329857	156330033
27699465	27699641
63212305	63212481
100500123	100500299
160221810	160221986
32230884	32231060
225998066	225998131
11919427	11919603
203619726	203619796
236695160	236695336
161510102	161510278
116088867	116089043
19717909	19718085
207884722	207884898
183925868	183926044
71559775	71559846
28980573	28980629
186214055	186214231
29220345	29220521
53731816	53731992
69843286	69843462
116563394	116563570
90580193	90580369
5681183	5681359
27692999	27693175
149297767	149297943
44513437	44513613
65152519	65152695
3612270	3612446
32403929	32403992
26722848	26723024
16129952	16130128
48527011	48527070
53435845	53436021
22192564	22192740
45296805	45296981
234247321	234247497
229979622	229979798
10590430	10590606
160921258	160921434
117462538	117462714
178470974	178471150
7514221	7514397
159791369	159791545
22545334	22545385
26527740	26527916
113498480	113498548
206912440	206912616
27633370	27633546
203311708	203311884
184044657	184044833
223302737	223302913
64157687	64157863
6535648	6535824
51395212	51395276
85696412	85696588
92351526	92351626
205323513	205323689
16767025	16767201
153590168	153590344
153895169	153895238
230778034	230778210
110042654	110042830
17033978	17034070
39429921	39430097
1728005	1728181
176847957	176848133
215699967	215700143
109440845	109441021
117215278	117215454
154439395	154439571
160749927	160750103
120925954	120926130
39658270	39658446
86846061	86846237
66719100	66719276
236653305	236653481
175793445	175793621
222807855	222808031
156435696	156435767
64081576	64081752
120218283	120218459
154377717	154377784
183512816	183512992
39972961	39973137
37171344	37171520
32569892	32570068
210023847	210024023
200885403	200885579
38494835	38495011
20208662	20208838
236272824	236272875
161109676	161109852
85810029	85810205
84397485	84397661
167802078	167802130
2169222	2169398
32800858	32800985
109186270	109186446
117113047	117113124
154836186	154836362
94097286	94097462
153892815	153892991
85133988	85134164
27438670	27438846
223815975	223816151
182753814	182753990
231827509	231827685
204336001	204336177
154171598	154171774
204472450	204472504
29172899	29172964
171710477	171710653
48963869	48964045
229292693	229292869
244557003	244557179
25363750	25363926
2574689	2574865
15058515	15058691
33603536	33603712
248406534	248406710
176867019	176867195
94505156	94505332
225110341	225110517
38244420	38244596
223999490	223999550
112937235	112937411
145293366	145293542
57434017	57434193
55750540	55750716
226295637	226295813
155295018	155295194
204589028	204589204
12374510	12374686
192280536	192280712
212284112	212284288
147112649	147112825
6245938	6246114
21996495	21996545
18700500	18700676
53308352	53308528
17290061	17290237
155699004	155699180
21029035	21029211
14933256	14933432
150532478	150532654
53531185	53531361
161369232	161369408
161536143	161536199
18427083	18427259
118253459	118253635
25531421	25531597
30179990	30180166
165227275	165227451
228447758	228447934
89202420	89202596
203643301	203643477
218472847	218473023
6532546	6532722
159977491	159977667
75237723	75237899
2391245	2391421
160747374	160747550
180385247	180385423
6505269	6505445
237549995	237550171
242991651	242991827
2982840	2983016
101823042	101823218
94146336	94146512
6094599	6094775
58621106	58621282
146714668	146714844
155214230	155214406
43195801	43195977
93088894	93088946
207134420	207134596
91195118	91195294
198057572	198057748
201354529	201354705
159760191	159760367
59248098	59248274
64140173	64140349
27718834	27719010
70598735	70598911
48090348	48090398
101300676	101300852
231053605	231053781
6438256	6438432
167093388	167093564
93903707	93903797
64712111	64712287
29632563	29632739
218695014	218695190
246366590	246366766
245679584	245679760
161197239	161197415
24913779	24913955
87207696	87207872
241790891	241791067
22331739	22331915
182755907	182756083
209686740	209686916
117855218	117855394
20042183	20042359
18543997	18544173
149914263	149914439
157939645	157939821
147553580	147553756
174739243	174739311
226184307	226184483
51779175	51779351
15480640	15480816
164642967	164643143
219897928	219898104
170043894	170044070
176918212	176918388
33472900	33473076
221157658	221157834
69771410	69771586
247450925	247451101
206679408	206679584
171971986	171972162
91082035	91082211
16029691	16029867
159041858	159042034
65507217	65507393
229566617	229566793
42810046	42810222
28087016	28087192
118385603	118385779
46908407	46908583
166227401	166227577
152898668	152898844
180600889	180601065
16302018	16302194
28845005	28845181
113616167	113616343
38385071	38385247
9383096	9383272
161195429	161195605
8002461	8002637
234870755	234870931
62596872	62597048
153372866	153373042
66183621	66183797
235895075	235895135
85720527	85720703
230717553	230717729
27895152	27895328
154721635	154721811
201914413	201914589
197967370	197967546
246443975	246444151
160791528	160791704
249106493	249106669
180851127	180851303
86973750	86973926
155149181	155149357
151826137	151826313
25157261	25157437
207106772	207106948
29360461	29360637
245134050	245134226
8763397	8763455
21795206	21795382
162366826	162367002
221608856	221609032
160990461	160990637
16689955	16690131
856515	856691
54985457	54985633
203296974	203297150
38537643	38537819
151072352	151072528
15251065	15251241
13870542	13870718
166944805	166944855
168291239	168291415
76105930	76106106
88419534	88419710
168335049	168335225
174713218	174713394
155618400	155618576
162824127	162824303
237664	237840
152843946	152844122
229517179	229517355
154732993	154733169
87219478	87219654
160324296	160324472
26654645	26654821
875661	875837
62317899	62318075
91977073	91977249
15309884	15310060
521494	521670
25729588	25729764
156326817	156326993
41503886	41504062
205877011	205877187
65129488	65129664
76080487	76080663
199653890	199654066
35764242	35764418
60345335	60345511
92392921	92393097
116350471	116350647
8411827	8412003
100113762	100113938
206974900	206975076
83241210	83241386
23991799	23991975
7868422	7868598
249218995	249219171
210163029	210163107
230256700	230256876
227635545	227635600
242161725	242161901
33358940	33359116
160133549	160133725
202091829	202092005
59205617	59205793
94987980	94988156
211914577	211914753
234290538	234290714
6474470	6474646
224828855	224829031
182023951	182024127
152155018	152155194
153195698	153195785
212489268	212489444
75199475	75199651
68237030	68237206
224521126	224521302
161454528	161454704
203298001	203298177
228192072	228192248
146570101	146570172
119829338	119829514
207223324	207223500
17287254	17287430
168391557	168391733
99947050	99947226
119818133	119818309
189828626	189828802
2361598	2361774
226591215	226591391
43043729	43043905
229984919	229985095
219491198	219491374
165840759	165840935
40998622	40998798
228645200	228645376
167569387	167569563
38068829	38069005
241768604	241768780
212244160	212244336
172688871	172689047
42501333	42501509
244374542	244374718
155066970	155067146
173475708	173475884
161261435	161261611
16824045	16824221
26081467	26081643
231229313	231229489
43774680	43774856
27834850	27835026
183549672	183549848
171610327	171610503
145524778	145524954
111575053	111575229
25830398	25830574
160912790	160912966
201752820	201752996
212842586	212842762
59307238	59307414
185286555	185286731
206971541	206971717
176042791	176042967
30579074	30579250
191096064	191096240
67230861	67230911
228354201	228354377
39670128	39670304
23857876	23858052
225625838	225626014
243507363	243507539
228353362	228353538
169455108	169455284
42642720	42642896
21059619	21059795
8905632	8905808
75731477	75731653
4645369	4645545
165737944	165738120
211432366	211432542
227980489	227980665
210073411	210073587
3537771	3537947
2094767	2094943
39595259	39595435
39357503	39357679
110602811	110602987
9974564	9974740
43222741	43222917
245544214	245544390
199082500	199082676
42044718	42044894
150228408	150228584
20543228	20543404
7637408	7637584
116220308	116220484
242630951	242631127
32181340	32181516
118471490	118471666
204796228	204796404
53829101	53829277
25444054	25444230
178001086	178001262
17697194	17697370
55841425	55841601
68786870	68787046
200504905	200504955
155248286	155248462
21054545	21054721
189118950	189119126
112344184	112344360
230438927	230439103
185782616	185782792
192579366	192579542
14761870	14762046
16278768	16278944
74969926	74970102
220495254	220495430
19794867	19795043
91968543	91968719
51510581	51510757
245242428	245242604
109940809	109940985
240150545	240150721
211526323	211526499
199923951	199924127
113498901	113499077
179163049	179163225
161711335	161711511
77592018	77592194
244800296	244800472
25012234	25012410
114472601	114472777
153438318	153438494
92020725	92020901
226310170	226310346
18935155	18935331
54191201	54191377
198025485	198025661
52537385	52537561
26380498	26380674
117664771	117664947
213418046	213418222
94316362	94316538
201183661	201183837
150968502	150968678
101072111	101072287
223947141	223947317
114970808	114970984
49143090	49143266
238014627	238014803
196028445	196028621
229556574	229556750
95550251	95550427
203009357	203009533
38966096	38966272
108664088	108664264
206899013	206899189
185625915	185626091
165083641	165083817
208825734	208825910
197496007	197496183
171157894	171158070
58513018	58513194
27932408	27932584
1240714	1240890
65933260	65933436
26530551	26530727
201798094	201798270
233440352	233440528
192077364	192077540
160520346	160520522
115499283	115499459
213153411	213153587
65675088	65675264
16400074	16400250
7599885	7600061
87960913	87961089
67610517	67610693
44501634	44501810
37642967	37643143
119551394	119551570
233654175	233654351
24045073	24045249
94979779	94979955
218503517	218503693
43609390	43609566
19422834	19423010
68227516	68227692
84853523	84853699
26496568	26496744
226825447	226825623
27729558	27729734
26216073	26216249
231114828	231115004
162246392	162246568
193039241	193039417
44678967	44679143
153326158	153326334
954731	954907
119992709	119992885
145427508	145427684
75699115	75699291
41489019	41489195
31894363	31894539
147071936	147072112
85248249	85248425
184660954	184661130
153005467	153005643
208096976	208097152
9023053	9023229
92230107	92230283
118055432	118055608
27187771	27187947
25945639	25945815
63614811	63614987
8434962	8435138
151148530	151148706
155145757	155145933
206982961	206983137
16678969	16679145
197588270	197588446
117671276	117671452
17956025	17956201
18626296	18626472
30176483	30176659
41889177	41889353
92463310	92463486
110021588	110021764
207793753	207793929
116049900	116050076
180902443	180902619
36765556	36765732
950862	951038
173171567	173171743
178722580	178722756
33613589	33613765
63307367	63307543
45280763	45280939
174852598	174852774
25616592	25616768
160662341	160662517
176866563	176866739
89343140	89343316
20511187	20511363
32666680	32666856
29210551	29210727
162597612	162597788
149764527	149764703
213141242	213141418
15717274	15717450
110333540	110333716
154298791	154298967
161344261	161344437
65210160	65210336
94200647	94200823
100202683	100202859
201228061	201228237
156654128	156654304
203745897	203746073
44119166	44119342
90016545	90016721
224962238	224962414
174113649	174113825
166270112	166270288
53757320	53757496
151168886	151169062
166134212	166134388
6243662	6243838
161276087	161276263
4120950	4121126
12289928	12290104
27481589	27481765
18246464	18246640
32098823	32098999
242011091	242011267
66424643	66424819
53655912	53656088
106336273	106336449
207098823	207098999
113270456	113270632
27728904	27729080
12332230	12332406
27189308	27189484
24765001	24765177
223397897	223398073
180212733	180212909
18085679	18085855
36554315	36554491
174695757	174695933
19988335	19988511
235012727	235012903
233088759	233088935
37329901	37330077
48702630	48702806
77366964	77367140
26140648	26140824
41306318	41306494
203413536	203413712
93487240	93487416
26612423	26612599
23999659	23999835
212955872	212956048
54344284	54344460
33358542	33358718
100929359	100929535
55266895	55267071
180748045	180748221
117138971	117139147
183578494	183578670
21815308	21815484
167408826	167409002
223884218	223884394
204760992	204761168
161410134	161410310
9781956	9782132
26694600	26694776
226756285	226756461
116307306	116307482
41115787	41115963
206881462	206881638
207178450	207178626
66969634	66969810
110192351	110192527
87791737	87791913
180334286	180334462
225039292	225039468
29566892	29567068
62610017	62610193
54934471	54934647
180218560	180218736
40105613	40105789
169162825	169163001
53018365	53018541
228130062	228130238
222560874	222561050
76374409	76374585
2243009	2243185
154879215	154879391
215883823	215883999
14133800	14133976
7621570	7621746
159167867	159168043
179074628	179074804
111740277	111740453
37351213	37351389
169979713	169979889
75590321	75590497
148532051	148532127
19440205	19440381
156023621	156023797
28694755	28694931
150208903	150209079
6508865	6509041
161875161	161875337
70166561	70166737
231720005	231720181
17242130	17242306
200603694	200603870
191422815	191422991
165114129	165114305
187020842	187021018
161150518	161150694
158942738	158942914
159806030	159806206
11802057	11802233
110976510	110976686
203135698	203135874
228452957	228453133
186294479	186294655
1486453	1486629
45197052	45197228
181906488	181906664
15109761	15109937
53935899	53936075
45142912	45143088
229367597	229367773
161284577	161284753
221348028	221348204
24130801	24130977
7347214	7347390
36653411	36653587
51339112	51339288
223309588	223309764
150159640	150159816
16481249	16481425
236509127	236509303
30349838	30350014
54425418	54425594
15691361	15691537
185703017	185703193
193028472	193028648
236922664	236922840
174084082	174084258
45696326	45696502
54953913	54953998
12866586	12866762
120925511	120925687
230833966	230834142
207084563	207084739
241663275	241663451
934480	934656
7535282	7535458
22869462	22869638
25161513	25161689
28266939	28267115
19506137	19506313
36626764	36626940
24711769	24711945
154414944	154415120
160053959	160054135
3434862	3435038
151678358	151678534
152319730	152319906
62548505	62548681
54965222	54965398
27852045	27852221
40383616	40383792
195866315	195866491
6761898	6762074
225040731	225040907
220259619	220259795
146745510	146745686
224303945	224304121
166791715	166791891
47890150	47890326
68936166	68936342
198668660	198668836
162342708	162342884
2493451	2493627
234866588	234866764
227132549	227132725
186124873	186125049
994711	994887
201404916	201405092
89149880	89150056
32952972	32953148
171685095	171685271
24275751	24275927
84907978	84908154
210621745	210621921
53291586	53291762
245676391	245676567
200994991	200995167
65719979	65720155
90064708	90064884
145455898	145456074
111010421	111010597
1484192	1484368
205407923	205408099
57890292	57890468
84348672	84348848
169778854	169779030
90598668	90598844
46663772	46663948
157596006	157596182
212923281	212923457
234504564	234504740
16285449	16285625
160960133	160960309
31807962	31808138
198740798	198740974
174382848	174383024
70902381	70902557
39311973	39312149
186274209	186274385
101386750	101386926
95267643	95267819
26857725	26857901
214758619	214758795
51684373	51684549
47639594	47639770
182373995	182374171
247242172	247242348
235667837	235668013
153285186	153285362
874598	874774
222912137	222912313
182269272	182269448
25236118	25236294
117529403	117529579
8225822	8225998
47201528	47201704
22558556	22558732
243912084	243912260
178269143	178269319
168543673	168543730
25695792	25695968
213737664	213737840
91266016	91266192
176715222	176715398
174956162	174956338
110366604	110366780
185014438	185014614
15921677	15921853
154738581	154738757
23881475	23881651
234367449	234367625
180150349	180150525
27695465	27695641
41286163	41286339
77609310	77609486
39091734	39091910
155139893	155140069
5812482	5812658
248850230	248850406
118148622	118148798
223316272	223316448
213191001	213191177
234978793	234978969
31687706	31687882
55537270	55537446
36111771	36111947
89121478	89121654
228646999	228647175
164643234	164643410
37503920	37504096
230108825	230109001
35686709	35686885
16477751	16477927
247537253	247537429
34925940	34926116
2838693	2838869
38070900	38071076
222166998	222167174
246972907	246973083
167690311	167690487
75669472	75669648
167509700	167509876
191800804	191800980
205517440	205517616
202179583	202179759
26606124	26606300
29667514	29667690
65486576	65486752
150489247	150489423
198434789	198434965
117554025	117554201
184955530	184955706
173598120	173598296
226070090	226070266
55233861	55234037
51810660	51810836
39547194	39547370
235362847	235363023
39732032	39732208
170899026	170899202
6065696	6065872
207194486	207194662
197884987	197885163
53557897	53558073
44020190	44020366
55267204	55267380
27462541	27462717
87153386	87153562
8799518	8799694
13843823	13843999
43690877	43691053
114220598	114220774
22965878	22966054
155059770	155059946
179568883	179569059
149223780	149223956
11301852	11302028
6298791	6298967
194312078	194312254
154792196	154792372
23504164	23504340
115191250	115191426
205321591	205321767
222340468	222340644
54412133	54412309
51215774	51215950
153600708	153600884
21974479	21974655
6268821	6268997
79142154	79142330
52656630	52656806
109940197	109940373
117882736	117882912
167684769	167684945
167873978	167874154
161352018	161352194
117385365	117385541
3266364	3266540
171733687	171733863
200528098	200528274
156093017	156093193
29639688	29639864
204042170	204042346
245841412	245841588
46151707	46151883
40483980	40484156
234250468	234250644
153700532	153700708
156838401	156838577
158497092	158497268
31158036	31158212
206763925	206764101
167848109	167848285
54827098	54827274
177917594	177917770
54591448	54591624
5976157	5976333
46806359	46806535
200150095	200150271
167378499	167378675
155715259	155715435
180605332	180605508
167021803	167021979
1337450	1337626
209364080	209364256
92775787	92775963
228477940	228478116
19986400	19986576
246660718	246660894
89073932	89074108
111984291	111984467
120217534	120217710
35108397	35108573
37562261	37562437
12654575	12654751
224922375	224922551
246810498	246810674
45008860	45009036
227545155	227545331
29451039	29451215
218726678	218726854
197490370	197490546
49162870	49163046
237725589	237725765
246764680	246764856
157140620	157140796
166845643	166845819
99791903	99792079
51169832	51170008
230120510	230120686
150533940	150534116
154928194	154928370
153211124	153211300
201764284	201764460
109642600	109642776
156449773	156449949
21629274	21629450
31658623	31658799
109289018	109289194
19384010	19384186
201118632	201118808
29063195	29063371
223175683	223175859
8922624	8922800
114575981	114576157
26136542	26136718
41090861	41091037
228566437	228566613
241649084	241649260
247282230	247282406
238402114	238402290
212769271	212769447
110880979	110881155
119819282	119819458
113995636	113995812
157550091	157550267
46639226	46639402
66162531	66162707
38869434	38869610
180123951	180124127
15614754	15614930
95582331	95582507
226757709	226757885
228549901	228550077
51086355	51086531
207494461	207494637
41958035	41958211
182167234	182167410
8875063	8875239
152467671	152467847
22141077	22141253
220363177	220363353
202531364	202531540
191962787	191962963
38087906	38088082
54520147	54520323
203242530	203242703
52402310	52402486
35384799	35384975
150045174	150045350
182229755	182229931
236300861	236301037
234745984	234746160
48413856	48414032
153793911	153794087
94375146	94375322
26124577	26124753
12074394	12074570
14741951	14742127
11767406	11767582
228379559	228379735
202478109	202478285
41779398	41779574
38475016	38475192
171220943	171221119
178349051	178349227
41961344	41961520
39384865	39385041
228405756	228405932
173532062	173532238
144534042	144534218
181645520	181645696
167490152	167490328
36365648	36365824
202313044	202313220
11736884	11737060
150592385	150592561
6423263	6423439
101332045	101332221
53642531	53642707
172795251	172795427
32469264	32469440
109235381	109235557
46879381	46879557
142639212	142639388
236555590	236555766
33560701	33560877
92417865	92418041
45293052	45293228
207494975	207495151
208285820	208285996
39638889	39639065
12508901	12509077
185207723	185207899
178781880	178782056
212118157	212118333
101602485	101602661
16511480	16511656
27943071	27943247
151803337	151803513
222407242	222407418
108757418	108757594
111585549	111585725
203024411	203024587
226645240	226645416
77981261	77981437
116185341	116185517
155058613	155058789
111091105	111091281
204092609	204092785
62857138	62857314
219157299	219157475
8503681	8503857
236938333	236938509
38411894	38412070
223250944	223251120
22179599	22179775
175307713	175307889
204450696	204450872
236006812	236006988
54788971	54789147
165667109	165667285
30322031	30322207
196630160	196630336
237970163	237970339
153755854	153756030
118223761	118223937
116166976	116167152
12259638	12259814
28052195	28052371
223888773	223888949
4716450	4716626
86981364	86981540
95186454	95186630
17665736	17665912
215779975	215780151
211431727	211431903
165045105	165045281
174969106	174969282
65327355	65327531
110420164	110420340
1179724	1179900
186373645	186373821
115817954	115818130
14137811	14137987
228785947	228786123
113217674	113217850
151762830	151763006
9633864	9634040
101985901	101986077
182413672	182413848
19276648	19276824
1241530	1241706
94036193	94036369
160514557	160514733
199521189	199521365
26163830	26164006
57269341	57269517
156589225	156589401
110438466	110438642
6685056	6685232
28736350	28736526
156458939	156459115
16046307	16046483
25456028	25456204
79083318	79083494
102900145	102900321
61327008	61327184
169435599	169435775
63470642	63470818
38791917	38792093
1166152	1166328
164674295	164674471
195773770	195773946
12820416	12820592
154974495	154974671
248867061	248867237
154960652	154960828
153940234	153940410
48397186	48397362
155904051	155904227
15364731	15364907
44056162	44056338
172371107	172371283
228470661	228470837
62536191	62536367
237119952	237120128
32036042	32036218
3774878	3775054
65525758	65525934
43834004	43834180
23536818	23536994
32157634	32157810
86939830	86940006
32180050	32180226
84606968	84607144
48251323	48251499
231215039	231215215
40627531	40627707
36320988	36321164
222886719	222886895
165112799	165112975
90088539	90088715
200607325	200607501
30129417	30129593
14893677	14893853
180137230	180137406
97307892	97308068
26070687	26070863
202662189	202662365
111372691	111372867
54826191	54826367
37494605	37494781
118766067	118766243
160963471	160963647
47013784	47013960
205168749	205168925
173660400	173660576
34885408	34885584
92757044	92757220
85960628	85960804
115725862	115726038
41321281	41321457
152458996	152459172
150802325	150802501
25869851	25870027
228496834	228497010
152423852	152424028
70578640	70578816
147817861	147818037
16339108	16339284
175712799	175712975
3326805	3326981
52390208	52390384
45987393	45987569
151318670	151318846
8402502	8402678
229539441	229539617
35390523	35390699
220527063	220527239
38512834	38513010
155953616	155953792
154714383	154714559
29572397	29572573
22666575	22666751
94147310	94147486
6672732	6672908
11120126	11120302
18573124	18573300
67342452	67342628
33896559	33896735
19069862	19070038
22167653	22167829
237288250	237288426
3566509	3566685
93064852	93065028
47969615	47969791
57483483	57483659
114212739	114212915
204684005	204684181
51776680	51776856
38187367	38187543
165797216	165797392
155880640	155880816
173883790	173883966
4186995	4187171
38529995	38530171
249152829	249153005
117013985	117014161
147806436	147806612
46309324	46309500
61665767	61665943
173794268	173794444
24635261	24635437
155066468	155066644
163041678	163041854
68628579	68628755
149224542	149224718
33838429	33838605
68166591	68166767
167766328	167766504
14555268	14555444
157743597	157743773
173472652	173472828
105323237	105323413
57042889	57043065
233500523	233500699
14769273	14769449
87586573	87586749
236029443	236029619
66046926	66047102
95065097	95065273
166554197	166554373
160138912	160139088
201551546	201551722
228290080	228290256
103436173	103436349
92951427	92951603
110173052	110173228
191858149	191858325
107684834	107685010
18561340	18561516
150595148	150595324
201058184	201058360
46974488	46974664
21913522	21913698
19233717	19233893
166102604	166102780
219262337	219262513
200245710	200245886
229589046	229589222
6524653	6524829
12555901	12556077
161135523	161135699
226595776	226595952
111506438	111506614
22029944	22030120
86967878	86968054
203000669	203000845
173684275	173684451
42623370	42623546
27050024	27050200
9294560	9294736
2460820	2460996
227407705	227407881
47467989	47468165
22345877	22346053
79962953	79963129
152708212	152708388
68517354	68517530
28975672	28975848
32856550	32856726
214444943	214445119
15326640	15326816
38230069	38230245
7284912	7285088
24853788	24853964
94491525	94491701
86042740	86042916
26144673	26144849
44891480	44891656
94861957	94862133
207197719	207197895
18649058	18649234
181159885	181160061
192443310	192443486
17084193	17084369
2530062	2530238
10750643	10750819
235324570	235324746
7023390	7023566
110141379	110141555
52035011	52035187
181706291	181706467
161762539	161762715
202758936	202759112
115053741	115053917
185139378	185139554
188751454	188751630
48015297	48015473
186344582	186344758
222182591	222182767
204616779	204616955
91430100	91430276
235492550	235492726
180913445	180913621
2375370	2375546
6309297	6309473
68315846	68316022
38420089	38420265
93467550	93467726
158065634	158065810
202206320	202206496
47981157	47981333
27318210	27318386
227584249	227584425
54379403	54379579
91541118	91541294
18911332	18911508
235012100	235012276
228651447	228651623
38261144	38261320
111888746	111888922
234348602	234348778
26421195	26421371
204675374	204675550
26796871	26797047
46989343	46989519
12664512	12664688
101509406	101509582
243572702	243572878
8854783	8854959
230928856	230929032
178986246	178986422
32225297	32225473
37197413	37197589
40915587	40915763
34758191	34758367
185436364	185436540
225843554	225843730
204721075	204721251
156151459	156151635
6165834	6166010
144972899	144973075
12256985	12257161
230285825	230286001
153201833	153202009
47903576	47903752
60622662	60622838
45480505	45480681
19814272	19814448
31241748	31241924
208378246	208378422
21984352	21984528
36024609	36024785
171214683	171214859
37924260	37924436
51071259	51071435
65925166	65925342
166323732	166323908
244816596	244816772
33577667	33577843
76796781	76796957
226373793	226373969
53638492	53638668
78210366	78210542
228555613	228555789
178855111	178855287
228424570	228424746
203017968	203018144
14763666	14763842
26865288	26865464
235140122	235140298
119859584	119859760
165377840	165378016
65774974	65775150
243005501	243005677
28286682	28286858
71332323	71332499
93434108	93434284
234742889	234743065
52831707	52831883
37551067	37551243
227653063	227653239
76048707	76048883
68627713	68627889
208623423	208623599
218344786	218344962
53603494	53603670
182568594	182568770
245666992	245667168
220544829	220545005
207355315	207355491
114674537	114674713
234748432	234748608
182520100	182520276
31932981	31933157
21308524	21308700
154968259	154968435
214801585	214801761
206557838	206558014
181473527	181473703
118682607	118682783
197297067	197297243
157333482	157333658
201845380	201845556
229353697	229353873
117636709	117636885
28593519	28593695
115101285	115101461
246476643	246476819
153377326	153377502
227730314	227730490
152007117	152007293
166668960	166669136
45285258	45285434
68908858	68909034
229693878	229694054
235093154	235093330
100147224	100147400
33592868	33593044
240167505	240167681
115009098	115009274
9241422	9241598
26021710	26021886
167461466	167461642
46911651	46911827
201866041	201866217
4422777	4422953
219347403	219347579
218423971	218424147
210049009	210049185
154130257	154130433
118790353	118790529
47456815	47456991
22707081	22707257
214562070	214562246
220685231	220685407
44347206	44347382
39598806	39598982
54445512	54445688
230501778	230501954
30525189	30525365
44386823	44386999
112601786	112601962
155701672	155701848
1509317	1509493
60368920	60369096
201405710	201405886
31074433	31074609
175450377	175450553
204271992	204272168
40265001	40265177
47871410	47871586
7916578	7916754
225999425	225999601
112113415	112113591
112257612	112257788
61519583	61519759
227623809	227623985
143500104	143500280
11857896	11858072
208081498	208081674
165957628	165957804
227445732	227445908
91297540	91297716
168439030	168439206
161582174	161582350
62759962	62760138
9888036	9888212
117263410	117263586
58531369	58531545
37483452	37483628
112534106	112534282
228415026	228415202
51552707	51552883
185639572	185639748
145541411	145541587
163285680	163285856
180239476	180239652
223959865	223960041
107973373	107973549
203410082	203410258
151941359	151941535
8938021	8938197
12065614	12065790
146552448	146552624
8877600	8877776
93297395	93297571
109188506	109188682
44068848	44069024
209996511	209996687
29557466	29557642
226175292	226175468
245508488	245508664
234324371	234324547
1790144	1790320
228556994	228557170
4886233	4886409
156771187	156771363
2574001	2574177
43156589	43156765
113216307	113216483
26201977	26202153
172368723	172368899
222344463	222344639
152750125	152750301
6640965	6641141
157390046	157390222
25663689	25663865
45037848	45038024
88527267	88527443
240895704	240895880
203338337	203338513
231686206	231686382
116903553	116903729
35014912	35015088
231376918	231377094
848341	848517
34479683	34479859
224370739	224370915
146976891	146977067
204570182	204570358
208070604	208070780
182360418	182360594
53688784	53688960
31628347	31628523
35657630	35657806
17766188	17766364
249085283	249085459
65329983	65330159
77779267	77779443
39844067	39844243
120867060	120867236
206780326	206780502
85724598	85724774
180182662	180182838
109419557	109419733
55129522	55129698
14722207	14722383
35344963	35345139
1310569	1310745
40292325	40292501
41623954	41624130
43609114	43609290
22854484	22854660
181074321	181074497
65896889	65897065
111557952	111558128
226166118	226166294
166135909	166136085
212236295	212236471
44784015	44784191
110361181	110361357
2136777	2136953
59364733	59364909
33390450	33390626
71436188	71436364
89464533	89464709
56900428	56900604
65210438	65210614
23697623	23697799
156389783	156389959
11475381	11475557
36562718	36562894
25574325	25574501
68150947	68151123
38554186	38554362
212874512	212874688
87943991	87944167
31846423	31846599
207865719	207865895
230202888	230203064
25343957	25344133
202626517	202626693
210316910	210317086
37596252	37596428
39042883	39043059
65775531	65775707
43291087	43291263
71987461	71987637
53033818	53033994
109797375	109797551
52184938	52185114
207887085	207887261
100239445	100239621
91044904	91045080
6457174	6457350
29123458	29123634
5542093	5542269
89615024	89615200
229260282	229260458
220986398	220986574
235530908	235531084
160189473	160189649
202629205	202629381
10622122	10622298
36022607	36022783
114456905	114457081
95526587	95526763
114417280	114417456
87246691	87246867
156931603	156931779
119536346	119536522
11767880	11768056
18325464	18325640
27021962	27022138
183337464	183337640
212933599	212933775
233374902	233375078
206629117	206629293
39189943	39190119
158005862	158006038
39555554	39555730
26185925	26186101
44374652	44374828
63932540	63932716
59573771	59573947
74934790	74934966
219978628	219978804
182368379	182368555
3816218	3816394
17077074	17077250
225755598	225755774
61545708	61545884
214811183	214811359
11595946	11596122
14938654	14938830
117160575	117160751
71141542	71141718
201315826	201316002
239472106	239472282
110590202	110590378
208290751	208290927
11632324	11632500
86174224	86174400
212311827	212312003
25475293	25475469
33606422	33606598
11332828	11333004
109584614	109584790
1690426	1690602
211741272	211741448
15853358	15853534
31270586	31270762
241587095	241587271
228581223	228581399
236706462	236706638
234975493	234975669
17603249	17603425
65019076	65019252
7102893	7103069
166021154	166021330
246163707	246163883
34808060	34808236
233842914	233843090
6854298	6854474
156572626	156572802
234984706	234984882
18081696	18081872
16693955	16694131
220454492	220454668
177882917	177883093
169558150	169558326
193245006	193245182
32053489	32053665
11006112	11006288
61803976	61804152
15109468	15109644
24968957	24969133
156471169	156471345
193364678	193364854
222717256	222717432
24127708	24127884
42357332	42357508
20414279	20414455
99259951	99260127
182308239	182308415
15526906	15527082
32817597	32817773
51554262	51554438
95773988	95774164
12226946	12227122
2784512	2784688
95916695	95916871
185689913	185690089
28363070	28363246
47609467	47609643
180451705	180451881
24285461	24285637
27070672	27070848
31210853	31211029
62973960	62974136
229390765	229390941
17402010	17402186
201975256	201975432
38333559	38333735
18073507	18073683
212606085	212606261
152161159	152161335
84371070	84371246
230703795	230703971
120688494	120688670
208393025	208393201
92270222	92270398
223903146	223903322
3089116	3089292
231426835	231427011
236109919	236110095
68114425	68114601
57223912	57224088
57545531	57545707
228681499	228681675
38826613	38826789
44072414	44072590
154540382	154540558
94706493	94706669
45079658	45079834
3388444	3388620
27153032	27153208
113721238	113721414
13897530	13897706
174952430	174952606
3370879	3371055
63372147	63372323
155043521	155043697
94339709	94339885
33634340	33634516
33207079	33207255
223317284	223317460
235114599	235114775
113786891	113787067
88064190	88064366
25656495	25656671
228643521	228643697
27998848	27999024
205779741	205779917
16344096	16344272
38356132	38356308
61314395	61314571
46654112	46654288
114519625	114519801
4554735	4554911
246315551	246315727
47698047	47698223
115584400	115584576
246409832	246410008
152023820	152023996
113762126	113762302
114762204	114762380
153669807	153669983
244816336	244816512
62601503	62601679
182453735	182453911
24242061	24242237
167098167	167098343
23408001	23408177
71429206	71429382
196342175	196342351
19369962	19370138
23374268	23374444
48225642	48225818
193091442	193091618
248020376	248020552
85110286	85110462
236288386	236288562
174158906	174159082
44396225	44396401
150986130	150986306
26437421	26437597
156894596	156894772
221916174	221916350
228675426	228675602
180601685	180601861
16333662	16333838
25296988	25297164
31277224	31277400
202182650	202182826
17331555	17331731
212782761	212782937
52032052	52032228
20198761	20198937
90466608	90466784
230896398	230896574
89401717	89401893
3718078	3718254
1200500	1200676
32332412	32332588
29780103	29780279
206846741	206846917
18175836	18176012
53916000	53916176
154325237	154325413
76308323	76308499
230539302	230539478
21837797	21837973
183287739	183287915
5948735	5948911
234642953	234643129
35311071	35311247
41188412	41188588
157847950	157848126
52456282	52456458
159220739	159220915
118141145	118141321
68475887	68476063
182993108	182993284
212965157	212965333
59351148	59351324
17727544	17727720
158932895	158933071
32966350	32966526
22268508	22268684
10848892	10849068
25916738	25916914
27719425	27719601
173398706	173398882
109791394	109791570
38618517	38618693
5779358	5779534
39081477	39081653
31234847	31235023
167604659	167604835
54976474	54976650
2158998	2159174
8469164	8469340
168408003	168408179
44376096	44376272
19700926	19701102
236321290	236321466
91080515	91080691
201038902	201039078
163498654	163498830
233176343	233176519
78445116	78445292
43751301	43751477
1280581	1280757
14256748	14256924
1720574	1720750
36674951	36675127
53652292	53652468
152843642	152843818
93368058	93368234
43390667	43390843
246390514	246390690
200807208	200807384
241571593	241571769
31170989	31171165
15651995	15652171
201346074	201346250
119915258	119915434
27930447	27930623
58479014	58479190
70790494	70790670
1597195	1597371
230442041	230442217
149748741	149748917
225997675	225997851
12436205	12436381
200059795	200059971
94215689	94215865
9779228	9779404
37325645	37325821
245440704	245440880
34190007	34190183
228524330	228524506
12224839	12225015
11458642	11458818
76620490	76620666
24580160	24580336
155225094	155225270
245960977	245961153
86158464	86158640
206165600	206165776
76251909	76252085
235675190	235675366
167029849	167030025
249200295	249200471
51201152	51201328
240855495	240855671
158087702	158087878
43112363	43112539
218512700	218512876
7815608	7815784
46807826	46808002
26935477	26935653
41098771	41098947
247495584	247495760
32410115	32410291
36234989	36235165
235132054	235132230
221437199	221437375
233771699	233771875
226898998	226899174
