57682888	57683334
19897555	19897976
4303944	4304405
87236758	87237206
8617603	8618122
14013465	14013961
2473053	2473528
11012591	11013004
66994893	66995337
75498540	75498998
66349120	66349549
57456271	57456651
72866416	72866850
48664300	48664695
86597287	86597785
55498959	55499376
57118097	57118514
90148295	90148690
67850404	67850820
57553623	57554099
15644682	15645057
66642398	66642823
57625269	57625696
84544909	84545344
20861136	20861559
46707318	46707680
77269904	77270305
81069079	81069477
74743288	74743671
50058687	50059114
57610263	57610648
55978181	55978585
66684834	66685247
67706585	67706976
27468422	27468826
57334459	57334830
84759645	84760019
47175604	47175990
56998392	56998862
8223142	8223522
441800	442158
66517627	66518033
11057864	11058239
67051733	67052123
146863	147280
21566174	21566566
22199910	22200294
30953232	30953582
22691985	22692338
2977067	2977475
57933599	57933960
68554439	68554864
48387469	48387834
53544388	53544715
68362513	68362935
67580844	67581223
23446725	23447119
4674213	4674618
81907489	81907829
3740422	3740791
78269102	78269489
82673333	82673690
85148470	85148918
81771629	81771983
67499714	67500088
88320884	88321244
70805000	70805388
30441437	30441904
84771904	84772452
19918756	19919128
66512594	66512956
83960261	83960627
69788748	69789108
28082040	28082437
1773576	1773924
21311855	21312246
84705896	84706257
67554911	67555368
58370551	58370925
85279205	85279569
8974120	8974477
27246303	27246632
24528295	24528675
87110887	87111276
58848139	58848530
12549086	12549494
66981084	66981411
81923992	81924331
4700485	4700845
74846946	74847457
29859846	29860217
4556413	4556775
66987980	66988328
9253946	9254335
30640080	30640421
68738219	68738572
66623290	66623676
27166309	27166728
115662	115987
56610942	56611293
70285771	70286118
81919608	81919964
3011737	3012087
3181793	3182121
28956857	28957295
30856024	30856380
11047814	11048167
84220562	84220929
67917626	67917997
83859696	83860052
84958718	84959092
67294564	67294916
22332557	22332907
12189054	12189412
25245068	25245400
3179510	3179886
10615560	10615883
19595044	19595380
66929056	66929434
30043543	30043923
75145155	75145495
19191246	19191594
30420782	30421151
78036881	78037204
48657126	48657494
68295441	68295826
82297114	82297460
68263316	68263673
11075605	11075947
84118400	84118732
56390365	56390698
67011574	67011933
57450980	57451352
80500295	80500672
86794761	86795135
48190654	48191020
65151879	65152219
28992884	28993262
14383630	14383966
84096339	84096705
77709638	77709967
14343413	14343731
29703242	29703601
2390728	2391189
68098631	68098986
75233252	75233593
27190826	27191172
23607545	23607904
3316951	3317300
20786070	20786399
11351146	11351495
66907059	66907405
46963617	46964017
30609482	30609806
70429263	70429638
56634343	56634681
67962394	67962745
75505662	75506006
8754805	8755152
15798398	15798725
87669107	87669471
22311819	22312153
22012307	22012635
30461098	30461419
85644088	85644595
87312250	87312610
9352322	9352662
85693335	85693696
68834214	68834543
68074478	68074849
82263664	82263982
22089073	22089385
2969684	2970052
15968746	15969039
4635470	4635791
2918397	2918760
15775921	15776283
28338241	28338587
89976746	89977072
22207185	22207583
29711848	29712159
24082211	24082537
31171017	31171363
84985829	84986169
86553705	86554055
85454273	85454711
30705236	30705558
53583899	53584200
50840112	50840812
21199973	21200329
16288778	16289091
11808478	11808785
51796030	51796338
4454348	4454795
81730822	81731190
66391383	66391738
67975990	67976329
46887868	46888172
5006145	5006501
72158802	72159130
69146548	69146926
69830411	69830738
16221515	16221839
83990363	83990680
70687649	70687987
67461999	67462366
19400497	19400842
85120335	85120717
88810196	88810521
84518254	84518576
71446607	71446978
11490087	11490412
82637431	82637729
9232915	9233265
57634286	57634626
85309228	85309560
89355888	89356212
12161769	12162076
58768130	58768491
83987633	83987999
30932946	30933287
2924860	2925213
28333076	28333429
19910688	19911006
23445687	23446028
74141716	74142033
717801	718125
48151422	48151781
56735973	56736283
18980606	18980953
28289017	28289367
68562548	68562911
30964990	30965291
72536029	72536332
72275782	72276103
69432224	69432549
85649551	85649901
85852803	85853137
75032356	75032671
24053409	24053724
87358268	87358649
81238710	81238999
67219323	67219659
23814861	23815154
74343730	74344032
50840112	50840812
31393933	31394260
57496354	57496661
52225442	52225801
71916350	71916642
11501333	11501685
9228681	9229023
57754199	57754520
15859748	15860088
19234607	19234913
85855002	85855403
3081632	3081958
22960132	22960449
75525785	75526132
71995355	71995685
28985267	28985619
84787978	84788292
84655765	84656083
23739233	23739534
52946542	52946845
24510564	24510861
15915752	15916083
87670040	87670359
4598799	4599141
10762284	10762601
68027140	68027471
75267767	75268089
87495026	87495340
30103800	30104150
10830960	10831272
85350030	85350356
412177	412487
71401332	71401636
82490261	82490569
22153112	22153436
5540621	5540946
74760660	74760992
27379465	27379761
89707654	89707973
86907780	86908114
24845819	24846109
87943004	87943341
84099178	84099464
86050024	86050339
68936313	68936617
2551213	2551537
58695144	58695455
48721385	48721684
84310876	84311180
25138133	25138407
83389854	83390162
8885805	8886131
85449980	85450315
23072074	23072376
167766	168085
157036	157351
57791126	57791443
67527887	67528229
49384376	49384761
67875686	67875993
81294688	81295004
48198825	48199151
85004183	85004507
21719878	21720181
30016850	30017180
19386924	19387252
88814307	88814666
66376252	66376560
86106438	86106749
50244489	50244798
89665840	89666136
2904736	2905053
87096316	87096652
67232166	67232498
2053787	2054170
4250251	4250547
22110378	22110676
21668553	21668809
86551309	86551636
87584021	87584345
29827508	29827878
58545799	58546134
79636105	79636382
22910159	22910467
4380311	4380660
19083603	19083923
50543505	50543850
3151361	3151678
9349990	9350334
17673148	17673485
87428074	87428383
89623874	89624177
47292843	47293119
27651123	27651408
86077822	86078150
18812985	18813321
56985187	56985546
19097822	19098127
49891580	49891903
24264498	24264777
28989068	28989382
58790366	58790645
15116097	15116381
19514009	19514312
67899296	67899598
54227508	54227836
87811497	87811833
2073130	2073438
75798101	75798415
30946497	30946791
48088959	48089268
20311835	20312141
71644938	71645302
24700503	24700786
85330651	85331005
84540036	84540334
10603468	10603790
85793426	85793833
85403578	85403917
77203584	77203888
70301475	70301753
85286795	85287182
30649319	30649617
53088704	53089023
57897520	57897817
20397113	20397410
53979875	53980163
545446	545777
58131129	58131455
88924211	88924502
49626804	49627145
56352264	56352608
71033697	71033960
87905197	87905508
14394693	14395010
13960007	13960282
84208919	84209193
29740579	29740893
23812750	23813016
66773900	66774196
88751584	88751915
11499471	11499767
18995022	18995321
87350451	87350734
67548320	67548615
11735250	11735546
66864770	66865058
4567827	4568141
78133855	78134199
74464035	74464305
53777035	53777323
77257086	77257384
9144313	9144638
30547048	30547326
4338420	4338761
67515099	67515404
4409063	4409418
78005501	78005792
27616871	27617165
3989096	3989468
28884925	28885222
73230715	73230992
71345495	71345857
23568637	23568991
22330041	22330343
12365005	12365304
86374316	86374633
80958453	80958747
29874785	29875110
85598065	85598412
58155866	58156164
12913240	12913541
55735681	55736004
28328424	28328720
12667660	12667973
70286504	70286842
16281234	16281555
68479396	68479674
72434244	72434542
71576194	71576514
66785693	66785983
11626025	11626328
89282935	89283223
58028738	58029003
30825619	30825939
14623020	14623297
57452739	57453074
9030345	9030641
5142360	5142634
47052128	47052391
4359755	4360066
58333703	58333980
15871708	15871964
20394803	20395089
67138064	67138339
89374851	89375136
27983834	27984086
88882412	88882712
80560377	80560663
66696755	66697024
56885872	56886197
71533740	71534000
31870733	31871010
8999111	8999401
89927269	89927611
68297901	68298193
16955344	16955621
49441881	49442176
24021864	24022134
67312535	67312877
48576115	48576418
58521673	58521953
19612722	19612984
53317323	53317590
5666150	5666435
70287766	70288074
23308312	23308589
30032894	30033228
81763854	81764163
69373335	69373623
24057019	24057346
9127340	9127618
72133274	72133560
31708312	31708559
89766525	89766829
50699287	50699599
81657026	81657300
24516162	24516423
74896694	74896947
27527237	27527498
736061	736332
48560477	48560754
66901813	66902089
66440351	66440674
3233242	3233571
67481571	67481865
9742011	9742284
29801631	29801966
21168063	21168354
3550706	3550992
66378468	66378811
4561534	4561803
73990543	73990849
8749035	8749297
78959040	78959317
71571623	71571926
1413419	1413737
14029346	14029593
56366605	56366898
56823375	56823659
25850086	25850342
3215993	3216244
50705632	50705892
81437133	81437440
80982795	80983071
31454389	31454691
69184102	69184366
50299141	50299427
87331572	87331882
66585353	66585607
58672206	58672474
88509453	88509722
29126768	29127047
9102679	9102995
87883556	87883875
71455960	71456253
86609292	86609603
25236598	25236881
55746240	55746519
28229502	28229766
49034480	49034734
3704327	3704590
77618196	77618477
22217303	22217606
56903510	56903782
69964115	69964428
15521481	15521790
68430478	68430774
9319427	9319699
72890753	72891023
55068996	55069239
67555367	67555790
56901157	56901481
31880001	31880264
30066380	30066642
6131393	6131692
16236931	16237200
2954185	2954458
15850440	15850739
58054617	58054952
49991854	49992096
21095176	21095465
537739	538077
761758	762046
84077789	84078058
87812724	87813056
53193836	53194099
762871	763127
89631978	89632268
2244896	2245160
52005125	52005385
56547888	56548127
67490272	67490532
62259633	62259891
7318180	7318430
3224336	3224611
27367008	27367314
58528987	58529240
31117029	31117296
85461879	85462176
53807114	53807362
56637522	56637798
5683902	5684172
66962637	66962951
3144658	3144901
79368194	79368455
3202245	3202536
56435427	56435710
11082393	11082655
53926053	53926307
2190647	2190941
11065381	11065652
50361049	50361222
5134863	5135141
22308494	22308759
48265806	48266065
82095561	82095778
75551324	75551621
86053046	86053335
46723957	46724236
1105158	1105434
25288004	25288237
28560711	28560966
30669307	30669579
81756797	81757030
66943702	66943975
30124119	30124392
19566504	19566750
27386359	27386583
80886216	80886459
66762111	66762334
66750955	66751220
74800681	74800915
30996285	30996587
24048061	24048327
85474729	85475020
21962398	21962622
73029091	73029378
31463150	31463413
231473	231731
77205717	77205960
67313244	67313512
15737436	15737659
2203595	2203850
31153743	31154012
27702045	27702258
27092308	27092570
78471341	78471583
80561264	80561497
7075675	7075921
31345101	31345339
71040505	71040720
67189308	67189564
30626739	30627017
71682892	71683138
16090481	16090666
23166817	23167046
2009271	2009546
12043563	12043795
54991327	54991588
46663283	46663602
11465653	11465947
31484084	31484311
62102726	62102952
22195282	22195552
71513357	71513576
55657271	55657521
89307227	89307480
87604723	87604965
4349941	4350252
6693163	6693379
6732196	6732439
26776526	26776771
66309809	66310052
28857742	28857986
62111969	62112201
74657232	74657456
83282707	83282966
71679464	71679694
52016715	52016955
9391423	9391673
89575410	89575628
12434346	12434578
238733	238978
69029171	69029396
84656449	84656700
3033685	3033949
80858770	80858973
87051093	87051334
11312487	11312728
2888922	2889137
56858292	56858543
30135835	30136064
82473354	82473547
23746565	23746812
10608527	10608739
51852348	51852560
73748104	73748341
68741463	68741705
56315124	56315336
1973689	1973980
75584226	75584433
75823134	75823361
4033068	4033306
87450377	87450647
76299411	76299660
86510860	86511086
56707946	56708175
15313850	15314122
46588316	46588542
30080151	30080380
12322659	12322895
25155320	25155536
89682021	89682297
47071764	47071992
3213412	3213668
6385213	6385440
71780447	71780675
34666506	34666821
88593967	88594201
18957539	18957796
89641057	89641318
53241743	53241970
13967775	13968004
21113419	21113642
19570755	19570909
21695614	21695853
46981779	46982016
21012700	21012916
17650484	17650725
55737369	55737635
23689789	23690002
84341828	84342081
84992687	84992970
10673802	10674034
23444157	23444384
69430029	69430246
53056389	53056649
63394997	63395227
72501147	72501322
57201973	57202197
88625499	88625737
67203638	67203915
19992264	19992465
71474629	71474867
85364486	85364720
20818086	20818322
25066969	25067221
3083824	3084055
20751689	20751898
1463748	1463966
70772381	70772622
72100636	72100877
57979762	57979980
11450599	11450845
86286332	86286584
69743472	69743639
68273869	68274180
19412148	19412354
29955210	29955412
88695177	88695432
31472072	31472292
29721730	29721957
30662631	30662869
87206326	87206511
87178955	87179197
13547903	13548108
30493770	30493942
70365547	70365758
24712428	24712657
49526119	49526349
58373420	58373660
89772396	89772656
27878905	27879124
72881135	72881305
88227720	88227929
57829306	57829583
68624416	68624680
62160423	62160636
18015525	18015706
12990513	12990712
70052253	70052435
1755965	1756212
68268923	68269135
30154559	30154677
87454309	87454546
46722420	46722664
89119867	89120116
88017044	88017233
83146997	83147229
13990752	13990922
19225369	19225579
69528883	69529080
56827522	56827752
1420464	1420668
85751553	85751805
81248429	81248686
57661421	57661605
1107508	1107713
13310631	13310845
83249063	83249273
54667879	54668073
56677470	56677669
62075384	62075578
85336887	85337199
69345093	69345325
88739225	88739448
55291978	55292185
81913330	81913542
46891548	46891720
63323837	63324049
84780588	84780747
27120993	27121270
30093947	30094163
1979702	1979974
85752391	85752612
59226547	59226759
68877869	68878096
3109271	3109466
1862694	1862915
21946479	21946699
70403939	70404363
30053212	30053380
61970526	61970712
68150249	68150409
81400096	81400202
8244856	8245093
88803734	88804006
9219207	9219343
31725920	31726085
17288116	17288287
88503847	88504098
4452474	4452990
30988832	30989042
1380578	1380819
87686994	87687216
21652118	21652304
50247931	50248141
661163	661380
78512480	78512594
85709292	85709398
2066527	2066740
80837167	80837391
4340601	4340818
1124019	1124203
29193196	29193420
77633669	77634093
58340279	58340491
81619545	81619752
68881205	68881446
57180656	57180830
2873486	2873636
24420456	24420659
55876847	55876984
3137269	3137463
75130745	75130949
82049892	82050316
49910645	49910888
79081219	79081643
6734182	6734351
4311621	4311866
78537506	78537651
835632	835891
56075759	56075968
20371326	20371750
14279891	14280026
80351798	80351940
3577296	3577498
698113	698333
88747543	88747761
5968971	5969078
69139429	69139555
30879177	30879384
5074754	5074946
30123512	30123691
83233746	83233912
89233895	89234112
66549752	66549920
49955855	49956070
7563551	7563667
85762640	85762799
30103274	30103566
8729338	8729495
31107201	31107438
24321168	24321282
87712167	87712591
46942748	46943172
4526300	4526513
68127909	68128065
89733542	89733749
58066278	58066453
66308075	66308228
75655141	75655298
82705482	82705590
79295469	79295666
12065998	12066199
25719287	25719711
10296682	10296799
89520148	89520572
74338571	74338677
53580888	53581062
3145972	3146159
70199078	70199281
27192429	27192629
51847641	51847773
78804623	78804767
80031259	80031420
24330096	24330277
88991745	88991906
62224331	62224755
70910509	70910637
2867044	2867233
87090888	87091040
5106454	5106605
82614031	82614170
57509912	57510026
769871	770045
1156370	1156583
75436896	75437070
69177005	69177429
3053744	3053941
47177348	47177561
24812194	24812300
82065163	82065274
795886	796084
75555346	75555533
87605032	87605224
2301551	2301771
87736092	87736241
3199716	3199914
7363297	7363434
31466970	31467394
66304464	66304664
5552434	5552600
85427331	85427500
57757177	57757387
19179101	19179246
6066465	6066889
48291637	48291843
57893343	57893501
86853211	86853379
88764612	88764757
15561068	15561492
88628468	88628675
84082019	84082208
1823294	1823718
85380920	85381087
70504931	70505041
2346566	2346990
69158005	69158192
2957161	2957359
77694452	77694593
67960372	67960796
31470196	31470620
28627305	28627515
84984497	84984921
629140	629330
28519383	28519807
50855596	50855798
21813131	21813555
4186099	4186523
8967513	8967721
30441437	30441904
1244683	1244843
68470596	68470778
15736559	15736713
66614565	66614686
19188328	19188752
14378937	14379361
58712618	58713042
1544405	1544580
650978	651147
26581091	26581515
87802881	87803063
2720133	2720345
83912565	83912729
23608319	23608743
33619075	33619181
86899393	86899817
29910955	29911077
29732995	29733205
710762	710941
11480766	11481190
11792273	11792697
68783401	68783825
87715899	87716019
56237075	56237196
81631702	81632126
16296394	16296570
67406693	67406822
13998757	13998939
3020173	3020351
25117769	25118193
18771295	18771425
14404393	14404817
67373356	67373780
50101481	50101661
55535485	55535909
88851984	88852134
2590054	2590478
1873816	1874240
74903679	74903861
28102228	28102652
83480518	83480671
81008561	81008985
88699898	88700322
30075263	30075687
17570571	17570995
1388289	1388411
20886111	20886535
27709541	27709965
1934121	1934545
22134561	22134708
2107215	2107412
90015004	90015186
68416304	68416466
19421808	19422232
16687441	16687588
26656940	26657364
76687440	76687548
4733104	4733232
50357639	50357745
85148470	85148918
15576074	15576498
67233516	67233661
76673811	76674235
57553623	57554099
67194001	67194186
85287164	85287326
71392527	71392678
81175015	81175439
14583443	14583570
4767310	4767734
6395102	6395526
85524575	85524999
12435320	12435744
1350998	1351177
81929477	81929901
25146833	25147257
85562450	85562874
16277518	16277685
10462864	10463288
27204610	27205034
81462649	81462841
50711341	50711765
8949090	8949514
672070	672494
78039788	78040212
22197859	22198283
82772300	82772724
4986245	4986669
2892435	2892859
87984321	87984745
58469627	58470051
34625688	34626112
75729601	75730025
81038392	81038502
57701831	57702255
49590352	49590776
29203653	29203788
69117410	69117834
29928472	29928578
58039228	58039421
83433855	83434279
85206131	85206555
31469203	31469627
783650	784074
81232255	81232679
85591198	85591622
2328239	2328663
71586611	71587035
68400918	68401342
29830892	29831316
54851398	54851822
85950551	85950975
11349604	11349758
57973483	57973907
29818858	29819282
2437148	2437254
77985644	77986068
791062	791203
89557919	89558343
14693980	14694404
47178164	47178588
24917502	24917926
8622833	8623257
81484232	81484656
21595297	21595721
81439320	81439744
29828497	29828921
10216529	10216635
3415770	3416194
84243609	84244033
85563324	85563748
70842270	70842694
21566174	21566566
57940330	57940754
50388753	50389177
54971265	54971689
2814767	2815191
89859508	89859932
82674937	82675361
56566590	56567014
53010650	53011074
74308932	74309356
70414731	70415155
73210406	73210830
4666432	4666856
30809185	30809609
30456648	30457072
82028073	82028497
19025916	19026041
50482356	50482780
16139655	16140079
34337303	34337409
73206602	73207026
69498849	69499273
67702375	67702799
54227674	54228098
75419439	75419863
27870355	27870779
8999779	8999899
1982306	1982730
2515587	2516011
80118470	80118894
50408537	50408961
83427190	83427614
83363862	83364286
53779794	53780218
86257712	86258136
15166134	15166558
68626372	68626796
11891012	11891436
2820353	2820777
27654042	27654466
81974372	81974796
1614304	1614728
50055380	50055804
70973648	70974072
50815012	50815436
3830499	3830923
50415965	50416389
83336464	83336888
10125294	10125718
67697365	67697789
86127305	86127729
56345047	56345471
67383042	67383466
2721191	2721615
1795131	1795555
50781488	50781912
17638635	17639059
31722492	31722916
56990673	56991097
21626195	21626619
15702328	15702752
84174816	84175240
88850544	88850968
49217908	49218332
57770464	57770888
29327504	29327928
68398597	68399021
18603338	18603474
87911541	87911664
85644088	85644595
67965972	67966396
22210212	22210636
66545854	66546278
53856182	53856606
88343518	88343942
4323774	4324198
85580757	85581181
24430030	24430454
49416830	49417254
90092443	90092867
20016281	20016705
30850346	30850770
1231335	1231759
14472958	14473382
6732318	6732742
18990689	18990830
74068724	74069148
47907316	47907740
73251537	73251961
48147372	48147796
88038710	88039134
31037167	31037591
793866	794290
67062400	67062824
1633154	1633578
66308167	66308591
73599130	73599554
58340398	58340822
1913613	1914037
368601	369025
28213660	28214084
84818880	84819304
19177902	19178326
82665509	82665933
57317113	57317537
57278506	57278930
18225466	18225890
89400012	89400436
74363370	74363554
55241791	55242215
73105551	73105975
69566885	69567309
53529235	53529659
14017599	14018023
20810861	20811285
8405686	8406110
58161531	58161955
29631995	29632117
10711130	10711554
73561075	73561499
74684894	74685318
3989096	3989495
23024801	23025225
80403489	80403913
66692399	66692823
55677111	55677535
284904	285328
82655407	82655831
57625269	57625696
86013146	86013570
53916178	53916602
56901323	56901747
27931890	27932314
82664259	82664683
62290199	62290623
19103486	19103910
2908507	2908931
54319169	54319593
87923357	87923781
66730730	66731154
70922083	70922507
87267576	87268000
3078165	3078589
66060121	66060545
2480309	2480733
30198577	30199001
26806491	26806915
66477850	66478274
72870858	72871282
20360925	20361349
51796186	51796610
83920689	83921113
60824	61248
29268631	29269055
15184699	15185123
77816608	77817032
66694573	66694997
20719458	20719882
73912533	73912957
4459349	4459773
84430691	84431115
3011882	3012306
10823552	10823976
82401545	82401969
90066443	90066867
70132936	70133093
48865192	48865616
57333498	57333922
52103701	52104125
353639	354063
49386826	49387250
2033331	2033755
85132910	85133334
73253081	73253505
67578121	67578545
24579690	24580114
26974400	26974824
474952	475376
30389744	30390168
49498681	49499105
85927892	85928316
2710874	2711029
46835352	46835776
89555492	89555916
87331713	87332137
5478846	5479270
52615356	52615780
1741357	1741781
80375139	80375563
30364133	30364557
73065077	73065501
86868254	86868678
88910800	88911224
19655619	19656043
11450729	11451153
84190124	84190548
3504056	3504480
14991109	14991533
19692319	19692743
5654743	5655167
48897943	48898367
58034502	58034926
66358678	66359102
1396900	1397324
57662193	57662617
57862419	57862843
57698212	57698636
770433	770857
49773298	49773722
47053420	47053844
69893461	69893885
29022388	29022812
85452649	85453073
86934947	86935371
2293143	2293567
53254484	53254908
61979884	61980308
8617603	8618122
27876478	27876902
11076997	11077421
87224024	87224448
24591965	24592389
25384033	25384457
70672875	70673299
67980492	67980916
29972918	29973342
10971249	10971673
88571846	88572270
81041081	81041505
27439755	27440179
89972880	89973304
66453446	66453870
2523938	2524362
89509862	89510286
8431280	8431704
7665558	7665982
12486446	12486870
57835165	57835589
50678651	50679075
85330915	85331021
57336564	57336988
88132400	88132824
11769238	11769662
85858901	85859325
72995371	72995795
57126646	57127070
61182769	61183193
66864916	66865340
2202609	2203033
57788816	57789240
83435688	83436112
8745711	8746135
83640222	83640646
73091345	73091769
5108464	5108888
11907544	11907968
79022264	79022688
87381881	87382305
27166309	27166728
50917882	50918306
55055731	55056155
30933091	30933515
74260512	74260936
65017868	65018292
2171310	2171734
87943148	87943572
10660487	10660911
30382301	30382725
58511668	58512092
67049084	67049508
85207224	85207648
85668679	85669103
84177779	84178203
67278580	67279004
2274013	2274437
585219	585643
57989496	57989920
11736260	11736684
82377780	82378204
1152851	1153275
70563280	70563704
67596503	67596927
58286629	58287053
25119269	25119693
3068095	3068519
88676455	88676879
55787010	55787434
14458712	14459136
46682541	46682965
69601064	69601488
74752959	74753383
72229473	72229897
71002266	71002690
87985473	87985897
27180764	27181188
84959654	84960078
88179026	88179450
58011620	58012044
20786246	20786670
83317644	83318068
87269577	87270001
10013289	10013713
47144857	47145281
34422894	34423318
53449322	53449746
10408638	10409062
69832332	69832756
32876629	32877053
66542244	66542668
18548316	18548740
58768288	58768712
73045918	73046342
10350592	10351016
82829619	82830043
67953510	67953934
2203716	2204140
13833834	13834258
20703012	20703436
86843222	86843646
29190686	29191110
31967570	31967994
47196565	47196989
74851698	74852122
57238544	57238968
67260991	67261415
81297073	81297497
58231889	58232313
19126093	19126517
1213191	1213615
13604578	13605002
73302492	73302916
84001578	84002002
15135485	15135909
49789194	49789618
2908710	2909134
67298257	67298681
77077018	77077442
16238964	16239388
88905362	88905786
626777	627201
73056474	73056898
74069708	74070132
69320830	69321254
88017113	88017537
72852324	72852748
71052995	71053419
14112665	14113089
17305634	17306058
17371943	17372367
71250558	71250982
4303944	4304405
2079712	2080136
8957611	8958035
710861	711285
12189054	12189412
71576376	71576800
76856926	76857350
31967784	31968208
56310975	56311399
23084491	23084915
30840973	30841397
28292731	28293155
81224197	81224621
29747472	29747896
1105276	1105700
84212230	84212654
3413696	3414120
77440509	77440933
587701	588125
88275423	88275847
47808514	47808938
80353127	80353551
1813999	1814423
85855002	85855415
2721390	2721814
87900310	87900734
10723486	10723910
35143290	35143714
85431080	85431504
46641430	46641854
30493831	30494255
16189923	16190347
7136833	7137257
57443775	57444199
22187982	22188406
56717288	56717712
75144401	75144825
1145548	1145972
9262708	9263132
29854245	29854669
2610749	2611173
25268142	25268566
8749147	8749571
23754067	23754491
2833019	2833443
53164277	53164701
27682769	27683193
72054993	72055417
70969432	70969856
28886436	28886860
58141066	58141490
28502629	28503053
70793499	70793923
47961869	47962293
14296436	14296860
21545874	21546298
67840963	67841387
81657138	81657562
69006581	69007005
87093591	87094015
2579529	2579953
54691064	54691488
791144	791568
90144173	90144597
74483434	74483858
67134804	67135228
12309572	12309996
50857104	50857528
19498038	19498462
65160728	65161152
29279636	29280060
3071372	3071796
24534736	24535160
20613527	20613951
67318786	67319210
89818917	89819341
67441735	67442159
30787910	30788334
27121479	27121903
23059472	23059896
27904244	27904668
68389193	68389617
67581039	67581463
49642702	49643126
24508858	24509282
89002402	89002826
28813751	28814175
69107050	69107474
78261662	78262086
4889949	4890373
81933671	81934095
18951295	18951719
13520153	13520577
81616337	81616761
12444793	12445217
86555171	86555595
27142086	27142510
12010287	12010711
11377867	11378291
69293933	69294357
70542673	70543097
84400308	84400732
71901733	71902157
5075312	5075736
11704393	11704817
25690346	25690770
709115	709539
4144537	4144961
85454273	85454711
85548617	85549041
8885934	8886358
85505697	85506121
76888112	76888536
47070113	47070537
5666290	5666714
52102247	52102671
89253637	89254061
1767297	1767721
48075791	48076215
29124053	29124477
67023627	67024051
48945581	48946005
67864793	67865217
67479548	67479972
85597173	85597597
6661509	6661933
71527960	71528384
66416415	66416839
30418340	30418764
73087807	73088231
2077473	2077897
4250375	4250799
24264629	24265053
81919782	81920206
68379817	68380241
73777540	73777964
2636115	2636539
13001522	13001946
87849146	87849570
30961493	30961917
58370726	58371150
82095680	82096104
30538170	30538594
86870482	86870906
32909115	32909539
88473109	88473533
48426216	48426640
2552858	2553282
67647708	67648132
77257216	77257640
58052802	58053226
1234428	1234852
30124236	30124660
7075793	7076217
30733623	30734047
84769765	84770189
2482187	2482611
58485968	58486392
89015158	89015582
6085151	6085575
84150078	84150502
58521813	58522237
82789150	82789574
24867078	24867502
78739546	78739970
54096887	54097311
77257989	77258413
71641779	71642203
89423339	89423763
2957287	2957711
65376379	65376803
72971154	72971578
78156636	78157060
4427794	4428218
67344072	67344496
3946369	3946793
31212095	31212519
66570423	66570847
67317241	67317665
87608627	87609051
72133399	72133823
73755603	73756027
23517308	23517732
30905410	30905834
83452179	83452603
48368223	48368647
57416527	57416951
30968273	30968697
30996818	30997012
25959951	25960375
1593546	1593970
9254136	9254560
17673319	17673743
54963368	54963792
4528008	4528432
81966288	81966712
67678491	67678915
27234605	27235029
54395658	54396082
48935822	48936246
31276471	31276895
55528878	55529302
75278171	75278595
87990396	87990820
70729638	70730062
70737254	70737678
27279885	27280309
30406864	30407288
88152313	88152737
69146735	69147159
89767294	89767718
74486942	74487366
70987208	70987632
58530061	58530485
87089717	87090141
85995589	85996013
66463399	66463823
58540799	58541223
12156179	12156603
19459054	19459478
8993506	8993930
15166341	15166765
12562465	12562889
231609	232033
3014171	3014595
69746736	69747160
1139708	1140132
65738776	65739200
67433397	67433821
28948552	28948976
30984191	30984615
4221148	4221572
69560913	69561337
67213269	67213693
86341047	86341471
4864779	4865203
70988769	70989193
49952214	49952638
31027396	31027820
86350574	86350998
49546946	49547370
84782657	84783081
88701498	88701922
27760190	27760614
15551799	15552223
794065	794489
11750944	11751368
57221125	57221549
14580711	14581135
87781194	87781618
23255479	23255903
30681416	30681840
77410255	77410679
2200653	2201077
10992476	10992900
81666753	81667177
68321780	68322204
14735715	14736139
67213574	67213998
66512775	66513199
29239585	29240009
68308611	68309035
49382311	49382735
72183879	72184303
20956108	20956532
23382741	23383165
66785818	66786242
51371609	51372033
90172525	90172949
66349120	66349549
87695958	87696382
81008762	81009186
88898178	88898602
18274909	18275333
46963806	46964230
52587214	52587638
80311044	80311468
81972991	81973415
47238980	47239404
13425802	13426226
69345709	69346133
2835621	2836045
21499261	21499685
53088862	53089286
76191510	76191934
31880154	31880578
167919	168343
21312960	21313384
2312930	2313354
80648811	80649235
87086460	87086884
57809440	57809864
67075426	67075850
31891788	31892212
52562598	52563022
1234637	1235061
3199821	3200245
50498509	50498933
575657	576081
3314047	3314471
24817263	24817687
31464962	31465386
19254419	19254843
3532919	3533343
57991683	57992107
67311241	67311665
80982936	80983360
8963305	8963729
80534423	80534847
31985539	31985963
31053592	31054016
71917736	71918160
55735809	55736233
85091018	85091442
2964229	2964653
2283668	2284092
87964058	87964482
27983940	27984364
1913813	1914237
83750929	83751353
85016085	85016509
58877598	58878022
11965011	11965435
74760822	74761246
90281877	90282301
51967994	51968418
48147574	48147998
9213694	9214118
69085320	69085744
86053182	86053606
451914	452338
57079755	57080179
14927267	14927691
25006705	25007129
58310239	58310663
83825940	83826364
72434359	72434783
70530207	70530631
30965125	30965549
20338591	20339015
48399549	48399973
730872	731296
58033220	58033644
52895476	52895900
87877928	87878352
71283266	71283690
74734393	74734817
66379358	66379782
56453979	56454403
81746744	81747168
85021934	85022358
54316126	54316550
5535577	5536001
57310609	57311033
86526183	86526607
78005654	78006078
64123559	64123983
87960817	87961241
77205842	77206266
27456763	27457187
90092642	90093066
29963274	29963698
83382797	83383221
65718089	65718513
54846108	54846532
68150324	68150748
25377416	25377840
57761633	57762057
53455126	53455550
1836095	1836519
3137340	3137764
4147893	4148317
24321899	24322323
1063192	1063616
87712366	87712790
53041007	53041431
86698568	86698992
52946671	52947095
4810259	4810683
19533191	19533615
14578792	14579216
86192325	86192749
10688160	10688584
85061630	85062054
30658611	30659035
5182921	5183345
70404151	70404575
18024094	18024518
1629196	1629620
8979628	8980052
6046540	6046964
2889032	2889456
81924138	81924562
9029695	9030119
67339290	67339714
635370	635794
22988688	22989112
57661503	57661927
86437391	86437815
14017807	14018231
2848200	2848624
28991679	28992103
50170315	50170739
15603589	15604013
31088892	31089316
27233978	27234402
46516778	46517202
81189313	81189737
66511386	66511810
85662253	85662677
9788988	9789412
