111471772	111472188
40516929	40517314
111064600	111064963
107857624	107858025
113597009	113597391
100308341	100308719
20737547	20737919
99828815	99829225
77477727	77478068
30687080	30687450
101167111	101167452
100568729	100569136
99305659	99306028
49343265	49343611
107863341	107863699
99325169	99325663
96056524	96056900
30046489	30046863
100089096	100089527
99492381	99492718
95948804	95949159
60970897	60971259
48612059	48612421
111108225	111108585
103568374	103568712
76450531	76450863
30498337	30498685
107188790	107189171
32316283	32316608
72795511	72795837
100039692	100040033
111875762	111876085
73413974	73414310
111596645	111596984
114992232	114992560
53542244	53542568
30082273	30082607
99097555	99097949
36920820	36921137
22051170	22051526
99495157	99495470
96032979	96033265
27272837	27273179
115105299	115105624
100552619	100552935
27504411	27504750
113683804	113684145
51860575	51860895
96130798	96131149
95844005	95844364
96486498	96486774
103109718	103110032
27949878	27950215
75793893	75794231
25688344	25688646
113260728	113261067
31998314	31998642
113528846	113529175
52419219	52419580
74614404	74614722
31618566	31618879
113585776	113586110
29937195	29937483
45883587	45883894
101347337	101347639
80253434	80253724
114519914	114520255
95014701	95015002
76056628	76056981
103522967	103523297
113689306	113689606
21684924	21685253
53383486	53383804
47125636	47125950
21517681	21517998
113271304	113271632
97762168	97762505
91669638	91669937
53024683	53025114
32820546	32820859
61047738	61048077
110761268	110761608
36295102	36295469
51644237	51644557
36994530	36994821
27936126	27936440
45855254	45855534
95068783	95069068
76123398	76123706
32738851	32739150
101225310	101225640
92299648	92299972
101374206	101374505
20534234	20534583
97865065	97865375
31439517	31439855
113098312	113098627
91519604	91519879
48669188	48669491
25268244	25268564
98011763	98012065
25861530	25861867
52470459	52470744
95327182	95327486
26758874	26759166
100094576	100094852
99118930	99119206
52389281	52389578
29210905	29211207
50243880	50244172
49323885	49324183
92001213	92001518
97681025	97681299
81553207	81553501
28107239	28107565
80916992	80917316
97670332	97670591
37573399	37573734
27447081	27447364
75932076	75932399
76444501	76444785
110874572	110874881
76269968	76270262
108807895	108808174
91786502	91786788
30282113	30282388
88323424	88323779
30689172	30689475
23594439	23594716
33802736	33803005
51486199	51486476
51699934	51700195
109797957	109798206
20756427	20756736
28400767	28401091
36204850	36205106
28055922	28056245
72830148	72830402
109549375	109549651
45492384	45492674
50550833	50551115
74861105	74861406
43543754	43544030
24803035	24803281
61201274	61201559
103244303	103244580
27948824	27949105
28898375	28898621
21063395	21063652
26148614	26148873
32593800	32594065
42033099	42033344
45621513	45621766
59965810	59966100
40643357	40643638
27056782	27057035
29679975	29680250
109613927	109614191
21066812	21067119
27954151	27954428
98507799	98508074
111720170	111720428
53436544	53436810
52701933	52702223
78695684	78695938
46700745	46701021
27933392	27933670
73217610	73217887
80547648	80547935
113929676	113929968
24627604	24627884
100269707	100269975
66212785	66213037
50181234	50181497
77047713	77047989
109567532	109567786
78815515	78815766
103377278	103377561
52423821	52424109
96632776	96633068
76591036	76591287
110790095	110790327
29370869	29371126
97475174	97475440
21069293	21069573
92027443	92027695
31377063	31377352
78711827	78712084
27559483	27559734
53226925	53227181
65104072	65104335
101247081	101247327
27546327	27546582
96672423	96672675
47548106	47548359
49875361	49875605
96276230	96276512
28572112	28572371
27070781	27071042
112081461	112081725
23981093	23981358
59892538	59892765
95272595	95272853
33224963	33225195
99853667	99853941
110443739	110443979
107272363	107272604
27858352	27858604
27521118	27521399
50443725	50443981
91620862	91621110
74282590	74282811
66541145	66541367
21286753	21287069
30909298	30909527
46895815	46896073
50571481	50571744
108302522	108302772
21872056	21872299
114216802	114217055
24794349	24794533
87926561	87926792
34116849	34117130
92839721	92839949
47468272	47468521
78052595	78052808
30706717	30706954
77576829	77577060
80604691	80604931
98227268	98227484
103499956	103500214
92598796	92599016
40351635	40351891
24316110	24316343
101808367	101808602
110262911	110263173
79552612	79552819
49169854	49170082
25258004	25258270
42242386	42242603
114607453	114607720
25611438	25611701
82214212	82214397
48369184	48369422
52371938	52372180
36400864	36401107
37049681	37049925
78326080	78326299
70139662	70139868
34298073	34298298
46085791	46086023
111333233	111333478
40190336	40190550
113295147	113295410
21498993	21499221
39719141	39719360
58199078	58199275
97610627	97610837
20771553	20771772
101298603	101298817
48348336	48348602
24463571	24463803
43877220	43877438
48701067	48701290
28633477	28633648
113365738	113365973
114027369	114027592
61228638	61228837
42790362	42790567
25245575	25245856
98563862	98564076
25659367	25659635
32005836	32006067
89719211	89719422
41351410	41351644
103232993	103233209
88462912	88463051
50226903	50227136
27913543	27913800
43544968	43545172
49814240	49814462
32575463	32575706
32884356	32884539
96146426	96146637
50422192	50422396
39837198	39837411
97996924	97997116
32842099	32842288
28404205	28404389
96881684	96881904
46863247	46863475
90348007	90348197
41388382	41388582
46758604	46758810
43169191	43169400
38619961	38620190
113900474	113900675
105224055	105224262
92059029	92059185
80938139	80938342
67798470	67798665
32989261	32989472
33213806	33213922
80349996	80350202
29379412	29379684
76261461	76261621
25569433	25569657
20438956	20439224
101780184	101780393
32484099	32484321
20161922	20162122
113866136	113866327
98452625	98452857
90577436	90577633
112157536	112157770
102167111	102167322
61023135	61023340
69501658	69501868
46734720	46734901
23662150	23662328
62932394	62932562
102438191	102438615
21402805	21402969
26611495	26611680
63086419	63086612
108829130	108829346
82504179	82504378
74328932	74329122
101753968	101754184
29943362	29943548
41796494	41796701
60254632	60254833
111245884	111246120
28558474	28558660
43458096	43458217
53726009	53726219
114780616	114780823
25302219	25302451
46303044	46303250
111702685	111702892
102594489	102594672
41927231	41927473
60903865	60904017
96728338	96728484
74341970	74342160
27281936	27282124
20868764	20868943
31467168	31467390
99083465	99083700
70509270	70509434
111868646	111868843
49789254	49789425
24473798	24473987
30288091	30288279
45491595	45492019
83332307	83332470
56091550	56091734
96356895	96357067
20193171	20193347
80205438	80205613
38992128	38992240
21285754	21286178
43706390	43706814
28345078	28345231
110768506	110768693
52575367	52575538
27980532	27980725
37712431	37712624
45544119	45544264
47405844	47406002
36857057	36857264
26084032	26084258
94844816	94845240
76248621	76248802
31810307	31810731
112126906	112127014
114444954	114445124
62455050	62455189
114427862	114428047
51723231	51723391
102743541	102743965
40340058	40340215
48169061	48169227
36527762	36528186
60480742	60480853
61005377	61005542
31254029	31254171
33485642	33486066
39590894	39591318
46381607	46382031
98501550	98501974
87911784	87911985
21754923	21755133
88321760	88321921
108974711	108974823
26951133	26951557
44765642	44765845
44362284	44362435
33962273	33962697
24534793	24534940
76279000	76279424
60051288	60051436
111335500	111335924
60252441	60252605
39338034	39338195
99922017	99922124
82061380	82061572
22212321	22212745
109380820	109380926
109261674	109262098
78066953	78067377
41351668	41351789
37432327	37432751
24594550	24594709
91697667	91698091
113164443	113164574
109160595	109161019
25571626	25571821
67990453	67990877
66187265	66187373
99100675	99100838
98401607	98401713
95269638	95270062
71535099	71535247
103555981	103556405
52498244	52498398
60800785	60800940
102409777	102410201
25949995	25950190
34651249	34651673
45252528	45252658
32112174	32112598
48652238	48652662
111217627	111218051
71894553	71894977
85444425	85444568
39446815	39447239
31773955	31774158
45968193	45968397
103452482	103452906
51824350	51824468
21871112	21871536
85836019	85836165
105792324	105792748
67066731	67066838
99686069	99686493
30685946	30686370
34505479	34505903
107855486	107855910
101195059	101195483
108994718	108995142
114112570	114112994
38047304	38047421
100252469	100252893
95841686	95841864
92033724	92033887
42908167	42908591
46064391	46064497
53471615	53471818
49154359	49154783
103792601	103793025
60345415	60345839
36552619	36553043
75946675	75946830
45222550	45222974
41548783	41549207
45148426	45148559
31250786	31251210
91965312	91965736
26637124	26637248
53824409	53824833
37879368	37879539
33243158	33243582
111686214	111686358
109849213	109849637
85470244	85470668
102794084	102794237
24450370	24450794
31553443	31553867
95087830	95088254
38214734	38214847
51695150	51695333
76593476	76593900
25807212	25807345
99918098	99918522
79630980	79631105
102849522	102849946
37310248	37310672
35731269	35731693
22132305	22132445
111567550	111567732
73745949	73746373
30732908	30733332
92726893	92727317
54356503	54356927
112112848	112113272
67117862	67118286
48253083	48253507
109928170	109928594
30029207	30029631
98311894	98312318
60708451	60708875
114909185	114909609
45453589	45454013
40186166	40186590
36392690	36393114
86439243	86439415
80115707	80115843
50510295	50510719
72453351	72453775
68878403	68878827
113740277	113740701
19728205	19728629
49855304	49855486
44624579	44625003
70913911	70914335
46038578	46039002
103223432	103223856
111005142	111005566
46311573	46311997
41628341	41628765
95266325	95266749
74409269	74409693
97683309	97683733
22199647	22199758
105426047	105426471
76334271	76334695
79965413	79965837
44479529	44479953
110742143	110742567
37683170	37683594
111015347	111015771
27778043	27778467
101797154	101797578
73860303	73860727
99250297	99250721
42615843	42616267
49673341	49673765
108739035	108739459
31125311	31125735
37389172	37389596
100266926	100267080
114782431	114782855
42479715	42480139
106062917	106063341
104535371	104535795
32229962	32230386
92228809	92229233
107570382	107570806
33631598	33632022
110899803	110900227
50395496	50395920
47479331	47479755
97910085	97910509
52406687	52406868
41959244	41959668
68310656	68311080
112879717	112880141
75832296	75832720
59750858	59751282
91520547	91520971
43769656	43770080
104856531	104856955
97469612	97470036
111997067	111997491
96350293	96350717
26760743	26760918
21297465	21297889
47067054	47067478
113841395	113841819
111067951	111068375
44817378	44817802
83421689	83422113
111453404	111453828
100887492	100887916
27999938	28000362
33886293	33886717
78167134	78167558
42684679	42685103
91814429	91814853
73991125	73991549
50763555	50763979
27179974	27180398
47338174	47338598
113047016	113047440
113738538	113738962
82531239	82531663
33112977	33113401
32371283	32371707
108879997	108880421
113656480	113656904
84354313	84354737
24040828	24041252
102229317	102229741
112332449	112332873
70431340	70431764
71142689	71143113
100258147	100258571
46197606	46198030
20392359	20392783
114048306	114048730
31370278	31370702
96188868	96189292
46015726	46016150
52355335	52355759
49306082	49306506
28527975	28528399
82501446	82501870
51375474	51375898
110760403	110760827
47536665	47537089
25315396	25315820
64210360	64210784
24495484	24495908
96313238	96313662
108872378	108872802
111609492	111609916
53780594	53781018
78384567	78384991
111466536	111466960
23518601	23519025
43052690	43053114
20501365	20501471
110417249	110417673
53183457	53183881
105854747	105855171
68835218	68835642
30304344	30304768
36969432	36969856
31248235	31248659
27203402	27203826
77554237	77554661
68415189	68415613
73225365	73225789
34995435	34995859
40726278	40726702
45541806	45542230
101240911	101241335
20558829	20559253
36849309	36849733
45451043	45451467
92374548	92374972
114433729	114434153
22423458	22423882
74423382	74423806
31155666	31156090
75147758	75148182
47566529	47566953
19663431	19663855
114275753	114276177
103208321	103208745
50961132	50961556
113778077	113778501
50018038	50018462
39586753	39587177
100418750	100419174
87219374	87219798
70884852	70885276
107029045	107029469
72249092	72249516
72051859	72052283
48074521	48074945
85418580	85419004
26687004	26687428
98406168	98406592
48642202	48642626
79998163	79998587
71538262	71538686
110351780	110352204
100310842	100311266
108025778	108026202
19217830	19218254
46047758	46048182
111723432	111723856
25179962	25180386
61192253	61192677
102593710	102594134
92575402	92575826
48372989	48373413
47971743	47972167
102127027	102127451
91384319	91384743
50223329	50223753
31626164	31626588
32833237	32833661
46453825	46454249
46292181	46292605
34374320	34374744
39489533	39489957
32955668	32956092
28414157	28414581
36363453	36363877
24896581	24897005
25636614	25637038
45937056	45937480
52341265	52341689
100230829	100231253
115045960	115046384
114099537	114099961
61564165	61564589
89767535	89767959
38534565	38534989
73222811	73223235
96004570	96004994
79450346	79450770
114143498	114143922
88721204	88721628
96398031	96398455
111159903	111160327
73802664	73803088
96710128	96710552
79160738	79161162
82446653	82447077
47295282	47295706
45057773	45058197
97619349	97619773
88652014	88652438
61984814	61985238
83314034	83314458
101802353	101802777
90086866	90087290
111699193	111699617
31624545	31624969
82904659	82905083
87522621	87523045
24464389	24464813
73140028	73140452
23314362	23314786
115105459	115105883
62528250	62528674
41242411	41242835
26554357	26554781
103378768	103379192
98756210	98756634
33041492	33041916
78139819	78140243
49447870	49448294
42516780	42517204
81586162	81586586
47177425	47177849
33364819	33365243
111806337	111806761
86312111	86312535
25129285	25129709
90014096	90014520
28887720	28888144
86471198	86471622
50199430	50199854
24803149	24803573
28443227	28443651
112256355	112256779
74296292	74296716
24723071	24723495
34061982	34062406
25542427	25542851
93886394	93886818
33017219	33017643
28534404	28534828
52509845	52510269
42223800	42224224
92001343	92001767
44537815	44538239
92827609	92828033
79380593	79381017
114912034	114912458
30982334	30982758
62894245	62894669
45313233	45313657
36564312	36564736
21912284	21912708
103478302	103478726
112878272	112878696
61699654	61700078
111868753	111869177
95926697	95927121
99521650	99522074
95201296	95201720
46158947	46159371
61033524	61033948
114105726	114105895
109924500	109924924
52810337	52810761
68217787	68218211
101910525	101910949
37424933	37425357
39156296	39156720
85029297	85029721
43879061	43879485
34184547	34184971
53424447	53424871
23893759	23894183
66500871	66501295
100263069	100263493
58201720	58202144
24152783	24153207
39625239	39625663
77891120	77891544
109547568	109547992
87116398	87116822
110368141	110368565
87932402	87932826
100588042	100588466
67192819	67193243
20763284	20763708
100098489	100098913
93824381	93824805
34441615	34442039
99209102	99209526
67263756	67264180
50123412	50123836
61075337	61075761
37555253	37555677
22830323	22830747
106685916	106686340
28357284	28357708
50091631	50092055
86402231	86402655
78353552	78353976
69384793	69385217
75991131	75991555
31431115	31431539
52703080	52703504
31027949	31028373
102597750	102598174
109807779	109808203
26706877	26707301
29391308	29391732
40351755	40352179
31808856	31809280
75990865	75991289
24085108	24085532
39989536	39989960
33683909	33684333
51837026	51837450
25980538	25980962
96793271	96793695
50422302	50422726
40720205	40720629
24289894	24290318
95952928	95953352
48807512	48807936
45392605	45393029
73753755	73754179
27845042	27845466
49305142	49305566
43732976	43733400
73613467	73613891
76259479	76259903
50951003	50951427
73915962	73916386
76006090	76006514
50659135	50659559
103685724	103686148
100180788	100181212
81591664	81592088
106735924	106736348
110926989	110927413
66559770	66560194
82561273	82561697
72553699	72554123
52775472	52775896
98462402	98462826
93007483	93007907
74019080	74019504
41649165	41649589
22053097	22053521
111690366	111690790
99848658	99849082
114105889	114106313
80077238	80077662
59836226	59836650
111096656	111097080
41985643	41986067
85148970	85149394
37844782	37845206
37027652	37028076
23733347	23733771
35353278	35353702
73043544	73043968
60834437	60834861
110651456	110651880
47700497	47700921
42161634	42162058
98241219	98241643
64030072	64030496
35738498	35738922
76444624	76445048
97719664	97720088
91730277	91730701
37422687	37423111
91683744	91684168
34335882	34336306
99134715	99135139
77396806	77397230
24887576	24888000
22852438	22852862
97615998	97616422
72328704	72329128
113689442	113689866
114917075	114917499
104162330	104162754
110790796	110791220
111728442	111728866
103841035	103841459
26559488	26559912
29953370	29953794
60943256	60943680
106689252	106689676
59752482	59752906
80936031	80936455
36994681	36995105
65777002	65777426
43072674	43073098
99681094	99681518
113683972	113684396
73526911	73527335
103310040	103310464
114004386	114004810
97636461	97636885
82114887	82115311
96951460	96951884
38797232	38797656
45914467	45914891
70159749	70160173
66230829	66231253
72661795	72662219
41629375	41629799
46257918	46258342
53239470	53239894
52165217	52165641
114111815	114112239
30282228	30282652
95312918	95313342
93225702	93226126
114056624	114057048
34015137	34015561
108726764	108727188
89298408	89298832
42613635	42614059
31586761	31587185
78749867	78750291
112170695	112171119
81745167	81745591
25576417	25576841
24940353	24940777
24525419	24525843
95083816	95084240
67263143	67263567
32399274	32399698
87394010	87394434
86373415	86373839
24981963	24982387
67812419	67812843
53144018	53144442
80695988	80696412
31748137	31748561
43390736	43391160
20879727	20880151
103136694	103137118
52173899	52174323
99002215	99002639
47468388	47468812
111577519	111577943
74394215	74394639
96182425	96182849
76060332	76060756
29327693	29328117
114830578	114831002
77900604	77901028
25841833	25842257
27752002	27752426
22387244	22387668
32884443	32884867
93620126	93620550
60953931	60954355
71416442	71416866
81635830	81636254
51831331	51831755
38558497	38558921
38182862	38183286
76140817	76141241
111522377	111522801
35407659	35408083
79820667	79821091
44806168	44806592
95808478	95808902
22677117	22677541
40914502	40914926
111481038	111481462
91837551	91837975
114048510	114048934
55819462	55819886
43234489	43234913
88429545	88429969
49822798	49823222
112842298	112842722
29102974	29103398
50253362	50253786
70130570	70130994
91072856	91073280
98685562	98685986
31439659	31440083
41257099	41257523
30409440	30409864
44482497	44482921
66251978	66252402
20690377	20690801
92391964	92392388
47302930	47303354
113596035	113596459
90229527	90229951
103888580	103889004
33160278	33160702
43411071	43411495
49357449	49357873
74039607	74040031
32026662	32027086
46391947	46392371
51106062	51106486
27231002	27231426
73270772	73271196
28196516	28196940
99844891	99845315
39474355	39474779
40384609	40385033
52342768	52343192
33859829	33860253
85180063	85180487
46626594	46627018
78394879	78395303
59892643	59893067
93900780	93901204
42226888	42227312
66456888	66457312
75939728	75940152
52600455	52600879
39215672	39216096
111538297	111538721
60321641	60322065
76480531	76480955
31983820	31984244
80915436	80915860
60909659	60910083
25559249	25559673
44361086	44361510
72795669	72796093
101391545	101391969
114303630	114304054
60215403	60215827
31366629	31367053
21278145	21278569
47128707	47129131
34618661	34619085
98997762	98998186
111746004	111746428
25201195	25201619
36292202	36292626
45563086	45563510
25823304	25823728
76374661	76375085
85145282	85145706
113324482	113324906
111367474	111367898
32570668	32571092
99136998	99137422
31551936	31552360
82901065	82901489
110396307	110396731
49995591	49996015
30169923	30170347
31941535	31941959
28239462	28239886
114750412	114750836
102197907	102198331
111679996	111680420
115010094	115010518
92434251	92434675
61860281	61860705
39621674	39622098
107863512	107863936
71187408	71187832
79263170	79263594
42938294	42938718
39104639	39105063
78891148	78891572
110891657	110892081
113241568	113241992
109678641	109679065
68808450	68808874
22749892	22750316
40785733	40786157
67288909	67289333
52644899	52645323
52549820	52550244
80913229	80913653
104970371	104970795
43659543	43659967
108929929	108930353
