53036603	53037091
15691422	15691913
33247649	33248235
41336535	41337014
73121838	73122298
110026361	110026784
32383182	32383614
2932390	2932803
30098786	30099195
30509209	30509634
86192800	86193211
10801464	10801880
42134185	42134671
44280954	44281357
1397212	1397600
20126933	20127366
30796244	30796614
6557165	6557574
36270206	36270658
126317134	126317490
31920097	31920491
87788732	87789104
16965128	16965523
33358971	33359358
90081730	90082152
33712142	33712556
107318793	107319203
8983345	8983750
3251697	3252059
44235717	44236124
52128542	52128926
111580126	111580544
41286599	41287000
30690397	30690767
45898164	45898571
42515280	42515685
33553368	33553803
188765	189152
47277641	47277997
24521199	24521574
31514370	31514785
11144586	11144932
38839712	38840116
35208883	35209250
6677033	6677410
1424534	1424924
32381245	32381593
52589235	52589598
36308686	36309082
6547312	6547668
29039880	29040254
136547377	136547742
31737573	31737960
722011	722351
16331553	16331917
73839651	73840021
33050503	33050845
33557420	33557796
64308447	64308868
32086563	32086927
43741084	43741498
30070820	30071183
154996711	154997091
36062970	36063312
18596460	18596810
10510745	10511102
112364206	112364592
36733921	36734281
31334670	31335037
31566377	31566722
43474443	43474801
7276137	7276527
37659749	37660172
11575799	11576129
27740228	27740582
30640749	30641102
112364879	112365256
2791449	2791779
37027005	37027343
31036652	31037046
6697121	6697479
42011959	42012322
4806286	4806693
44140440	44140788
112318352	112318703
37293529	37293868
3991086	3991441
26026514	26026866
47755785	47756120
74442806	74443181
29815825	29816151
35704073	35704436
53590639	53590998
25490316	25490679
44623213	44623584
35435912	35436230
29617817	29618180
15464535	15464906
100449806	100450132
52747122	52747490
41743593	41743992
16206796	16207139
159463609	159463987
53593407	53593739
109103519	109103883
85138056	85138383
37759207	37759615
20291917	20292262
56234843	56235202
109509036	109509369
5143873	5144211
39277732	39278067
13795336	13795663
10954765	10955101
130096300	130096628
30186956	30187284
43737130	43737557
35995148	35995494
2952790	2953255
31461547	31461908
71079098	71079397
53820901	53821235
32952580	32952924
41570775	41571136
36997038	36997386
36985964	36986738
112350451	112350759
148899297	148899681
25071028	25071355
5057320	5057678
38997208	38997573
41559753	41560092
88639527	88639847
36591189	36591565
24581288	24581641
159525147	159525516
2634717	2635069
74385223	74385550
33216130	33216498
33093897	33094252
16332330	16332681
30364662	30365027
81047949	81048303
3732772	3733117
44046902	44047256
37175794	37176140
24283421	24283786
16277520	16277880
52516876	52517199
37139961	37140301
41904058	41904392
42694340	42694669
41888970	41889337
2209494	2209795
143748352	143748718
14144849	14145224
43111261	43111643
29557252	29557559
18504244	18504556
24583659	24583998
19852106	19852431
44189249	44189610
37178229	37178580
35520106	35520441
32764791	32765156
32920958	32921350
31367345	31367775
24856229	24856564
15491646	15491963
31095898	31096249
106787207	106787549
83777128	83777446
52704409	52704713
109156459	109156787
31364701	31365037
100315974	100316289
41814515	41814853
90319809	90320129
133120098	133120439
29705841	29706164
1364400	1364720
109235435	109235782
12638273	12638605
41007066	41007403
53599848	53600182
2750249	2750555
80487702	80488055
134499594	134499955
105851344	105851661
114316008	114316361
42043221	42043590
17804426	17804770
39315624	39315976
110360664	110360976
43231195	43231571
27094843	27095164
29670273	29670670
44042284	44042641
44424036	44424345
43634931	43635287
2738649	2738968
91189069	91189396
112484562	112484912
22828721	22829042
35490603	35490953
29720789	29721164
88032010	88032368
29981162	29981488
41392219	41392563
27759895	27760440
45890559	45890894
107639368	107639692
47381735	47382038
35262143	35262476
40276464	40276823
52264615	52264921
35172858	35173180
169295139	169295463
33165285	33165619
52859894	52860272
52680287	52680652
97634301	97634643
7243724	7244074
135203622	135203953
25556699	25557051
47065108	47065412
12289599	12289927
3885866	3886194
90996637	90996962
3126595	3126912
13336735	13337067
26066130	26066464
39270981	39271327
35295258	35295572
32901386	32901684
16771212	16771587
3978467	3978850
151335494	151335805
150161738	150162049
45682503	45682823
159595297	159595631
34023008	34023369
125635294	125635602
28984906	28985229
12234297	12234633
75913976	75914290
153218949	153219309
42869237	42869562
43576047	43576353
126277779	126278134
36853388	36853711
44064444	44064769
3742626	3742955
86064796	86065102
44443440	44443777
85725157	85725464
90077860	90078169
53275517	53275810
30845522	30845850
83767467	83767796
137397673	137398009
151645406	151645720
25018268	25018559
83924902	83925203
74098459	74098743
82750317	82750621
36818925	36819279
37621752	37622069
32015909	32016240
2938905	2939218
136965298	136965639
135144078	135144415
5215013	5215342
49377694	49377994
86033187	86033494
114302145	114302469
75918680	75918997
144334601	144334902
21589472	21589823
1596463	1596825
39134179	39134523
142468034	142468338
32806483	32806802
30565113	30565461
107996321	107996892
35309974	35310301
137910544	137910912
15441557	15441839
24992124	24992425
165341057	165341387
71594066	71594448
104973602	104973933
49574868	49575170
169356999	169357311
108301532	108301839
35114173	35114494
11172753	11173102
108847938	108848260
44201926	44202241
108025643	108025954
29802637	29802990
166519619	166519939
131193442	131193746
53583700	53584003
134237731	134238056
47015325	47015634
33640593	33640943
114429574	114429890
2911967	2912282
2449043	2449340
3849345	3849770
85836678	85836994
118939973	118940325
69677991	69678280
97345661	97345971
18990630	18990935
44306279	44306606
5379889	5380218
16286300	16286645
6315938	6316244
30646725	30647070
4156137	4156456
52281348	52281667
37019249	37019559
30421368	30421762
25788828	25789134
25265928	25266242
25992736	25993150
152659703	152660000
30137846	30138134
26607619	26607912
11496497	11496806
43097573	43097888
99968694	99968991
13575460	13575764
159555795	159556083
26003357	26003666
12890462	12890782
44272533	44272857
76644648	76644963
111378512	111378818
31759122	31759434
126179873	126180176
36750634	36750947
36328308	36328627
33140453	33140794
26572880	26573181
53302433	53302730
26596024	26596337
78167523	78167817
32915643	32915928
97945657	97945943
34131603	34131889
41755172	41755496
25223722	25224009
134962128	134962421
160876994	160877321
3933380	3933656
25720690	25720996
53851009	53851288
31409409	31409770
99599966	99600259
151213052	151213370
50783847	50784138
161794942	161795268
36726965	36727252
107014465	107014752
149753170	149753480
158493197	158493504
112042902	112043214
32212711	32213051
37349299	37349598
42499829	42500137
57181338	57181653
39329791	39330092
80254804	80255108
31459693	31460024
27577109	27577393
3748535	3748825
150392207	150392568
170838964	170839261
34954538	34954896
131949370	131949709
138909972	138910272
89490570	89490885
3411134	3411469
44437570	44437893
125474685	125474990
28806671	28806979
26322237	26322565
27046708	27047004
53349498	53349761
43742493	43742821
116160008	116160321
151138977	151139281
33059767	33060112
39197310	39197634
80579314	80579666
21935858	21936162
44205689	44206011
71722596	71722905
31047576	31047885
99778014	99778299
16409941	16410259
33129219	33129547
27655236	27655540
64284232	64284537
24934100	24934393
44067825	44068121
18824066	18824352
35551632	35551923
31164739	31165038
56179522	56179830
41335431	41335745
31105228	31105520
27145517	27145798
65215266	65215550
108863254	108863526
33668294	33668582
37271748	37272040
52926538	52926881
43726276	43726625
30325394	30325707
91103032	91103337
43422245	43422548
149269057	149269399
148880892	148881193
41649936	41650252
33730019	33730299
126227602	126227903
46816660	46816995
5136085	5136349
13615370	13615656
51824619	51824895
3279809	3280124
41034613	41034914
33267415	33267771
7239069	7239375
142887974	142888275
44119616	44119982
40995730	40996079
31082819	31083122
116882601	116882888
149867323	149867642
27863279	27863617
16511342	16511627
1555319	1555615
38639692	38639989
31070173	31070499
33670207	33670491
33736361	33736674
99293695	99293992
73890798	73891093
33091547	33091827
111963798	111964104
52151664	52151931
27486618	27486922
163602229	163602526
138608405	138608700
116589757	116590035
29621274	29621551
1336556	1336839
120063394	120063669
160940891	160941220
4254206	4254489
64062979	64063259
150045006	150045301
9251064	9251327
44635903	44636174
170231778	170232082
30449848	30450147
12606063	12606344
28323937	28324266
17586121	17586414
39833104	39833423
3002138	3002406
135483864	135484156
156885547	156885851
47748548	47748854
52861477	52861776
70876306	70876589
27720053	27720341
138912041	138912368
6724790	6725088
119121723	119122028
30512493	30512778
148785921	148786210
33115900	33116180
143014019	143014329
27763702	27763976
37534103	37534488
149403439	149403704
36582973	36583265
32836022	32836319
84937660	84937998
93520604	93520912
37505959	37506236
126112786	126113070
46057907	46058189
31648514	31648796
105130963	105131265
84245829	84246104
33679462	33679776
116331999	116332286
83765147	83765419
97888513	97888780
54582689	54582982
106892845	106893100
33575588	33575868
36390911	36391205
124123724	124123992
150155683	150155955
113627791	113628077
161791873	161792187
17584466	17584736
24525083	24525355
17043040	17043317
37282687	37282982
132600703	132601179
114200723	114201009
144263295	144263556
152873786	152874030
31038513	31038785
107780569	107780851
44221262	44221546
26341854	26342140
35107734	35108026
4848944	4849195
33600345	33600678
27125750	27126060
150401813	150402101
30883329	30883597
100194214	100194477
148466106	148466361
125513497	125513785
55828164	55828425
80523652	80523922
2354180	2354438
92039960	92040217
127786060	127786344
26097581	26097863
72219894	72220154
14046748	14047031
97884918	97885189
36091605	36091914
138026502	138026786
132244534	132244815
44462021	44462283
33819695	33819964
134385035	134385290
112658436	112658693
153552224	153552508
103570928	103571210
34427703	34427957
16763278	16763581
150247398	150247694
64722194	64722452
80924197	80924461
158641896	158642174
40813384	40813698
116433145	116433395
151007086	151007347
36989464	36989755
43784978	43785259
58287629	58287949
32753736	32754009
30206245	30206515
130342247	130342506
111531541	111531845
83775458	83775741
147178606	147178901
74513561	74513831
5471250	5471512
32935354	32935647
106532587	106532861
132236368	132236627
151996903	151997199
112617416	112617657
166263983	166264277
80658899	80659165
42629334	42629590
32668327	32668609
38741190	38741474
24667226	24667524
13909152	13909421
32590252	32590515
31740647	31740948
42198085	42198348
155569616	155569881
75940283	75940568
53016514	53016784
43464446	43464767
158294841	158295106
97842073	97842348
44598195	44598488
134432249	134432538
142795606	142795900
15390586	15390854
109704463	109704721
7723273	7723577
114180139	114180495
122813127	122813381
913121	913379
143554050	143554300
41651367	41651659
13625117	13625390
145955176	145955451
28351384	28351656
76641823	76642111
105932613	105932851
136929375	136929644
165462944	165463240
144261206	144261491
170190205	170190550
10465955	10466220
52463077	52463376
4210908	4211170
79519976	79520223
136638227	136638508
138328139	138328378
160955253	160955594
27156651	27156941
35705352	35705605
159531052	159531352
8131560	8131824
138430601	138430883
31055352	31055625
159572366	159572626
12894153	12894432
133089177	133089606
9413256	9413520
31697125	31697397
20404848	20405102
34164040	34164337
43969078	43969379
99873726	99874023
3511706	3511981
17815621	17815895
143896543	143896804
158939618	158939870
84302595	84302849
29615770	29616019
153345614	153345868
22906430	22906691
156983147	156983430
36692477	36692718
157735803	157736069
42976919	42977181
34360495	34360789
110374900	110375141
32081727	32082004
217094	217361
108169487	108169801
41769237	41769461
133284173	133284420
82715908	82716186
139571744	139571979
164377740	164378000
137289339	137289596
56820021	56820297
148498817	148499076
109848264	109848514
1436973	1437267
56708986	56709280
138322953	138323214
26420884	26421139
52099086	52099350
74290027	74290279
30379261	30379510
10415371	10415633
32982584	32982832
17086670	17086941
12045284	12045514
12151107	12151349
88101124	88101395
36648272	36648588
31553371	31553627
142310454	142310702
13195150	13195405
33935824	33936070
57132905	57133139
85677205	85677447
113101772	113102013
797592	797829
113735757	113736027
32162843	32163123
4844412	4844655
169284741	169285066
32084565	32084849
31010590	31010844
33393767	33394023
160509479	160509762
89991602	89991851
74679761	74679986
29673474	29673698
43197114	43197384
89693307	89693576
41149910	41150139
6495013	6495256
43806054	43806331
24431307	24431550
159081310	159081585
28510402	28510676
100526446	100526664
87849033	87849262
139309394	139309671
160030104	160030356
33313085	33313320
9540836	9541053
154269025	154269262
52272240	52272484
56716657	56716917
167188737	167189001
28805181	28805422
46188977	46189220
137635493	137635768
157505435	157505699
110849301	110849524
46010178	46010416
70506812	70507097
168770966	168771238
100564544	100564801
41246774	41247037
159139556	159139823
138838763	138839030
43636054	43636305
8219659	8219915
134242473	134242758
142528612	142528870
31856584	31856895
90650222	90650468
52528508	52528770
40820846	40821127
2196385	2196628
46958731	46958974
129573318	129573570
54486158	54486385
170826193	170826425
160559317	160559536
73844293	73844552
127587590	127587843
6759428	6759703
56224110	56224290
43037776	43038030
151797143	151797369
10951893	10952084
122851668	122851929
18324469	18324679
19473143	19473411
131520865	131521112
1793285	1793518
108840235	108840485
116853235	116853471
4055746	4055993
143834561	143834847
107057646	107057902
74508315	74508557
133689837	133690096
5004244	5004527
29664367	29664624
152964176	152964434
105872115	105872361
33790441	33790701
12504665	12504913
56435615	56435870
11655867	11656090
17908069	17908300
108371139	108371374
166795296	166795558
132016027	132016301
166689235	166689491
19812854	19813096
110499842	110500061
34577406	34577660
37451976	37452250
42844871	42845131
81785792	81785987
119097758	119098024
137114161	137114441
53544281	53544508
42182564	42182802
43691615	43691861
38941046	38941281
134245156	134245397
36841467	36841704
28101842	28102089
52441391	52441668
26064806	26065057
116608919	116609141
111682950	111683171
10429970	10430147
159125245	159125489
10478746	10478969
54857662	54857870
127875638	127875878
167555729	167555957
33352371	33352651
127837896	127838106
10759673	10759927
49998747	49998970
86632748	86632959
162343905	162344150
111003628	111003834
108437007	108437258
16316951	16317201
133144173	133144385
145252655	145252887
158018755	158019033
27618668	27618896
99782502	99782703
8482062	8482248
43302291	43302501
150656354	150656568
131781161	131781386
16713533	16713696
133890047	133890331
158368306	158368517
141884014	141884275
158635246	158635513
125632275	125632537
69282492	69282731
28574593	28574801
787039	787209
139540390	139540635
167702208	167702632
30910439	30910662
163591353	163591629
168368853	168369124
17167693	17167915
137487246	137487469
65040852	65041083
31706250	31706470
100353463	100353690
56457766	56458019
150250636	150250875
161154133	161154367
30005049	30005259
84224676	84224887
28652089	28652310
41703256	41703517
130643880	130644104
133258573	133258802
25013586	25013806
8905063	8905319
91791293	91791467
131019176	131019395
26175707	26175920
137982813	137983062
155589314	155589518
41673658	41673913
5030954	5031174
46645101	46645316
46378166	46378397
70545658	70545868
51720131	51720349
169114140	169114375
74801142	74801373
72927903	72928138
56460369	56460604
80577929	80578171
91877639	91877873
7618672	7618863
35417250	35417483
56628932	56629131
163975821	163976025
5950808	5951065
76272793	76273051
3239735	3239985
94431121	94431323
7615755	7616035
46823791	46824001
159026394	159026609
39157765	39158050
7941142	7941355
34122592	34122832
80842718	80842928
83073242	83073458
5175530	5175706
14711385	14711612
109718347	109718551
108188245	108188447
137592779	137593006
31160367	31160613
12845034	12845249
107056056	107056204
127442618	127442862
43823985	43824213
138266130	138266335
51928383	51928600
2846592	2846831
99567420	99567624
31548664	31548918
130073142	130073307
36865463	36865682
110663234	110663438
161089015	161089270
38461811	38462035
1604594	1604868
150739379	150739571
100927424	100927594
74225425	74225630
149347719	149347925
31026162	31026320
25279087	25279339
134495152	134495372
90502698	90502910
150186164	150186377
80296387	80296574
159127524	159127733
42866667	42866888
85259718	85259950
137335061	137335285
55141626	55141839
167364936	167365152
74036437	74036639
121147505	121147693
96537173	96537361
31763669	31763936
131206566	131206791
33995476	33995747
2524477	2524684
37349541	37349703
48733099	48733278
128011363	128011575
121376792	121377020
161171303	161171524
29585940	29586176
10424294	10424525
87566766	87566965
158088296	158088459
98488150	98488340
32793739	32793951
94133401	94133637
104773538	104773776
76077877	76078058
53659114	53659341
16183440	16183643
166446229	166446428
110778828	110779069
30072534	30072700
99689897	99690111
4313267	4313466
6694667	6694896
44225334	44225602
29619527	29619724
40862706	40862947
166814363	166814606
28948932	28949123
40518135	40518307
55314121	55314333
11675985	11676152
46387368	46387577
36547481	36547679
168461208	168461416
122702732	122702959
41747671	41747927
166142888	166143123
112693512	112693724
149886764	149886968
33547949	33548174
4936903	4937108
159673982	159674180
112031209	112031380
70813765	70814002
53159000	53159154
13229403	13229598
127125467	127125671
32122447	32122645
36411914	36412130
80141291	80141495
138029085	138029273
152916802	152916988
64017844	64018038
52027803	52028016
44561312	44561521
7339422	7339567
20092357	20092541
108813444	108813603
150255394	150255611
135857118	135857359
89692484	89692649
151969191	151969387
116217798	116218005
122170599	122171023
14067133	14067297
56157515	56157665
29944965	29945177
117771079	117771274
8888803	8888958
117926449	117926644
32821814	32822058
107349212	107349490
107136181	107136368
155495962	155496126
88102716	88103140
158177756	158177931
160054300	160054511
129896533	129896739
141242868	141243066
34211694	34211893
53844382	53844553
133361233	133361433
7425238	7425478
142859090	142859305
55393514	55393718
134158962	134159174
41431090	41431295
151656041	151656270
33086407	33086584
127963223	127963450
17156422	17156598
40296423	40296654
54602160	54602355
82175707	82175839
143348318	143348488
54934095	54934265
31519177	31519393
108819239	108819385
42134185	42134690
36985964	36986738
118605055	118605232
24205291	24205497
5422632	5422810
84324784	84324971
139446092	139446275
105535548	105535740
132231195	132231382
169215464	169215586
46749333	46749499
6131876	6132026
140202887	140203078
34826582	34826745
111200427	111200604
76236351	76236541
74448919	74449110
40973971	40974165
35725350	35725567
155249559	155249692
150338112	150338308
119450622	119450808
33386251	33386439
166970361	166970505
16339234	16339658
129052415	129052580
56482956	56483112
111989652	111989815
34383144	34383327
46623553	46623766
84994216	84994377
74695826	74695945
30789815	30789952
32202754	32202942
14044446	14044669
40792155	40792371
31410419	31410584
28737645	28737772
56904963	56905080
91650656	91650833
16514620	16514868
109849297	109849488
24601227	24601385
33926449	33926577
52769503	52769618
57445491	57445915
33396436	33396660
50759717	50759908
161413879	161414078
75976542	75976689
44398942	44399136
73334435	73334541
51952575	51952759
32922815	32923239
51799075	51799184
148608	148986
132482558	132482689
137962725	137962895
150716667	150716850
160263165	160263336
107739462	107739583
29596430	29596664
123190673	123190858
28831891	28832315
55482252	55482360
107435554	107435755
131840839	131840988
83493689	83493841
88506320	88506511
154477271	154477469
42052700	42052878
137893096	137893311
144803342	144803539
50029868	50030039
161351770	161352000
147827801	147827994
88654527	88654689
43463149	43463359
1498959	1499383
80423509	80423732
165511767	165511953
111332972	111333136
117996395	117996596
132805419	132805551
105765873	105765979
49499907	49500066
69488482	69488906
24389570	24389794
136230992	136231171
85132207	85132354
30043630	30043776
36881970	36882184
149067769	149067948
50570030	50570185
118902059	118902250
110839517	110839707
116832611	116832769
62860116	62860226
43323730	43323906
126210551	126210709
90009317	90009501
71257148	71257294
114257369	114257538
69348305	69348432
89202664	89202813
2104638	2104765
26104229	26104653
118297337	118297479
132919722	132919848
155648778	155648884
159214552	159214741
37980473	37980665
38964973	38965157
123047860	123048009
165645314	165645500
126978796	126978969
47040756	47041180
44202545	44202791
33586925	33587349
158065387	158065811
2998486	2998687
110712174	110712357
129919497	129919657
27787574	27787763
1474587	1474710
30638528	30638952
137415570	137415734
105879192	105879371
17094091	17094205
55845525	55845693
101674856	101675044
39056195	39056349
7390303	7390469
74652287	74652711
115069177	115069342
153633903	153634036
165642847	165643008
43919106	43919260
84228833	84229257
15642686	15642810
28654291	28654487
35536697	35537121
106782948	106783182
121722049	121722188
82463705	82463916
2483004	2483428
138830656	138830796
138325560	138325984
119432039	119432165
2596569	2596743
136353149	136353573
31657371	31657559
76603164	76603321
33382444	33382639
56622578	56622722
18997660	18997768
73290217	73290348
52969172	52969329
3209498	3209611
27219472	27219896
16711801	16712225
117290491	117290615
160112359	160112530
147021388	147021505
50623653	50623790
161839512	161839630
150282912	150283099
20528653	20528807
39269530	39269699
107453689	107453851
75920951	75921149
30451553	30451737
14129900	14130008
51914418	51914536
125117013	125117437
89175591	89175779
30949695	30949882
100555275	100555699
35265397	35265591
33017091	33017515
100270706	100270874
128649119	128649543
91986178	91986286
146362388	146362812
133874908	133875119
80280573	80280730
13332004	13332428
56502522	56502639
50160622	50160809
10414049	10414473
19024952	19025376
139013399	139013587
6788740	6788939
16129588	16129763
168308805	168308991
130257799	130257935
142433737	142433851
12075390	12075814
55158020	55158182
36043623	36043733
119469787	119469948
58329790	58329991
89832308	89832732
11585609	11586033
18156266	18156420
26204488	26204912
84569515	84569675
90078806	90078973
40989597	40990021
41302549	41302726
139137286	139137457
33551508	33551645
1382019	1382443
131081285	131081395
85395867	85395996
20056744	20056880
80382363	80382787
40880235	40880348
151227045	151227214
84127698	84127837
117673640	117674064
25890627	25891051
154821944	154822368
147106135	147106559
96314760	96314923
156423241	156423665
169017611	169017784
158553088	158553240
79758331	79758755
30500246	30500670
16820102	16820266
2744590	2745014
81315240	81315346
16184322	16184746
39345342	39345493
93486850	93487274
71085603	71086027
123160742	123160853
10435418	10435614
30332375	30332799
54132593	54133017
168733678	168734102
32967779	32968203
30698596	30699020
34724296	34724468
90085163	90085587
26258451	26258875
28367473	28367634
44030504	44030928
34216874	34217064
28739590	28739752
144537382	144537569
157264	157466
138121053	138121477
108434637	108435061
127511712	127512136
43543924	43544040
126354885	126355026
12290542	12290711
31680181	31680337
90680322	90680746
24064302	24064726
40967382	40967502
56860161	56860585
6675094	6675518
113443249	113443412
152445566	152445990
7673477	7673589
56769445	56769637
78635907	78636331
152086552	152086976
37575910	37576046
151983192	151983321
13538321	13538745
157367107	157367218
101562466	101562890
1552651	1553075
43370535	43370959
7616286	7616555
139690585	139691009
2761496	2761920
71665739	71665882
50348730	50349154
138437154	138437296
76564906	76565013
11011901	11012325
36107288	36107461
148929821	148929961
168756763	168756876
114417699	114418123
98153338	98153762
2505851	2506275
74018782	74019206
116538152	116538576
148501074	148501228
2158809	2159233
30711903	30712327
99217391	99217815
44081250	44081401
129046752	129047176
111270981	111271131
10404141	10404565
50152878	50152990
145363725	145364149
11596134	11596558
6222356	6222780
57412224	57412648
123737124	123737230
4008616	4009040
143658696	143659120
34214457	34214586
96371380	96371804
37828127	37828258
30731985	30732409
85828072	85828192
30414984	30415408
2989311	2989468
91186353	91186472
116954863	116955287
95346733	95347157
26660412	26660523
47047377	47047801
71611031	71611455
156737516	156737940
112633173	112633597
133452096	133452520
55408849	55409005
109394706	109394846
157073850	157073956
105237690	105238114
114197915	114198043
79146013	79146437
66347907	66348331
136871559	136871983
70818133	70818557
71081202	71081626
133952507	133952931
41274112	41274230
151727277	151727466
6928242	6928666
80472146	80472261
112048976	112049400
119606062	119606486
42228836	42228954
87776259	87776392
142709496	142709616
815340	815764
87646752	87647176
167631713	167632137
167533516	167533940
98406006	98406430
168602145	168602286
43354398	43354516
83299443	83299867
155851517	155851623
99287634	99288058
7899224	7899648
168826	169250
50232674	50233098
31831731	31831903
109214688	109214862
116382072	116382496
135504964	135505388
33375255	33375372
117602075	117602499
89952464	89952592
85438270	85438694
107255833	107256257
126492015	126492439
47701894	47702318
10031201	10031625
6561095	6561519
31564727	31565151
152527554	152527978
114230548	114230713
6057666	6058090
146209162	146209586
43996595	43997019
123051923	123052347
141998711	141999135
30608236	30608660
149364558	149364982
161814820	161815244
85489123	85489547
127927304	127927432
56885904	56886328
2695689	2696113
153833392	153833520
162169794	162170218
132619476	132619900
118830310	118830416
116857412	116857550
31890850	31890974
75284529	75284953
149881938	149882048
408614	409038
25942747	25943171
39860460	39860578
894258	894682
155189172	155189596
47148457	47148604
107147494	107147603
34605976	34606129
151250017	151250441
2765515	2765939
106671194	106671618
1313906	1314330
135410335	135410759
16764765	16765189
35916501	35916925
167764836	167765260
55310391	55310815
134418245	134418669
167200176	167200600
12603617	12604041
593108	593532
12287743	12287871
80803755	80804179
118151017	118151441
86901843	86902267
128808189	128808613
145349504	145349619
158927643	158928067
20400671	20401095
143067630	143068054
167785248	167785672
154691664	154692088
8195544	8195968
127741575	127741999
78330008	78330432
45689539	45689662
89609263	89609687
4958009	4958123
132851633	132851776
93746507	93746931
121676000	121676106
49538424	49538848
127391011	127391435
35300181	35300303
84594309	84594422
50112678	50113102
117877054	117877478
102562258	102562682
71019754	71020178
105525735	105526159
42054016	42054440
126871458	126871882
10256322	10256746
96842602	96843026
26217234	26217658
31342037	31342151
26250346	26250770
28180130	28180554
617487	617911
7721879	7722303
45576357	45576781
151062907	151063331
75053472	75053896
160179533	160179957
133890696	133891120
163837766	163838190
90654499	90654923
41159314	41159738
140762443	140762867
150219448	150219872
42063857	42064281
150921871	150922295
14211477	14211664
150067388	150067812
120699728	120700152
130615085	130615191
67635932	67636356
125435381	125435805
91012012	91012436
38002054	38002478
138188235	138188395
110940000	110940424
135744776	135745200
43395290	43395396
99915357	99915781
14280971	14281395
106181412	106181836
42532943	42533367
32828894	32829318
53409353	53409777
103067453	103067877
89948991	89949415
24274693	24275117
92832442	92832866
1477631	1478055
8499777	8500201
30788035	30788459
130051637	130052061
43741084	43741498
137736720	137737144
104679824	104680248
150259005	150259429
133607872	133608296
157355569	157355993
94134014	94134438
160524434	160524615
8708102	8708526
31442662	31443086
34162527	34162951
117638365	117638789
100624496	100624920
153048840	153048951
42931549	42931973
3056137	3056561
47599000	47599424
111887039	111887463
117293099	117293523
137167164	137167588
16776794	16777218
126274148	126274572
168472400	168472533
117799544	117799968
6700035	6700459
29944202	29944626
46672293	46672717
47319906	47320330
38459794	38460218
35592273	35592436
25718372	25718796
89580445	89580869
112407961	112408089
64990448	64990872
64512663	64512769
150390328	150390752
158135195	158135317
88541686	88542110
134294482	134294906
25138372	25138796
125833738	125834162
83109390	83109814
29079925	29080349
158564694	158565118
53358175	53358599
129691552	129691976
130469295	130469719
30580001	30580425
66968960	66969384
52455089	52455513
107196284	107196708
126090962	126091386
111348392	111348816
5402735	5402842
44365527	44365951
6712690	6713114
168299387	168299811
165658815	165659239
118886445	118886869
155498457	155498881
64281562	64281986
17702062	17702486
70429469	70429893
34950033	34950457
72331592	72332016
159290947	159291371
11618749	11619173
112590292	112590716
43921409	43921833
33633687	33634111
119215034	119215458
170892818	170893242
32063062	32063486
67206545	67206969
1016025	1016449
74989947	74990371
53516061	53516206
170097192	170097616
81452209	81452633
23659387	23659811
150328329	150328504
6741502	6741926
78296591	78297015
17103972	17104396
169137588	169138012
100908431	100908855
1479402	1479826
99906176	99906600
26544159	26544583
55106001	55106425
99390135	99390559
132245963	132246387
161774333	161774757
24695912	24696028
18264957	18265381
43138973	43139397
110187167	110187591
155054274	155054698
74019934	74020358
3122417	3122841
169845294	169845718
158626297	158626721
151868400	151868824
129820119	129820543
51618394	51618818
70930680	70931104
153269312	153269736
74564690	74565114
20529416	20529617
148487491	148487915
129753817	129754241
166726695	166727119
169111343	169111767
75119137	75119561
140426995	140427419
80175939	80176363
143600556	143600980
32208362	32208786
64592093	64592517
56767649	56768073
87986833	87987257
100250181	100250605
85056060	85056484
117509976	117510400
159429572	159429996
98034206	98034630
4126191	4126615
42104156	42104580
159961178	159961602
144906301	144906725
150740285	150740391
2611246	2611670
65968963	65969387
52227317	52227741
53357825	53357969
27129626	27130050
38901192	38901616
157197421	157197845
106283205	106283629
39419590	39420014
133833572	133833996
170831858	170832282
13846997	13847421
3887664	3888088
77060952	77061376
118605860	118606284
579349	579773
134138691	134138839
33143433	33143857
8006434	8006858
87739451	87739875
160807794	160808218
31051739	31052163
107500194	107500618
57539345	57539769
32014468	32014892
112501290	112501714
29617984	29618408
154475492	154475916
26493513	26493937
128058056	128058480
13927360	13927784
163541236	163541660
133151345	133151769
17584592	17585016
91691773	91692197
120398582	120399006
156497180	156497604
164530759	164531183
112437387	112437811
7566899	7567323
57540314	57540738
79321618	79322042
34494897	34495321
26596178	26596602
91401520	91401944
161573894	161574318
109917114	109917538
103720906	103721330
39948755	39949179
106808189	106808613
73995400	73995824
76006877	76007301
159112347	159112771
167411210	167411634
36287121	36287545
36216626	36217050
169809845	169810269
41196292	41196716
121627111	121627535
30509209	30509634
110968166	110968590
56769557	56769981
57396611	57397035
77342977	77343401
13383959	13384084
77571094	77571518
54562202	54562626
4857007	4857431
42306556	42306980
108121741	108122165
159050268	159050692
119056468	119056892
118872200	118872624
38707289	38707713
156681072	156681496
129821976	129822400
26045703	26046127
18139149	18139573
16128977	16129094
63485359	63485783
108298388	108298812
119438063	119438487
123065315	123065739
41410420	41410844
128841658	128842082
37709698	37710122
30653114	30653538
43972820	43973244
114625443	114625867
14265232	14265656
69053789	69054213
147704070	147704494
13397984	13398408
30464331	30464755
141675320	141675744
41569356	41569780
31838075	31838499
54109206	54109630
57054895	57055319
82980442	82980866
56756568	56756992
3206553	3206977
162039847	162040271
149349997	149350421
8590588	8591012
143913416	143913840
120299415	120299839
112120766	112121190
31444515	31444939
74320146	74320570
119558417	119558841
36164039	36164463
86369749	86370173
97662912	97663336
67776318	67776742
137662989	137663413
138750076	138750500
55818252	55818676
109762375	109762799
16872750	16873174
133036355	133036779
33780424	33780848
29570693	29571117
46816812	46817236
139697667	139698091
3835134	3835558
107004220	107004644
157548740	157549164
121936650	121937074
143497196	143497620
152594897	152595321
73270673	73271097
42371038	42371462
144426015	144426439
146082670	146083094
126682160	126682584
13278426	13278850
6584929	6585353
30720178	30720602
106748818	106749242
132990769	132991193
29781522	29781946
15512409	15512833
69686148	69686572
113410244	113410668
119654868	119655292
158326621	158327045
118161828	118162252
143144061	143144485
97346922	97347346
69178407	69178831
133561754	133562178
151136272	151136696
132621465	132621889
131164675	131165099
22737555	22737979
67131471	67131895
160362721	160363145
133049763	133050187
160642447	160642871
85278691	85279115
153429440	153429864
18043411	18043835
87947570	87947994
3338019	3338443
99730296	99730720
32361445	32361869
44527210	44527634
127508039	127508463
63955796	63956220
2854359	2854783
49590731	49591155
83041180	83041604
135827362	135827786
52370525	52370949
88723291	88723715
34759159	34759583
108050257	108050681
38911714	38912138
120377226	120377650
44191746	44192170
155816265	155816689
153274277	153274701
32853433	32853857
33172891	33173315
128176698	128177122
29653507	29653931
25556848	25557272
136655967	136656391
95033597	95034021
147543670	147544094
20875580	20876004
12292514	12292938
43365699	43366123
6105837	6106261
160284248	160284672
30069606	30070030
42364436	42364860
36645912	36646336
113782358	113782782
93726952	93727376
7992215	7992639
43768797	43769221
135148160	135148584
164527480	164527904
40958017	40958441
27721793	27722217
43113877	43114301
24903085	24903509
122354710	122355134
101473305	101473729
4620029	4620453
28864777	28865201
2988579	2989003
118609834	118610258
41869860	41870284
43920417	43920841
44213829	44214253
3330415	3330839
28323504	28323728
146250157	146250581
79223575	79223999
97507335	97507759
39811429	39811853
129888522	129888946
32445559	32445983
106240931	106241355
41692866	41693290
67719705	67720129
28361691	28362115
134758477	134758901
41754128	41754552
47657913	47658337
190532	190956
4018572	4018996
124036386	124036810
11912674	11913098
152623029	152623453
19211475	19211899
4467036	4467460
121751553	121751977
123110671	123111095
108191189	108191613
157702583	157703007
8066345	8066769
18528524	18528948
33244832	33245256
5398664	5399088
141398804	141399228
153184976	153185400
153874785	153875209
32055326	32055750
3148400	3148824
160955399	160955823
15893758	15894182
30461436	30461860
21306046	21306470
10084699	10085123
17833451	17833875
41060161	41060585
135760066	135760490
74880348	74880772
86884806	86885230
35016564	35016988
157007677	157008101
6225158	6225582
163328910	163329334
116765264	116765688
144902962	144903386
95879462	95879886
144540216	144540640
110361308	110361732
132713906	132714330
111577853	111578277
45958868	45959292
6811193	6811617
34993453	34993877
135996971	135997395
136659615	136660039
75701752	75702176
5115354	5115778
99667633	99668057
152806778	152807202
151361965	151362389
37548678	37549102
150259204	150259628
42531464	42531888
33247649	33248235
5965192	5965616
64960068	64960492
46594012	46594436
127868347	127868771
108025791	108026215
163277766	163278190
133056104	133056528
149294958	149295382
35722192	35722616
101167742	101168166
116966699	116967123
134477882	134478306
151007206	151007630
62518899	62519323
136868453	136868877
92194772	92195196
33558570	33558994
75580174	75580598
97074617	97075041
19805530	19805954
106894106	106894530
32137004	32137428
108188352	108188776
38970833	38971257
165853405	165853829
83931586	83932010
35696839	35697263
6180089	6180513
144659618	144660042
158090621	158091045
69874783	69875207
56573777	56574201
143019876	143020300
105810978	105811402
112651140	112651564
135261963	135262387
624870	625294
27182343	27182767
73326107	73326531
123110875	123111299
108571650	108572074
56407415	56407839
72192436	72192860
12275235	12275659
126633384	126633808
164132691	164133115
91143847	91144271
135772757	135773181
33587127	33587551
43944993	43945417
109766605	109767029
32222957	32223185
6647088	6647512
20564394	20564818
43961906	43962330
27777908	27778332
35382949	35383373
137910544	137910912
89132562	89132986
54743454	54743878
11264338	11264762
137143892	137144316
167403101	167403525
9039502	9039926
11413494	11413918
128840145	128840569
34497358	34497782
116853349	116853773
5078552	5078976
135323378	135323802
138599395	138599819
101112116	101112540
77418308	77418732
3196081	3196505
98174233	98174657
146864377	146864801
45345724	45346148
169521053	169521477
86186262	86186686
83057755	83058179
72059007	72059431
161151935	161152359
157755914	157756338
107976444	107976868
45585111	45585535
16953797	16954221
152084468	152084892
74362824	74363248
138606909	138607333
27463555	27463979
166103146	166103570
31220422	31220846
150238334	150238758
43806184	43806608
116461090	116461514
4352236	4352660
110012576	110013000
164000951	164001375
3433251	3433675
18303000	18303424
86466716	86467140
3061803	3062227
136871758	136872182
136259697	136260121
35923797	35924221
120727045	120727469
15445190	15445614
116422023	116422447
28816575	28816999
37992097	37992521
140373828	140374252
74362275	74362699
6843446	6843870
54875831	54876255
151186489	151186913
166833820	166834244
152439826	152440250
135466063	135466487
143858440	143858864
64235080	64235504
47062053	47062477
137796260	137796684
25747174	25747598
97516061	97516485
39070007	39070431
80655940	80656364
71230267	71230691
149511357	149511781
147712041	147712465
4920514	4920938
133101898	133102322
110016698	110017122
120041316	120041740
140748935	140749359
11947268	11947692
76214543	76214967
133505915	133506339
90529913	90530337
160075555	160075979
52562703	52563127
141516593	141517017
110104439	110104863
143207963	143208387
71396242	71396666
86192800	86193220
25313097	25313521
120300998	120301422
3372458	3372882
31342094	31342518
47778625	47779049
104931102	104931526
37670026	37670450
63775987	63776411
110804753	110805177
6577952	6578376
161522537	161522961
111799903	111800327
138841576	138842000
34360654	34361078
38247216	38247640
161919472	161919896
73232440	73232864
30881740	30882164
26189073	26189497
166856682	166857106
128277396	128277820
159546006	159546430
9543852	9544276
30655528	30655952
12482622	12483046
117721066	117721490
49891496	49891920
11069189	11069613
83326352	83326776
89187049	89187473
167914215	167914639
36669328	36669752
47600933	47601357
79943221	79943645
95612636	95613060
51885722	51886146
49420810	49421234
30860686	30861110
166869808	166870232
24492723	24493147
125191744	125192168
157274625	157275049
111312357	111312781
19873222	19873646
14510239	14510663
75259386	75259810
69110257	69110681
80423639	80424063
12158914	12159338
52442229	52442653
70920148	70920572
149838603	149839027
77834341	77834765
7641385	7641809
134444770	134445194
40504131	40504555
11172753	11173102
153314563	153314987
167186026	167186450
16169081	16169505
148095942	148096366
158865202	158865626
161113340	161113764
129942392	129942816
31865970	31866394
32937788	32938212
3808834	3809258
64633036	64633460
30942243	30942667
64186182	64186606
32121403	32121827
126497388	126497812
4790698	4791122
44254617	44255041
723580	724004
168453216	168453640
44612977	44613401
3603961	3604385
39872731	39873155
9852233	9852657
48443974	48444398
79418870	79419294
36804130	36804554
96267823	96268247
28737698	28738122
163569005	163569429
51483335	51483759
36882074	36882498
170120257	170120681
106588503	106588927
63831036	63831460
111627281	111627705
116857480	116857904
5303481	5303905
76940372	76940796
51263581	51264005
31797672	31798096
134962267	134962691
160493353	160493777
32399758	32400182
27661990	27662414
12911571	12911995
14317359	14317783
136904121	136904545
100547293	100547717
104120012	104120436
99428659	99429083
119217675	119218099
63605033	63605457
21597180	21597604
42198198	42198622
31012079	31012503
3157727	3158151
150020273	150020697
12369905	12370329
64527020	64527444
27082927	27083351
154665059	154665483
131918580	131919004
24396975	24397399
37096215	37096639
150510296	150510720
120468591	120469015
33479841	33480265
1411236	1411660
140248447	140248871
159674060	159674484
126949270	126949694
129128729	129129153
52386901	52387325
107928428	107928852
44205821	44206245
34205716	34206140
139309520	139309944
28950316	28950740
18749555	18749979
82967064	82967488
88639664	88640088
32882832	32883256
127783538	127783962
38763283	38763707
42277435	42277859
122901920	122902344
139087066	139087490
155661514	155661938
100676590	100677014
162081872	162082296
76065488	76065912
166618515	166618939
31289561	31289985
3259632	3260056
11700345	11700769
87416142	87416566
49817258	49817682
15254164	15254588
95991728	95992152
52254040	52254464
17091353	17091777
154729992	154730416
44306436	44306860
686541	686965
17505150	17505574
23446619	23447043
26521822	26522246
126180021	126180445
33747034	33747458
6505331	6505755
42071846	42072270
169292053	169292477
106534006	106534430
303889	304313
14283816	14284240
14322203	14322627
2634899	2635323
2998670	2999094
98373399	98373823
131583192	131583616
41418825	41419249
83084283	83084707
122611229	122611653
33332919	33333343
34035585	34036009
25472515	25472939
17600207	17600631
42012129	42012553
81951404	81951828
135408537	135408961
28072302	28072726
45914137	45914561
88193734	88194158
104975631	104976055
155126405	155126829
12035090	12035514
96470112	96470536
116408625	116409049
29113820	29114244
126074796	126075220
48962409	48962833
43919764	43920188
160718354	160718778
23081910	23082334
3069050	3069474
71722728	71723152
49338797	49339221
10441162	10441586
137248461	137248885
105443955	105444379
112939989	112940413
154135226	154135650
17061332	17061756
89685071	89685495
408816	409240
169726484	169726908
152085418	152085842
107401240	107401664
165311003	165311427
16518481	16518905
24257512	24257936
131437916	131438340
53857288	53857712
159016205	159016629
130560076	130560500
15249070	15249494
57181477	57181901
66275969	66276393
166570405	166570829
37700433	37700857
40974058	40974482
101834842	101835266
137523200	137523624
38688086	38688510
110118098	110118522
34875945	34876369
130712098	130712522
170884280	170884704
351227	351651
145774509	145774933
42290379	42290803
142393006	142393430
160141622	160142046
44010590	44011014
91570933	91571357
105070891	105071315
138166474	138166898
125867911	125868335
153353400	153353824
33635795	33636219
115866515	115866939
6788831	6789255
54131318	54131742
94488676	94489100
27440104	27440528
96990538	96990962
36948633	36949057
33168821	33169245
33502880	33503304
18122830	18123254
160683244	160683668
35940205	35940629
41324456	41324880
1953158	1953582
93354018	93354442
77392548	77392972
134386812	134387236
24766959	24767383
19472472	19472896
92047665	92048089
157340116	157340540
152677805	152678229
108484402	108484826
26055542	26055966
36945086	36945510
170569792	170570216
7669940	7670364
76256181	76256605
135239522	135239946
30685302	30685726
56282660	56283084
167702410	167702834
82159820	82160244
43114081	43114505
57086367	57086791
19501941	19502365
90307689	90308113
15623749	15624173
28463878	28464302
32590386	32590810
33579898	33580322
46950586	46951010
28982401	28982825
33808902	33809326
38538532	38538956
42036866	42037290
127623860	127624284
134444974	134445398
136064496	136064920
114316827	114317251
42866772	42867196
1686992	1687416
10809285	10809709
134493102	134493526
154269133	154269557
3434797	3435221
41392364	41392788
129992925	129993349
169058756	169059180
42107610	42108034
32812133	32812557
6881715	6882139
33110987	33111411
31312791	31313215
170752442	170752866
35907001	35907425
139305455	139305879
159463609	159463987
33448947	33449371
6701994	6702418
86114403	86114827
36514638	36515062
44067960	44068384
152589358	152589782
34165476	34165900
64345881	64346305
137361501	137361925
25602605	25603029
99689979	99690403
142366493	142366917
105948551	105948975
20873992	20874416
37528184	37528608
36507813	36508237
1698779	1699203
14118077	14118501
125445556	125445980
82766277	82766701
165902351	165902775
20183352	20183776
42787436	42787860
11094094	11094518
112279083	112279507
110213642	110214066
72093377	72093801
33059942	33060366
34030606	34031030
113810477	113810901
131504043	131504467
106537869	106538293
120551159	120551583
72243496	72243920
36561851	36562275
107957696	107958120
168551498	168551922
16239747	16240171
46071171	46071595
139430625	139431049
27983174	27983598
100731219	100731643
22413843	22414267
24925240	24925664
77974701	77975125
161621629	161622053
91186401	91186825
79959973	79960397
145535593	145536017
26031964	26032388
53155595	53156019
112331538	112331962
56435735	56436159
80853242	80853666
19773065	19773489
131406111	131406535
76403236	76403660
52149985	52150409
153142636	153143060
168518639	168519063
105219070	105219494
33395198	33395622
17820219	17820643
24494723	24495147
31742876	31743300
89887878	89888302
90796242	90796666
1110322	1110746
62993699	62994123
158917717	158918141
106520351	106520775
40276612	40277036
71900474	71900898
8170491	8170915
75915834	75916258
82961650	82962074
39127411	39127835
28499488	28499912
10248783	10249207
3612207	3612631
35483707	35484131
5402778	5403202
35226538	35226962
136929488	136929912
26420978	26421402
36625024	36625448
25961914	25962338
33955331	33955755
118032492	118032916
122505661	122506085
29772824	29773248
6220919	6221343
125475968	125476392
119289554	119289978
1641647	1642071
31461703	31462127
42478543	42478967
27151220	27151644
110855861	110856285
2622941	2623365
36947058	36947482
25026892	25027316
158183610	158184034
137278382	137278806
40842266	40842690
132113377	132113801
108681729	108682153
56792925	56793349
37333514	37333938
167669373	167669797
41424038	41424462
31356824	31357248
5175597	5176021
158088376	158088800
88165233	88165657
28553023	28553447
43254674	43255098
7390401	7390825
30512618	30513042
32684155	32684579
145100247	145100671
44232573	44232997
128837683	128838107
90888925	90889349
149794415	149794839
23548049	23548473
138727547	138727971
19869680	19870104
33480963	33481387
100705787	100706211
114010834	114011258
41040815	41041239
33245687	33246111
34194639	34195063
166272039	166272463
104773659	104774083
36288139	36288563
126295390	126295814
76985412	76985836
167646476	167646900
11748769	11749193
112823871	112824295
16739600	16740024
143077284	143077708
30510692	30511116
148572413	148572837
45468716	45469140
168167990	168168414
21332236	21332660
16801305	16801729
3511828	3512252
91053260	91053684
166648613	166649037
12311295	12311719
55806474	55806898
161790198	161790622
90602285	90602709
29688516	29688940
123159229	123159653
88947790	88948214
99797737	99798161
94762481	94762905
31239363	31239787
52368025	52368449
166308810	166309234
3068315	3068739
107506788	107507212
146702588	146703012
58296838	58297262
139266479	139266903
63982280	63982704
21523313	21523737
166191110	166191534
88102917	88103341
160137489	160137913
28866156	28866580
112191338	112191762
43895057	43895481
29323389	29323813
142509508	142509932
28892209	28892633
43476097	43476521
18681086	18681510
52254245	52254669
158185474	158185898
118097607	118098031
107199691	107200115
82466359	82466783
44636038	44636462
2917345	2917769
31882888	31883312
150338226	150338650
100818115	100818539
107776223	107776647
36699659	36700083
133512929	133513353
157695724	157696148
132270928	132271352
31728688	31729112
28949682	28950106
24858850	24859274
112273917	112274341
11766297	11766721
32659811	32660235
37180558	37180982
14397405	14397829
56637655	56638079
5325399	5325823
10424389	10424813
107934189	107934613
139372003	139372427
145829302	145829726
138328232	138328656
57189336	57189760
46459516	46459940
124123834	124124258
150216148	150216572
158429552	158429976
25182187	25182611
116539272	116539696
166795432	166795856
162258168	162258592
17505363	17505787
31907944	31908368
5746640	5747064
26311903	26312327
43716470	43716894
90641192	90641616
160877164	160877588
24995083	24995507
74217683	74218107
41691231	41691655
165341223	165341647
7339515	7339939
70506934	70507358
9251169	9251593
52269177	52269601
90807657	90808081
20946341	20946765
82463060	82463484
43970480	43970904
80355699	80356123
17001374	17001798
4396273	4396697
8462447	8462871
67372055	67372479
133250959	133251383
138724484	138724908
42912334	42912758
161850941	161851365
24905682	24906106
140202976	140203400
49235162	49235586
106829824	106830248
13296612	13297036
90984465	90984889
137457154	137457578
41680471	41680895
109159286	109159710
158463346	158463770
154487228	154487652
48055184	48055608
12335888	12336312
69684906	69685330
157460393	157460817
157760361	157760785
33950876	33951300
124287061	124287485
140993022	140993446
50783105	50783529
77407264	77407688
13328200	13328624
34941275	34941699
138061971	138062395
131064333	131064757
36573624	36574048
16769747	16770171
90021389	90021813
28574661	28575085
126274757	126275181
46977334	46977758
86081879	86082303
10314713	10315137
42194506	42194930
41709345	41709769
27083127	27083551
34094153	34094577
702075	702499
125905665	125906089
74098601	74099025
40772762	40773186
21937674	21938098
8743406	8743830
108582467	108582891
53024367	53024791
41039447	41039871
4164259	4164683
39271135	39271559
143359963	143360387
57081080	57081504
3525632	3526056
322199	322623
138357229	138357653
26592847	26593271
21271656	21272080
80473003	80473427
25638091	25638515
2193421	2193845
6926419	6926843
138121255	138121679
117923133	117923557
31651411	31651835
160769795	160770219
13737187	13737611
150989530	150989954
144471793	144472217
7992437	7992861
10962004	10962428
141931812	141932236
104729233	104729657
37986626	37987050
53281914	53282338
56260190	56260614
3615766	3616190
142783368	142783792
158403851	158404275
166928516	166928940
142729545	142729969
112098567	112098991
36270206	36270658
157254473	157254897
15441685	15442109
139697866	139698290
38811633	38812057
11310062	11310486
64005457	64005881
3777242	3777666
135333564	135333988
159421085	159421509
3295789	3296213
44598334	44598758
29945099	29945523
136529865	136530289
52628187	52628611
133857936	133858360
111320891	111321315
123701367	123701791
36544277	36544701
142734659	142735083
89069216	89069640
27180767	27181191
118585091	118585515
105542009	105542433
160273845	160274269
3457284	3457708
31026224	31026648
26212191	26212615
106238425	106238849
116600103	116600527
122112876	122113300
32134552	32134976
120287646	120288070
44054854	44055278
88117615	88118039
42051787	42052211
130186177	130186601
90012650	90013074
133282693	133283117
114292233	114292657
143850209	143850633
80114028	80114452
36328466	36328890
6218081	6218505
126656282	126656706
162116022	162116446
79571201	79571625
35656845	35657269
30365438	30365862
41618959	41619383
4021771	4022195
53516711	53517135
132128567	132128991
112034443	112034867
130603392	130603816
87569147	87569571
88410476	88410900
26458165	26458589
97164135	97164559
148108520	148108944
38146976	38147400
13100084	13100508
167120466	167120890
101172152	101172576
150397392	150397816
52175011	52175435
159076234	159076658
96916759	96917183
120992643	120993067
28758588	28759012
4645968	4646392
99287834	99288258
13379029	13379453
39835390	39835814
2783465	2783889
155902052	155902476
57182357	57182781
109067629	109068053
10847923	10848347
27585428	27585852
43765253	43765677
139685524	139685948
131070503	131070927
65129436	65129860
