17877444	17877871
14159351	14159755
34268821	34269311
4791091	4791506
55723795	55724203
10691623	10692053
16173497	16173901
50073368	50073824
17606984	17607495
17371617	17372032
41140396	41140781
49601041	49601457
35535196	35535642
17564227	17564637
19477613	19478048
39420841	39421345
36184574	36185053
56165000	56165401
18043323	18043705
13144869	13145269
34836782	34837176
18057087	18057454
33634754	33635155
35464040	35464464
13088637	13089036
49338978	49339359
42612666	42613062
51040889	51041335
35605474	35605911
40023418	40023778
19097551	19097950
12907369	12907728
17496795	17497228
7716912	7717280
1279686	1280076
33726096	33726528
16889608	16889987
49345940	49346364
17966396	17966795
8067252	8067656
11146575	11146949
12787142	12787503
19285794	19286220
41029140	41029521
18049063	18049420
51925142	51925538
18439150	18439519
51208691	51209070
44289458	44289835
36618564	36618964
18117752	18118139
13990872	13991328
49804513	49804873
16152277	16152713
4186408	4186758
42800164	42800611
17416156	17416552
41814418	41814805
17895192	17895572
18107619	18108081
16497448	16497806
48201371	48201734
17457009	17457371
48992990	48993375
51172596	51172984
3108699	3109063
10499573	10499935
39902464	39902811
3163274	3163662
50486899	50487288
15740091	15740468
35557934	35558354
55813207	55813557
50964506	50964880
14682807	14683168
10975085	10975468
56015398	56015827
4633249	4633586
46320380	46320780
15261237	15261640
45982211	45982589
3849129	3849511
16825523	16825887
13172188	13172574
3324352	3324755
33616792	33617141
56820940	56821354
54296169	54296587
10827982	10828345
34532818	34533201
48794516	48794874
17886145	17886507
46146361	46146732
17970235	17970600
18223787	18224122
49609939	49610300
1848665	1849036
10652106	10652462
14459255	14459660
31173877	31174206
8009047	8009414
47808550	47808881
14667413	14667817
15922853	15923220
48292053	48292419
4525156	4525530
10501375	10501769
5001531	5001910
11545733	11546122
4523271	4523663
55677397	55677802
18521416	18521787
15212293	15212667
56587801	56588150
17178239	17178584
3706056	3706455
10041558	10041898
55979096	55979544
38586357	38586710
11698475	11698829
10527214	10527924
39888274	39888628
18572641	18573002
55929548	55929913
4567572	4567940
17080002	17080350
2019599	2019932
10044734	10045138
13204609	13204974
50183995	50184329
48610579	48610929
48894724	48895121
45227117	45227474
12958420	12958772
17684856	17685258
48854522	48854879
40283627	40283972
40256121	40256458
18631024	18631392
3429537	3429880
15695459	15695820
36001268	36001630
14616253	14616618
34711396	34711761
10968933	10969295
13700060	13700431
10110881	10111240
2156020	2156333
12674884	12675236
40970269	40970596
3821896	3822265
36207684	36208154
50860302	50860661
34611950	34612288
11241657	11242018
49112040	49112377
16358400	16358747
33467142	33467487
48366689	48367004
56683262	56683636
42210566	42211115
506712	507076
16293579	16293913
42461932	42462290
40926560	40926928
50220721	50221091
17814696	17815048
15979862	15980208
42455792	42456143
15264831	15265132
16552486	16552838
2648466	2648775
49977174	49977556
47032829	47033160
49087529	49087897
14897061	14897450
18460364	18460684
56764176	56764537
6125568	6125907
46580835	46581201
47930537	47930885
49895168	49895476
42829313	42829675
42944508	42944853
2069729	2070094
33675146	33675463
43033419	43033803
19250492	19250821
8680626	8680935
42937842	42938174
34636656	34636999
56577774	56578135
4803927	4804359
36661639	36661963
40727776	40728169
39818764	39819131
47750679	47751001
16882356	16882683
4139710	4140094
50175585	50175952
2613816	2614190
48948511	48948897
55966059	55966418
39601007	39601361
4911834	4912249
14597205	14597541
9906882	9907195
17316069	17316407
51976198	51976541
4266992	4267391
55671871	55672254
49298346	49298755
30262650	30262982
39542910	39543258
4811672	4812062
15272407	15272753
10683059	10683393
4233360	4233723
3146520	3146916
4809614	4809948
38393242	38393584
11052707	11053041
5987358	5987686
4204608	4204927
56150400	56150752
1244372	1244731
8643592	8643944
51661642	51662039
16528521	16528876
510607	510990
8317893	8318223
51286857	51287173
3250752	3251088
2579445	2579805
17213997	17214347
51425496	51425839
46026917	46027261
50871817	50872156
2236237	2236589
18958035	18958374
36040087	36040448
50440907	50441286
43937017	43937340
43951203	43951506
18362645	18362963
30207451	30207772
8412624	8412945
50755567	50755912
15374872	15375248
6738479	6738782
36422529	36422874
2611199	2611543
17010480	17010823
13323668	13324020
1853352	1853683
14185924	14186258
2819567	2819917
43100662	43101037
3326979	3327301
47494451	47494760
56117594	56117915
56320840	56321165
10138427	10138761
30101498	30101825
10209678	10210000
46532153	46532505
34262493	34262861
1812918	1813295
18278997	18279311
4558411	4558728
14258890	14259248
17403605	17403931
41710196	41710512
39378134	39378448
2749213	2749537
1438126	1438462
14142999	14143353
49092171	49092512
3852653	3853018
10369689	10370001
3719106	3719433
52018168	52018485
34992457	34992816
50009847	50010170
42103954	42104271
35626323	35626628
33061178	33061482
11236802	11237099
17163351	17163657
45981611	45981935
48210555	48210888
56143763	56144074
55652567	55652922
35843665	35843985
18561710	18562045
47165301	47165616
40661612	40661913
5031659	5031984
33897743	33898108
12871389	12871715
46905488	46905785
16494081	16494424
47516224	47516561
19296755	19297078
6632033	6632364
45562757	45563079
5690036	5690362
45080205	45080525
49474216	49474565
47040787	47041095
51762658	51762950
43361385	43361773
17981089	17981404
3126036	3126488
5967994	5968298
5547897	5548172
59025264	59025595
41034979	41035320
13541823	13542146
48655736	48656074
35536628	35536922
31157222	31157578
35986287	35986628
6862800	6863137
15529974	15530285
8645681	8646013
42148281	42148613
19643014	19643332
33921582	33921914
19601208	19601517
10602785	10603108
11404426	11404793
3987750	3988111
11607142	11607454
8035686	8035990
52111191	52111497
10755491	10755772
41104522	41104850
15667182	15667577
52741098	52741387
3545115	3545411
49178639	49178980
4576015	4576359
30221394	30221720
44098834	44099164
47987037	47987351
40030796	40031082
13075744	13076576
18390185	18390504
54356197	54356503
46386581	46386925
6863601	6863915
17577104	17577407
1624430	1624776
40042105	40042401
2951026	2951330
50050270	50050567
54527181	54527499
49702165	49702458
2261822	2262120
46513045	46513334
16136446	16136790
19665222	19665526
45406897	45407178
34849949	34850269
13358676	13358961
10514757	10515147
43139097	43139411
4208782	4209097
35130440	35130729
43837296	43837621
30251007	30251323
45192448	45192751
29754394	29754698
31275796	31276103
44059357	44059666
4400588	4400900
31291083	31291390
50982414	50982717
2391286	2391639
12888401	12888718
584421	584751
39612747	39613039
13388838	13389143
1767442	1767780
4140383	4140679
41955284	41955578
17393507	17393819
8134251	8134602
5048279	5048605
49501285	49501603
6047985	6048309
770281	770564
18580405	18580720
734093	734423
36551350	36551657
42069788	42070103
3700519	3700792
12782856	12783164
30185535	30185859
19471875	19472208
10380135	10380451
44023683	44023964
47269928	47270293
33736880	33737202
17733147	17733440
1781806	1782145
13140804	13141130
4872667	4872977
3075959	3076319
35959652	35959956
46110554	46110862
31140979	31141252
33907132	33907449
46302327	46302634
14328151	14328507
6736573	6736887
55657444	55657779
14685034	14685340
13539197	13539552
49496440	49496769
5578311	5578598
44156488	44156792
32831191	32831524
18496915	18497248
48372134	48372476
55803371	55803637
2275091	2275396
51524311	51524597
45348830	45349129
17552011	17552313
30348907	30349235
45287643	45287971
42924186	42924532
11671388	11671696
44249459	44249747
46196601	46196932
1837626	1837958
34438538	34438821
42077003	42077312
46850576	46850922
44270646	44270943
43197945	43198259
9190523	9190785
15284596	15284888
43110854	43111155
10966859	10967175
35581444	35581705
38724448	38724748
11248361	11248673
42257106	42257439
39703028	39703317
45454850	45455152
15921258	15921539
16222094	16222376
10534980	10535330
47117377	47117721
45303732	45304051
49946665	49947349
47787591	47787855
49728150	49728438
42377251	42377516
51433153	51433435
15202697	15202976
4730742	4731023
33090621	33090868
38389353	38389633
54989898	54990168
1929268	1929612
56425088	56425372
13895769	13896034
10360804	10361100
28957084	28957376
39677913	39678197
48202585	48202919
47582570	47582899
4851640	4851974
55185525	55185818
47939900	47940199
3304983	3305270
47535537	47535832
46991141	46991460
3440133	3440443
28266905	28267222
8223383	8223672
39125278	39125591
52160250	52160525
13305377	13305669
42289524	42289808
13832110	13832409
1605843	1606093
12943465	12943760
51941531	51941829
41650357	41650642
47539051	47539343
47894719	47895024
45055564	45055833
3485013	3485332
13094441	13094726
59030340	59030639
47260552	47260889
14306877	14307173
42195367	42195640
14247602	14248041
8764033	8764319
57917943	57918249
42942618	42942888
38633109	38633390
39127448	39127744
47232044	47232336
4207229	4207524
14590860	14591199
42688505	42688838
19663602	19663910
12827760	12828026
48269167	48269462
50181208	50181506
15363270	15363566
42596613	42596882
664898	665229
2273773	2274051
49729313	49729641
19453585	19453860
48823283	48823594
47852257	47852552
39993491	39993809
35503892	35504226
3986200	3986479
40671494	40671790
18499248	18499548
54992502	54992846
11646922	11647215
13212142	13212417
10971836	10972134
14578678	14578939
39452824	39453088
13973112	13973387
3210742	3211026
41047108	41047403
13200054	13200324
49503057	49503321
6166020	6166299
11908269	11908566
1672185	1672609
53698590	53698865
10594250	10594532
46073204	46073478
48018687	48018978
19754696	19754991
48763419	48763678
51662001	51662361
4167557	4167841
8418806	8419160
5794164	5794455
12886403	12886694
41480504	41480796
18263351	18263639
54769971	54770237
45907398	45907703
588103	588411
45629332	45629649
42954631	42954919
12844176	12844472
50550179	50550442
5369892	5370225
42101718	42101976
48606384	48606685
14311073	14311321
35546639	35546905
59117677	59117880
31160364	31160676
11314550	11314844
18169234	18169549
3472011	3472312
47747507	47747825
1513914	1514182
54735579	54735865
35153902	35154169
6516944	6517204
7149172	7149449
49831174	49831454
19164636	19164904
49711608	49711849
47207758	47208044
50658833	50659081
18699402	18699680
47045970	47046248
42439053	42439352
41945814	41946108
11992064	11992318
45520168	45520472
54902631	54902898
35797644	35797909
40811284	40811565
18519048	18519323
51942274	51942540
11923030	11923284
34827779	34828056
46061632	46061928
58918438	58918702
4547508	4547771
19517815	19518053
4246740	4246996
49291432	49291704
40645774	40646022
52215982	52216233
7419304	7419557
7633331	7633585
50762207	50762506
40476688	40476971
15288293	15288582
771314	771572
56182929	56183222
4660461	4660743
38210621	38210902
13708514	13708754
47714015	47714284
4732645	4732947
5823593	5823864
5170455	5170770
5523164	5523446
41827705	41827980
5029785	5030044
48293659	48293973
50990139	50990483
46768544	46768806
40404156	40404418
47253415	47253661
18977367	18977700
56861912	56862151
7968383	7968730
48770325	48770608
55599946	55600201
11811033	11811271
36489997	36490282
47016762	47017046
13345362	13345715
6218493	6218803
7896480	7896749
8804663	8804936
41768225	41768498
7745459	7745774
45942740	45942986
18577830	18578125
39903373	39903669
42538924	42539201
57615396	57615655
5720573	5720845
1826137	1826439
21385764	21385989
42905483	42905758
13193253	13193540
50006365	50006655
51911067	51911307
39443281	39443525
16177412	16177682
42298964	42299215
42257870	42258166
56143034	56143303
48817701	48817951
1406740	1406971
54410036	54410307
45988492	45988851
29124702	29124966
15136123	15136386
1795856	1796168
56457256	56457525
32715555	32715781
17787845	17788154
54672272	54672533
5804020	5804379
1223105	1223437
51841990	51842243
56289007	56289246
6504851	6505116
15666692	15667053
46898849	46899178
56859684	56859941
46184811	46185072
970716	970991
741621	741885
3275430	3275739
54836444	54836691
45751979	45752281
5225988	5226261
45160556	45160854
14224936	14225197
49540045	49540295
42783929	42784184
42532446	42532707
32778769	32778983
45930897	45931150
57977161	57977405
40334690	40334900
4375753	4375987
5480629	5480875
19256840	19257109
2962115	2962373
14153920	14154170
14399674	14399936
55647161	55647408
10230524	10230799
13637407	13637687
12099732	12100007
16638998	16639241
3547457	3547729
41325721	41325961
17716887	17717154
7406038	7406310
56616531	56616800
35738702	35738978
15870857	15871059
19106641	19106885
32532794	32533044
51672647	51672876
11399074	11399336
39005765	39006019
11492679	11492976
45086193	45086437
2887417	2887620
1057227	1057478
56028290	56028545
1240352	1240618
18967300	18967556
37719026	37719258
33732550	33732796
3473095	3473338
43071128	43071381
46585563	46585767
6412494	6412745
16487504	16487790
51598022	51598259
7990119	7990348
39964804	39965147
19226856	19227132
11047389	11047656
35818626	35818875
7994212	7994475
51600661	51600925
6633279	6633513
42250622	42250861
267443	267694
1194558	1194843
48697646	48697881
55187772	55188019
59031415	59031705
56215136	56215381
48837204	48837449
43692223	43692511
36083211	36083446
3308187	3308412
50972154	50972390
4636342	4636601
9958789	9959028
4557648	4557936
46692779	46693003
10339593	10339853
5038960	5039223
45690831	45691113
35203668	35203895
11337811	11338044
9697452	9697674
34212004	34212260
42340093	42340335
6022342	6022569
57610609	57610872
48216417	48216676
43067565	43067795
34921744	34921979
1001680	1001996
51059823	51060097
44173346	44173622
46520161	46520428
47257102	47257321
1546253	1546521
52281153	52281394
45273957	45274209
39930936	39931160
10620907	10621238
5773786	5774044
48352401	48352668
8333838	8334076
1445212	1445475
1774941	1775155
51884653	51884900
10662369	10662598
13388035	13388224
40388493	40388613
38826186	38826437
54533250	54533483
6460549	6460795
45074167	45074430
45989010	45989324
2956480	2956723
58840441	58840682
28733325	28733508
4589672	4589915
47799449	47799676
43385458	43385716
5377571	5377837
10330368	10330612
40162749	40162937
3761638	3761877
11557575	11557856
47019146	47019388
14583034	14583266
15952740	15953010
47343797	47344038
58693341	58693545
40372196	40372487
1503477	1503788
45157725	45157995
49577264	49577521
5826716	5826960
19026495	19026799
7864549	7864773
6048895	6049128
56732974	56733136
1945994	1946238
9736545	9736765
33802274	33802491
50963645	50963857
7445542	7445773
9316254	9316486
14225671	14225908
56844977	56845178
30181903	30182161
39220358	39220645
1267067	1267281
47359432	47359651
43389134	43389390
8161040	8161236
50918079	50918333
44227840	44228048
35047555	35047765
18512603	18512814
47251783	47252049
11784400	11784624
38625320	38625559
29958823	29959009
15565142	15565356
6926125	6926318
2474562	2474803
5154260	5154501
42363691	42363962
33180991	33181212
41667887	41668099
1064968	1065180
14429805	14430004
42748957	42749189
16199526	16199950
12034531	12034742
43608458	43608661
54276194	54276399
48510136	48510357
52164315	52164568
12252059	12252255
45841957	45842202
13477430	13477625
14013995	14014246
54249613	54249863
24342637	24342843
3104140	3104440
4267664	4267962
11434514	11434650
19005856	19006073
14208663	14208865
47628563	47628772
14662227	14662446
5561675	5561888
14999767	14999873
43045895	43046106
11641403	11641592
8571102	8571291
47141828	47142054
13944611	13944864
43695914	43696163
42585817	42585998
44455154	44455389
13829625	13829836
7746643	7746866
33705535	33705725
1618256	1618479
3586162	3586374
39176498	39176718
34587318	34587504
43775347	43775532
35644669	35644873
50758524	50758720
55164767	55164910
29575251	29575477
51299522	51299729
11491616	11491987
4256704	4256872
3665876	3666089
36438335	36438583
10616346	10616565
15184124	15184330
41168704	41168925
45949562	45949757
24179444	24179663
33623525	33623712
5535017	5535269
23623673	23623878
54312001	54312244
10810497	10810708
50187754	50187989
532914	533103
54345442	54345672
48246944	48247161
4624893	4625112
45311290	45311506
6753382	6753576
36046615	36046819
51409546	51409759
44284129	44284253
22728542	22728966
8650856	8651061
4677214	4677430
48170754	48170929
18434069	18434329
54315700	54315874
7562244	7562473
12992332	12992564
982769	983011
42891191	42891433
41313657	41313865
41090048	41090219
12876850	12877095
39467318	39467512
11252759	11252865
1113332	1113497
45348066	45348318
9247218	9247449
49934096	49934288
7239613	7239771
9957844	9957989
23466822	23467034
29751524	29751704
50740858	50741095
15371837	15372031
17407163	17407353
18581099	18581361
49649167	49649396
628162	628586
32809859	32810050
33610092	33610282
17115896	17116102
43532260	43532472
6482012	6482205
45492497	45492750
45996830	45997041
1221521	1221769
47120337	47120554
50646213	50646637
24000379	24000573
18551290	18551494
43929886	43930059
46581877	46582087
13306609	13306817
737810	738060
42637311	42637444
39035095	39035228
40257365	40257633
16296672	16296858
11353983	11354237
6126431	6126632
45905624	45905833
16912538	16912724
48774450	48774693
38893668	38893856
58341586	58341721
51901468	51901586
6299873	6300090
42750278	42750702
12237607	12237803
7813788	7813905
6260928	6261156
46784083	46784297
8751637	8751815
30277194	30277400
6964013	6964253
41008679	41008829
49535002	49535426
13261163	13261350
5805967	5806177
28265320	28265555
18786684	18786858
11489081	11489195
15362536	15362714
33683021	33683187
41633769	41633929
49330132	49330316
17494931	17495159
17501900	17502115
10675987	10676162
52642511	52642697
56592004	56592245
46009700	46009837
18383235	18383463
48893817	48894241
56582450	56582874
12884416	12884601
13685850	13686037
10930978	10931160
32868175	32868301
4352658	4352905
46785709	46785926
49009364	49009788
17836624	17836730
19336004	19336211
18340336	18340557
17505843	17506027
17600089	17600296
39423533	39423690
13373333	13373461
43446534	43446958
42325278	42325444
39260504	39260618
46412344	46412526
5515812	5515979
11662857	11662963
14309271	14309395
13732292	13732451
14202184	14202608
31186194	31186321
43423723	43423903
3302728	3303152
52014736	52014904
9546213	9546348
3692608	3692773
29370194	29370347
9542122	9542546
28816236	28816660
10184977	10185159
40898931	40899122
39904786	39905210
1850823	1851247
45088996	45089420
7451209	7451330
35046336	35046760
49578197	49578405
30537318	30537742
13265792	13266216
30159987	30160178
10025423	10025624
42795122	42795291
45408105	45408291
42205756	42205867
7933997	7934421
4976435	4976859
8461662	8461872
2096883	2097013
51615017	51615140
42527911	42528067
43434347	43434771
7998312	7998736
49769685	49769882
47333232	47333370
45017083	45017259
43427378	43427540
1864846	1865012
28268714	28268901
41108117	41108322
9422838	9422995
18433068	18433492
30236181	30236605
17945434	17945540
43588391	43588815
43281263	43281437
35967159	35967330
3234686	3235110
42617991	42618143
50308323	50308747
3783734	3783895
28464988	28465118
47783583	47783757
19586791	19586924
3618683	3618789
13207166	13207308
50969295	50969444
29227869	29228293
19111190	19111336
29969518	29969942
16082012	16082436
41304381	41304573
50668752	50668967
42048495	42048624
7294957	7295104
46282397	46282821
5687219	5687379
13352602	13352708
58740780	58740933
23619114	23619538
17451893	17452069
51298225	51298422
2637080	2637244
51520113	51520300
3126036	3126507
43733550	43733705
10112681	10112810
295312	295423
48466540	48466691
495664	495880
43683551	43683975
10582719	10582896
41324626	41324799
23619883	23619989
43297736	43297862
18705165	18705371
5892662	5892814
50303052	50303194
1185695	1185815
38734537	38734739
5354502	5354926
49717184	49717360
28457209	28457633
40333157	40333338
39832581	39832788
18450571	18450730
45197607	45197759
34286052	34286476
7599292	7599716
1788904	1789062
43246282	43246460
51599755	51600179
51207419	51207843
46352294	46352402
50117840	50118264
1843617	1844041
33795589	33796013
41039368	41039792
56765081	56765505
19327960	19328384
56666448	56666872
43188050	43188474
4941241	4941665
56215869	56216003
10223721	10224145
2783283	2783707
49149891	49150001
4363279	4363410
11593379	11593803
45414414	45414838
47082823	47083247
18599602	18600026
41312761	41313185
506868	507292
19626340	19626764
38716964	38717157
54865649	54865791
18389185	18389609
51021720	51022144
31187406	31187830
11432312	11432736
49311365	49311534
11551644	11552068
21665560	21665984
1177457	1177881
44166631	44167055
10766553	10766977
37820557	37820981
44263748	44263854
11570985	11571409
16190985	16191409
59092520	59092944
30088141	30088565
10547191	10547425
14207387	14207811
41872098	41872234
47861309	47861733
56061458	56061882
36545317	36545741
53928214	53928638
54534497	54534921
54015109	54015533
10500566	10500733
58730295	58730719
5504206	5504412
12170388	12170549
784622	785046
1372071	1372290
52179318	52179426
20108440	20108864
55611481	55611905
39047521	39047632
33239414	33239838
49973550	49973974
3129234	3129358
41304077	41304272
41858498	41858615
34732462	34732581
42463624	42464048
15742739	15742887
38969146	38969570
1930236	1930429
36984174	36984280
7982657	7983081
42800164	42800611
55687242	55687666
34961732	34962156
28265870	28266081
6942930	6943098
36235604	36236028
31459087	31459511
3253224	3253648
41632685	41632868
12074808	12074976
58850521	58850945
8082659	8083083
52846738	52847162
14982410	14982834
43295462	43295617
53030272	53030696
47287510	47287934
6280114	6280538
43820832	43821256
49522954	49523150
32167153	32167577
14184119	14184543
4207986	4208410
35911232	35911656
11406497	11406921
36311023	36311176
1248971	1249094
16439867	16440291
28293226	28293650
41438884	41439308
36228314	36228738
12632802	12633226
46145338	46145762
33668409	33668833
4690324	4690748
989496	989920
49949262	49949686
50420175	50420307
17559471	17559577
17827318	17827742
1000121	1000271
51166642	51167066
49866491	49866915
49063521	49063945
47074771	47075195
11493376	11493800
33793239	33793663
43715063	43715212
15643570	15643994
2661584	2662008
16831126	16831550
2273889	2274313
16629568	16629992
7102427	7102533
15223272	15223696
897616	897747
16163143	16163567
2543489	2543913
36148958	36149071
9900790	9901214
41859869	41860293
57791112	57791536
14169764	14170188
13049590	13050014
3654092	3654516
12948986	12949410
17531395	17531819
36542158	36542582
2724130	2724554
55713560	55713984
43934157	43934581
43809781	43810205
50037428	50037852
15548457	15548881
43779008	43779165
1246187	1246611
33710293	33710717
10880763	10881187
3526450	3526874
3879627	3880051
18587802	18588226
35632381	35632517
39360387	39360811
49094272	49094696
45646928	45647352
8658803	8659227
50650645	50651069
9946657	9947081
48589720	48590144
37853586	37854010
6426257	6426681
49316760	49317184
50366029	50366453
9995713	9996137
48316910	48317334
13955072	13955496
534984	535408
29750080	29750504
44313913	44314337
50418501	50418925
1897585	1898009
18434615	18434828
5689181	5689605
50852970	50853394
30501945	30502369
54385371	54385795
41027207	41027631
42400042	42400466
1590626	1591050
14070729	14071153
10111076	10111500
43033615	43034039
56187726	56188150
58414721	58415145
1471327	1471751
1601640	1602064
8389218	8389642
21439520	21439944
36681474	36681580
4495498	4495922
15590382	15590806
18714091	18714515
18599195	18599308
1220788	1220913
30897416	30897840
40388551	40388975
18263505	18263929
14897061	14897458
56733069	56733493
18313519	18313943
16194109	16194533
45256351	45256775
43683767	43684191
14247602	14248041
41937342	41937766
51213372	51213796
49851116	49851540
42439196	42439620
42683371	42683795
13075744	13076576
13936159	13936583
556138	556247
51107829	51108253
45016338	45016762
46273368	46273792
18174173	18174597
54950562	54950986
19673809	19674233
32629315	32629739
14797250	14797674
56015398	56015827
43606144	43606568
54312727	54313151
33146064	33146488
10501375	10501777
50594081	50594240
50074540	50074964
32039856	32040280
49347750	49348174
29612628	29613052
35760545	35760969
24006717	24007141
43100662	43101037
17414008	17414432
4911834	4912259
1220353	1220777
55431126	55431550
17393646	17394070
2051166	2051590
51385379	51385803
1383117	1383541
857088	857269
9434474	9434898
43535799	43536223
31155622	31156046
54836555	54836979
38715210	38715634
6717035	6717459
50254312	50254736
49319165	49319589
43628532	43628956
19137366	19137790
51297495	51297919
36372990	36373414
43702797	43703221
53238249	53238673
2253066	2253490
42150468	42150892
13541982	13542406
39528782	39529206
23065562	23065986
36869571	36869995
29201202	29201626
18414316	18414740
4199872	4200296
4063748	4064172
19497358	19497782
281955	282379
14517039	14517280
8647290	8647714
3977491	3977915
13907472	13907896
17535746	17536170
43711268	43711692
41507109	41507533
11669603	11670027
8520914	8521338
35329154	35329578
45160673	45161097
31828967	31829391
3224283	3224707
41250318	41250742
7012788	7013212
13994484	13994908
11770396	11770820
11564562	11564986
5997403	5997827
43523712	43524136
14999790	15000214
1406837	1407261
18943441	18943865
20069956	20070380
40741503	40741927
49403126	49403550
6769258	6769682
8333942	8334366
51396354	51396778
13983367	13983791
41055171	41055288
37604925	37605349
18388212	18388636
11969216	11969640
23469281	23469705
2624442	2624866
46902412	46902836
18302688	18303112
23622378	23622802
17346327	17346751
48948822	48948929
15231216	15231640
18887061	18887485
11196196	11196620
11365332	11365756
34664453	34664877
51799552	51799976
13339347	13339771
58883747	58884171
29434546	29434970
5503580	5504004
18607277	18607701
2663779	2664203
54808380	54808804
50296780	50297204
18107619	18108097
7067151	7067575
50443410	50443834
49242116	49242540
17846427	17846851
18882376	18882800
56701120	56701544
2631031	2631455
2523524	2523948
48812555	48812979
18185005	18185429
6271084	6271508
7431842	7432266
35626478	35626902
40931199	40931623
6311988	6312412
8420544	8420968
50733615	50734039
13872118	13872542
42815686	42816110
19515992	19516416
53580149	53580573
799465	799889
49617314	49617738
55850513	55850937
921674	922098
9546274	9546698
18783466	18783890
53897949	53898373
52286683	52287107
883616	884040
39965914	39966338
46425586	46426010
57580453	57580877
4058319	4058743
18319178	18319602
45634275	45634699
34258668	34259092
35727440	35727864
23622994	23623418
28503232	28503656
50093418	50093842
51425671	51426095
44064725	44065149
18631324	18631475
44438892	44439316
10621083	10621507
18958184	18958608
36521092	36521516
57259790	57260214
16310860	16311284
34507912	34508336
43271467	43271891
550010	550434
38791456	38791880
50393313	50393737
33740010	33740434
5137859	5138283
42044142	42044566
17757281	17757705
17609809	17610233
18620426	18620850
36547002	36547426
2841272	2841696
54450890	54451314
39408636	39409060
39980378	39980802
670629	671053
7864652	7865076
58518649	58519073
46849351	46849775
13183345	13183769
54903332	54903756
3575299	3575723
51897147	51897571
46320380	46320785
56723056	56723480
48921986	48922410
44039639	44040063
51135380	51135804
4506842	4507266
2315887	2316311
53251648	53252072
16637661	16638085
45657524	45657948
13915582	13916006
36337189	36337613
48661656	48662080
11639950	11640374
58919461	58919885
21666684	21667108
12201622	12202046
17814850	17815274
4723753	4724177
4906839	4907263
52854745	52855169
1781967	1782391
36422693	36423117
40642720	40643144
51050688	51051112
52968091	52968515
41045025	41045449
30615970	30616394
13180732	13181156
11036159	11036583
1790971	1791395
58979622	58980046
58822080	58822504
6517044	6517468
34488596	34489020
5865040	5865464
45703918	45704342
3657011	3657435
57901113	57901537
2579617	2580041
52168235	52168659
52759590	52760014
6417674	6418098
13147013	13147437
43262773	43263197
38875312	38875736
11563274	11563698
35748454	35748878
17021542	17021966
2046992	2047416
18654769	18655193
40118311	40118735
55570553	55570977
47141946	47142370
13345542	13345966
49474361	49474785
1227810	1228234
3469571	3469995
41108198	41108622
2199292	2199716
41100525	41100949
14492858	14493282
12313100	12313524
55677397	55677802
51039889	51040313
11075566	11075990
4700570	4700994
18403937	18404361
15363408	15363832
50755747	50756171
605360	605784
54988803	54989227
51400810	51401234
57058916	57059340
11373207	11373631
56321009	56321433
7198338	7198762
32848595	32849019
37808620	37809044
33864994	33865418
30457711	30458135
19604581	19605005
4342896	4343320
11079374	11079798
4176489	4176913
2952815	2953239
2171254	2171678
55394170	55394594
31975908	31976332
14307011	14307435
49791980	49792404
623950	624374
49992880	49993304
56812490	56812914
48154904	48155328
806729	807153
19426210	19426634
6562414	6562838
13204777	13205201
3513114	3513538
1269767	1270191
10676066	10676490
6551861	6552285
29195854	29196278
47343931	47344355
11465025	11465449
45091540	45091964
14426222	14426646
14182877	14183301
12911719	12912143
41678167	41678591
49092324	49092748
33513677	33514101
1261353	1261777
46876110	46876534
18701395	18701819
28733409	28733833
15476048	15476472
12899292	12899716
41310610	41311034
49482178	49482602
16946805	16947229
51003455	51003879
30479220	30479644
16770854	16771278
3969611	3970035
383904	384328
46430776	46431200
12750902	12751326
1826305	1826729
13690141	13690565
56587965	56588389
55187905	55188329
10589463	10589887
7706163	7706587
2231612	2232036
3073964	3074388
2426469	2426893
45931776	45932200
17451078	17451502
50139141	50139565
51610851	51611275
39692401	39692825
30713269	30713693
33732687	33733111
58400257	58400681
3732186	3732610
52000483	52000907
50264973	50265397
6772136	6772560
16625484	16625908
3036703	3037127
2333695	2334119
3685009	3685433
43766757	43767181
41088318	41088742
48978485	48978909
10680195	10680619
40887244	40887668
10939448	10939872
13947444	13947868
54415865	54416289
16228462	16228886
46677135	46677559
43580290	43580714
35167957	35168381
20041195	20041619
12457728	12458152
704194	704618
43793055	43793479
16295827	16296251
39836560	39836984
2612171	2612595
11990661	11991085
54276289	54276713
30162510	30162934
39735658	39736082
46579345	46579769
47224846	47225270
7744123	7744547
39083535	39083959
1226440	1226864
49178794	49179218
49133460	49133884
1106886	1107310
35504040	35504464
14064063	14064487
4803927	4804359
3761756	3762180
43376700	43377124
52313500	52313924
48271850	48272274
11094907	11095331
18109096	18109520
33784093	33784517
38634569	38634993
13094587	13095011
39813659	39814083
19740447	19740871
17293918	17294342
48297729	48298153
14559431	14559855
13970345	13970769
11252844	11253268
43837463	43837887
40894225	40894649
43446734	43447158
45665285	45665709
13215335	13215759
1692971	1693395
959935	960359
30364372	30364796
55624311	55624735
58899139	58899563
711599	712023
4622994	4623418
7845952	7846376
2221913	2222337
42620400	42620824
50486899	50487288
54676562	54676986
54992635	54993059
36109719	36110143
7515445	7515869
44599218	44599642
18109331	18109755
54048776	54049200
55580625	55581049
11006533	11006957
37663477	37663901
49457754	49458178
17665972	17666396
3599623	3600047
58249656	58250080
54990023	54990447
1811716	1812140
9949581	9950005
5897199	5897623
47633876	47634300
11882308	11882732
45969738	45970162
6943026	6943450
59010919	59011343
37602670	37603094
15813338	15813762
56820940	56821354
52158102	52158526
17895475	17895592
10075374	10075798
54162553	54162977
29906398	29906822
55974275	55974699
1929450	1929874
797086	797510
47733731	47734155
51797922	51798346
10138687	10138793
8477686	8478110
17552137	17552561
54942114	54942538
40164488	40164912
11698629	11699053
875532	875956
37862040	37862464
10981861	10982285
680194	680618
49479412	49479836
39931053	39931477
51172782	51173206
3061377	3061801
14014187	14014611
19314996	19315420
13720715	13721139
50658957	50659381
46935144	46935568
48366855	48367279
28816438	28816862
33802368	33802792
13700235	13700659
57171765	57172189
41111384	41111808
42398001	42398425
38760634	38761058
12943607	12944031
33824486	33824910
11122348	11122772
31545353	31545777
1478505	1478929
44560021	44560445
49804691	49805115
37178665	37179089
41368259	41368683
1246390	1246814
36468373	36468797
45004593	45005017
6392946	6393370
14464236	14464660
55392699	55393123
29776782	29777206
2055946	2056370
55900142	55900566
35843816	35844240
48867803	48868227
12721284	12721708
10665938	10666362
8321465	8321889
50705317	50705741
57237399	57237823
8372239	8372663
33121173	33121597
11939681	11940105
42502576	42503000
10443383	10443807
54973876	54974300
20740758	20741182
459565	459989
34489436	34489860
15236209	15236633
15592794	15593218
14248268	14248467
3708617	3709041
48453329	48453753
40950658	40951082
12355177	12355601
58090171	58090595
4648139	4648563
50511761	50512185
38074242	38074666
47083022	47083446
46877332	46877756
6074649	6075073
17945466	17945890
18497050	18497474
49139980	49140404
3039578	3040002
2456972	2457396
45757189	45757613
43415479	43415903
18964895	18965319
57275679	57276103
495778	496202
49490352	49490776
6022469	6022893
32330235	32330659
15784070	15784494
47505410	47505834
2540782	2541206
16758206	16758630
18170107	18170531
56022718	56023142
7973503	7973927
3108866	3109290
43046942	43047366
480146	480570
5026649	5027073
38042605	38043029
50702723	50703147
50188273	50188697
3308298	3308722
36281931	36282355
11125080	11125504
18595915	18596339
1364372	1364796
1101734	1102158
2977707	2978131
38270327	38270751
14517164	14517588
7526647	7527071
12662481	12662905
46278003	46278427
39341175	39341599
32815602	32816026
317890	318314
23528643	23529067
5666083	5666507
39177029	39177453
6657411	6657835
41662110	41662534
5377673	5378097
46196769	46197193
32955149	32955573
14472512	14472936
5271153	5271577
9098873	9099297
53760937	53761361
40441204	40441628
46417045	46417469
48151460	48151884
49621960	49622384
38376021	38376445
50042677	50043101
14044828	14045252
31855840	31856264
51976353	51976777
18415234	18415658
18755157	18755581
31386848	31387272
40773165	40773589
7867896	7868320
24231111	24231535
56455780	56456204
57814296	57814720
3849314	3849738
11241657	11242018
47270113	47270537
1813138	1813562
18573840	18574264
50882965	50883389
12822653	12823077
42393041	42393465
49216243	49216667
45020671	45021095
8571200	8571624
16199726	16200150
33168395	33168819
50416546	50416970
3631823	3632247
46094163	46094587
46142206	46142630
46434390	46434814
50904947	50905371
4927474	4927898
49287853	49288277
50289272	50289696
49984523	49984947
54663167	54663591
43592052	43592476
36630399	36630823
39881267	39881691
1006907	1007331
48058537	48058961
4577073	4577497
43442874	43443298
54041108	54041532
42023080	42023504
42847420	42847844
43423781	43424205
55685110	55685534
51868815	51869239
55895135	55895559
41208429	41208853
45752119	45752543
4374770	4375194
53095572	53095996
10630639	10631063
58995662	58996086
33893303	33893727
39758804	39759228
4399136	4399560
4455763	4456187
53718186	53718610
52140622	52141046
43536004	43536428
11270815	11271239
40929220	40929644
55727918	55728342
41754804	41755228
50369787	50370211
1248022	1248446
