46983388	46984102
73808247	73808731
102193510	102193976
73656158	73656563
129809573	129809984
65800896	65801362
4891826	4892248
82265252	82265723
111643875	111644370
98135018	98135429
50801056	50801472
102921476	102921863
106051102	106051580
73456457	73456842
115280943	115281351
75608749	75609196
104111834	104112281
126736622	126737010
48398394	48398816
96039838	96040235
81806640	81807043
82204375	82204817
97134364	97134732
45960418	45960780
47080955	47081322
102774021	102774441
103892188	103892618
105445897	105446326
114067635	114068001
43843903	43844280
113899855	113900335
105004452	105004827
124027559	124027986
76995653	76996068
102901978	102902425
75639421	75639786
81160229	81160631
97453690	97454174
65389148	65389517
98841371	98841760
102295356	102295726
102098193	102098570
121510110	121510477
134717720	134718131
35852206	35852605
124463354	124463738
30287236	30287653
103832662	103833030
98130304	98130709
97190122	97190505
98970259	98970656
88720163	88720577
104238696	104239061
97360902	97361275
114074646	114075003
81321863	81322252
104356204	104356577
71718050	71718439
103362433	103362918
86024345	86024701
54539866	54540250
99313261	99313639
72639798	72640180
120000796	120001156
99331959	99332348
74096929	74097328
113897159	113897524
50615572	50615968
95573264	95573602
85631247	85631610
76990349	76990704
128286609	128286989
105245488	105245857
102772616	102773272
103769613	103769965
102819700	102820071
102102119	102102484
99629224	99629564
99223355	99223768
98832606	98832982
116636804	116637165
6130575	6131009
47004167	47004605
78744626	78744929
71152312	71152670
103600388	103600757
125318862	125319236
124058263	124058636
79807032	79807411
81134302	81134656
28952768	28953110
48377770	48378163
46951249	46951635
79606418	79606777
98525393	98525770
74124024	74124380
103989490	103989834
103540843	103541207
101805800	101806145
129492880	129493250
90692413	90692800
112431826	112432206
34926385	34926791
70997332	70997680
80734492	80734920
103929152	103929487
13628664	13629025
74100190	74100568
54500607	54500988
88345212	88345622
72968826	72969190
50802595	50802928
111612211	111612598
102800929	102801273
115323216	115323580
119256036	119256407
121367834	121368192
82020389	82020771
120183367	120183711
75645826	75646172
47599751	47600140
77796099	77796466
93057975	93058378
101605574	101605900
12824463	12824820
102827633	102827972
112114062	112114404
92766021	92766391
94602836	94603224
95301751	95302117
76859658	76860092
91020111	91020459
118556456	118556811
119202373	119202754
113875535	113875929
104263349	104263695
103057624	103057989
99166950	99167563
105472659	105473004
103649403	103649739
99519156	99519550
123646550	123646883
90789584	90789926
38265530	38265918
99461165	99461501
102855337	102855714
5671809	5672191
115144925	115145258
72124278	72124638
131926071	131926435
28917056	28917386
79789237	79789822
95048852	95049151
43700390	43700892
118934375	118934722
127137174	127137530
52181045	52181394
24485406	24485739
30976596	30976946
121204883	121205242
102321702	102322120
12753133	12753463
134174247	134174619
122182844	122183202
98155697	98156032
108384632	108384962
95136171	95136513
93311621	93311974
125727220	125727577
103031985	103032339
45353209	45353576
29785322	29785662
97205642	97205982
73467996	73468383
13413895	13414223
129652275	129652603
123811182	123811515
71404288	71404643
73329764	73330100
64370401	64370749
123813554	123813899
11799952	11800294
71875901	71876303
125341631	125341980
49866304	49866692
104438510	104438869
134650355	134650788
78933640	78934013
79516236	79516577
71398987	71399359
101152200	101152550
99801230	99801566
104343619	104343972
72309581	72309980
49497727	49498051
124802873	124803220
130010144	130010549
103061208	103061555
7729204	7729597
71275393	71275751
106340573	106340900
93847507	93847835
134753797	134754125
15148432	15148781
134468190	134468543
71674423	71674791
127622854	127623165
72147341	72147692
76947683	76948016
73143964	73144312
99551741	99552096
126408039	126408384
104594665	104595035
120219148	120219452
31040815	31041136
71476741	71477087
118935485	118935799
71548829	71549203
93395180	93395517
130829813	130830147
120969011	120969390
120018850	120019169
90694570	90694960
98797120	98797492
71981301	71981611
106065286	106065662
85965368	85965750
118547562	118547950
121249269	121249636
71209570	71209898
120958907	120959277
94840013	94840390
60290859	60291199
125754121	125754488
88137027	88137367
99491554	99491864
80956653	80956969
82356422	82356765
24608390	24608742
86112045	86112364
118976124	118976534
71559882	71560229
121176418	121176754
135121223	135121586
104677167	104677514
556952	557276
76868413	76868783
124039176	124039487
99469256	99469585
72221142	72221512
81368546	81368871
102503343	102503699
105358550	105358904
105644464	105644814
32545595	32545921
131908008	131908370
65737091	65737424
97989290	97989640
116639329	116639690
96892701	96893010
122096487	122096800
28682937	28683270
71267640	71267953
88726333	88726663
124102170	124102481
85768568	85768903
116308500	116308841
61569148	61569460
99674511	99674845
88159563	88159882
116063691	116064062
60059281	60059597
124408241	124408589
25369936	25370249
103595727	103596074
30291373	30291722
121446029	121446340
102772616	102773272
100185485	100185825
72663058	72663426
71560857	71561168
75841008	75841314
102973401	102973718
51564952	51565264
88448087	88448447
65626164	65626554
124326602	124326942
131676075	131676399
98094711	98095018
105805247	105805547
71455906	71456253
124325238	124325557
121362047	121362345
80955224	80955545
65479801	65480125
79789237	79789822
2970472	2970796
135143233	135143599
122702352	122702674
1156031	1156357
116231108	116231435
72685381	72685789
97006313	97006613
24906697	24907045
129867656	129867991
90595407	90595718
73368964	73369303
118441840	118442182
112440824	112441142
79479311	79479665
125332758	125333067
33297696	33297988
102638253	102638555
104153648	104153976
88699148	88699533
90312992	90313277
112370073	112370388
105648092	105648393
72575397	72575721
86189720	86190036
95314547	95314897
52035490	52035791
129976633	129976962
81227191	81227511
113516232	113516545
99787972	99788284
99805557	99805891
126749687	126750023
72108220	72108579
64353778	64354109
91226306	91226589
115438729	115439042
101372046	101372378
120610019	120610320
104107010	104107340
63510721	63511007
75403948	75404267
30648620	30649118
98956344	98956680
129876757	129877103
82359197	82359511
43951147	43951475
81689194	81689530
70108227	70108545
43788667	43789018
82459262	82459604
102757468	102757803
104489037	104489336
90570070	90570369
69968234	69968558
26164534	26164842
47600527	47600831
46962548	46962855
118986406	118986698
71906287	71906613
92547722	92548034
122584334	122584677
47627332	47627661
77846761	77847066
13203180	13203514
80417364	80417682
49423540	49423876
103227111	103227409
128437646	128437996
116454515	116454824
61590441	61590712
70310546	70310866
133836591	133836922
100227206	100227505
126429867	126430192
62784504	62784821
108465378	108465662
15251833	15252170
101320303	101320631
59416951	59417274
54074162	54074509
82137965	82138269
79471229	79471555
7163216	7163512
95575935	95576252
112506127	112506428
128192691	128193046
30147418	30147738
62723981	62724263
13116865	13117175
124739710	124740036
11466531	11466841
102754037	102754352
35283611	35283945
33619446	33619730
34927409	34927712
130062207	130062495
3239564	3239864
134451378	134451690
69615399	69615689
105302520	105302820
115214295	115214608
127210696	127211091
104512939	104513229
115559389	115559680
45504063	45504361
72518858	72519149
6689937	6690232
3085811	3086119
14238956	14239250
85786540	85786901
73308242	73308519
120303623	120303960
88453541	88453889
89610584	89610864
118204102	118204376
47594367	47594661
24807950	24808276
72297434	72297752
92671361	92671661
17472799	17473105
100091715	100092019
86475675	86475976
28670796	28671141
126092074	126092385
60712457	60712750
103991498	103991856
94051861	94052182
129362228	129362556
75700390	75700731
105618965	105619318
98100097	98100396
99436486	99436769
92511190	92511486
50189392	50189716
86425658	86425971
129833798	129834097
54644060	54644336
102268488	102268822
27649545	27649843
94674274	94674568
64926593	64926877
111738201	111738510
43600962	43601300
52321551	52321855
1463087	1463382
81106931	81107261
82423857	82424179
72139375	72139663
97002825	97003114
89495032	89495348
108471132	108471422
49816226	49816522
104829422	104829710
53149147	53149456
112563596	112563925
120899020	120899310
121981403	121981711
112306981	112307237
127556960	127557280
64004819	64005076
69280751	69281031
62576344	62576612
123902323	123902654
90695110	90695437
73079295	73079595
63798439	63798711
45428152	45428436
65579557	65579853
9251232	9251513
102278546	102278839
22021165	22021452
82142804	82143103
103202021	103202328
30681449	30681737
86027341	86027650
3509520	3509830
125755360	125755675
134166190	134166506
74088045	74088394
48426869	48427185
91186055	91186316
89416255	89416532
89874162	89874432
127031789	127032060
126681082	126681450
134957446	134957700
123494083	123494373
88109259	88109584
102063526	102063780
111716469	111716762
11514200	11514484
29528828	29529130
29280727	29281029
73030128	73030406
104998635	104998908
31072803	31073115
78925539	78925820
100022314	100022631
93668594	93668906
105365473	105365775
93312520	93312813
88470848	88471118
99930316	99930590
88352134	88352408
78307185	78307469
117177225	117177486
94276841	94277091
116218815	116219090
71661388	71661703
64917950	64918219
71502984	71503244
32059277	32059574
5325507	5325791
121066215	121066496
73246293	73246569
45470411	45470731
24792623	24792893
31372674	31372946
13141631	13141949
96080091	96080385
54067999	54068303
95681166	95681478
32635077	32635425
23357136	23357453
52070667	52070919
79401614	79401868
100424253	100424533
61385814	61386070
133757032	133757287
23582132	23582406
5665171	5665445
73533227	73533539
129717621	129717911
131988351	131988671
21367673	21367945
26846069	26846330
21558943	21559207
49759924	49760232
30880208	30880467
12944171	12944438
2661713	2661995
28721125	28721417
2179762	2180039
30928937	30929187
15627323	15627578
33444833	33445080
21309558	21309835
27179837	27180131
28530765	28531035
73044838	73045182
116561337	116561602
35485013	35485286
93011275	93011549
25402110	25402410
73063070	73063392
102974498	102974786
126360089	126360380
96122622	96122968
82778951	82779220
59912539	59912787
6056151	6056431
78071561	78071807
123734665	123734998
22278539	22278816
65661075	65661347
63656733	63657037
82422478	82422759
90551762	90552004
124892547	124892820
85133526	85133780
102778787	102779064
30823521	30823798
50727107	50727351
98270985	98271293
71621240	71621515
123583507	123583763
104159315	104159622
87860276	87860567
101492457	101492707
24283441	24283713
124285343	124285600
128075599	128075915
74992695	74992962
32496447	32496725
35924474	35924748
70715504	70715793
78871696	78871949
23277895	23278137
60051382	60051627
101470960	101471216
35507473	35507736
52770713	52770991
61968515	61968792
59825070	59825328
30870763	30871037
105241726	105242000
32125784	32126054
15461368	15461606
63594908	63595193
112039216	112039470
102632069	102632339
3281844	3282122
96723673	96723888
33355770	33356043
33482302	33482572
4698849	4699117
22839691	22840016
43886221	43886476
129041822	129042125
95506536	95506830
61792624	61792872
80962343	80962612
75717150	75717426
88659498	88659765
135127387	135127617
18503948	18504191
76782112	76782391
7302366	7302660
53182405	53182674
13482527	13482823
73074022	73074297
21567669	21567926
121303026	121303289
133252435	133252701
4555059	4555347
75758923	75759194
98229937	98230201
106685086	106685333
89619961	89620223
79011103	79011341
100931947	100932211
52374327	52374600
75912945	75913225
3235097	3235349
79667655	79667935
32656829	32657086
27847501	27847759
79403836	79404119
134266715	134266991
114868266	114868570
78797116	78797363
23447310	23447632
25516082	25516308
79734205	79734463
74003863	74004061
81262232	81262530
29806326	29806577
78764796	78765039
104661247	104661494
12028668	12028917
132139621	132139904
117114762	117114982
94194835	94195088
71867010	71867328
105887267	105887527
93454032	93454237
11557645	11557885
81247394	81247677
23991890	23992128
61564888	61565146
105899045	105899294
133619421	133619687
70982032	70982304
131130807	131131081
120966226	120966518
126220702	126220943
97123153	97123383
116064281	116064581
64843723	64843962
82203445	82203690
115043009	115043289
71720839	71721135
24672603	24672863
54404488	54404727
17299777	17300031
11312630	11312893
86297246	86297503
65393523	65393783
105352553	105352805
68685640	68685879
87755644	87755879
21964161	21964416
113358301	113358533
98785480	98785686
28031063	28031361
44179008	44179281
26624063	26624282
96204130	96204373
97777041	97777271
8095279	8095548
61874588	61874840
94886254	94886507
94766280	94766505
76025805	76026059
80184580	80184801
112360346	112360563
21784632	21784931
11767282	11767527
118569100	118569377
77686623	77686876
34955263	34955517
43957429	43957640
33299443	33299667
74034518	74034827
123456471	123456687
105176646	105176899
112071156	112071403
43574452	43574696
111896889	111897100
73715866	73716156
128590675	128590923
23805513	23805748
126077908	126078176
74918882	74919144
82684204	82684410
12306206	12306461
62900634	62900838
83680060	83680292
29593549	29593779
71645088	71645349
75157846	75158094
91553464	91553693
5024330	5024631
115464848	115465080
55361102	55361318
29879681	29879916
7798430	7798662
88021682	88021921
134257168	134257457
43693450	43693716
29681404	29681651
103048079	103048326
119190731	119190975
13702054	13702328
14578968	14579240
69916221	69916433
73407358	73407643
54577756	54577995
88444066	88444336
70062034	70062258
5991405	5991656
105324602	105324888
126833717	126833949
92622752	92622988
129153334	129153543
101619450	101619684
44167163	44167388
78392495	78392762
75863396	75863617
71396760	71397013
116197520	116197753
126727272	126727549
4857724	4858148
29738021	29738276
70853097	70853360
72032635	72032863
63352459	63352647
64251822	64252073
43700390	43700892
117559064	117559244
127318431	127318663
94334170	94334464
15786301	15786566
6763418	6763635
63367174	63367377
116463469	116463706
51566938	51567145
30702997	30703255
49714627	49714883
73571810	73572051
130066304	130066535
126218704	126219015
106110006	106110203
86300307	86300541
34944558	34944793
81903551	81903810
100069378	100069610
129291182	129291432
15013922	15014158
114325296	114325536
106057573	106057847
64024598	64024808
123660146	123660359
75289197	75289410
6150950	6151154
112065988	112066232
32293992	32294206
120327875	120328131
31015726	31015980
134272067	134272323
6709735	6709941
99294568	99294846
52413047	52413221
12698609	12698837
73804145	73804360
94799576	94799777
29734433	29734677
86134766	86134959
101307843	101308030
6244582	6244821
13262018	13262223
7567452	7567685
61998319	61998510
88404246	88404461
12749630	12749863
16587217	16587448
107710180	107710401
98590395	98590583
113120123	113120347
86687433	86687659
69539736	69539971
102771223	102771499
27171017	27171271
100802535	100802742
89878057	89878282
17649577	17649826
30960029	30960252
26014888	26015123
38043732	38043916
30673772	30674031
72300265	72300477
71993536	71993704
131687492	131687701
104404683	104404920
5915463	5915722
129705104	129705337
98877247	98877442
62642935	62643136
74454319	74454504
82016643	82016897
20077103	20077315
79474937	79475154
93368679	93368908
61963873	61964089
73028241	73028424
81818655	81818885
53975598	53975790
71643045	71643265
22392696	22392927
74978670	74978892
76951561	76951773
130430117	130430339
88963240	88963488
102810075	102810325
85974448	85974651
93364287	93364469
120480628	120480851
71173073	71173303
101614705	101614922
16851399	16851617
73596972	73597197
79188573	79188792
101390265	101390472
3162324	3162574
81963255	81963470
47089862	47090073
12294945	12295184
98053121	98053329
102242449	102242651
6443821	6444050
105881451	105881704
50720362	50720550
27015110	27015349
127670933	127671151
13344381	13344632
108031090	108031304
123872165	123872407
1758003	1758154
24931904	24932094
104822752	104822955
114231734	114231912
75973425	75973619
120909316	120909551
60174421	60174572
18393263	18393486
6487735	6487949
87307876	87308095
35902846	35903060
135251331	135251555
105969441	105969665
69548320	69548497
118281017	118281211
64197376	64197800
104163595	104163852
94350534	94350734
24802203	24802425
48429644	48429786
102826331	102826539
84571477	84571639
95505271	95505513
74594069	74594277
23814435	23814651
43751390	43751612
13098551	13098775
5136923	5137093
120587434	120587611
130658139	130658318
77863161	77863331
133956044	133956289
14865242	14865451
72091251	72091463
134938390	134938602
32236660	32236831
183171	183340
102694120	102694321
17418045	17418262
105425953	105426206
101130752	101130964
63738803	63739002
68691217	68691411
115870421	115870609
6128430	6128638
13394612	13394825
102397648	102397842
106374077	106374306
76751345	76751473
123422581	123422784
28072673	28072884
99445450	99445679
114812013	114812437
49864388	49864620
65736365	65736615
35835772	35835951
90488277	90488508
2881373	2881586
121412052	121412211
71276042	71276282
69457505	69457672
30215658	30215862
24846133	24846358
52127585	52127764
107734664	107734824
29947965	29948147
79151659	79151913
120958054	120958247
104182525	104182737
113786342	113786479
14520743	14520953
73675797	73675987
131977991	131978190
75023723	75023897
29824517	29824690
14541002	14541234
11824883	11825078
22862988	22863133
98898068	98898180
63664633	63664830
111981462	111981645
61858926	61859118
12889632	12889839
29675388	29675584
73821362	73821530
119209125	119209319
115863169	115863357
114480838	114481262
95676412	95676577
135333566	135333990
49571668	49571867
6458927	6459113
6711326	6711533
112259352	112259509
97625061	97625255
93616496	93616635
96259965	96260074
47024976	47025149
70748493	70748729
70409849	70410039
106382469	106382659
134391195	134391364
99185773	99185996
85752257	85752431
54538560	54538775
105787985	105788175
80697536	80697747
102758885	102759123
79971294	79971506
15287687	15287869
47696252	47696676
99115491	99115661
88974485	88974710
74856471	74856719
57260828	57261002
98670401	98670539
13124625	13124804
102815245	102815419
32216816	32217012
96961625	96961744
92803086	92803295
65875787	65875933
64314357	64314781
6092850	6093059
63044132	63044326
79649966	79650103
98402703	98403127
87898938	87899102
12842441	12842593
33084488	33084912
61666251	61666505
129915601	129915786
37177996	37178166
53764105	53764529
59476798	59476914
16819540	16819713
13820092	13820263
30530172	30530332
14074555	14074692
98315884	98316049
52697391	52697584
29419099	29419388
118230367	118230578
104429688	104429850
27512881	27513125
117332665	117332899
112835923	112836127
93056257	93056681
26916371	26916535
31320360	31320784
95112533	95112676
26973710	26973890
17272680	17272901
73886083	73886218
130328685	130328866
98994245	98994452
37014391	37014815
129886643	129886844
50587783	50587913
118047520	118047722
116546274	116546493
64611337	64611458
101442664	101442788
5727536	5727782
126434208	126434632
79925567	79925703
60941540	60941755
70657320	70657497
102000605	102000742
111626366	111626524
30024770	30024977
115740287	115740451
81052797	81053013
61768698	61768882
104473473	104473670
121115552	121115692
127251424	127251570
71186644	71186761
70883378	70883576
89265102	89265320
132053013	132053204
111533566	111533990
88283256	88283385
77612944	77613116
7343487	7343674
24649563	24649708
106166639	106166747
28792021	28792445
89293511	89293665
115713248	115713672
87938219	87938453
71186692	71187116
113104553	113104977
35887434	35887563
62194310	62194463
30799576	30799775
73191718	73191895
128767698	128767816
81925025	81925154
90447747	90447865
112901878	112902302
61625016	61625173
63493257	63493393
119221968	119222171
114449174	114449322
74820936	74821084
78063608	78063785
107556979	107557403
71546510	71546934
125785332	125785500
121031053	121031202
93403534	93403701
73383273	73383384
94050685	94050897
119079678	119079880
64577790	64577957
43362283	43362418
105512423	105512847
118925370	118925583
109574548	109574972
91323723	91323914
86543141	86543307
119237811	119238235
129477996	129478199
103861021	103861213
72319229	72319351
61382165	61382338
11895572	11895766
70092489	70092913
33405112	33405536
92352807	92352966
23945784	23945959
60722880	60723021
3020384	3020553
15476166	15476348
52548680	52549104
4857494	4857792
71167603	71167802
95618813	95619237
93505127	93505233
91148979	91149403
134260395	134260533
30648620	30649118
122495432	122495581
13017193	13017617
52419997	52420189
79671404	79671546
134752241	134752442
97666792	97666934
105456372	105456549
74327771	74327903
118927750	118927915
99372349	99372491
94598991	94599148
115375994	115376418
90976823	90976959
69972462	69972886
22875229	22875416
29408449	29408572
90149203	90149627
33182365	33182789
125343268	125343440
856342	856482
70764683	70764828
128209436	128209860
31757178	31757602
70167087	70167199
97601811	97601947
101006602	101006768
125938589	125939013
97785478	97785639
105496590	105497014
27150150	27150358
124485392	124485555
5476110	5476232
29666367	29666576
61807914	61808338
29802025	29802215
13560093	13560517
37189050	37189227
6880270	6880387
95462070	95462276
100002573	100002997
21310861	21311034
28699741	28700165
90078503	90078927
111897987	111898411
24752200	24752309
73019658	73019766
14228406	14228522
114632495	114632919
115580334	115580440
118249699	118249856
85907870	85908042
60541595	60542019
28013214	28013638
15018031	15018187
62407111	62407261
88343914	88344047
85857677	85857816
110304360	110304554
88705430	88705583
94312186	94312324
126228665	126229089
12991246	12991670
4809381	4809527
102322837	102323027
43761419	43761591
35529015	35529215
88094423	88094847
99092751	99092953
33616851	33616994
120062	120270
129447868	129448292
87870107	87870531
6743416	6743579
78842616	78843040
135252328	135252752
134276982	134277406
60400981	60401405
12256814	12256925
73829491	73829915
80424675	80425099
1188633	1188786
80063139	80063563
134185425	134185603
26792896	26793071
26046938	26047100
18527939	18528079
103871957	103872381
120560544	120560714
49517962	49518386
23627149	23627573
133040437	133040555
91315432	91315856
132485089	132485219
135118321	135118522
93518442	93518591
64763742	64764166
28468558	28468680
133672443	133672867
85963953	85964110
122829754	122830178
69066297	69066721
121403867	121404291
125626108	125626271
94875589	94875764
127849773	127850197
73892246	73892388
101769107	101769531
86503229	86503653
48586054	48586478
92539280	92539704
85836260	85836684
118525038	118525462
91908213	91908637
93392940	93393364
29754272	29754696
124781035	124781459
102572752	102573176
85885746	85885950
49718112	49718220
50093527	50093713
53720185	53720609
123368112	123368536
109964148	109964572
94640130	94640261
129668706	129669130
90161666	90162090
13313646	13313771
122708457	122708647
91898574	91898998
118834141	118834565
12172388	12172522
106034550	106034710
80280790	80281214
6720129	6720553
96437577	96437719
111775723	111776147
105840636	105840764
126906874	126907298
16158339	16158763
18883868	18883994
13578755	13579179
55545977	55546401
104299787	104300211
125947724	125948148
104813627	104814051
35113744	35114168
35790820	35791244
73128384	73128808
11749309	11749434
59098992	59099098
119501028	119501452
97149725	97150149
133368098	133368522
47644738	47645162
11575419	11575843
21460415	21460592
68386930	68387354
60994558	60994982
115086178	115086602
101313340	101313507
35525668	35526092
99038214	99038638
15767705	15768129
35012694	35013118
94404248	94404672
82615101	82615525
63555217	63555641
37068154	37068578
79597363	79597787
70853762	70854186
100550540	100550964
132345601	132346025
92850895	92851319
80826079	80826503
49743839	49744263
90977409	90977833
14367322	14367746
43570902	43571326
12772034	12772151
74091604	74092028
93129882	93130027
87372711	87373135
101245006	101245218
71534337	71534761
127665903	127666046
67940454	67940878
50184220	50184644
105459219	105459643
62309434	62309858
98386547	98386971
27531201	27531324
23603662	23604086
4750563	4750987
81251104	81251220
45745467	45745891
86373412	86373836
23583558	23583982
62095448	62095872
14438548	14438972
52312543	52312967
53653026	53653450
1411027	1411451
17641103	17641527
77155061	77155485
71694543	71694967
9384796	9385220
101195752	101196176
34973513	34973664
115201003	115201427
71696004	71696110
16870227	16870349
18601643	18602067
107948996	107949420
92412251	92412675
50372562	50372986
118497161	118497267
102648686	102649110
62528557	62528981
17277163	17277587
64976805	64977229
132413582	132414006
131030051	131030475
17291770	17292194
73189730	73190154
106077204	106077628
94516820	94517244
82939703	82939833
123513224	123513648
82289993	82290417
77411227	77411651
276678	277102
95581262	95581394
114122015	114122142
121286694	121287118
134707201	134707625
75534463	75534887
118414322	118414746
65527272	65527696
71708019	71708443
102728736	102729160
19457507	19457931
65028940	65029364
105742386	105742810
63504227	63504651
120242997	120243421
124740634	124741058
106113406	106113553
61339994	61340418
119865989	119866413
1402177	1402601
73730124	73730548
103203837	103204261
126850102	126850243
23324495	23324919
90625245	90625669
6960247	6960671
58583607	58584031
103296550	103296974
105236076	105236500
105471311	105471735
5132033	5132457
110543682	110544106
106823519	106823943
23370805	23371229
13248673	13248791
85873828	85874252
52334088	52334512
33579704	33580128
129671121	129671545
82049198	82049622
62675785	62676209
101193133	101193557
129514060	129514484
111643875	111644370
72379021	72379445
105678187	105678611
120535140	120535246
81982482	81982665
96943401	96943593
105686823	105686934
31015876	31016300
32428147	32428571
104134934	104135358
80812011	80812435
85437510	85437934
18505395	18505819
111966056	111966220
76649127	76649551
45730766	45730891
123789337	123789761
98251051	98251475
69842524	69842948
52761320	52761744
114235372	114235796
52384879	52385303
93672580	93673004
101244346	101244770
102822300	102822724
98400568	98400992
81539062	81539486
91129233	91129657
35021729	35022153
111952198	111952622
60195054	60195478
71874738	71875162
104143792	104144216
119517553	119517740
77353341	77353765
102193510	102193976
14242629	14243053
47592030	47592454
80612607	80613031
115917657	115918081
56851459	56851883
11923322	11923746
24841321	24841745
78662674	78663098
117465934	117466358
15920961	15921385
100247425	100247849
125656660	125657084
19636537	19636961
114216316	114216740
73584985	73585409
33002454	33002878
28966142	28966260
45458824	45459248
5336025	5336449
27945504	27945928
45360231	45360655
101988360	101988784
29532730	29533154
103892188	103892618
118145719	118146143
126516071	126516495
102276504	102276928
86016776	86017200
98081551	98081975
33421533	33421957
61859920	61860344
113750454	113750878
126254326	126254750
7073943	7074367
86101199	86101623
13825981	13826405
31780042	31780466
134201497	134201673
127026070	127026494
133814794	133815218
111985870	111986042
119469676	119470100
100618301	100618725
101458217	101458641
71389885	71390049
36070548	36070972
62630061	62630485
128596158	128596582
134910433	134910857
62204221	62204645
56560811	56561235
97849269	97849693
105006050	105006474
88457938	88458362
5624686	5625110
45651234	45651658
52650676	52651100
88402265	88402689
113041267	113041691
120386486	120386910
92418567	92418991
127823701	127824125
29027081	29027505
71586828	71587252
54489258	54489682
106245397	106245821
105113008	105113432
33417535	33417959
74634991	74635415
74038617	74039041
135460708	135460862
32666451	32666875
71168368	71168545
104374979	104375403
124924866	124925290
13512221	13512645
43758881	43759305
126336292	126336716
130432401	130432825
2004208	2004632
112653323	112653747
72024816	72025240
5057097	5057521
63031117	63031541
95242396	95242583
572719	573143
134065844	134066268
59339641	59340065
25989719	25990143
59777542	59777966
130008302	130008726
122564528	122564952
45804165	45804589
105607650	105608074
105883168	105883592
48384726	48385150
7861047	7861471
68037246	68037670
79254183	79254607
120563083	120563507
43876070	43876494
43360008	43360432
130370035	130370459
73982592	73983016
5061022	5061446
20108496	20108609
5426178	5426284
90746708	90747132
50952948	50953372
124741986	124742410
134405080	134405504
123872710	123873134
53157504	53157928
108331312	108331736
92625171	92625595
87077604	87078028
32734883	32735307
59609442	59609866
95252911	95253335
63657435	63657859
80512530	80512954
20100426	20100850
88301413	88301837
118706648	118707072
114840629	114841053
121049853	121050277
14801236	14801660
33243023	33243447
3027798	3028222
69426175	69426599
8488441	8488865
73078586	73079010
122394094	122394518
101769768	101770192
121081684	121082108
49822801	49823225
128065510	128065934
11078404	11078828
127622992	127623416
116246970	116247394
119239498	119239922
120766171	120766595
17332207	17332631
80862219	80862643
124803879	124804303
79991736	79992160
1226712	1227136
132176841	132177265
120428047	120428471
15209709	15210133
3034981	3035405
75413508	75413932
75795120	75795544
123848845	123849269
32479743	32480167
121427182	121427606
13451473	13451897
51571965	51572389
94387582	94388006
62950310	62950734
95117423	95117847
61000328	61000752
112316789	112317213
135060386	135060810
51559415	51559839
72027382	72027806
126076004	126076428
88517066	88517490
127063731	127064155
111983987	111984411
49652315	49652739
27645094	27645518
119620296	119620720
120324163	120324587
75579533	75579957
108115190	108115614
88104363	88104787
127387191	127387615
3204796	3205220
125727369	125727793
4396832	4397256
73742515	73742939
93149359	93149783
129752372	129752796
131651836	131652260
14344013	14344437
75574955	75575379
134036582	134037006
105156312	105156736
43471073	43471497
80959786	80960210
111922592	111923016
11476320	11476744
75911146	75911570
89578316	89578740
48334929	48335353
73444071	73444495
71423337	71423761
24485548	24485972
94399875	94400299
15691381	15691805
81198174	81198598
114899416	114899840
96389726	96390150
121692652	121693076
126320547	126320971
75818394	75818818
90232287	90232711
135132151	135132575
116900981	116901405
114134483	114134907
105541017	105541441
131843336	131843760
61435562	61435986
120493982	120494406
62580012	62580436
4433873	4434297
6448183	6448607
76857659	76858083
63663047	63663471
50489476	50489900
60472724	60473148
35381818	35382242
125402161	125402585
111598569	111598993
65646946	65647370
131728084	131728508
26895277	26895701
325586	326010
135523048	135523472
102690004	102690428
65851649	65852073
68215067	68215491
101803123	101803547
99648345	99648769
6961949	6962373
30782716	30783140
60144789	60145213
11740057	11740481
27443237	27443661
71876113	71876537
14602311	14602735
114074805	114075229
11957999	11958423
54711557	54711981
18522699	18523123
65746941	65747365
132728211	132728635
112186620	112187044
333760	334184
105093702	105094126
95985343	95985767
9373487	9373911
17717749	17718173
74135332	74135756
45013094	45013518
13141166	13141398
98503739	98504163
120472761	120473185
7913926	7914350
135140980	135141404
104438677	104439101
13656480	13656904
116581269	116581693
74020073	74020497
102284331	102284755
103255051	103255475
100508059	100508483
82217638	82218062
54709649	54710073
112858407	112858831
102577212	102577636
127389095	127389519
43872768	43873192
92848462	92848886
33623960	33624384
99772872	99773296
57428074	57428498
68345817	68346241
112206827	112207251
15469852	15470276
50430258	50430682
29353114	29353538
52314590	52315014
11861754	11862178
5806382	5806806
86308606	86309030
93976333	93976757
85322127	85322551
54326709	54327133
76794454	76794878
120375367	120375791
126681263	126681687
1034051	1034475
7153788	7154212
72300396	72300820
73282198	73282622
101036620	101037044
28876773	28877197
135310923	135311347
98173191	98173615
95271050	95271474
112615112	112615536
15939972	15940396
52823366	52823790
73485675	73486099
103508774	103509198
71728557	71728981
7096848	7097272
95440151	95440575
43716804	43717228
14931277	14931701
61900948	61901372
14659866	14660290
70740807	70741231
129611549	129611973
88131353	88131777
56934180	56934604
27574008	27574432
77796280	77796704
65626349	65626773
77669800	77670224
50369611	50370035
85561716	85562140
34815868	34816292
110009669	110010093
14598381	14598805
88146884	88147308
76179618	76180042
32542783	32543207
102430695	102431119
102789281	102789705
67118287	67118711
54128433	54128857
126919970	126920394
15757786	15758210
125319039	125319463
6215102	6215526
65695460	65695884
1120910	1121334
55212930	55213354
71905345	71905769
5484003	5484427
5817986	5818410
101860303	101860727
95312202	95312626
1343310	1343734
125289981	125290405
14843706	14844130
60578604	60579028
461944	462368
131456902	131457326
54248635	54249059
95535171	95535595
73137143	73137567
93902165	93902589
128148088	128148512
49652961	49653385
71906460	71906884
118871732	118872156
116486367	116486791
129613371	129613795
71561009	71561433
132733427	132733851
73649192	73649616
71273367	71273791
3554435	3554859
77159526	77159950
124194728	124195152
26862596	26863020
69290728	69291152
9253195	9253619
92639816	92640240
120000954	120001378
99443699	99444123
121403111	121403535
86300924	86301348
66190471	66190895
103376942	103377366
37784299	37784723
61666497	61666921
90972948	90973372
125031667	125032091
63662080	63662504
42673728	42674152
65484626	65485050
11497187	11497611
75706048	75706472
125140223	125140647
102899322	102899746
94582688	94583112
50616484	50616908
13839137	13839561
11208017	11208441
88160833	88161257
21626422	21626846
95175465	95175889
112369355	112369779
17269262	17269686
14946257	14946681
89382348	89382772
73717247	73717671
34538526	34538950
122997236	122997660
99393703	99394127
103990570	103990994
32939052	32939476
76779115	76779539
50601815	50602239
15944566	15944990
112295585	112296009
104722918	104723342
90217463	90217887
19082849	19083273
13456936	13457360
23788663	23789087
95836084	95836508
101732920	101733344
55892941	55893365
13829720	13830144
134265687	134266111
12110459	12110883
46167920	46168344
103329843	103330267
88084896	88085320
132732930	132733354
114823099	114823523
54505933	54506357
22590092	22590516
108369628	108370052
30315989	30316413
80955371	80955795
72716085	72716509
25811850	25812274
89577611	89578035
134447854	134448278
75012962	75013386
35415624	35416048
98956493	98956917
71645217	71645641
108555340	108555764
840517	840941
134124922	134125346
26936541	26936965
103817341	103817765
80061811	80062235
17451140	17451564
122759344	122759768
59937124	59937548
80365704	80366128
81027236	81027660
120595064	120595488
81788961	81789385
24608565	24608989
118450241	118450665
43697525	43697949
84556216	84556640
71843902	71844326
861574	861998
33625064	33625488
124995604	124996028
117201430	117201854
104474594	104475018
3087945	3088369
92339361	92339785
90324824	90325248
103881754	103882178
88091126	88091550
79346712	79347136
69991006	69991430
111612211	111612598
120844781	120845205
64174115	64174539
116310396	116310820
69983327	69983751
52176130	52176554
1797727	1798151
64353935	64354359
35863676	35864100
96122768	96123192
52428623	52429047
26558717	26559141
125149863	125150287
81160229	81160631
81518279	81518703
80140828	80141252
93351046	93351470
80832954	80833378
109169247	109169671
133914948	133915372
112797572	112797996
73219202	73219626
52748472	52748896
124861415	124861839
17516577	17517001
48501391	48501815
97806769	97807193
21625430	21625854
78061708	78062132
103876997	103877421
104368174	104368598
1339687	1340111
1819474	1819898
82271150	82271574
112095735	112096159
7459006	7459430
79334164	79334588
85819222	85819646
31475315	31475739
72080323	72080747
72793108	72793532
57023699	57024123
46951249	46951635
5632080	5632504
114975799	114976223
72354416	72354840
6019892	6020316
114206460	114206884
16885231	16885655
93941429	93941853
49953918	49954342
87551902	87552326
70991995	70992419
72824157	72824581
45777465	45777889
53932355	53932779
124448058	124448482
95241961	95242385
99223355	99223768
129772207	129772631
113704168	113704592
105267069	105267493
133977006	133977430
30475176	30475600
47046436	47046860
71224741	71225165
12760237	12760661
102822518	102822942
86865441	86865865
126564090	126564514
130538200	130538624
99473717	99474141
24685317	24685741
129322427	129322851
42923963	42924387
93318216	93318640
97049361	97049785
115056983	115057407
91053160	91053584
134032884	134033308
120731334	120731758
129948256	129948680
127330599	127331023
115846967	115847391
134322147	134322571
11917130	11917554
37169833	37170257
99093149	99093573
73521212	73521636
70982148	70982572
134898775	134899199
127991419	127991843
18761877	18762301
88326328	88326752
89531653	89532077
73499696	73500120
103603222	103603646
112118806	112119230
4216352	4216776
77116230	77116654
6245366	6245790
98797120	98797492
6885312	6885736
23647264	23647688
71958817	71959241
15702983	15703407
134699998	134700422
89621280	89621704
73672201	73672625
121111539	121111963
111738346	111738770
126220798	126221222
22532932	22533356
96109040	96109464
4386761	4387185
25971096	25971520
4583347	4583771
79471357	79471781
1285904	1286328
50209370	50209794
29759156	29759580
95456964	95457388
35511924	35512348
87860420	87860844
80018405	80018829
91460918	91461342
126222760	126223184
100505364	100505788
6919885	6920309
111407368	111407792
99051818	99052242
14993485	14993909
26446651	26447075
82258537	82258961
2981055	2981479
96199128	96199552
102639434	102639858
118763931	118764355
56162340	56162764
28588917	28589341
111985163	111985587
86605338	86605762
127329146	127329570
62201334	62201758
67974747	67975171
117727721	117728145
85533743	85534167
73924406	73924830
44280715	44281139
72894675	72895099
64893323	64893747
100612447	100612871
115061315	115061739
115005790	115006214
115540396	115540820
111533767	111534191
96968430	96968854
78194910	78195334
18905232	18905656
88448260	88448684
26839657	26840081
125004827	125005251
31611603	31612027
33405312	33405736
29494514	29494938
81453580	81454004
88731426	88731850
102861289	102861713
29819002	29819426
94724911	94725335
123966177	123966601
81967286	81967710
100056320	100056744
90750939	90751363
2658438	2658862
80886796	80887220
34370848	34371272
95245423	95245847
85768730	85769154
1096446	1096870
48406732	48407156
114194774	114195198
79137697	79138121
69972662	69973086
89868062	89868486
70660894	70661318
16933296	16933720
5665290	5665714
99202805	99203229
128535484	128535908
114231808	114232232
72324640	72325064
52051239	52051663
134136037	134136461
128996572	128996996
102000739	102001163
91505671	91506095
124286647	124287071
134240644	134241068
81076393	81076817
19701443	19701867
103824693	103825117
50532735	50533159
104677308	104677732
117723332	117723756
80724222	80724646
115614876	115615300
32478313	32478737
60199273	60199697
50827728	50828152
92728367	92728791
85721433	85721857
76498620	76499044
94644682	94645106
101944971	101945395
122182995	122183419
30681580	30682004
116187012	116187436
23371007	23371431
73506399	73506823
43566056	43566480
102329330	102329754
4881543	4881967
117880145	117880569
123900508	123900932
32499187	32499611
123583658	123584082
16895202	16895626
98860940	98861364
92630984	92631408
54355027	54355451
125447311	125447735
17157503	17157927
73540421	73540845
18988445	18988869
129555288	129555712
94310712	94311136
26823249	26823673
73423734	73424158
104829543	104829967
95801725	95802149
75886799	75887223
25844808	25845232
20002707	20003131
129833940	129834364
95543798	95544222
105419437	105419861
79361969	79362393
99663456	99663880
57389417	57389841
3122858	3123282
38654842	38655266
85814463	85814887
125967883	125968307
102526899	102527323
4985155	4985579
28539669	28540093
104325538	104325962
79719641	79720065
127786127	127786551
16733595	16734019
75632189	75632613
82327015	82327439
48384926	48385350
126431241	126431665
55757681	55758105
63578999	63579423
7544947	7545371
33562123	33562547
1421835	1422259
75546108	75546532
7260965	7261389
64892414	64892838
44881963	44882387
106060491	106060915
32151177	32151601
116149897	116150321
63238620	63239044
43239572	43239996
73716012	73716436
1445676	1446100
22282237	22282661
64450527	64450951
35900675	35901099
53826133	53826557
95516843	95517267
34306243	34306667
115283878	115284302
77143574	77143998
105245488	105245861
91613586	91614010
109024452	109024876
115682716	115683140
116112324	116112748
133521383	133521807
133112411	133112835
116146187	116146611
131296911	131297335
80911507	80911931
87546014	87546438
128207349	128207773
127423401	127423825
101559289	101559713
38228459	38228883
49450327	49450751
103032154	103032578
127210891	127211315
73571889	73572313
91179314	91179738
79763978	79764402
32499714	32500138
108293926	108294350
127776616	127777040
119707974	119708398
123494233	123494657
135422326	135422750
127227835	127228259
68507928	68508352
38679546	38679970
105657099	105657523
80179390	80179814
27658760	27659184
75424339	75424763
84729146	84729570
69235918	69236342
17659414	17659838
80915356	80915780
117707913	117708337
31608249	31608673
11361135	11361559
114134684	114135108
132134876	132135300
112617393	112617817
17454335	17454759
124270242	124270666
90598506	90598930
34811467	34811891
66493732	66494156
3519254	3519678
32097547	32097971
29421774	29422198
81804718	81805142
21144327	21144751
121479665	121480089
73159012	73159436
114135601	114136025
116375846	116376270
128437806	128438230
21304772	21305196
114733545	114733969
113616439	113616863
2519222	2519646
121012910	121013334
63555418	63555842
52363824	52364248
73030276	73030700
48331644	48332068
71396911	71397335
35245670	35246094
94854989	94855413
130066420	130066844
14286130	14286554
63224864	63225288
80358833	80359257
121006668	121007092
82705037	82705461
62606006	62606430
79110284	79110708
1119975	1120399
16560836	16561260
22475992	22476416
80197851	80198275
42765277	42765701
91714526	91714950
57500495	57500919
112967296	112967720
24863509	24863933
95356332	95356756
94902300	94902724
73465267	73465691
47151328	47151752
13631364	13631788
14433854	14434278
99299703	99300127
121376365	121376789
134707405	134707829
134278780	134279204
118586590	118587014
121618874	121619298
116147541	116147965
119688987	119689411
30676472	30676896
90658410	90658834
6233088	6233512
61479094	61479518
71720964	71721388
86425790	86426214
131073371	131073795
5241374	5241798
133286065	133286489
102808657	102809081
73738181	73738605
49527526	49527950
24175278	24175702
115828645	115829069
101165813	101166237
10719416	10719840
43903416	43903840
102206141	102206565
50991703	50992127
5701641	5702065
60237499	60237923
48469612	48470036
107935519	107935943
132221148	132221572
84926019	84926443
63573122	63573546
16957378	16957802
61901909	61902333
132734119	132734543
133194332	133194756
1332242	1332666
12282612	12283036
45420635	45421059
43957529	43957953
133983417	133983841
105816248	105816672
121385124	121385548
93387520	93387944
64376947	64377371
6450741	6451165
132505836	132506260
116310599	116311023
53128704	53129128
18978416	18978840
61050178	61050602
120353830	120354254
7868878	7869302
98939629	98940053
50476266	50476690
116639486	116639910
71162662	71163086
134177759	134178183
127059063	127059487
81889977	81890401
77786676	77787100
123973281	123973705
71455906	71456253
104802658	104803082
22242450	22242874
43848381	43848805
33250634	33251058
106409840	106410264
5476159	5476583
128096351	128096775
133794742	133795166
127892779	127893203
96935860	96936284
72521056	72521480
5385548	5385972
36827919	36828343
100068391	100068815
22507381	22507805
25224268	25224692
89575852	89576276
74018346	74018770
71276186	71276610
45485812	45486236
13655555	13655979
105773192	105773616
98819261	98819685
80902664	80903088
47014255	47014679
80815854	80816278
28083056	28083480
105479681	105480105
6316861	6317285
99205384	99205808
90711223	90711647
98561231	98561655
27734945	27735369
43185980	43186404
47089969	47090393
43699411	43699835
114080774	114081198
115997771	115998195
29228175	29228599
80192332	80192756
35920913	35921337
133108284	133108708
8562313	8562737
133157881	133158305
130217891	130218315
52381604	52382028
91612609	91613033
70767000	70767424
130040800	130041224
49760046	49760470
88814655	88815079
80865086	80865510
47057925	47058349
132263257	132263681
127108372	127108796
6873485	6873909
125043581	125044005
59752524	59752948
121177960	121178384
18872449	18872873
80946434	80946858
90639953	90640377
102045803	102046227
126809615	126810039
114560691	114561115
35249949	35250373
60018734	60019158
134266837	134267261
109304859	109305283
75700570	75700994
127650281	127650705
81079845	81080269
80956807	80957231
7855478	7855902
73155337	73155761
106097644	106098068
76003814	76004238
134674089	134674513
68676836	68677260
46996614	46997038
99703032	99703456
85367665	85368089
35226858	35227282
970379	970803
73375226	73375650
13527608	13528032
3264141	3264565
74559781	74560205
47004167	47004605
73002437	73002861
113693654	113694078
47676146	47676570
124317058	124317482
112866799	112867223
79264731	79265155
54074303	54074727
84694166	84694590
97239603	97240027
88355230	88355654
121560088	121560512
12926295	12926719
91461119	91461543
85725236	85725660
49867779	49868203
115837481	115837905
23276108	23276532
4276842	4277266
45847992	45848416
133807337	133807761
94332742	94333166
9344093	9344517
24707467	24707891
59818462	59818886
43814371	43814795
133275682	133276106
12307745	12308169
49441712	49442136
121421711	121422135
27361398	27361822
47082508	47082932
43665910	43666334
64183814	64184238
73473454	73473878
105465758	105466182
30637586	30638010
113120224	113120648
44802249	44802673
