31544975	31545384
45080629	45081035
36461960	36462505
32029806	32030177
43263726	43264105
18312743	18313106
46259786	46260169
29225375	29225736
42564985	42565332
22901531	22901928
42062655	42062999
33414246	33414598
25246303	25246619
33445122	33445459
37252358	37252762
21239792	21240268
35627485	35627836
36682533	36682889
45831559	45831924
20918560	20918991
36617857	36618199
43017536	43017880
38329939	38330327
25198983	25199385
22549717	22550094
37941152	37941466
37934815	37935166
36697352	36697661
38003068	38003413
44389040	44389383
23520647	23520979
31485105	31485456
38077579	38077923
42093122	42093548
50780764	50781092
26756405	26756751
19617482	19617808
36520066	36520405
30401255	30401581
27074998	27075337
35979115	35979483
24921441	24921773
28405332	28405688
23933319	23933654
41799821	41800131
37853389	37853739
47609331	47609669
50587588	50587905
39369589	39369948
26726965	26727316
23053202	23053589
17539120	17539459
30658838	30659182
36027669	36028007
44477088	44477440
25598283	25598660
22697205	22697543
42142592	42142916
23301344	23301695
38039295	38039632
30787114	30787394
31030408	31030736
18639940	18640258
45492190	45492509
25348019	25348331
41972898	41973241
31503653	31503969
33382048	33382382
45949655	45949979
29641556	29641869
39892402	39892735
25168493	25168856
19132235	19132534
39266252	39266619
20810563	20810902
21271352	21271664
39162162	39162527
30021606	30021905
29436718	29437013
31001545	31001860
32924928	32925245
50324588	50324910
37374090	37374418
24585628	24585952
41913754	41914124
36019366	36019693
43429932	43430224
45973878	45974219
30841183	30841511
50648273	50648607
26763626	26763975
19897502	19897832
23190570	23190888
37178055	37178443
23284988	23285306
39264873	39265204
41922749	41923092
37825041	37825363
26168967	26169249
37963353	37963682
50160972	50161295
23728112	23728432
18038146	18038444
29949756	29950052
31316330	31316647
30881423	30881740
23632647	23633048
44278989	44279344
29251643	29251932
37418021	37418358
39739550	39739871
30651819	30652395
39925264	39925584
24204325	24204611
39706908	39707254
25164793	25165079
37656950	37657244
25858513	25858813
43627232	43627592
30822513	30822810
24899149	24899435
32662186	32662470
33396753	33397035
22676381	22676702
42833516	42833847
37473833	37474163
25444693	25445010
22777005	22777304
20960483	20960821
43456272	43456593
22918839	22919123
22001031	22001341
36866340	36866623
29791005	29791287
23030154	23030421
23112699	23113030
29866433	29866714
22555529	22555819
28416012	28416353
40420810	40421126
47199287	47199613
37712909	37713174
20144517	20144849
37868464	37868766
23624054	23624347
20925801	20926092
46402229	46402529
30683781	30684083
46409276	46409588
21138612	21138899
46938217	46938520
22562225	22562518
31709313	31709619
36317840	36318100
40432699	40432970
38510496	38510828
31957285	31957606
45131768	45132079
45093295	45093614
45022148	45022430
40744122	40744405
26857228	26857502
37562576	37562870
43784329	43784646
23090803	23091114
32774675	32775025
42253643	42253925
51170569	51170886
43781757	43782073
46710214	46710517
19941197	19941508
44280889	44281176
22936543	22936815
42337311	42337610
33975524	33975790
33172038	33172323
39712444	39712734
22326691	22326996
24552916	24553217
38496837	38497099
19935328	19935586
35826833	35827141
33193057	33193320
47194522	47194801
21978418	21978727
22292911	22293238
39910427	39910679
41929258	41929574
24917772	24918072
22511162	22511444
23130698	23130991
43176110	43176425
27068865	27069175
19166961	19167254
33698030	33698304
25843813	25844085
45216530	45216819
41993330	41993607
39129302	39129610
36576375	36576696
27801892	27802173
36541155	36541410
36239068	36239323
39164852	39165139
46763574	46763843
31151450	31151733
50026218	50026515
45371524	45371811
47154762	47155004
23470652	23470926
40328864	40329125
35550931	35551200
50679563	50679822
48888245	48888498
21316230	21316491
27061516	27061750
36907062	36907351
44341798	44342136
37595499	37595796
23298151	23298406
23096081	23096367
30682812	30683153
32373219	32373471
37957791	37958069
37153674	37153962
36590985	36591252
45497775	45498039
37269673	37269966
42710007	42710300
25758126	25758457
50418075	50418340
24372344	24372606
39566820	39567115
38448319	38448600
21997355	21997626
28447759	28448026
31668901	31669167
42486848	42487134
25453282	25453607
19958061	19958318
41939785	41940056
46390740	46391039
51001181	51001462
32366107	32366408
22067501	22067783
31286631	31286945
51058920	51059193
45837112	45837364
38213668	38213923
37382300	37382547
23881789	23882092
28143718	28143973
43057968	43058239
36673726	36673998
45659696	45659989
31159769	31160062
18268030	18268310
44481666	44481896
25568240	25568482
38749169	38749460
41042285	41042562
39399174	39399419
37888898	37889166
36882741	36883007
31847753	31847971
38187885	38188174
26568429	26568698
24326642	24326905
19103232	19103491
17398354	17398625
35934883	35935179
25631808	25632086
47135049	47135314
24571199	24571456
42840480	42840733
33056277	33056491
21375179	21375447
50838170	50838416
43742495	43742740
25477399	25477650
46518329	46518582
46959249	46959558
27041289	27041544
36635560	36635831
37594521	37594766
26760447	26760697
39955791	39956062
24236152	24236450
23035288	23035498
33606220	33606439
18558908	18559138
21995822	21996027
33219065	33219302
50431874	50432118
18225277	18225523
23219671	23219938
35546614	35546841
39531204	39531425
21096145	21096393
20772458	20772735
39114500	39114763
22929433	22929677
21948160	21948430
46432725	46432962
20116818	20117039
23516172	23516429
24384688	24384907
42770774	42770998
29920533	29920757
22711694	22711940
50690662	50690898
21983579	21983838
39220637	39220851
39889409	39889602
20226126	20226356
28275992	28276240
20850815	20851096
34507314	34507565
42218802	42219026
29550533	29550760
41079160	41079403
32476985	32477216
22081048	22081261
43669945	43670198
19072739	19072953
22763694	22763915
28282617	28282848
17652708	17653030
20305152	20305409
25334788	25335028
37249640	37249809
43486281	43486491
25506955	25507172
30031816	30032026
48233540	48233741
33670321	33670529
26898976	26899213
21158319	21158515
31627255	31627459
42362576	42362903
22785890	22786118
22465345	22465547
28221208	28221457
23718574	23718792
22307236	22307460
40921371	40921576
46375026	46375223
42869595	42869808
25390483	25390669
22292408	22292725
19667131	19667358
40018956	40019165
46751359	46751624
43386122	43386358
37967370	37967577
32840250	32840460
45224078	45224334
24643604	24643869
38361278	38361514
46307526	46307719
39077726	39078009
49339670	49339855
25154227	25154407
18941954	18942215
28387088	28387280
37440140	37440387
22415037	22415264
37592949	37593150
51130090	51130257
18507299	18507531
40883771	40883983
39121041	39121247
49178951	49179167
19949835	19950054
37988661	37988832
27231972	27232182
51014606	51014799
23009077	23009285
23226229	23226440
22818474	22818654
40833015	40833199
17749437	17749633
33322754	33322925
39795582	39795809
50675673	50675871
31481199	31481451
30168324	30168510
39705316	39705570
32598494	32598695
23088250	23088455
30085902	30086129
24298798	24299066
38326759	38326976
38259576	38259791
29985979	29986212
29755603	29755754
33599344	33599490
41295199	41295329
35746781	35747029
22560740	22560916
45664887	45665099
32242873	32242998
42510819	42511024
38131258	38131450
32366667	32366983
42159162	42159337
31546738	31546932
35420119	35420304
50468765	50469005
24191830	24192026
49701169	49701404
19718191	19718412
25447159	25447281
49364169	49364361
32602958	32603120
39514013	39514149
36023242	36023499
21239792	21240268
36327087	36327271
22457358	22457782
39930852	39931055
47671572	47671777
38030685	38030866
32869442	32869556
28276904	28277079
22863107	22863312
47848054	47848231
50095534	50095642
50936743	50936918
30783455	30783632
18896030	18896234
43490075	43490499
23197980	23198130
21984359	21984573
26173965	26174129
19093854	19093978
28078496	28078608
30209655	30209803
21051856	21052097
42956960	42957144
21802422	21802610
43555882	43556077
37523023	37523208
30684075	30684311
50041406	50041603
23062613	23063037
45019603	45019816
20273374	20273602
20098747	20098931
19542292	19542716
43624453	43624639
22454742	22454909
47521582	47521778
28200800	28200985
25333053	25333477
17255423	17255847
38164348	38164510
23027584	23027743
17264720	17265144
32061670	32061871
36942361	36942526
40204044	40204468
46227384	46227808
49442441	49442616
24551639	24551745
31212541	31212721
32914813	32915237
21336093	21336221
38283745	38284169
46929469	46929682
26794713	26794833
43028060	43028484
32343252	32343676
34810733	34811157
24272295	24272487
42928962	42929160
39727277	39727477
24108894	24109073
31478752	31478955
37894496	37894608
23657883	23657998
31639214	31639638
17694980	17695153
44341953	44342377
24113217	24113407
47076859	47077283
25103363	25103787
31607975	31608148
36234869	36235293
51213585	51213815
24237524	24237948
40349958	40350085
44963806	44964230
37945553	37945977
31045640	31046064
26249867	26250291
17980696	17981120
43532317	43532506
37442104	37442232
20938092	20938206
38500221	38500410
31952601	31953025
50911754	50911934
38092700	38092872
39702691	39703115
35748222	35748400
37663192	37663308
19619691	19620115
47565298	47565407
22301963	22302387
21132147	21132571
26715018	26715442
30485024	30485187
22384965	22385119
22526083	22526222
30394679	30394785
44285670	44286094
23420083	23420507
33232375	33232505
38694427	38694539
33024106	33024295
22590176	22590332
34501432	34501856
38177564	38177670
19767822	19768246
36135802	36135908
22339232	22339656
24720967	24721391
32785685	32786109
43583529	43583689
31063474	31063898
17645543	17645967
38658050	38658474
45605066	45605490
41949946	41950133
20072411	20072835
44244594	44245018
22817439	22817863
38808956	38809099
34319804	34319912
33915205	33915629
23883899	23884323
45065532	45065956
38540130	38540290
27727772	27728196
19953532	19953956
39891554	39891715
41214784	41215208
20246111	20246535
17576419	17576843
45478669	45479093
32126272	32126696
25231129	25231553
42093122	42093548
23044991	23045415
28508701	28509125
44753161	44753585
20922207	20922631
44765245	44765669
20000930	20001354
23499007	23499431
50804957	50805381
37373508	37373620
26299234	26299658
38619195	38619619
39833159	39833583
45793707	45794131
38019715	38019891
30504615	30505039
37169972	37170396
43008858	43009282
29598547	29598971
43298171	43298595
47826579	47826735
49059114	49059538
37394631	37395055
32809734	32810158
42069098	42069522
30998055	30998479
35439224	35439648
33070923	33071347
41897217	41897641
32268234	32268658
37621441	37621865
43449165	43449589
44192658	44192765
26294678	26295102
17652107	17652249
45858137	45858561
43082061	43082485
21452334	21452758
42244431	42244855
18374516	18374940
36764290	36764714
31432548	31432972
19155606	19156030
23052315	23052425
18379272	18379696
39319895	39320319
19705579	19705715
41697374	41697798
38968145	38968569
17392110	17392534
42948039	42948463
19287496	19287920
31262736	31263160
50895180	50895604
23583090	23583514
39518015	39518439
44138970	44139394
45364578	45365002
24230990	24231414
30620087	30620511
40395472	40395896
45022286	45022710
45969404	45969828
39939119	39939543
20089736	20090160
23144839	23145263
25729423	25729847
50714549	50714973
36461960	36462505
45555534	45555958
41652147	41652571
30723725	30724149
18986509	18986933
19788493	19788917
22958615	22959039
44487226	44487650
19461956	19462380
31343736	31344160
36157069	36157493
22702501	22702925
24833969	24834393
29331710	29332134
26292035	26292459
30952389	30952813
50712710	50713134
41318691	41319115
24819607	24820031
46041429	46041853
36080275	36080699
37566304	37566728
21457030	21457454
43666380	43666804
42508778	42509202
18896106	18896530
38626128	38626552
49827769	49828193
46959655	46959764
26170436	26170860
25456547	25456971
24110406	24110830
46527018	46527442
42353566	42353990
39611797	39612221
25730018	25730442
42468474	42468898
33190427	33190851
24574367	24574791
40551935	40552359
39608745	39609169
40920444	40920868
24817306	24817730
26530884	26531308
19754596	19755020
41931223	41931647
28119152	28119576
24638716	24639140
45384549	45384973
29808753	29809177
30614999	30615423
50983947	50984371
37252667	37252774
39687500	39687924
28990710	28991134
39220764	39221188
41050471	41050895
24670837	24671261
19546724	19547148
26160170	26160594
37596598	37597022
17555786	17556210
22326825	22327249
23110377	23110801
41763278	41763702
24627213	24627637
28110968	28111392
20301230	20301654
48912818	48913242
44318001	44318425
43988338	43988762
36290383	36290807
23213145	23213569
32536639	32537063
18020133	18020557
39678939	39679363
38032440	38032864
28316046	28316470
47392477	47392901
40323569	40323993
19418353	19418777
38909061	38909485
50964704	50965128
29655502	29655926
29716526	29716950
46034775	46035199
42346891	42347315
20167798	20168222
20255826	20256250
26570278	26570702
29476587	29477011
44179654	44180078
21112946	21113370
49115751	49116175
25424460	25424884
30005113	30005537
25350099	25350523
38057008	38057432
41128719	41129143
40589624	40590048
28649171	28649595
38003215	38003639
46127579	46128003
21377170	21377594
19461128	19461552
30098212	30098636
46365184	46365608
39926638	39927062
41156218	41156642
35850613	35851037
50685199	50685623
20884512	20884936
31741726	31742150
35433104	35433528
33396871	33397295
43911831	43912255
39710201	39710625
45713510	45713934
19863908	19864332
29702145	29702569
37882558	37882982
22129053	22129477
38122553	38122977
29107784	29108208
44300329	44300753
20793406	20793830
49290179	49290603
18483715	18484139
44222286	44222710
46934413	46934837
45638552	45638976
38467915	38468339
31595153	31595577
44731976	44732400
23775394	23775818
50323161	50323585
38465255	38465679
22815023	22815447
20048420	20048844
17392312	17392736
20173982	20174406
30389890	30390314
24489746	24490170
22901531	22901928
24999699	25000123
20015487	20015911
50683014	50683438
24655432	24655856
23062814	23063238
21998242	21998666
38830996	38831420
45309043	45309467
40144341	40144765
37657077	37657501
37957909	37958333
50316998	50317422
23470791	23471215
27193846	27194270
50645060	50645484
31637778	31638202
43088392	43088816
19098679	19099103
32025320	32025744
18237034	18237458
22978667	22979091
40328994	40329418
37178055	37178443
19061283	19061707
43276846	43277270
51044557	51044981
44756393	44756817
35536870	35537294
29724027	29724451
49944637	49945061
27064935	27065359
38537192	38537616
29186122	29186546
37426826	37427250
38864278	38864702
25778654	25779078
19483400	19483824
32014450	32014874
33016978	33017402
46396815	46397239
19465107	19465531
51165011	51165435
19683226	19683650
45204154	45204578
23296850	23297274
30279350	30279774
50095584	50096008
40795218	40795642
36730127	36730551
35983549	35983973
22609216	22609640
38148455	38148879
21126378	21126802
19205365	19205789
49810607	49811031
51156410	51156834
42138910	42139334
20117737	20118161
29709104	29709528
50118453	50118877
26276464	26276888
47229107	47229531
35733954	35734378
25102024	25102448
19024766	19025190
35551043	35551467
35944380	35944804
40051188	40051612
43326656	43327080
17539266	17539690
23159916	23160340
19632902	19633326
35985389	35985813
50980828	50981252
39403660	39404084
25250717	25251141
20918560	20918991
46964101	46964525
47193347	47193771
37899554	37899978
46512375	46512799
23969594	23970018
50806538	50806962
42226164	42226588
18042955	18043379
46692380	46692804
45944889	45945313
31501915	31502339
19046183	19046607
36115501	36115925
32391033	32391457
49909194	49909618
35765175	35765599
32751723	32752147
47223684	47224108
30195284	30195708
38127792	38128216
46375132	46375556
42666808	42667232
23884099	23884523
42121460	42121884
25233484	25233908
37495026	37495450
29169001	29169425
19491369	19491793
38550353	38550777
38140366	38140790
25598464	25598888
30831682	30832106
42362747	42363171
39133357	39133781
19931108	19931532
23009185	23009609
46782244	46782668
51060661	51061085
36595217	36595641
42337457	42337881
38618004	38618428
43456424	43456848
47408458	47408882
32519586	32520010
22874279	22874703
33408996	33409420
38178741	38179165
47327282	47327706
43592886	43593310
43932872	43933296
46840457	46840881
22751663	22752087
45353085	45353509
35371641	35372065
19775211	19775635
17682122	17682546
45477374	45477798
39712617	39713041
26122573	26122997
50628760	50629184
38392837	38393261
19091333	19091757
32523813	32524237
20960637	20961061
25822876	25823300
49822643	49823067
22754363	22754787
22652763	22653187
31346275	31346699
36727614	36728038
40339407	40339831
50659810	50660234
27547392	27547816
51066251	51066675
45647711	45648135
42908232	42908656
27371803	27372227
29641708	29642132
21457230	21457654
24817514	24817938
18553791	18554215
49375285	49375709
30850027	30850451
38694472	38694896
26789904	26790328
21982363	21982787
47222861	47223285
48172046	48172470
21061983	21062407
37314833	37315257
50214580	50215004
49422545	49422969
30574129	30574553
21995909	21996333
22300911	22301335
30970975	30971399
26959015	26959439
38692612	38693036
46448709	46449133
19023127	19023551
32536846	32537270
