58299073	58299569
53715259	53715708
45342462	45342886
52721211	52721678
54140320	54140845
50449699	50450195
46465900	46466334
51735110	51735614
52607227	52607708
54973460	54973896
54773373	54773897
53374612	53375106
49012223	49012655
54069805	54070248
3182501	3182955
53553097	53553586
130516099	130516534
54095542	54095969
54798121	54798623
52477153	52477619
119882247	119882682
48111269	48111690
48135992	48136401
54793027	54793484
52533267	52533725
52374111	52374536
49381788	49382264
42418009	42418420
50464236	50464692
49189614	49190035
52672730	52673159
56334033	56334434
50134859	50135262
54426336	54426711
48173058	48173460
54608481	54609005
54137380	54137816
113430560	113430973
125391285	125391683
45564229	45564604
13069102	13069550
50260854	50261268
50171917	50172340
49330172	49330574
49482004	49482413
104026328	104026726
50339323	50339693
48343220	48343656
111325801	111326223
7033369	7033810
109865839	109866241
52557653	52558051
121931965	121932350
53459706	53460108
9483715	9484137
53259112	53259485
109197288	109197661
50038324	50038692
78319340	78319789
125382954	125383377
54990211	54990617
2049170	2049579
109058582	109058948
38532492	38532910
54595070	54595515
51745687	51746086
77404747	77405094
4713795	4714190
125425172	125425574
54754593	54754990
53902333	53902764
109870536	109870971
27536939	27537308
69684757	69685152
49208332	49208812
6172269	6172667
56050148	56050551
108957297	108957670
54150928	54151330
110243064	110243484
53937249	53937595
52419187	52419805
3384574	3384961
52386861	52387248
10902735	10903136
111264392	111264852
49491764	49492188
44394094	44394527
12857537	12857959
54762450	54762850
6147213	6147656
113536140	113536525
13515161	13515547
101062680	101063058
118275038	118275418
57977057	57977534
7261753	7262149
53278549	53278941
122675452	122675845
50482338	50482757
71113583	71113960
51925684	51926081
48231366	48231754
58176271	58176637
57856450	57856820
6944830	6945240
57846676	57847065
122232084	122232534
114350476	114350884
13687676	13688104
49725396	49725761
56130860	56131335
53845452	53845833
70033191	70033566
69550834	69551204
124516827	124517204
57576753	57577123
120666122	120666537
56519917	56520312
6304811	6305215
49514908	49515253
109831568	109831918
54601581	54601965
11639507	11639877
48137804	48138169
114418331	114418692
52550514	52550954
16512850	16513195
110213085	110213486
54687996	54688377
118813863	118814278
27037887	27038242
49524016	49524383
57518028	57518403
123436873	123437236
53746372	53746737
6844856	6845202
12487332	12487675
104775583	104775966
111742357	111742733
117650400	117650735
111751556	111751960
109011905	109012258
54920912	54921249
52269009	52269403
40501349	40501705
111332157	111332535
48357050	48357444
53264190	53264643
27006658	27007046
54585332	54585705
49457683	49458053
13408658	13409033
4966843	4967246
54613872	54614255
120794311	120794666
6862735	6863122
103276975	103277334
14017044	14017406
6394187	6394537
70273154	70273550
106617887	106618267
98884760	98885106
65950491	65950869
50170114	50170447
52463227	52463601
52766359	52766729
3312115	3312531
53493211	53493568
69464134	69464470
123237028	123237387
49682100	49682493
125256370	125256755
54996991	54997322
12808853	12809212
89413349	89413710
40384350	40384671
47377792	47378113
133191476	133191879
53607047	53607425
49247018	49247366
6978538	6978903
53298800	53299169
49437550	49437947
103342653	103342986
50468965	50469303
49752431	49752783
118025519	118025857
1692663	1692996
17092755	17093148
12716968	12717322
52364598	52364958
6075038	6075404
121087034	121087390
131939236	131939615
121548154	121548530
10826703	10827094
14783038	14783388
57607056	57607444
56987933	56988310
122232808	122233246
120638921	120639320
7959483	7959808
50433013	50433403
91749206	91749511
102878264	102878611
56118390	56118737
50232797	50233151
89936725	89937099
56349804	56350152
133215310	133215693
6097734	6098071
1761957	1762275
54718406	54718734
2994410	2994754
118292235	118292581
5112196	5112547
14319993	14320325
57381330	57381705
52615798	52616184
121021197	121021581
54788059	54788402
53273657	53274084
113863164	113863517
106751259	106751580
69548402	69548752
49628920	49629271
55462215	55462582
118287819	118288158
12965120	12965453
7245056	7245374
119458571	119458926
55247735	55248042
13386959	13387367
49389225	49389566
51128479	51128828
113750301	113750658
104502982	104503319
48558926	48559252
70983747	70984098
108001299	108001650
109531192	109531558
8198608	8198939
6574667	6575005
121084749	121085101
26250017	26250327
7341079	7341452
121668136	121668462
96608979	96609336
65091835	65092163
685259	685642
8261423	8261741
103969035	103969399
110365407	110365733
31556036	31556377
58197092	58197433
117804829	117805206
7047167	7047536
53321256	53321605
45937609	45937942
113900194	113900532
118492908	118493233
65196011	65196318
3913054	3913401
111834694	111835064
76552530	76552865
55074182	55074541
50030707	50031034
12965996	12966362
95467334	95467681
6672616	6673003
111736654	111737030
50156802	50157159
94939948	94940283
7071041	7071520
48109084	48109480
120105328	120105699
34371365	34371730
27167280	27167637
52397840	52398185
7294676	7295031
56132556	56132884
110282974	110283461
125721637	125721972
131232705	131233036
28093780	28094071
120868264	120868621
27295068	27295395
27856630	27856959
106542915	106543234
6149185	6149524
98791332	98791646
12941708	12942055
130511153	130511480
3053799	3054153
130396041	130396366
40404965	40405289
117301055	117301419
110906935	110907312
120739856	120740189
125667684	125668025
79767724	79768022
100548523	100548894
121937735	121938043
107485816	107486248
93221629	93221948
52414545	52414874
117141057	117141355
49974296	49974669
122615554	122615880
50505324	50505713
57852805	57853198
39300375	39300765
108905744	108906096
115063021	115063374
109956564	109956917
96312294	96312614
68616936	68617253
118312642	118312988
45524606	45524920
120339893	120340258
45168611	45168959
54399687	54400053
103942441	103942783
31138802	31139120
122492263	122492583
63192922	63193266
12186297	12186634
56013434	56013798
124521134	124521479
113612232	113612549
79801737	79802049
52288778	52289070
52071916	52072232
96017354	96017726
32908060	32908410
56389899	56390236
67254969	67255269
94997265	94997584
120763278	120763633
29470734	29471065
56472686	56473050
83079513	83079827
51441513	51441872
6532715	6533060
117674296	117674644
114392951	114393280
57463227	57463549
1714405	1714739
10343423	10343722
118815732	118816057
91775825	91776155
31789607	31789918
53583921	53584257
121533734	121534104
51815084	51815399
109278240	109278570
93861312	93861676
8761623	8761925
115100425	115100746
118295524	118295858
56858078	56858416
42690343	42690695
71786345	71786657
109701928	109702306
59507566	59507914
53447387	53447741
109571977	109572335
104271729	104272036
53370073	53370403
8012509	8012826
5131635	5131955
2893195	2893549
111374893	111375230
50898461	50898791
1743777	1744121
131589215	131589561
40719179	40719491
121151738	121152039
119851023	119851357
119982869	119983171
109825188	109825515
123850260	123850584
120524704	120525051
57608086	57608450
6934777	6935093
94926630	94926951
21322845	21323174
46384389	46384717
112825169	112825466
112250977	112251275
6888138	6888443
79738701	79739014
15743292	15743602
104752205	104752525
52217756	52218075
262343	262724
105814459	105814777
63187750	63188107
56114760	56115092
6679440	6679760
32909159	32909467
124805556	124805916
98818616	98818935
94496043	94496400
56440935	56441233
110537961	110538334
63670570	63670868
117463326	117463662
76017577	76017876
3409612	3410049
123122380	123122685
7053740	7054100
7527152	7527465
124103071	124103383
122840707	122841040
63545860	63546166
103272969	103273318
57506087	57506452
29705316	29705613
110035497	110035831
34276037	34276330
113899534	113899867
106529991	106530296
50360711	50361139
116504467	116504771
55466894	55467196
113877332	113877687
2504587	2504927
49741334	49741737
117557556	117557923
8696868	8697199
104594995	104595314
32455203	32455539
88389406	88389711
57030425	57030805
10484274	10484577
84219913	84220247
58934312	58934612
8085793	8086208
5854456	5854802
13892572	13892874
14409500	14409800
9043177	9043504
13365058	13365371
44276412	44276704
7074279	7074581
31391775	31392064
75784789	75785160
48583333	48583639
52976803	52977123
55465960	55466257
551464	551791
102333582	102333873
11381191	11381517
8147888	8148201
111967257	111967570
50478722	50479030
97542747	97543055
108312010	108312341
3409043	3409425
40158806	40159086
47701611	47701885
49947301	49947665
58087430	58087725
121990554	121990847
125251527	125251905
57233717	57234007
109344944	109345258
6807053	6807339
9966814	9967129
54610818	54611163
64943363	64943694
50101365	50101697
53815091	53815716
99437135	99437429
7167756	7168066
79941649	79941961
54833442	54833750
51159056	51159370
39497405	39497715
22596360	22596697
96883117	96883421
7613272	7613573
99092658	99092971
102167371	102167700
102233576	102233909
26804581	26804874
25540450	25540738
13431103	13431432
6444801	6445116
55052467	55052773
56320461	56320844
42766040	42766326
117146757	117147075
113486503	113486780
118620102	118620392
56513174	56513491
100948405	100948702
92537864	92538151
51380784	51381086
15421906	15422211
113634769	113635061
2400387	2400701
6981516	6981891
9950670	9950961
119553125	119553455
53681519	53681856
16132090	16132411
57395239	57395564
122790964	122791274
105446889	105447173
48030949	48031278
120218651	120218975
77214735	77215005
124884232	124884539
108278891	108279212
122211145	122211448
52537291	52537605
13250971	13251285
112608184	112608538
122062566	122062869
114404133	114404460
58119836	58120143
112635950	112636291
13138984	13139293
133757835	133758137
77015317	77015596
7265946	7266242
119288078	119288358
66481200	66481510
53645343	53645633
121409575	121409869
104165251	104165550
3143368	3143657
122820616	122820913
65996310	65996584
127865663	127865958
69809528	69809819
124389912	124390238
55387029	55387348
59797109	59797373
29025656	29025955
132335806	132336089
23358177	23358448
57849949	57850293
40546617	40546907
85969511	85969785
113338136	113338439
56053614	56053890
105772669	105773021
76430933	76431231
114946408	114946686
14876674	14876948
31835101	31835391
95730275	95730558
56617758	56618390
91502860	91503165
7315256	7315570
120375905	120376200
56586786	56587071
56696158	56696469
133345006	133345304
122607805	122608100
64219813	64220097
118109472	118109771
82752164	82752693
111461978	111462332
67835599	67835887
121881053	121881375
108888816	108889110
25589280	25589560
68434269	68434571
27974163	27974479
58225190	58225482
47055208	47055486
52773997	52774286
656104	656439
92205514	92205810
58026874	58027170
1202390	1202692
71610803	71611087
6726878	6727178
130526778	130527099
70379375	70379667
81522756	81523062
121772606	121772904
127593185	127593477
98910197	98910482
124953772	124954098
31388283	31388593
126554118	126554386
117592982	117593346
7372283	7372577
3244625	3244973
56324533	56324827
10305859	10306155
26587305	26587581
52900964	52901228
7126159	7126456
41016082	41016385
46122642	46122929
81231204	81231451
38710177	38710501
57637504	57637803
4386169	4386453
53775710	53775994
109125343	109125651
80580490	80580771
72410880	72411157
39667042	39667333
121443119	121443456
124066705	124067016
49284476	49284787
123344756	123345080
120891762	120892051
56600340	56600640
96455667	96455948
57632889	57633178
48294300	48294576
127359002	127359313
132991502	132991808
6485765	6486095
111136108	111136395
93043791	93044067
18583429	18583690
27886022	27886308
48160969	48161255
1905183	1905542
69751313	69751577
121382409	121382697
53568790	53569083
110540016	110540318
107498539	107498817
42523454	42523735
117354692	117354968
49628209	49628569
132638430	132638732
130498531	130498856
14964080	14964357
111889546	111889802
65700355	65700627
122393701	122393986
91247872	91248131
55537125	55537377
47465090	47465356
110888114	110888385
52417516	52417828
132860856	132861141
52784796	52785126
106676203	106676496
120132931	120133255
57701563	57701850
98926553	98926860
52320547	52320840
51421914	51422199
8976160	8976473
120907478	120907780
9903327	9903658
58153201	58153464
26170599	26170869
30593819	30594093
123528013	123528309
1900312	1900629
111040060	111040344
104609317	104609627
104451516	104451810
48848538	48848786
860464	860743
101065870	101066161
31424867	31425144
132093608	132093902
110869175	110869454
53605586	53605895
122469529	122469856
4964639	4964956
82910851	82911136
10388393	10388666
108064875	108065173
30960433	30960715
62517556	62517837
30042733	30043003
2733723	2733998
27805159	27805422
43838835	43839084
94065	94489
69292984	69293237
56423533	56423816
122249919	122250229
84902388	84902648
19725825	19726107
103163415	103163684
13814262	13814558
130677550	130677860
6432435	6432736
89444915	89445174
104571413	104571695
102153267	102153551
66501229	66501515
57566832	57567136
55143038	55143293
107525592	107525893
3150803	3151091
123548159	123548409
9860843	9861126
62604177	62604429
57670805	57671095
96392486	96392736
110290920	110291203
59543855	59544129
64233180	64233485
117125789	117126092
131600920	131601193
44070057	44070354
94469119	94469392
45662937	45663197
7741367	7741655
98354858	98355136
18312169	18312450
127232121	127232427
57030804	57031140
12480801	12481063
52565839	52566125
133100456	133100757
47940937	47941183
56551555	56551829
42631255	42631536
93963356	93963628
122326269	122326551
21449779	21450028
91302892	91303178
118842782	118843029
120672536	120672842
132239899	132240150
1058977	1059291
24989370	24989628
120097169	120097447
67419330	67419605
68752669	68752934
71809448	71809717
57028816	57029109
78623300	78623605
17795041	17795282
6776732	6776988
116421061	116421324
48936150	48936422
25113224	25113498
122214124	122214419
7000333	7000626
109871552	109871854
109361639	109361912
54185583	54185842
69224049	69224285
60888113	60888362
105184345	105184655
39058548	39058784
52709495	52709797
14607135	14607386
109005939	109006222
22274213	22274488
92801897	92802170
50526357	50526629
122120055	122120297
52515637	52515925
56664975	56665230
105047560	105047840
119765978	119766258
52789609	52789931
86261031	86261280
133137781	133138134
94495225	94495537
100522362	100522624
77443633	77443872
8756495	8756766
111706593	111706857
110480988	110481319
120080862	120081130
117910889	117911162
52545872	52546171
108631148	108631411
54730275	54730548
34175026	34175327
57401936	57402194
46156335	46156603
131617015	131617341
48045477	48045750
4530758	4530984
39314943	39315193
81722967	81723248
6647086	6647375
13043417	13043706
3994705	3994962
123722707	123722957
99137203	99137467
111769032	111769275
125083642	125083894
91353397	91353641
56727962	56728241
58015571	58015887
52645872	52646162
72030466	72030719
7984730	7985008
75728115	75728378
84897021	84897260
121661537	121661790
4216569	4216846
132318370	132318652
107312620	107312868
118602895	118603141
116674023	116674268
128162154	128162409
14338879	14339142
122884072	122884318
82921010	82921277
13136479	13136713
1227239	1227482
69964657	69964923
110990091	110990405
108587690	108587958
125687770	125688035
116355078	116355346
85862471	85862721
8834714	8834956
120703647	120703901
62586522	62586775
53718508	53718794
102224722	102224997
32824933	32825166
125248999	125249231
48730429	48730669
116309530	116309803
132918895	132919191
11706937	11707195
113468668	113469053
72174077	72174306
107798846	107799100
101134977	101135216
125477432	125477686
49328189	49328450
7791347	7791590
47071634	47071860
109549725	109549977
79813992	79814229
122106633	122106908
50708538	50708788
64575533	64575789
70294422	70294693
107473009	107473234
31806161	31806431
118558720	118558995
61371817	61372076
120087092	120087330
329080	329392
116360829	116361091
43732802	43733014
105777200	105777470
53086095	53086331
32518455	32518697
106099539	106099768
55117543	55117700
99119690	99119949
13177152	13177397
124468450	124468746
119417599	119417901
6861391	6861641
54764063	54764337
64237623	64237934
53455577	53455848
88242135	88242358
107796253	107796546
110348730	110349026
56214542	56214760
88446557	88446773
131310866	131311155
56583378	56583663
4146947	4147187
102311536	102311818
88972948	88973217
77463	77703
6663296	6663573
32213563	32213811
72332585	72332853
85451259	85451467
31004089	31004343
925631	925897
27030940	27031201
62831992	62832217
19910305	19910550
44170368	44170622
109247867	109248136
97383756	97384001
9102566	9102825
117135171	117135446
107528465	107528766
108851096	108851333
65190059	65190316
81845002	81845270
2922790	2923087
57569725	57569938
74415700	74415930
120242213	120242462
49318353	49318614
120904440	120904687
14922835	14923113
1909803	1910085
56907588	56907818
69864649	69864892
46696922	46697153
88260544	88260756
4465163	4465376
45782427	45782637
101884126	101884359
48080522	48080745
52699931	52700198
122326910	122327187
53739032	53739299
51656550	51656804
48836291	48836516
114305137	114305387
13128686	13128923
62399981	62400219
12989998	12990264
50495442	50495692
89411004	89411237
56984119	56984336
123431304	123431533
97798386	97798648
108004099	108004370
66079371	66079628
66538994	66539210
3767596	3767865
8384380	8384616
112191015	112191290
75197112	75197355
100798612	100798858
53442338	53442545
15334721	15334972
4867377	4867575
26767229	26767455
14115767	14115992
72140828	72141068
95510956	95511177
111712701	111712946
70970912	70971125
93896852	93897110
12188987	12189225
92964216	92964420
123278265	123278484
52513789	52514126
103096393	103096619
47791511	47791747
7798091	7798303
55351931	55352143
46518914	46519161
15429125	15429351
65002019	65002249
38447477	38447716
128554050	128554268
6793894	6794114
78078991	78079220
114604237	114604455
3886453	3886684
59198636	59198849
9531212	9531442
10078479	10078664
19796667	19796888
125204709	125204944
52317271	52317528
106620679	106620893
119474763	119475034
48212906	48213145
2394027	2394262
6176772	6177042
81026730	81026926
125423752	125423972
63497392	63497631
48264279	48264587
80588977	80589226
115296274	115296515
129129312	129129562
63813972	63814197
48298390	48298611
56617758	56618390
80131985	80132206
110662186	110662409
69590540	69590769
105673313	105673550
124816642	124816888
28325480	28325675
103204965	103205208
22612867	22613101
52955925	52956158
69647849	69648039
5193490	5193697
46119584	46119796
108306146	108306422
72740213	72740359
132990674	132990898
15685371	15685594
44351611	44351845
98766875	98767059
91720276	91720500
27885279	27885539
56660494	56660721
91372018	91372232
125887832	125888045
108731167	108731382
116385012	116385249
45366698	45366928
53721279	53721539
96485723	96485951
31000203	31000415
111142666	111142853
7297146	7297338
116333132	116333364
62653878	62654131
57657613	57657838
117588974	117589217
80663831	80664052
48551320	48551532
70058701	70058915
103210688	103210878
100013738	100013960
56075237	56075520
68800123	68800350
123365354	123365580
66672996	66673198
71086574	71086796
102063900	102064138
101221798	101221984
53661800	53662019
71127250	71127461
108015848	108016088
93111042	93111238
56967243	56967501
12890110	12890322
2849067	2849299
53870757	53870947
131246286	131246506
66803161	66803368
93002367	93002569
38778576	38778801
95928273	95928474
52713062	52713274
131400826	131401050
120752115	120752327
110683416	110683604
79515340	79515544
122956280	122956498
122501932	122502134
106425983	106426192
5309744	5309985
106599247	106599485
6165566	6165808
81104254	81104477
8714990	8715209
21103269	21103494
48249406	48249591
9216772	9216980
47327860	47328067
32465113	32465290
16009384	16009611
68507492	68507728
9901338	9901540
96213962	96214147
9895751	9895994
42963178	42963348
56216091	56216285
67082717	67082924
49691951	49692172
95968712	95968953
55096065	55096278
98965900	98966090
49907946	49908171
49147291	49147512
9192081	9192257
27577614	27577771
49370279	49370518
47802172	47802357
54383004	54383232
120755149	120755373
110950292	110950508
125815497	125815709
82004716	82004930
58570156	58570321
9013172	9013389
126034460	126034681
129677896	129678112
41670914	41671086
105270981	105271175
562553	562797
678938	679188
39928868	39929079
54645524	54645745
15380080	15380244
21099752	21099986
52755952	52756159
62975645	62975873
120773301	120773533
65694626	65694833
54397905	54398117
57480399	57480608
119151923	119152064
49763734	49763923
39981160	39981284
51031798	51031950
8390159	8390433
115105933	115106213
33072134	33072376
46547119	46547332
48591355	48591529
67087778	67087962
95611258	95611491
86266369	86266572
113487934	113488165
8059771	8060022
57636829	57637060
65517333	65517511
116435963	116436176
60202202	60202393
40200940	40201089
6022199	6022431
133095989	133096214
113443662	113443894
117669624	117669834
29151893	29152066
124832523	124832733
32810596	32810818
31118678	31118876
127147933	127148145
133131521	133131737
74759486	74759657
96409553	96409774
9786912	9787067
130610533	130610727
128872423	128872650
20068715	20068887
10162564	10162757
49359315	49359436
94337749	94337941
2962822	2963086
100628553	100628756
68461726	68461859
15925419	15925570
57151371	57151609
57487088	57487291
121447611	121447850
132486159	132486371
130820156	130820360
5665282	5665520
53061237	53061661
100532204	100532375
112226059	112226269
129266919	129267141
16318470	16318609
18145075	18145281
11352633	11352849
118619435	118619660
72033418	72033540
54378676	54378938
14998281	14998475
131937198	131937423
49730894	49731118
6435525	6435738
98960696	98960889
125165980	125166199
126536206	126536405
120895065	120895215
87668457	87668632
102694962	102695092
112125146	112125336
62387610	62387827
2166481	2166678
110792969	110793114
112111425	112111639
124326526	124326732
66377495	66377710
49750972	49751124
78864484	78864658
58376971	58377154
123352266	123352374
94528094	94528252
95119704	95119870
68337187	68337391
47415030	47415454
89864586	89864777
95104803	95105000
78118271	78118438
117908735	117908878
26452254	26452360
101717524	101717757
79905845	79906269
8012682	8013106
65195265	65195471
81157686	81157858
123350337	123350519
108386629	108387053
11651637	11651803
120877504	120877729
124423244	124423668
95158084	95158278
130751375	130751561
14094808	14094965
20702175	20702343
127269014	127269140
58837497	58837651
76849509	76849933
53109304	53109498
56099695	56099814
2750405	2750597
56479019	56479241
18403323	18403513
54161540	54161757
88787138	88787562
4462978	4463199
91761150	91761297
117538193	117538385
106739694	106739867
85835665	85835841
110371935	110372107
57157006	57157129
83021759	83021937
58150567	58150788
2692359	2692519
29226656	29226822
44711412	44711624
120620124	120620266
70024128	70024291
107235631	107235785
76980689	76980861
15361214	15361369
5998927	5999156
47473248	47473453
63328975	63329192
54342697	54343121
55153658	55153782
26113191	26113425
16229591	16229768
90496955	90497077
64195905	64196027
40352157	40352581
68041620	68041809
98816851	98816963
132320882	132321069
53377994	53378188
112130759	112130939
49486018	49486203
50368061	50368230
57940202	57940626
87308615	87308804
66563592	66563780
117037601	117037808
96526713	96526889
48680447	48680871
99780828	99781015
7795517	7795700
42649021	42649445
120805087	120805211
74931124	74931313
107313801	107313951
48232494	48232694
51663247	51663671
108070109	108070354
126018072	126018198
88347158	88347292
112699468	112699655
110050782	110051206
42057293	42057717
26182258	26182409
113293290	113293451
5757853	5758277
23207938	23208362
51646362	51646614
44152591	44152821
12529672	12529839
57521063	57521257
9287979	9288106
4958320	4958501
65284737	65284915
56190866	56191290
55119154	55119284
53875762	53876186
75899500	75899924
49677943	49678099
75920833	75921000
5183011	5183435
54149480	54149587
96209539	96209645
22253972	22254161
94160930	94161354
125179474	125179898
86036770	86036892
72240234	72240402
27788398	27788547
112856887	112857100
76741878	76742087
105073910	105074074
110235632	110236056
96794928	96795352
71407959	71408383
6387989	6388209
8332629	8332817
115836111	115836535
5551713	5551837
71945431	71945590
131355386	131355810
13361360	13361784
92968141	92968565
11659556	11659754
125235435	125235590
66746032	66746244
26272479	26272609
53432582	53432779
125398527	125398731
3145566	3145695
59766867	59767029
98396796	98396944
99349074	99349498
133037254	133037410
125817548	125817676
29241625	29241754
129453999	129454192
7058412	7058566
96910457	96910881
119673299	119673406
109784840	109784991
113568611	113568755
116447619	116448043
14667146	14667570
2792181	2792365
93178831	93179255
49736365	49736531
130531952	130532163
114256767	114256954
132703694	132703800
66497382	66497565
3422718	3423142
112550735	112550841
6691472	6691632
132678737	132678913
78540205	78540326
48191356	48191519
58739945	58740055
41761798	41762222
115075025	115075211
80806259	80806409
9066769	9066887
5281029	5281177
30610589	30611013
102563670	102564094
20529890	20530314
8090780	8090886
107407879	107408303
49504419	49504843
90343756	90343909
2144021	2144445
106152953	106153377
55083794	55084218
49408389	49408813
84217457	84217881
76740971	76741085
116191029	116191228
26677924	26678098
64786136	64786242
21218738	21219162
128743999	128744423
44409269	44409438
13288652	13289076
89918437	89918861
101808427	101808533
63207128	63207297
29116492	29116916
15304379	15304803
63220953	63221123
66663508	66663932
12161422	12161576
14869748	14870172
66272505	66272616
50569218	50569642
124758371	124758477
79949437	79949577
39897282	39897706
89923661	89923797
117028457	117028563
99392603	99392756
8231049	8231220
111369860	111370284
96972429	96972596
42726248	42726403
133138516	133138719
118472740	118472918
94136207	94136414
12930005	12930429
47069451	47069875
130399254	130399460
78978466	78978890
60174505	60174929
115373433	115373857
49463267	49463691
29580906	29581330
126257736	126257867
18472968	18473392
11887116	11887309
49413867	49414040
88061168	88061592
49412337	49412610
83146294	83146462
83398517	83398655
90456800	90456906
109691898	109692322
40730334	40730758
83783084	83783508
80866780	80866924
111612317	111612741
30439259	30439683
4416950	4417374
90163204	90163628
49212788	49212934
113591189	113591364
95976332	95976503
2469702	2470126
115122108	115122296
9903990	9904187
105352531	105352719
57505466	57505605
52680665	52681089
3316995	3317419
123144772	123144985
101127567	101127991
110202045	110202224
511198	511622
85268466	85268589
50113935	50114359
121294867	121295034
12798376	12798800
15737360	15737784
121441630	121441780
60228743	60229167
46657080	46657186
25308001	25308425
51765930	51766093
20799147	20799571
33758709	33759133
28390324	28390748
91571799	91572223
111709839	111710263
132559886	132560310
122332564	122332988
19987231	19987346
127778074	127778498
112910854	112911278
85470365	85470789
4688854	4689278
6667296	6667454
7059448	7059872
105821685	105822109
70069994	70070418
56862212	56862636
1626240	1626664
53273271	53273615
97010897	97011321
75882478	75882589
51755423	51755847
93419232	93419656
120426201	120426625
52928252	52928676
63462636	63463060
45516586	45517010
27588057	27588163
107841956	107842380
69523808	69524232
108766874	108767298
70132402	70132552
93813338	93813488
123953472	123953651
45354690	45355114
22837603	22837747
77546349	77546773
74809413	74809837
3113821	3114245
121066718	121067142
57400449	57400572
9492918	9493342
113748295	113748719
56220972	56221396
82752164	82752693
63377422	63377846
19892118	19892542
118294541	118294725
20124311	20124735
85236338	85236448
24749724	24750148
124286090	124286514
97380678	97381102
76474522	76474946
132108186	132108610
96356907	96357331
21833407	21833600
46286997	46287421
3384781	3385205
108456945	108457369
14909253	14909677
45609173	45609319
117111622	117112046
113753925	113754349
111038074	111038498
99047825	99047931
48166646	48167070
44153132	44153556
132536370	132536574
52680894	52681318
121916803	121916990
43730801	43731225
93491925	93492085
69257626	69258050
131812355	131812537
26266726	26267150
77320949	77321373
119060507	119060722
44890839	44891263
82021338	82021762
71243130	71243554
55582753	55583177
50003534	50003958
7069871	7070295
96242783	96243207
48202721	48203145
112262087	112262511
6480100	6480524
125063006	125063430
113468668	113469053
45567055	45567479
46525617	46525758
49656640	49656763
20951478	20951902
81651728	81652152
4073598	4074022
58499508	58499932
98810725	98810845
76119287	76119711
67809277	67809701
864041	864465
48099201	48099625
65090127	65090551
13313987	13314411
109085325	109085749
107916808	107917232
108964520	108964944
4492404	4492828
103897661	103898085
78956337	78956761
14264145	14264569
64667449	64667873
71118214	71118638
67555090	67555514
59558858	59559282
29793987	29794411
39837080	39837203
10292597	10293021
117211211	117211635
11666224	11666648
117320536	117320960
130817891	130818315
44641302	44641726
76425224	76425648
65468672	65469096
132486223	132486647
112993464	112993888
29672459	29672883
6723500	6723636
58129631	58130055
20347111	20347535
104278023	104278447
122277112	122277536
111587081	111587505
50926377	50926801
9202150	9202574
112849420	112849526
72079997	72080421
93790519	93790943
20295818	20296242
16135385	16135809
112732619	112733043
77082375	77082799
60228942	60229366
10518613	10519037
49367944	49368050
67749593	67750017
22862223	22862647
15675498	15675922
58169623	58170047
15680418	15680842
75297240	75297664
15305380	15305804
41584180	41584604
97702567	97702683
99784347	99784771
58641421	58641845
110555059	110555483
110249522	110249663
100471099	100471523
84348969	84349393
114084854	114085278
78575309	78575733
54606761	54607185
46795487	46795911
53938650	53939074
127101991	127102138
69265687	69266111
64649947	64650371
9301927	9302351
131644175	131644599
67616085	67616509
81016036	81016460
108696104	108696528
56995174	56995598
85549548	85549972
110887576	110887722
26306718	26307142
25144351	25144775
54379180	54379604
103053247	103053671
121498448	121498661
122636471	122636895
22142727	22143151
5981901	5982325
69782136	69782560
72535075	72535499
39769196	39769620
56472859	56473283
103719968	103720392
28736659	28737083
107076606	107077030
52801643	52802067
62415611	62416035
21766735	21767159
121821316	121821740
94534295	94534719
56545449	56545873
56599274	56599698
10714909	10715333
53579507	53579931
70058887	70059311
133498290	133498714
45515005	45515429
27192342	27192766
56511829	56512253
109241993	109242417
8113239	8113663
13232366	13232489
131303512	131303936
40425708	40426132
91334653	91335077
33579983	33580407
52283610	52284034
7150179	7150603
112962470	112962894
93381057	93381481
49331003	49331427
124086172	124086596
32552432	32552856
100548693	100549117
99333136	99333560
109740166	109740590
51640342	51640766
54375456	54375607
24262344	24262768
110177635	110178059
20616847	20617271
4253013	4253437
10519490	10519914
14518170	14518594
51818755	51819179
48153251	48153460
40013607	40014031
113853869	113854293
121464131	121464555
113261536	113261960
121497906	121498127
131808422	131808846
56627293	56627717
31142758	31143182
92997422	92997846
121063547	121063662
68395223	68395647
62829420	62829844
8932975	8933399
72658323	72658747
93128935	93129359
40768899	40769323
26427423	26427847
93320751	93321175
17741920	17742344
97092301	97092725
102489449	102489873
7868923	7869347
31227412	31227836
120673329	120673753
48152899	48153041
45610512	45610936
30906176	30906600
51911550	51911974
18081901	18082325
104851101	104851525
21466380	21466804
74710781	74711205
6875914	6876338
54691721	54692145
108384085	108384509
96352915	96353339
39711975	39712399
65002822	65003246
75082790	75083214
2783594	2784018
110337795	110338219
45577040	45577464
59740008	59740432
120272863	120273287
62048460	62048884
80280683	80281107
2955021	2955445
9621579	9622003
29177033	29177457
44331759	44332183
51813291	51813715
9065473	9065897
115122246	115122670
105671757	105672181
19014150	19014574
130549565	130549989
116844304	116844728
69976956	69977380
65072032	65072456
1086321	1086745
104144935	104145359
7829900	7830324
109040970	109041394
92488666	92489090
50616227	50616651
55526612	55527036
69677912	69678336
10092941	10093365
26854565	26854989
12867429	12867853
28912235	28912659
54197457	54197881
77597799	77598223
123318774	123319198
118327923	118328347
124993317	124993741
113440046	113440470
52535088	52535512
110062958	110063382
59480878	59481302
32608415	32608839
46048954	46049378
132464807	132465231
25394073	25394497
10923702	10924126
95269351	95269775
53345889	53346313
79400160	79400584
121213914	121214338
48402724	48403148
55218197	55218621
47426326	47426750
78319340	78319801
8690562	8690670
131254955	131255379
26997988	26998412
49208332	49208812
85818634	85819058
12044946	12045370
102186322	102186746
54825686	54826110
52569212	52569636
105714958	105715382
54344156	54344580
117393499	117393923
53447540	53447964
96115034	96115458
119663204	119663628
125053006	125053430
101963758	101964182
30287181	30287605
27677113	27677537
3764630	3765054
104099719	104100143
83655776	83656200
94290221	94290645
55026062	55026486
115208129	115208553
6008030	6008454
6386049	6386473
132648528	132648952
40840144	40840568
56770947	56771371
19441578	19442002
68892468	68892892
52626563	52626987
65500737	65501161
124853327	124853751
112045034	112045458
42876505	42876929
16052182	16052606
50710989	50711413
81001500	81001924
109823272	109823696
108285725	108286149
97114108	97114532
106779959	106780383
124883106	124883530
88719062	88719486
69201747	69202171
46736279	46736703
50144073	50144497
57637646	57638070
97379197	97379621
50670882	50671306
11178709	11179133
126831958	126832382
25744015	25744439
82777691	82778115
77273225	77273649
54626573	54626997
7819766	7820190
117047518	117047942
1654131	1654555
110157101	110157525
44308714	44309138
130699212	130699636
30997597	30997733
47337878	47338302
102217609	102218033
129671500	129671924
53618188	53618612
113366790	113367214
64147509	64147933
38536779	38537203
125225367	125225791
124538356	124538780
120669128	120669552
118502287	118502711
46139679	46140103
48579942	48580366
76004816	76005240
70026814	70027238
23008999	23009423
132314886	132315310
80991805	80992229
68710804	68711228
44920349	44920773
44199492	44199916
53584080	53584504
110776537	110776961
74806361	74806785
117176189	117176613
27397250	27397674
51219093	51219517
128195658	128196082
104647132	104647556
71123752	71124176
50360938	50361362
56435139	56435563
8719052	8719476
57576931	57577355
98620899	98621323
64239984	64240408
52798734	52799158
93347443	93347867
110210118	110210542
91755539	91755963
125313947	125314371
923330	923754
41340429	41340853
8833097	8833521
71233302	71233726
6476790	6477214
52821848	52822272
6723936	6724360
68552174	68552598
12551431	12551855
111862559	111862983
72676479	72676903
8549238	8549662
46390852	46391276
52510323	52510747
70274275	70274699
128044275	128044699
14817382	14817806
113001946	113002370
98985002	98985426
78114059	78114483
57456458	57456882
66429110	66429534
70082209	70082633
50628158	50628582
41315360	41315784
30848059	30848483
129098313	129098737
31811942	31812366
27234512	27234936
2905411	2905835
118873792	118874216
128378351	128378775
34029537	34029961
131323981	131324405
3371119	3371543
57881431	57881855
16084400	16084824
8543091	8543515
124292714	124293138
55329124	55329548
49951568	49951992
97677107	97677531
56074927	56075137
19375922	19376346
49760373	49760797
78511816	78512240
46484252	46484676
64471678	64472102
52306857	52307281
53292235	53292659
114374184	114374608
91636967	91637391
120784474	120784898
2749463	2749887
9471808	9472232
7770858	7771282
122234966	122235390
77271989	77272413
112383013	112383437
5537847	5538271
13043570	13043994
52836522	52836946
12170759	12171183
97295820	97296244
133055445	133055869
104688054	104688478
45981883	45982307
104206645	104207069
46398943	46399367
69446728	69447152
12234640	12235064
100623017	100623441
124859966	124860390
130611396	130611820
54562801	54563225
96083314	96083738
130687671	130688095
74945960	74946384
54748846	54749270
122134974	122135398
69460730	69461154
43895451	43895875
125836286	125836710
94372970	94373394
68434397	68434821
32414522	32414946
66356794	66357218
114913958	114914382
48394646	48395070
54263877	54264301
110279829	110280253
126623894	126624318
86317483	86317907
121527176	121527600
68727937	68728361
93521415	93521839
73908453	73908877
27016444	27016868
54798121	54798623
130770508	130770932
79568454	79568878
116223322	116223746
67782541	67782965
107958734	107959158
48210977	48211401
22784765	22785189
106697169	106697593
121499641	121500065
52285671	52286095
26211223	26211647
131614234	131614658
130511319	130511743
15090602	15091026
54225571	54225995
16997798	16998222
101044926	101045350
10760444	10760868
131342628	131343052
8652184	8652608
67851663	67852087
112977064	112977488
6079111	6079535
12509850	12510274
15432229	15432653
95243359	95243783
111843065	111843489
108089512	108089936
116885939	116886363
30475977	30476401
47587601	47588025
102420468	102420892
16538942	16539366
19931684	19932108
109887922	109888346
19339603	19340027
78393804	78394228
3992315	3992739
723463	723887
48263936	48264145
120393860	120394284
48591424	48591848
25710759	25711183
53846477	53846901
11734081	11734505
123749117	123749541
46465100	46465524
33100094	33100518
102937255	102937679
107116659	107117083
24931834	24932258
102092434	102092858
278684	279108
93919115	93919539
118493073	118493497
8526326	8526750
122224271	122224695
129191983	129192407
15148740	15149164
89749029	89749453
6603505	6603929
25283622	25284046
76210580	76211004
13044328	13044752
89341380	89341804
29793369	29793793
133176994	133177418
129156020	129156444
124229339	124229763
96464726	96465150
132367756	132368180
62996869	62997293
54430549	54430973
96792839	96793263
125145965	125146389
1714571	1714995
52444610	52445034
93931503	93931927
3409612	3410049
105219185	105219609
27993163	27993587
31854900	31855324
82190832	82191256
113896095	113896519
99232117	99232541
89814886	89815310
14771938	14772362
55016651	55017075
124953915	124954339
95292122	95292546
52807567	52807991
127839613	127840037
108953369	108953793
113225973	113226397
129460573	129460997
9075051	9075475
117141185	117141609
10186345	10186769
11054069	11054493
24748540	24748964
72057387	72057811
56652199	56652623
114223943	114224367
116453274	116453698
40069055	40069479
44858907	44859331
101271555	101271979
41405765	41406189
133004543	133004967
69979499	69979923
52600987	52601411
59325301	59325725
6464697	6465121
56740442	56740866
133553445	133553869
127510091	127510515
90557764	90558188
109163970	109164394
8705802	8706226
60044367	60044791
78009092	78009516
26244759	26245183
86580186	86580610
47069650	47070074
46417881	46418305
113797562	113797986
51632234	51632658
11500694	11501118
55117623	55118047
25288791	25289215
114451709	114452133
61037640	61038064
29670285	29670709
21926116	21926540
31330490	31330914
70173635	70174059
67613863	67614287
30156557	30156981
48196018	48196442
8809915	8810339
18958409	18958833
54366890	54367314
48551437	48551861
57885166	57885590
86314118	86314542
66942549	66942973
132386540	132386964
13026993	13027417
112451034	112451458
105127455	105127879
52533267	52533725
64630366	64630790
120704663	120705087
55909489	55909913
48477850	48478274
6862919	6863343
55179842	55180266
74329529	74329953
124238846	124239270
96894441	96894865
91338823	91339247
50030853	50031277
83279	83703
20868888	20869312
215380	215804
122751424	122751848
92896245	92896669
69306735	69307159
3451309	3451733
22236110	22236534
122354646	122355070
49656745	49657169
85842294	85842718
20373251	20373675
51611670	51612094
90356499	90356923
46119686	46120110
31966228	31966652
118295676	118296100
53271710	53272134
42330129	42330553
49691057	49691481
7245199	7245623
108910306	108910730
60650836	60651260
122250051	122250475
7028719	7029143
6754057	6754481
120307514	120307938
54528668	54529092
5905675	5906099
115895120	115895544
125573697	125574121
126218720	126219144
15374257	15374681
132338317	132338741
52397978	52398402
54531968	54532392
34191303	34191727
89855538	89855962
14391082	14391506
91247994	91248418
97528264	97528688
15089070	15089494
30054544	30054968
68978691	68979115
90647592	90648016
77718386	77718810
133540509	133540933
113821653	113822077
69180684	69181108
54411287	54411711
108323214	108323638
95189317	95189741
81854925	81855349
46911296	46911720
16342798	16343222
125211833	125212257
46861962	46862386
93774384	93774808
56890583	56890776
104264323	104264747
119142306	119142730
54692748	54693172
67788411	67788835
19336357	19336781
120663938	120664362
91971665	91972089
85550342	85550766
57791169	57791593
111736654	111737030
53343591	53344015
109693181	109693605
85704267	85704691
3428831	3429255
4976542	4976966
48644582	48645006
59588581	59589005
112944287	112944711
54133992	54134416
55635815	55636239
45678120	45678544
116704034	116704458
22274337	22274761
69960346	69960770
19932301	19932725
106530132	106530556
3109685	3110109
6187569	6187993
32497046	32497470
77024567	77024991
57400487	57400911
120667383	120667807
123610797	123611221
33048558	33048982
54390008	54390432
83081965	83082389
121932253	121932365
132565043	132565467
99039957	99040381
52608299	52608723
45893920	45894344
47302305	47302729
110243064	110243484
123570230	123570654
26984936	26985360
124983861	124984285
114247293	114247717
52417654	52418078
115356604	115357028
112628567	112628991
123892455	123892879
19660756	19661180
27702899	27703323
46776759	46777183
104595144	104595568
123437043	123437467
34169267	34169691
96027022	96027446
126847524	126847948
20520914	20521338
14129805	14130229
43743619	43744043
58208934	58209358
122699806	122700230
33667801	33668225
57853034	57853458
4216694	4217118
12189123	12189547
52901077	52901501
977882	978306
94157440	94157864
130498687	130499111
82386234	82386658
27071513	27071937
19727557	19727981
28012618	28013042
96252748	96253172
54793027	54793484
48803637	48804061
54406819	54407243
112338934	112339358
110474386	110474810
94071505	94071929
107102717	107103141
10768110	10768534
91800500	91800924
104503127	104503551
108913329	108913753
31158678	31159102
125464103	125464527
101566052	101566476
25363814	25364238
24178328	24178752
57917178	57917602
50655404	50655828
18292890	18293314
13355903	13356327
52445464	52445888
75879013	75879437
106099661	106100085
104162464	104162888
42189718	42190142
5854614	5855038
78325975	78326399
8761770	8762194
100452211	100452635
73093112	73093536
99530870	99531294
20124518	20124942
48902772	48903196
48423938	48424362
50170292	50170716
104576095	104576519
49690233	49690657
132397538	132397962
21850738	21851162
90407219	90407643
88973993	88974417
104227691	104228115
91955895	91956319
104801666	104802090
66543683	66544107
52653495	52653919
14519051	14519475
95728167	95728591
68461751	68462175
14547314	14547738
114169776	114170200
133387006	133387430
48455750	48456174
25538853	25539277
89387414	89387838
49980960	49981384
13756892	13757316
2227128	2227552
85012866	85013290
80807222	80807646
68178579	68179003
107520601	107521025
56512042	56512466
108888954	108889378
125683167	125683591
103134440	103134864
113784880	113785304
53902333	53902764
4104872	4105296
29462240	29462664
46504885	46505309
47996825	47997249
54224366	54224790
130966931	130967355
51380937	51381361
66093012	66093436
110217340	110217764
30950593	30951017
50497527	50497951
21760575	21760999
49226437	49226861
97160003	97160427
120877628	120878052
29395185	29395609
93957977	93958401
133084044	133084468
7261753	7262149
50720490	50720914
11957946	11958370
100557481	100557905
110939240	110939664
58266671	58267095
61940034	61940458
6807185	6807609
52435278	52435702
38938459	38938883
76866661	76867085
101381587	101382011
30848282	30848706
63492618	63493042
127847923	127848347
111299523	111299947
110326205	110326629
39667162	39667586
130765688	130766112
46777638	46778062
122065119	122065543
114650743	114651167
101501893	101502317
65002144	65002568
45267664	45268088
25982011	25982435
56709774	56710198
99784548	99784972
8390233	8390657
14291371	14291795
81662288	81662712
22384690	22385114
122621753	122622177
132396637	132397061
45159660	45160084
119278216	119278640
65446374	65446798
54582331	54582755
130886190	130886614
76574146	76574570
56656688	56657112
110796214	110796638
10653619	10654043
109024528	109024952
94232936	94233360
110348865	110349289
129283102	129283526
60499970	60500394
7297233	7297657
122985743	122986167
45324825	45325249
6181624	6182048
31375622	31376046
117769440	117769864
116295364	116295788
54375637	54376061
18705769	18706193
39305350	39305774
91381293	91381717
98767625	98768049
60895074	60895498
262533	262957
57913585	57914009
122933844	122934268
107183775	107184199
101320416	101320840
94589226	94589650
53356280	53356704
61082860	61083284
110020418	110020842
52673781	52674205
50899036	50899460
71303454	71303878
32458059	32458483
50416048	50416472
115604746	115605170
120114351	120114775
113241414	113241838
130655332	130655756
54773373	54773923
6952631	6953055
124876754	124877178
25736384	25736808
123375547	123375971
18398952	18399376
79768372	79768796
96220084	96220508
62993783	62994207
5066138	5066562
125815596	125816020
5182196	5182620
78495905	78496329
50081813	50082237
78514727	78515151
27386720	27387144
4530850	4531274
56987933	56988320
6313595	6314019
41908692	41909116
4147046	4147470
6310237	6310661
64962909	64963333
99646843	99647267
95597809	95598233
48499758	48500182
51124980	51125404
111296577	111297001
100742433	100742857
88345279	88345703
65005128	65005552
45567261	45567685
64950082	64950506
114036575	114036999
54601757	54602181
52217908	52218332
26555573	26555997
113962312	113962736
20046430	20046854
61329795	61330219
18702465	18702889
42497877	42498301
31269979	31270403
3351542	3351966
101387687	101388111
96451896	96452320
115905926	115906350
56099747	56100171
5048724	5049148
39903827	39904251
45524756	45525180
27276560	27276984
31165159	31165583
25845440	25845864
111635388	111635812
7655200	7655624
75040654	75041078
105955714	105956138
3435272	3435696
92089682	92090106
11775674	11776098
103889971	103890395
16645165	16645589
127561844	127562268
112102256	112102680
49147420	49147844
9789386	9789810
97221936	97222360
65707472	65707896
98911962	98912386
1692834	1693258
74505495	74505919
54808900	54809324
18377687	18378111
23373995	23374419
130505452	130505876
131361291	131361715
80586697	80587121
52789774	52790198
107451336	107451760
71123952	71124376
109715917	109716341
122834924	122835348
108908502	108908926
107158460	107158884
68630284	68630708
53465903	53466327
122644445	122644869
54099099	54099523
72527204	72527628
104451636	104452060
101135074	101135498
120662731	120663155
115281458	115281882
44127644	44128068
130102373	130102797
71217167	71217591
6172470	6172894
50917628	50918052
70102414	70102838
6202268	6202692
4872745	4873169
56651171	56651595
116336511	116336935
8737045	8737469
87660027	87660451
70796370	70796794
76372013	76372437
93521626	93522050
57294336	57294760
89399150	89399574
38722144	38722568
19807755	19808179
52264889	52265313
53614976	53615400
76347248	76347672
12761616	12762040
121441672	121442096
124994875	124995299
122211287	122211711
63713178	63713602
65672696	65673120
43363149	43363573
130499062	130499486
111057393	111057817
54966666	54967090
6977799	6978223
53568923	53569347
132943896	132944320
54198317	54198741
121022309	121022733
105713578	105714002
93635975	93636399
26077348	26077772
116304677	116305101
133163913	133164337
106736598	106737022
103795196	103795620
133331156	133331580
85306491	85306915
17431918	17432342
298275	298699
120796105	120796529
125140625	125141049
112101210	112101634
52635263	52635687
54140320	54140848
9524823	9525247
44904344	44904768
117627280	117627704
656298	656722
92464012	92464436
32994933	32995357
49389379	49389803
65277277	65277701
27168594	27169018
51813497	51813921
25978455	25978879
6798752	6799176
123905826	123906250
109161900	109162324
48051308	48051732
52935911	52936335
14929571	14929995
13382454	13382878
65707234	65707658
127189156	127189580
53634704	53635128
94196484	94196908
119458735	119459159
105898129	105898553
114433812	114434236
45884282	45884706
91352646	91353070
6978730	6979154
47336359	47336783
130707048	130707472
106502264	106502688
120366638	120367062
86149506	86149930
51914379	51914803
30990487	30990911
90223855	90224279
57144999	57145423
123755524	123755948
76511049	76511473
17642382	17642806
109702243	109702375
102916541	102916965
47776075	47776499
50276836	50277260
13408658	13409033
25348333	25348757
30668330	30668754
125012264	125012688
57664735	57665159
700220	700644
52938293	52938717
3632241	3632665
114275708	114276132
430733	431157
2697491	2697915
55840107	55840531
63868076	63868500
48338884	48339308
20833857	20834281
65493911	65494335
72661668	72662092
51610804	51611228
105675349	105675773
58810011	58810435
118899789	118900213
101884242	101884666
8743698	8744122
121570929	121571353
114264612	114265036
121168098	121168522
21590496	21590920
110318180	110318604
53444962	53445386
114198983	114199407
39300574	39300998
124277619	124278043
31099659	31100083
56995373	56995797
76909040	76909464
53834797	53835221
128378550	128378974
69550999	69551423
131347946	131348370
16009481	16009905
93337585	93338009
47621338	47621762
13276523	13276947
109012055	109012479
96337111	96337535
51770939	51771363
81541091	81541515
51013234	51013658
96602841	96603265
26920012	26920436
125212459	125212883
7185314	7185738
116436082	116436506
132434209	132434633
124416405	124416829
88971356	88971780
6124377	6124801
129328741	129329165
55444914	55445338
51862366	51862790
132268442	132268866
2893355	2893779
100161568	100161992
56474521	56474945
22823719	22824143
24421563	24421987
20365746	20366170
118558848	118559272
49619296	49619720
56728095	56728519
105054386	105054810
51876586	51877010
53061438	53061862
15139408	15139832
22745456	22745880
59134972	59135396
53693475	53693899
111701749	111702173
125080055	125080479
56895277	56895701
75757901	75758325
47701744	47702168
52638127	52638551
15114070	15114494
118557222	118557646
101065991	101066415
86345610	86346034
6297076	6297500
30457460	30457884
52481662	52482086
108269555	108269979
