195577664	195578217
184521016	184521485
185378157	185378614
185661259	185661712
184089272	184089734
46120203	46120719
48477354	48477815
9757420	9757878
183968011	183968461
127293768	127294172
195586135	195586598
192162293	192162672
185695192	185695586
186332591	186332983
150863783	150864206
51703250	51703694
50653333	50653734
187465742	187466136
195641874	195642253
194064631	194065059
12747962	12748359
58449317	58449757
38038319	38038708
172428841	172429230
52480992	52481452
33115941	33116329
37000196	37000575
18336728	18337125
194403253	194403694
158362028	158362383
140911093	140911526
53253881	53254319
51753098	51753531
156799496	156799928
170131912	170132283
159522943	159523335
46530160	46530564
58202892	58203575
186857409	186857821
51671864	51672293
48586173	48586586
188672419	188672781
187397393	187397806
187432189	187432565
114102615	114102974
17882714	17883105
149198178	149198564
42588913	42589339
25482754	25483117
148990934	148991309
137787382	137787770
187037483	187037861
150945513	150945869
197325847	197326240
39329833	39330222
141160225	141160584
47462513	47462893
149489450	149489808
52016475	52016878
127889750	127890103
170027919	170028282
113345608	113346024
50229977	50230399
53168722	53169090
124187023	124187421
123361137	123361622
150886071	150886427
134027191	134027568
128880391	128880784
129118395	129118759
179276585	179276939
48235885	48236261
42485296	42485712
184187119	184187503
12176521	12176891
53147941	53148279
149956795	149957156
172050318	172050661
172195114	172195484
192185061	192185429
15309438	15309798
16219816	16220230
14302631	14302983
13537766	13538143
138136389	138136754
9394848	9395193
9544891	9545304
58518475	58518860
51716111	51716482
11025025	11025380
46936702	46937076
46746472	46746865
184135617	184135995
5468033	5468410
45701523	45701910
38562895	38563248
27700671	27701068
172468175	172468541
20381810	20382169
181418247	181418589
186334825	186335189
184279006	184279395
58291710	58292066
43810910	43811279
185977291	185977659
155869630	155869974
50651532	50651882
45079195	45079580
45698299	45698641
13689768	13690124
149111157	149111491
123208248	123208623
40622004	40622370
49709141	49709492
49876654	49877042
142547540	142547890
170529750	170530131
159724312	159724685
118603520	118603918
197632855	197633213
50609526	50609900
12236115	12236457
32338179	32338590
13503036	13503482
169581215	169581570
42158677	42159023
188951029	188951405
58153057	58153458
122661685	122662108
182401400	182401732
139048180	139048576
172384623	172384974
129653311	129653715
134319675	134320044
12761560	12761909
13025648	13026057
53409063	53409406
188988042	188988362
42141284	42141637
13133661	13134009
149230073	149230423
187036600	187036974
170408163	170408544
50294399	50294847
187459818	187460190
56528736	56529096
184007207	184007681
153970837	153971205
137690047	137690408
10385834	10386215
116489678	116490041
58173445	58173790
50579862	50580237
48193019	48193373
170217398	170217711
50556920	50557272
193498538	193498920
131748135	131748501
115538649	115538996
137771037	137771404
51008872	51009242
171547747	171548123
164903531	164903868
51536034	51536388
38044829	38045197
149526014	149526340
176590541	176590883
40626005	40626388
52178290	52178684
58554318	58554659
45634619	45634976
40350839	40351212
39142606	39142957
46599791	46600148
59843485	59843839
189679349	189679660
164924494	164924874
194054467	194054834
133931782	133932088
196564730	196565083
37896869	37897222
157324369	157324748
50361999	50362382
128964520	128964929
48031469	48031783
170767635	170767963
5021994	5022362
46908234	46908606
129209036	129209397
124480075	124480410
38521370	38521720
190418830	190419135
172390957	172391288
125156680	125157039
50263506	50263851
185701280	185701662
58615867	58616247
46951014	46951414
15244210	15244561
190102055	190102433
52254430	52254790
39333356	39333704
138313449	138313848
101947901	101948245
10266604	10266926
128689102	128689436
32219400	32219717
45980282	45980615
48701488	48701852
9344265	9344631
16288853	16289189
38008808	38009152
14962682	14963040
141178955	141179300
59561102	59561481
149070265	149070588
33414356	33414712
45034095	45034435
113006881	113007262
37821068	37821395
124705347	124705712
44955410	44955743
183863040	183863374
48506793	48507143
195621537	195622194
194722675	194723038
111436391	111436715
113871274	113871636
49943739	49944110
194193005	194193352
120280075	120280433
45252061	45252427
13926915	13927260
123371169	123371533
184063476	184063816
64009073	64009431
50158960	50159308
12933506	12933904
168867086	168867463
151186078	151186431
25689529	25689888
138642310	138642652
14244946	14245286
112361745	112362105
193179446	193179774
14675343	14675690
9012688	9013001
52157141	52157518
11888302	11888639
12883219	12883530
190040146	190040540
120277733	120278087
124620212	124620541
185025940	185026262
158635719	158636028
184445252	184445626
51976067	51976394
58626340	58626702
183602590	183602942
149939053	149939414
129102116	129102458
111762504	111762827
38016150	38016526
184258894	184259245
69355553	69355876
12217392	12217713
5163690	5164024
47563615	47563913
100789119	100789463
40233345	40233686
128399557	128399911
156956921	156957269
14832815	14833172
124407734	124408047
42232655	42233009
16592334	16592630
156391676	156392195
196246060	196246391
196411799	196412137
123005137	123005484
190602045	190602349
194992219	194992616
101292440	101292779
49131957	49132275
15419775	15420117
30810209	30810582
52885408	52885754
191906053	191906359
177495561	177495893
155100226	155100556
50226739	50227100
128303286	128303610
48274157	48274490
136751257	136751618
155868283	155868600
125917092	125917440
139072823	139073152
8664610	8664999
172179356	172179681
133540732	133541080
52007950	52008334
36742487	36742806
5017850	5018173
13691927	13692295
138830656	138831038
39041503	39041843
186937952	186938290
118960356	118960657
187334124	187334437
171490264	171490594
124278718	124279062
46419909	46420216
121977686	121978005
195501807	195502156
150505561	150505917
193290196	193290542
57040874	57041220
40369143	40369442
158445553	158445875
194294554	194294853
120136027	120136398
45802609	45802956
183757774	183758101
195800101	195800474
133382605	133382959
129047520	129047846
168936189	168936495
112770063	112770385
122398008	122398321
195589930	195590280
4753066	4753391
157290362	157290714
39540117	39540432
184002609	184002931
11101248	11101604
49740895	49741208
143393221	143393545
135614000	135614354
73150214	73150551
156100286	156100617
52035463	52035847
69170058	69170361
3221303	3221653
99527045	99527380
137837759	137838099
127465320	127465655
127814002	127814312
27175695	27176008
4332025	4332333
158509146	158509460
39419630	39419962
160638849	160639162
183613028	183613354
138198197	138198547
123442454	123442756
53106694	53107030
184261782	184262107
42288997	42289317
128513912	128514224
39231292	39231632
48442307	48442626
44240164	44240508
24040441	24040755
170527310	170527618
38159469	38159821
145907337	145907679
159750049	159750358
193323727	193324046
124283819	124284117
49195563	49195905
24722012	24722350
28709191	28709468
133142433	133142785
12500433	12500767
185071893	185072248
149211994	149212317
129995051	129995364
111830694	111830990
183484815	183485164
51428330	51428645
10987334	10987731
161277236	161277520
126471024	126471433
15149588	15149928
127945680	127946000
52462566	52462874
139280980	139281279
12909471	12909786
56481161	56481483
57134149	57134481
123047691	123048078
46491286	46491615
13699379	13699705
115503356	115503720
146909638	146909940
149654550	149654852
191848345	191848666
185395025	185395332
108633914	108634217
14822478	14822790
167765035	167765325
149206880	149207207
132760081	132760415
149008991	149009295
43419677	43419987
11985565	11985884
127689865	127690203
10780572	10780948
54180688	54181075
39489353	39489675
14589829	14590175
196336150	196336479
46249833	46250170
141899651	141899950
115533682	115533991
183100223	183100527
150583147	150583431
127370990	127371347
186470980	186471298
16101945	16102265
131513641	131513921
48315136	48315436
195923541	195923841
112754255	112754584
51137708	51138006
145877969	145878270
176232048	176232361
48199588	48199908
97758192	97758691
101355111	101355390
45553007	45553294
111686565	111686853
136732768	136733078
149205410	149205712
112453594	112453910
120137768	120138075
38045917	38046229
159040154	159040470
42791487	42791803
36910405	36910689
46318003	46318367
184231581	184231892
179367372	179367676
148661391	148661690
69021583	69021884
39249990	39250275
54462340	54462641
141594352	141594681
67164278	67164571
122473710	122474020
10825095	10825394
188865836	188866129
151157397	151157728
153486708	153487023
32989233	32989530
118347630	118347908
93968394	93968702
9109079	9109395
15671697	15671975
188986134	188986465
6841049	6841356
156258892	156259193
53972662	53973002
183945176	183945513
49486587	49486898
126241124	126241451
141079714	141080017
9850415	9850711
11278363	11278666
184186219	184186562
161569760	161570088
48595615	48595935
102392379	102392682
113296725	113297022
1123750	1124027
179485843	179486151
45706663	45706987
8483733	8484022
118864254	118864581
187754959	187755260
171421874	171422137
48673144	48673470
15093065	15093373
150021611	150021901
123084649	123084964
188759285	188759625
178733359	178733630
49839982	49840327
127263143	127263428
187396705	187397011
9768924	9769234
50283645	50284006
38780168	38780466
155523939	155524266
170885994	170886292
180629974	180630285
141030605	141030926
159721320	159721669
50690261	50690561
130611797	130612105
63804266	63804581
11197102	11197432
36582426	36582741
49059306	49059633
47292097	47292406
149945595	149945899
128772259	128772561
34021797	34022119
133930724	133931007
14550400	14550702
185451747	185452036
149902003	149902277
9974487	9974830
42872780	42873062
179529452	179529730
5347068	5347400
30361259	30361552
4675145	4675428
172313937	172314205
195980477	195980758
54887830	54888195
106783368	106783634
55756189	55756480
38692719	38693040
43197234	43197540
188466837	188467156
75692252	75692478
124211659	124211955
56889927	56890255
66872744	66873054
88252743	88253028
49051542	49051836
150548170	150548447
9828549	9828857
127550735	127551023
158377523	158377832
49025313	49025590
197237027	197237379
141456924	141457267
50473512	50473831
50665161	50665482
36749203	36749499
67022283	67022581
151097191	151097457
195752914	195753260
150004384	150004671
184998617	184998883
12179563	12179820
69459512	69459840
71924582	71924883
136840601	136840890
31490053	31490335
158512809	158513079
33828967	33829259
13541679	13541980
108800897	108801206
45082224	45082507
187456638	187456927
8755624	8755923
99364119	99364501
115155709	115155979
157583158	157583468
36165655	36165943
42613824	42614145
115411800	115412102
184495609	184495887
132061904	132062200
63979303	63979619
131725511	131725767
167211104	167211392
167758474	167758730
50311763	50312219
58400362	58400638
131753772	131754067
125304512	125304795
49491963	49492260
674299	674574
150643463	150643767
168338699	168338984
97742142	97742417
11815817	11816069
147663867	147664120
25634024	25634314
10328641	10328937
190529613	190529894
142648012	142648295
140730385	140730693
127409722	127410029
40220513	40220828
50310354	50310698
44956455	44956737
183103850	183104110
25074968	25075249
53144251	53144537
147079640	147079965
97438093	97438387
44277489	44277756
52854769	52855105
113874275	113874582
9029678	9029980
46964970	46965401
181427355	181427649
157250423	157250709
53744234	53744518
24227418	24227755
13036546	13036840
32218741	32219036
156855274	156855558
30735057	30735333
160992542	160992805
66458197	66458545
188674689	188674973
169906942	169907223
132071440	132071735
155761610	155761969
99787670	99787937
167883475	167883752
45970561	45970904
47879228	47879514
128291426	128291733
14967187	14967460
132118224	132118488
137665263	137665562
47866274	47866567
174579936	174580205
32185649	32185918
99973077	99973351
40358615	40358886
110033450	110033702
54467866	54468185
186258368	186258622
156167860	156168111
179468581	179468840
123271016	123271303
170905532	170905821
121714435	121714694
14509573	14509882
49208440	49208754
12521411	12521689
179033833	179034103
124869432	124869715
176656865	176657139
27353595	27353873
197894523	197894857
163208084	163208368
13938089	13938382
42581387	42581706
188665153	188665437
16090248	16090525
149435266	149435528
10024607	10024944
158390410	158390731
56591599	56591921
14649864	14650148
100309464	100309721
191134841	191135111
24815323	24815584
160131488	160131745
125832687	125832997
64016369	64016685
160659766	160660030
4392543	4392811
49332943	49333232
148445107	148445362
123438032	123438273
106328630	106328884
32509366	32509657
134513714	134514009
51833980	51834265
111340445	111340718
44460110	44460418
48990002	48990262
43680064	43680359
48545114	48545405
189369871	189370163
141173820	141174104
126398078	126398410
62651540	62651841
155728693	155728963
127852352	127852689
138660151	138660452
150481710	150481977
62174574	62174866
27399217	27399481
38537551	38537952
396103	396367
51426799	51427120
127941923	127942188
141363754	141364044
189685115	189685379
64470174	64470430
196249568	196249869
10992532	10992832
69210791	69211047
140824654	140824946
113464017	113464314
45948381	45948622
194033502	194033809
192490365	192490620
159484421	159484679
57022973	57023275
17454509	17454743
184988379	184988616
197185262	197185499
47365821	47366085
132378180	132378442
142305694	142305953
138655034	138655356
184072100	184072419
171886887	171887169
106954749	106955026
172393440	172393691
148675515	148675782
131929680	131929929
178864969	178865261
107148795	107149085
53333579	53333874
43112766	43113071
54904428	54904695
57947747	57947999
169755544	169755842
167124734	167124987
42797222	42797515
183187156	183187430
49738836	49739141
32551673	32551912
8281493	8281751
183735180	183735512
42881187	42881457
161126889	161127146
196669218	196669529
56836226	56836480
42160309	42160579
124884065	124884380
137816310	137816618
13271153	13271443
141681445	141681736
143604728	143604996
129661112	129661387
114215671	114215937
101396072	101396360
5099530	5099791
111056989	111057232
124647524	124647787
50587563	50587839
127413308	127413596
167458840	167459089
147793964	147794212
182840185	182840419
135222749	135223012
157164881	157165132
49378016	49378296
197669903	197670182
85409968	85410251
118536627	118536854
89148199	89148460
151556837	151557107
66124364	66124667
179646896	179647134
51853799	51854106
102248390	102248650
108208596	108208857
9542231	9542532
99472279	99472528
186784489	186784786
123965915	123966167
11102390	11102715
169480736	169480983
28768400	28768658
16290912	16291182
52506023	52506280
116738017	116738273
124714317	124714548
14411196	14411443
36885221	36885464
130257932	130258202
107565155	107565413
37254570	37254835
71779041	71779323
127125119	127125400
42922531	42922805
70169588	70169811
32822977	32823260
171046545	171046800
25938593	25938858
57568609	57568860
51409478	51409731
187923929	187924174
148027239	148027491
99405890	99406200
15346824	15347075
101522052	101522320
114811351	114811663
130478619	130478892
139146440	139146686
185959626	185959907
24279568	24279805
150439139	150439382
14503268	14503588
52833144	52833413
138047977	138048248
153735980	153736188
159204410	159204672
158563632	158563884
23001929	23002188
52419269	52419566
105088665	105088928
108196442	108196716
125691307	125691600
173271527	173271755
73557551	73557809
178103227	178103454
42785770	42786053
196913916	196914159
163503556	163503810
135794108	135794358
39168068	39168383
172554283	172554514
97758192	97758691
69740284	69740527
158981593	158981824
11845524	11845771
14194203	14194474
157211529	157211772
32217144	32217433
48777450	48777696
176532133	176532393
30789542	30789804
12180802	12181038
125800407	125800683
42822349	42822613
173246912	173247190
17073991	17074255
38388027	38388306
136829286	136829539
52968745	52968947
120226098	120226347
131972144	131972399
38669506	38669762
10814324	10814719
184894631	184894881
107472433	107472683
169386929	169387248
5068574	5068846
124487715	124487971
43897214	43897466
128157421	128157682
57935550	57935812
24306206	24306484
186882922	186883181
119539893	119540172
129548465	129548736
116477109	116477369
133649279	133649483
140718933	140719201
13234432	13234724
46889997	46890260
18600936	18601173
111707999	111708228
24681874	24682091
123698618	123698897
44364894	44365158
155713404	155713673
182906761	182907023
42623806	42624052
25898484	25898738
47463907	47464147
126701320	126701631
23802988	23803228
25635612	25635902
32975735	32975975
45588214	45588481
133537737	133537997
142712919	142713115
136824187	136824387
168229256	168229492
127786990	127787255
186327333	186327576
93723194	93723443
75241255	75241514
182428450	182428701
111258616	111258895
100322364	100322608
157335960	157336233
54408572	54408802
56285476	56285693
83572702	83572942
143670298	143670540
23225252	23225505
27575418	27575688
186440287	186440532
195285433	195285654
8152969	8153197
123421003	123421260
64519328	64519600
172207971	172208219
128506213	128506466
55933917	55934181
17274943	17275165
193505954	193506224
35949921	35950172
186539322	186539538
10800257	10800569
137411718	137411959
19908294	19908554
109450800	109451030
111856020	111856233
27753589	27753868
100181808	100182064
73551876	73552127
55468841	55469099
152760879	152761114
47040065	47040331
136110510	136110788
30054499	30054743
133916591	133916802
189058529	189058756
183846912	183847149
15282916	15283147
82182213	82182468
113557447	113557700
160295411	160295646
194392218	194392460
33173168	33173387
185276882	185277112
103821224	103821460
73135209	73135471
52325505	52325778
8459121	8459353
128040970	128041209
54925644	54925883
119610868	119611082
53384786	53384986
66623818	66624049
99251193	99251415
53230038	53230282
133103359	133103637
185486340	185486609
148673343	148673558
52187543	52187793
172705119	172705359
162774739	162774945
32376225	32376485
145494642	145494852
19926982	19927147
158970660	158970902
184023449	184023708
127509997	127510236
39002535	39002780
133297509	133297735
87399831	87400056
98891963	98892193
57204241	57204503
184081072	184081391
184525853	184526111
47891562	47891823
27722777	27723010
138698619	138698919
178787018	178787249
161023215	161023482
152192462	152192637
10925229	10925508
122111838	122112040
132445263	132445477
143152670	143152924
14591099	14591366
128503175	128503398
173089709	173089937
183967365	183967675
187458666	187458949
160814643	160814846
195926328	195926565
111434863	111435085
46977091	46977353
10983812	10984028
10364049	10364304
32416615	32416843
152242417	152242647
141632179	141632355
125853026	125853295
170736308	170736508
141998907	141999137
157072580	157072783
46414076	46414313
49878647	49878868
108943296	108943544
196213184	196213426
38688156	38688365
31592271	31592479
21881251	21881471
139935177	139935389
122279557	122279789
16870378	16870593
128594464	128594710
22929241	22929487
156919547	156919756
99218120	99218334
193688007	193688246
43003188	43003392
49364983	49365209
3237925	3238085
108769510	108769736
129346806	129347059
87820481	87820730
55215079	55215303
101414676	101414888
59038679	59038890
56736586	56736798
22605691	22605923
155040950	155041162
8705245	8705466
108212778	108212998
3242394	3242627
103991973	103992185
93953109	93953327
167645878	167646133
30083836	30084046
158249994	158250205
13535950	13536181
141022326	141022561
113631859	113632111
48647037	48647273
188913305	188913491
49577111	49577385
160425297	160425499
9862691	9862903
115641633	115641827
39072372	39072589
53090547	53090779
120341956	120342181
190142249	190142473
57213727	57213907
185995407	185995595
182902460	182902702
152189822	152190053
53879619	53879836
36771046	36771259
79135644	79135865
18799672	18799878
54864786	54865017
141280334	141280596
181044524	181044713
114009742	114010011
125851769	125851995
63336921	63337156
196756665	196756903
46736787	46737006
156848442	156848706
158152303	158152512
121811414	121811651
159334110	159334344
56374615	56374832
16360923	16361151
168185199	168185413
136936636	136936860
185293218	185293495
128127507	128127798
16331880	16332096
52265593	52265835
58571104	58571348
36946227	36946467
129369159	129369430
50384710	50384965
197529158	197529383
187013543	187013775
88268506	88268662
4039970	4040150
151143886	151144093
58810001	58810200
196264273	196264515
141170978	141171159
195621537	195622194
52446172	52446404
183959741	183959968
133683433	133683642
99508313	99508519
152292342	152292552
39710024	39710203
39106801	39107013
140998189	140998388
48970436	48970661
20267331	20267542
46901810	46902050
98833489	98833698
8366512	8366730
119278385	119278626
50340454	50340693
81539750	81539915
169282768	169282940
93755854	93756059
107140120	107140332
128327310	128327560
24725357	24725559
27295396	27295638
194361697	194361909
119963134	119963387
108994625	108994860
87019028	87019225
134192838	134193067
158977932	158978138
85870362	85870575
114137635	114137814
49453046	49453278
161278108	161278317
4712103	4712309
8343769	8343975
45029663	45029883
143691960	143692177
124269343	124269595
196950950	196951137
192284570	192284779
119901863	119902075
81631254	81631456
30821267	30821479
33925016	33925205
112012274	112012504
30793190	30793373
197653344	197653552
172341090	172341336
167806285	167806426
128222021	128222244
105085489	105085768
111387823	111388053
180894475	180894651
139656593	139656850
183198207	183198445
189676263	189676526
72004692	72004895
38173156	38173409
85625327	85625527
28359027	28359224
138634270	138634529
129817250	129817457
114246006	114246177
29322277	29322510
171552106	171552242
4697731	4697924
127730131	127730346
17686687	17686867
58980549	58980752
124882654	124882884
87553143	87553355
157065621	157065840
102255408	102255625
59312466	59312632
22130802	22130999
98048492	98048656
39302514	39302741
30240705	30240885
114936503	114936702
127092906	127093108
196251464	196251687
58202892	58203575
13350101	13350279
192520823	192520996
129543903	129544080
101528101	101528303
134349400	134349613
148665164	148665345
72715393	72715599
112046299	112046510
68925388	68925561
182803490	182803688
10206347	10206589
53955406	53955638
185973391	185973815
172938911	172939081
120514007	120514170
138145120	138145327
50297452	50297685
14453535	14453727
54985466	54985673
194125450	194125645
7186508	7186712
190415088	190415265
189540607	189540787
160856267	160856467
75478902	75479121
57029505	57029750
139038710	139038945
34302150	34302300
171284710	171284881
156227617	156227769
190231611	190231824
134474138	134474326
10234681	10234850
20553359	20553558
182431950	182432152
118601319	118601479
186232152	186232336
101954614	101954776
71119080	71119283
81959531	81959712
42271438	42271635
139348013	139348211
172059388	172059548
122977761	122977951
24130385	24130590
101944355	101944549
4762415	4762640
66988900	66989065
151901346	151901516
75692348	75692772
125648042	125648248
179039459	179039656
153008933	153009123
136471150	136471394
169322502	169322621
125640613	125640829
159602666	159602848
159647204	159647404
8811137	8811322
104315475	104315681
98062818	98063028
194325650	194325862
182336034	182336226
55931744	55931938
184592900	184593066
10897732	10897934
128145181	128145407
2198062	2198232
188548841	188548999
892845	893072
127192111	127192298
55643563	55643760
145905268	145905441
88162819	88163005
143363383	143363592
149470362	149470556
131757160	131757340
197228924	197229054
148097534	148097958
129344405	129344622
106837024	106837448
114018393	114018501
94581610	94581835
56076477	56076680
13714780	13715015
115555898	115556075
11696745	11696968
185720927	185721147
58293450	58293636
81351204	81351418
195749003	195749222
141027550	141027707
48514664	48514917
42871961	42872172
5178434	5178591
49937315	49937547
104283004	104283182
37783285	37783463
29806241	29806422
75471331	75471532
126973602	126973802
5023464	5023888
106990725	106990900
185178668	185178790
183952076	183952296
24538138	24538366
165572514	165572651
14715329	14715517
43801086	43801251
158031233	158031412
194031627	194031787
69474536	69474702
150874378	150874802
162760956	162761165
13494341	13494533
27984706	27984868
111296750	111296890
133845136	133845258
169379919	169380283
138051405	138051577
10305696	10305828
136754563	136754798
156391676	156392206
46715740	46715937
142575844	142576268
105405269	105405416
42578014	42578185
171364207	171364362
137899398	137899822
43741502	43741673
63335359	63335559
119408889	119409313
167402305	167402498
28957634	28957805
16642848	16643025
55919800	55919953
137511637	137511790
38749311	38749534
107293615	107293769
58408739	58408897
106925075	106925238
190595884	190596058
128669444	128669631
143367665	143367835
15447065	15447216
78695016	78695170
57896824	57897017
114759626	114759807
40032133	40032334
196705603	196705802
115859043	115859249
181419933	181420176
4985381	4985494
189666373	189666500
58159665	58159836
141193148	141193352
99809274	99809476
1481172	1481376
192534134	192534315
170128355	170128541
52373630	52373837
11703978	11704122
179040544	179040772
9868998	9869160
170076030	170076241
159304482	159304641
52312846	52313051
85616329	85616520
15599022	15599446
38043109	38043258
127402683	127402831
148838147	148838322
156900797	156900959
126108181	126108409
137427958	137428139
47517465	47517679
147101504	147101683
97377503	97377927
128569156	128569337
72924764	72924950
44571401	44571825
9988893	9989115
133213418	133213551
99562040	99562464
1317113	1317537
179139415	179139540
141448217	141448360
151636161	151636351
197252717	197252888
53547706	53547855
182665793	182665945
79567080	79567211
131975801	131976225
12537226	12537650
197798942	197799071
127415057	127415277
125403113	125403311
166555293	166555717
39447862	39448076
174839216	174839326
113455312	113455736
52205420	52205844
10459593	10459765
9824388	9824812
11376543	11376774
38339737	38339904
140834002	140834188
111410227	111410341
14317167	14317348
167929082	167929506
98321023	98321196
44574392	44574595
523472	523628
164972695	164972818
168565180	168565342
49645388	49645589
85392208	85392393
148680302	148680726
38288952	38289110
33186062	33186239
189943001	189943142
197181007	197181159
82693230	82693417
131987867	131988076
26003735	26004159
189735432	189735856
129824936	129825043
65327876	65328015
100035484	100035666
87309424	87309610
177534868	177534978
33677625	33677792
190161157	190161314
51348464	51348888
109251253	109251392
149248501	149248736
75772768	75772896
30975758	30975901
196255728	196255892
40823567	40823991
58285926	58286124
87132074	87132209
173302020	173302164
126378897	126379095
135761584	135761754
46204611	46204737
124000703	124000831
39748912	39749090
31608459	31608883
34725342	34725766
155470944	155471125
39679459	39679570
192530527	192530951
108742613	108742763
177802107	177802252
115705403	115705827
194685663	194685805
48774470	48774688
45874312	45874497
53975946	53976370
72987886	72987999
124070655	124070788
153313143	153313279
140974914	140975072
77304520	77304664
170201333	170201480
69488972	69489090
49966790	49966994
89901283	89901478
52776564	52776713
38697174	38697598
17936056	17936211
122075411	122075570
111579318	111579506
122747465	122747613
179281331	179281487
15511931	15512048
36833947	36834104
48722902	48723186
107574517	107574941
81810062	81810252
138634832	138635044
81267277	81267424
87217119	87217284
152161817	152162241
53702896	53703320
26754030	26754145
166750065	166750489
123278042	123278192
35965731	35965840
139847401	139847825
509983	510117
38885536	38885644
126191209	126191633
13968764	13969188
163657795	163658219
168582827	168582988
55439606	55439769
131899070	131899494
123026627	123026851
107646437	107646586
16558680	16559104
44155616	44156040
11137584	11138008
123798291	123798411
196019534	196019682
134019463	134019662
38704238	38704367
193281920	193282046
25574370	25574484
108381128	108381287
57332147	57332287
14416706	14417130
58517615	58518039
13458053	13458234
101426256	101426459
50311763	50312219
56337629	56338053
50390123	50390547
71760056	71760480
146045044	146045187
159851468	159851892
18430595	18431019
36782899	36783015
138665167	138665328
129711893	129712051
10557988	10558113
58121414	58121838
180821382	180821806
127678859	127679017
184466467	184466597
14412999	14413423
64449396	64449504
9842321	9842514
48723306	48723581
169780574	169780765
50335457	50335608
133758329	133758753
96582076	96582217
184788365	184788566
169381088	169381231
12750495	12750631
120286554	120286978
155696243	155696366
127174561	127174716
16016094	16016518
69373499	69373923
197281534	197281776
46256236	46256407
36007518	36007646
90140880	90141022
4313644	4313816
114546443	114546581
134198485	134198672
32381567	32381991
113213833	113214257
36173827	36173951
44702707	44703131
171585731	171586155
51676570	51676702
124642724	124642897
111613894	111614318
112301253	112301359
21794227	21794651
175659331	175659526
194590324	194590475
10814324	10814726
67840445	67840869
32060540	32060964
191808425	191808849
39166800	39166972
53233972	53234096
158507502	158507636
69841385	69841528
140617146	140617570
124505529	124505953
119319550	119319974
191486197	191486621
112238385	112238547
14443767	14443946
169684385	169684552
12512627	12513051
8378128	8378552
145936799	145936944
156166213	156166319
166902404	166902548
47841347	47841525
113563475	113563899
187426928	187427352
186182319	186182468
146358727	146358933
159546231	159546655
64384981	64385144
12604364	12604788
94055331	94055444
148668600	148669024
169772134	169772252
134359881	134360034
23875653	23875814
177201022	177201180
159706245	159706669
194827294	194827404
9464782	9465206
97512398	97512523
93834281	93834705
70157345	70157535
80834741	80834882
107262560	107262984
52273533	52273743
139437354	139437539
196696862	196697042
186831102	186831264
128881498	128881922
112373789	112374213
85851087	85851511
46705228	46705423
50452477	50452901
172007355	172007779
69359102	69359224
113213032	113213204
188990595	188990757
47555290	47555479
47830656	47830865
72871522	72871946
151000667	151001091
53711410	53711834
9988213	9988379
32281556	32281980
110731466	110731890
47481712	47481889
108737683	108738107
100456225	100456649
17300316	17300740
194060173	194060318
158257187	158257611
100914919	100915343
33957270	33957694
73481692	73481851
171752997	171753127
67408245	67408669
31011671	31012095
108817254	108817371
151022805	151023229
96857965	96858389
28310067	28310211
32440484	32440908
194980830	194980984
70589056	70589480
65422284	65422708
178154480	178154904
165613674	165614098
10210532	10210956
69720380	69720506
42702384	42702808
182627165	182627275
186868552	186868671
82546409	82546555
50359247	50359422
70599997	70600161
142563187	142563611
27509050	27509474
170889839	170890263
178990160	178990584
113544203	113544347
150213368	150213792
169223512	169223936
186371714	186372138
109522189	109522338
133381108	133381532
170880965	170881389
47705982	47706406
138921151	138921575
172341731	172341934
31728864	31729288
12851455	12851879
149052285	149052391
8744343	8744518
73046797	73047221
67435195	67435619
56833463	56833887
12087914	12088338
184529825	184529946
101403738	101403844
13570069	13570228
112156416	112156840
133176266	133176690
196172332	196172523
13301872	13302005
56336410	56336834
171171129	171171300
161571893	161572317
149483507	149483931
10745560	10745984
138739854	138739974
112533253	112533402
10785702	10786126
149286845	149287005
52826434	52826858
188080302	188080726
52516226	52516401
64516101	64516525
13395769	13395900
75601430	75601568
129035277	129035701
58515399	58515511
42599347	42599771
192758857	192759281
194315399	194315823
186567111	186567535
52478918	52479342
182877288	182877407
50231916	50232340
193310564	193310988
24624476	24624900
128582387	128582811
195616891	195617315
88052266	88052690
155853706	155854130
50264861	50265061
178684358	178684782
43624946	43625370
168759402	168759826
54572359	54572783
66428676	66429100
170679314	170679738
134097184	134097608
31746399	31746823
19390395	19390819
123599989	123600413
192633203	192633321
140582528	140582952
53266189	53266370
37875265	37875689
152678996	152679420
146051909	146052333
15247249	15247673
94022603	94023027
196674389	196674813
77864623	77865047
139239025	139239161
163634555	163634979
57419768	57420192
135797561	135797985
68927456	68927880
183622289	183622463
30154396	30154820
56381176	56381600
21212459	21212883
134396232	134396340
46129299	46129723
51016740	51017164
133711270	133711694
151008446	151008870
12864613	12864771
59299062	59299486
59197830	59198254
57947867	57948291
39854039	39854463
24401098	24401522
38570087	38570217
101412521	101412733
58645007	58645431
50582412	50582836
146100184	146100608
107361830	107362254
50922916	50923340
185625011	185625435
188862430	188862854
185986872	185987296
76157106	76157530
31766150	31766574
33758247	33758671
196715015	196715439
71429199	71429623
141457078	141457502
142694139	142694563
129070860	129071284
54354517	54354941
100480073	100480497
55033205	55033629
31736992	31737416
24110497	24110921
106543585	106544009
165342520	165342944
49968380	49968513
47896569	47896993
180573226	180573650
191956032	191956456
96531960	96532384
52926433	52926857
132449904	132450328
39583269	39583693
71701950	71702374
185597575	185597999
33773905	33774329
136471732	136472156
130418605	130419029
141088897	141089321
167630956	167631380
119917148	119917572
79411061	79411211
27320657	27321081
53460967	53461391
151789731	151790155
136536890	136537314
99466873	99467297
37588361	37588785
155824758	155825182
122102830	122103254
159590078	159590502
104347149	104347275
70139455	70139879
131268164	131268588
193170084	193170508
64561150	64561574
118817591	118817742
195582707	195583131
66327244	66327353
133096273	133096697
98742585	98742708
157069757	157070181
41922740	41923164
127275390	127275814
20971538	20971962
187920241	187920665
167068037	167068461
47323153	47323322
141845003	141845427
119759032	119759456
169108011	169108435
72942037	72942461
182339719	182340143
170831466	170831890
187148401	187148825
45385498	45385922
23930095	23930519
155070649	155071073
117245339	117245763
52048774	52048940
97978573	97978997
50425952	50426061
133206893	133206999
169012904	169013328
104179608	104180032
108308653	108309077
108537188	108537612
65425396	65425528
111583560	111583984
194991443	194991698
52311953	52312377
150127714	150128138
21058592	21059016
125848397	125848821
166022310	166022734
112854838	112855262
33106434	33106858
181976357	181976781
2029667	2030091
160438156	160438580
132255003	132255148
146307700	146308124
105546767	105547191
418738	419162
195753082	195753506
58163391	58163815
50183630	50184054
124339326	124339750
62544188	62544612
160402908	160403332
111918405	111918829
183604576	183604727
152184462	152184886
103710286	103710710
118355692	118356116
67432114	67432538
140999498	140999922
171178281	171178705
70408115	70408539
50407999	50408423
158984549	158984973
15374057	15374221
100429482	100429906
197003669	197004093
32382461	32382885
173843046	173843470
119896781	119897205
120871415	120871839
118993742	118994166
107471456	107471880
174073243	174073667
104323146	104323570
45120330	45120754
109272916	109273340
36878519	36878943
52483816	52483967
55583164	55583588
148579162	148579268
62608255	62608679
141024265	141024689
4763739	4764163
117716288	117716712
148436776	148437200
100538712	100539136
21525780	21526204
48802795	48803219
192166817	192167241
37297935	37298359
58200653	58201077
52007950	52008334
188382581	188383005
188767258	188767682
109128768	109128899
49737895	49738319
139007067	139007199
164927910	164928334
134172533	134172957
138680172	138680288
50249956	50250380
36755731	36756155
21332020	21332444
31810236	31810660
141929839	141930263
32195622	32196046
183220539	183220963
195249018	195249442
147556403	147556827
176148035	176148459
193855615	193856039
151143977	151144401
117438168	117438592
133943384	133943808
171358394	171358818
130199571	130199995
89996507	89996931
127310839	127311263
169337443	169337867
157473082	157473506
84597008	84597432
140994725	140995149
128336577	128336720
65717997	65718421
25952474	25952898
173808592	173809016
125822594	125823018
142623873	142624297
157418200	157418624
950493	950917
51703250	51703716
61922000	61922424
122660660	122661084
180520591	180521015
197358839	197359263
71446220	71446644
152257146	152257570
38192635	38193059
28328069	28328493
122024644	122025068
156192864	156193288
99550785	99551209
143494213	143494637
52075183	52075607
135455552	135455976
194674854	194675278
107379196	107379620
38045034	38045458
48474431	48474855
146465679	146466103
107513414	107513838
156393230	156393654
5829526	5829950
24227567	24227991
86229818	86230242
50628282	50628706
167770853	167771277
53778367	53778791
155761829	155762253
52716042	52716466
197777636	197778060
27004860	27005284
138417990	138418414
125461687	125462111
54039325	54039749
185979428	185979852
43784365	43784789
9719181	9719605
193031932	193032356
197409515	197409939
194296602	194297026
41935457	41935881
87194657	87195081
153758072	153758496
137833722	137834146
190056898	190057322
63947453	63947877
103027723	103028147
55780828	55781252
40151390	40151814
39458830	39459254
159928736	159929160
41244437	41244861
194838531	194838955
119099506	119099930
158847882	158848306
77369839	77369959
16183275	16183394
196050529	196050953
13432777	13433201
53194619	53194796
184933644	184934068
93560471	93560895
118603520	118603918
141871198	141871622
111623677	111624101
28517673	28518097
189772050	189772474
155419688	155420112
104354717	104355141
161226632	161227056
159881018	159881442
172435278	172435702
9975784	9976208
27270313	27270737
170900827	170901251
169796281	169796705
103513556	103513980
143694386	143694810
123595633	123596057
69062637	69063061
46538195	46538619
46436543	46436967
5268456	5268880
97732589	97733013
140641437	140641861
32775092	32775516
98052777	98053201
46484063	46484487
35988002	35988426
49966890	49967314
194947808	194948232
107872182	107872606
149086160	149086584
41737267	41737691
27366883	27367307
186143678	186144102
13109789	13110213
118582821	118583245
177002279	177002703
160889436	160889860
4575850	4576274
53020973	53021397
67644318	67644742
142759082	142759506
122018714	122019138
52879656	52880080
195721333	195721487
101943032	101943456
5083006	5083430
177611114	177611538
58477616	58477725
155577632	155578056
5274272	5274696
14298164	14298588
193886007	193886431
179164283	179164707
54394347	54394771
139283086	139283510
152743772	152744196
8664610	8664999
11420671	11421095
34148238	34148662
50336690	50336814
196983671	196984095
128272954	128273378
121820378	121820802
142085248	142085672
81388207	81388631
38204606	38205030
50536658	50537082
13536062	13536486
123463974	123464398
155588229	155588653
21258079	21258503
16765518	16765942
49603688	49604112
31173608	31174032
125803060	125803484
44378707	44379131
141501202	141501626
48450105	48450529
70113311	70113735
148598437	148598861
192543647	192544071
167812484	167812908
134168061	134168485
157485469	157485893
81055148	81055572
113898459	113898883
132061038	132061462
46118099	46118523
187166335	187166759
30305440	30305864
51425966	51426390
87056003	87056427
167590711	167591135
146837818	146838242
125978246	125978670
128742776	128743200
79895679	79896103
71466097	71466521
156534810	156535234
194314142	194314566
3057156	3057580
19030093	19030517
125322176	125322600
4376211	4376635
14138229	14138653
14155833	14156257
165770183	165770607
43128740	43129164
185655825	185656249
67914312	67914736
128839360	128839784
67160132	67160556
133583930	133584354
63214232	63214656
49726643	49727067
72036182	72036606
186306960	186307384
130284060	130284484
135968977	135969401
182208345	182208769
197476386	197476810
142650052	142650476
156853450	156853874
179569835	179570259
49044807	49045231
45097021	45097445
53973802	53974226
11247572	11247996
184257817	184258241
167599862	167600286
188887497	188887921
36856266	36856690
50275842	50276266
105237646	105238070
84992502	84992926
65658523	65658947
13343650	13344074
99340103	99340527
71071716	71072140
153231015	153231439
139241256	139241680
14274137	14274561
151130738	151131162
78254063	78254487
134245858	134246282
98315696	98316120
109088352	109088776
20287257	20287681
77397364	77397788
81715612	81716036
75343235	75343659
58546362	58546786
171332309	171332733
187689368	187689792
46410067	46410491
58615867	58616247
81292032	81292456
188646926	188647350
14905180	14905604
46435465	46435889
98712994	98713418
157324551	157324975
169462347	169462771
57450518	57450942
150784806	150785230
126658184	126658608
76619588	76620012
20081261	20081685
14190111	14190535
31950080	31950504
62172601	62173025
161141715	161142139
130752299	130752723
17728113	17728537
27660934	27661358
70766016	70766440
135637419	135637843
168669683	168670107
70114773	70115197
31573129	31573553
130611921	130612345
172628958	172629382
134211309	134211733
155524068	155524492
76094109	76094533
153688558	153688982
122025143	122025567
48198806	48199230
73143147	73143571
189461997	189462421
14589973	14590397
142705880	142706304
127487535	127487959
196005181	196005605
119865936	119866360
3212620	3213044
57850540	57850964
187672726	187673150
42654970	42655394
129657209	129657633
170529933	170530357
45266757	45266885
8979695	8980119
114089621	114090045
66304426	66304850
16030945	16031369
172993535	172993959
140455895	140456319
14898972	14899396
27763064	27763488
165340191	165340615
148649290	148649714
79546625	79547049
53232580	53233004
154041587	154042011
43920663	43921087
72973222	72973646
110599831	110600255
147795074	147795498
167097990	167098414
102460009	102460433
107409351	107409775
62539907	62540331
126422558	126422982
156880393	156880817
127468499	127468923
194302914	194303338
38537551	38537952
39424595	39425019
74316736	74317160
129201512	129201936
46964970	46965416
124624686	124625110
151139737	151140161
137820395	137820819
62653322	62653746
126067093	126067517
126209437	126209861
43301837	43302261
127147467	127147891
153008071	153008495
71979699	71980123
156252913	156253337
125869555	125869979
186998919	186999343
194295393	194295817
45085164	45085588
160404713	160405137
119127779	119128203
171287322	171287746
180312751	180313175
5288345	5288769
136477294	136477718
53263935	53264359
160647362	160647786
113271665	113272089
121265476	121265900
196516604	196517028
141295277	141295701
33418941	33419365
68305785	68306209
116333663	116334087
77087473	77087897
192634675	192635099
14257638	14258062
128025851	128026275
29892138	29892562
134018421	134018845
133551295	133551719
128309754	128310178
52422945	52423369
156922103	156922527
55519179	55519603
12328893	12329317
189919557	189919981
135235080	135235504
132361063	132361487
39485006	39485430
100515416	100515840
172314063	172314487
37595853	37596277
88229538	88229962
52089196	52089620
40761355	40761779
51744539	51744963
13689935	13690359
50465418	50465842
57127521	57127945
14167244	14167668
116236148	116236572
97907385	97907809
15839450	15839874
34052756	34053180
187704135	187704559
192606592	192607016
32939390	32939814
56288920	56289344
43585682	43586106
125579405	125579829
194755978	194756402
943829	944253
176768547	176768971
9890450	9890874
13147313	13147737
129042709	129043133
171256245	171256669
186965249	186965673
55754642	55755066
160646119	160646543
148084541	148084965
42643381	42643805
38323415	38323839
14248312	14248736
119400117	119400541
27763627	27764051
6820783	6821207
171661022	171661446
152226454	152226878
171759345	171759769
130766409	130766833
156831571	156831995
90142187	90142611
107656886	107657310
134077295	134077719
33294207	33294631
22771459	22771883
33462461	33462885
79027168	79027592
127538972	127539396
94435526	94435950
121602350	121602774
47460360	47460784
36998546	36998970
150067401	150067825
23926020	23926444
171653193	171653617
155891981	155892405
45731948	45732372
50589042	50589466
117617562	117617986
49936400	49936824
138116746	138117170
194074712	194075136
187635205	187635629
139770181	139770605
128088689	128089113
133629265	133629689
11208456	11208880
133619941	133620365
176381640	176382064
86196220	86196644
73917837	73918261
38601879	38602303
52268490	52268914
150443242	150443666
113684991	113685415
160991376	160991800
193727829	193728253
24406566	24406990
126194224	126194648
127309639	127310063
172700510	172700934
135789992	135790416
62187094	62187518
49282038	49282462
128514079	128514503
190854177	190854601
99270373	99270797
12848597	12849021
142735149	142735573
34056937	34057361
119900536	119900960
134557440	134557864
23094041	23094465
125800531	125800955
43327500	43327924
101100665	101101089
54567884	54568308
159499631	159500055
29710237	29710661
25005249	25005673
183310004	183310428
10231330	10231754
190235471	190235895
42752982	42753406
55539093	55539517
31978769	31979193
133382605	133382959
126286796	126287220
28958098	28958522
195283166	195283590
121248171	121248595
55467596	55468020
89363580	89364004
77368811	77369235
123375558	123375982
125655024	125655448
101584985	101585409
125301524	125301948
53521321	53521745
42999081	42999505
46671425	46671849
138328178	138328602
127266694	127267118
115631952	115632376
186247115	186247539
12828792	12829216
151488693	151489117
194392337	194392761
159064299	159064723
125485038	125485462
155043004	155043428
44967649	44968073
8797273	8797697
127466853	127467277
71472444	71472868
183835416	183835840
139239142	139239566
31652164	31652588
43544547	43544971
100612448	100612872
186974030	186974454
9153041	9153465
156161563	156161987
100495548	100495972
66866508	66866932
32943428	32943852
40279647	40280071
94243918	94244342
124546271	124546695
141945325	141945749
189838658	189839082
50380119	50380543
54871973	54872397
151045366	151045790
52266773	52267197
72987939	72988363
163193938	163194362
98536275	98536699
141508137	141508561
182422723	182423147
13380469	13380893
184390111	184390535
78115379	78115803
122880021	122880445
126070958	126071382
119549819	119550243
99536734	99537158
142585823	142586247
195516008	195516432
71908278	71908702
42270206	42270630
173129425	173129849
32045583	32046007
54328193	54328617
139048180	139048576
102189829	102190253
113276165	113276589
102464724	102465148
111483386	111483810
126383426	126383850
93586241	93586665
12620241	12620665
125398027	125398451
164523945	164524369
166143697	166144121
72704948	72705372
183543413	183543837
156059784	156060208
33817983	33818407
72867258	72867682
113058489	113058913
125986280	125986704
197407888	197408312
160204164	160204588
171506851	171507275
32511321	32511745
156393429	156393853
197057932	197058356
65736775	65737199
49038586	49039010
118219900	118220324
159852201	159852625
133183373	133183797
12988975	12989399
176368191	176368615
24520247	24520671
149248629	149249053
12642532	12642956
165057510	165057934
195932138	195932562
122577181	122577605
57620835	57621259
188510594	188511018
15642806	15643230
171858199	171858623
169756525	169756949
171812994	171813418
149009133	149009557
99346302	99346726
52861756	52862180
16875699	16876123
112698061	112698485
169834933	169835357
173256186	173256610
128958230	128958654
97903992	97904416
113254732	113255156
25873083	25873507
41549781	41550205
43807959	43808383
139174619	139175043
86751497	86751921
194354010	194354434
185957138	185957562
134146307	134146731
121574405	121574829
96419728	96420152
55475482	55475906
16968959	16969383
124778280	124778704
196244246	196244670
192908228	192908652
24190527	24190951
129035477	129035901
189676434	189676858
52913102	52913526
5771525	5771949
83995693	83996117
183867529	183867953
9969566	9969990
79570343	79570767
51306879	51307303
127572477	127572901
164924672	164925096
68255652	68256076
172021681	172022105
158498966	158499390
154622134	154622558
154052691	154053115
156173523	156173947
78790144	78790568
163046473	163046897
90231653	90232077
181612427	181612851
64230020	64230444
48463609	48464033
58319208	58319632
46759266	46759690
11253258	11253682
32954968	32955392
33925106	33925530
61367434	61367858
51756354	51756778
158978035	158978459
167779381	167779805
176076983	176077407
71635677	71636101
110137965	110138389
27700861	27701285
115696749	115697173
58292727	58293151
32303682	32304106
58306687	58307111
12872273	12872697
114804064	114804488
111732352	111732776
155209430	155209854
35701272	35701696
140768588	140769012
96498659	96499083
43731852	43732276
94004711	94005135
99338895	99339319
19584680	19585104
101263269	101263693
100850632	100851056
169290909	169291333
110799167	110799591
69904564	69904988
20232475	20232899
16229542	16229966
31921486	31921910
51424953	51425377
53875343	53875767
57146372	57146796
184459617	184460041
8462924	8463348
27187197	27187621
79455301	79455725
191220384	191220808
25510235	25510659
188405090	188405514
169491296	169491720
149095205	149095629
22727101	22727525
140950397	140950821
41012538	41012962
194235336	194235760
150221125	150221549
73897334	73897758
17182564	17182988
183945330	183945754
142606964	142607388
153553329	153553753
87820626	87821050
27955671	27956095
5610099	5610523
69969122	69969546
170214174	170214598
534693	535117
130912750	130913174
13817789	13818213
128947740	128948164
45540999	45541423
100609875	100610299
9882254	9882678
11227157	11227581
193383094	193383518
172051819	172052243
5847915	5848339
168850936	168851360
80608858	80609282
42560249	42560673
150087894	150088318
66286720	66287144
39314571	39314995
81401950	81402374
49694258	49694682
39194232	39194656
41460832	41461256
87347244	87347668
59795490	59795914
47906715	47907139
128286590	128287014
125111189	125111613
69997381	69997805
48611949	48612373
1128612	1129036
150090567	150090991
43880378	43880802
46949612	46950036
127061550	127061974
14940355	14940779
163497738	163498162
128563966	128564390
31051684	31052108
192847371	192847795
116583149	116583573
26525577	26526001
119791722	119792146
101292584	101293008
184259060	184259484
44809951	44810375
156192349	156192773
42039408	42039832
119461802	119462226
4380393	4380817
7546863	7547287
133540898	133541322
170566133	170566557
59843655	59844079
93788030	93788454
114054957	114055381
100325729	100326153
26410586	26411010
18020720	18021144
122790026	122790450
161569927	161570351
155129579	155130003
12521518	12521942
126691667	126692091
173594277	173594701
53103681	53104105
25063281	25063705
182555644	182556068
40911396	40911820
46775032	46775456
52480992	52481460
195293671	195294095
153161657	153162081
27147453	27147877
107724963	107725387
147334770	147335194
129345874	129346298
83983275	83983699
103129060	103129484
159704941	159705365
168670251	168670675
50412967	50413391
185685950	185686374
52070800	52071224
51009048	51009472
149684888	149685312
150834849	150835273
96050201	96050625
15190117	15190541
143671553	143671977
139995467	139995891
194909232	194909656
893706	894130
103014831	103015255
22159265	22159689
107921768	107922192
57944287	57944711
15160076	15160500
10433919	10434343
15568464	15568888
156876996	156877420
51583998	51584422
186508246	186508670
112974310	112974734
180522618	180523042
183278377	183278801
160659890	160660314
132440582	132441006
195819021	195819445
11025177	11025601
136070678	136071102
170913381	170913805
169531431	169531855
15853677	15854101
155571563	155571987
47454614	47455038
127536229	127536653
43203521	43203945
70580198	70580622
150239257	150239681
107630483	107630907
171069691	171070115
99344067	99344491
89098235	89098659
53304097	53304521
30969440	30969864
146221188	146221612
125931338	125931762
177175754	177176178
15677673	15678097
178822832	178823256
62819184	62819608
44924688	44925112
39225790	39226214
47888765	47889189
160371280	160371704
52271650	52272074
194014380	194014804
196273995	196274419
59107483	59107907
53763632	53764056
115655892	115656316
33186140	33186564
189504369	189504793
42676618	42677042
63893727	63894151
172383936	172384360
191527347	191527771
47206103	47206527
48444998	48445422
48282373	48282797
4783462	4783886
171545228	171545652
150321015	150321439
126456381	126456805
120067747	120068171
10376268	10376692
166819867	166820291
188552175	188552599
145633554	145633978
186493874	186494298
145881303	145881727
42232816	42233240
23801813	23802237
127609829	127610253
49756784	49757208
137768341	137768765
136730274	136730698
177137927	177138351
41904510	41904934
149488094	149488518
197106124	197106548
79037480	79037904
38409771	38410195
171842773	171843197
11263592	11264016
21592517	21592941
5164401	5164825
149061707	149062131
147618595	147619019
97686815	97687239
22903602	22904026
14156839	14157263
23715116	23715540
11087201	11087625
136703581	136704005
18889037	18889461
53070054	53070478
46624933	46625357
194018182	194018606
98292198	98292622
157072662	157073086
12857158	12857582
124232084	124232508
119896030	119896454
164974367	164974791
190572973	190573397
49171810	49172234
170042745	170043169
186976912	186977336
133291920	133292344
185677561	185677985
112023422	112023846
52408193	52408617
170923113	170923537
44986544	44986968
127974026	127974450
18913945	18914369
13324985	13325409
170086699	170087123
27183154	27183578
71561147	71561571
71975349	71975773
126714954	126715378
124066211	124066635
37632407	37632831
33009911	33010335
107395495	107395919
169280718	169281142
46736922	46737346
9544891	9545304
45175302	45175726
16309579	16310003
42484176	42484600
52261105	52261529
122177807	122178231
184917344	184917768
50211623	50212047
114081599	114082023
7587903	7588327
120286757	120287181
27285842	27286266
110175541	110175965
193803160	193803584
183615737	183616161
44465061	44465485
196698029	196698453
73042550	73042974
98531653	98532077
149675946	149676370
51426942	51427366
15468509	15468933
183735333	183735757
170148860	170149284
179485976	179486400
73241136	73241560
4149100	4149524
169941011	169941435
157044799	157045223
14538868	14539292
126228855	126229279
111192413	111192837
172633902	172634326
31604069	31604493
32819907	32820331
128384192	128384616
71055952	71056376
138832251	138832675
12577898	12578322
179193996	179194420
21936058	21936482
149968886	149969310
120136242	120136666
195624675	195625099
125964894	125965318
173711105	173711529
154031928	154032352
9774437	9774861
187692526	187692950
160935194	160935618
151743941	151744365
128564994	128565418
10386013	10386437
185007974	185008398
147845911	147846335
676183	676607
100929784	100930208
10305743	10306167
50357219	50357643
15546481	15546905
11889006	11889430
38067138	38067562
46452755	46453179
129862474	129862898
185236820	185237244
147879922	147880346
5019142	5019566
93877717	93878141
31734150	31734574
128943825	128944249
43967535	43967959
42774350	42774774
129327547	129327971
122701714	122702138
30176587	30177011
85014252	85014676
196729553	196729977
123524297	123524721
149089028	149089452
123443088	123443512
14433739	14434163
97483660	97484084
45252226	45252650
8343856	8344280
13684836	13685260
41489919	41490343
11862105	11862529
33360450	33360874
165842951	165843375
47448264	47448688
195309794	195310218
187440177	187440601
72314485	72314909
128669548	128669972
17852306	17852730
113007095	113007519
122473856	122474280
132256030	132256454
40629919	40630343
69348529	69348953
40299949	40300373
86294511	86294935
36739096	36739520
172144412	172144836
40032248	40032672
142677622	142678046
149686943	149687367
177358053	177358477
50294399	50294847
183851777	183852201
196420969	196421393
190938734	190939158
124245458	124245882
56542311	56542735
156505784	156506208
5059630	5060054
72236140	72236564
157194748	157195172
128299118	128299542
150246255	150246679
111335418	111335842
23958269	23958693
49027112	49027536
46450283	46450707
123500002	123500426
57632418	57632842
128569231	128569655
82459525	82459949
194328587	194329011
141363876	141364300
149376156	149376580
141085361	141085785
10465167	10465591
193552250	193552674
38038513	38038937
185216041	185216465
109117652	109118076
197480073	197480497
86612491	86612915
42485635	42485741
58273829	58274253
182621859	182622283
46701986	46702410
27227066	27227490
100122135	100122559
156535035	156535459
194692607	194693031
81692875	81693299
42588913	42589339
63574579	63575003
171758453	171758877
4613328	4613752
157605835	157606259
168607430	168607854
129721842	129722266
115155844	115156268
129173345	129173769
77555560	77555984
52270561	52270985
99355781	99356205
15836351	15836775
134031199	134031623
157217430	157217854
46204656	46205080
171178486	171178910
1293201	1293625
68942788	68943212
44847460	44847884
165592261	165592685
50329931	50330355
12355001	12355425
149620543	149620967
106959992	106960416
38081383	38081807
127007742	127008166
15099837	15100261
49577274	49577698
119213467	119213891
42877636	42878060
52333900	52334324
127268613	127269037
193578339	193578763
160674566	160674990
149086359	149086783
123348487	123348911
161632500	161632924
115502684	115503108
149693670	149694094
124794558	124794982
11376667	11377091
163208205	163208629
23842219	23842643
111837040	111837464
46974070	46974494
184026449	184026873
123735363	123735787
12748866	12749290
119072111	119072535
122399306	122399730
33294439	33294863
127415909	127416333
20709923	20710347
57993684	57994108
122314226	122314650
28370060	28370484
101405200	101405624
141659023	141659447
181966154	181966578
65411603	65412027
146295459	146295883
46649184	46649608
99863079	99863503
57812112	57812536
57583106	57583530
63218501	63218925
171364300	171364724
23690059	23690483
126247506	126247930
54591566	54591990
177133044	177133468
139153651	139154075
197633004	197633428
138763740	138764164
149006365	149006789
150213573	150213997
43484354	43484778
47412549	47412973
12221662	12222086
45043179	45043603
193419505	193419929
121837841	121838265
171281044	171281468
11695229	11695653
55852516	55852940
13088949	13089373
73105495	73105919
184789184	184789608
13283180	13283604
196675203	196675627
126207164	126207588
146909776	146910200
107460135	107460559
66551698	66552122
31382588	31383012
138067916	138068340
119856371	119856795
44107282	44107706
156795459	156795883
133863986	133864410
79418528	79418952
22974466	22974890
197894523	197894857
23740393	23740817
39144718	39145142
52254602	52255026
189967154	189967578
156461704	156462128
190583688	190584112
52029854	52030278
100369559	100369983
53533207	53533631
125902569	125902993
9291267	9291691
108024367	108024791
189106331	189106755
153813604	153814028
141129250	141129674
187073923	187074347
45729846	45730270
47315000	47315424
39243605	39244029
40438044	40438468
33072180	33072604
49195722	49196146
167883624	167884048
126896141	126896565
2806640	2807064
19730251	19730675
52485640	52486064
8649213	8649637
50196179	50196603
187778938	187779362
14688236	14688660
169738853	169739277
110725436	110725860
52543935	52544359
11201343	11201767
69022889	69023313
43257255	43257679
23656524	23656948
66423062	66423486
126191409	126191833
116777900	116778324
122986656	122987080
14957328	14957752
40115146	40115570
106064708	106065132
118840897	118841321
54421795	54422219
23968195	23968619
194460151	194460575
12217536	12217960
41327801	41328225
186284509	186284933
138553012	138553436
81222619	81223043
16926851	16927275
190768688	190769112
32189389	32189813
55667304	55667728
138169778	138170202
98331292	98331716
43051025	43051449
101532531	101532955
47841441	47841865
14619388	14619812
122734414	122734838
185960347	185960771
196229619	196230043
38563054	38563478
160601305	160601729
45214602	45215026
190222161	190222585
52324404	52324828
11014905	11015329
183823348	183823772
182963015	182963439
79539300	79539724
42105370	42105794
30969639	30970063
37856041	37856465
52000944	52001368
168777870	168778294
30449565	30449989
12486038	12486462
127576124	127576548
57842357	57842781
187549969	187550393
184787330	184787754
100826575	100826999
30670653	30671077
183755589	183756013
49466079	49466503
174115602	174116026
52941440	52941864
189772252	189772676
192140747	192141171
110399565	110399989
124769610	124770034
129312053	129312477
118864399	118864823
106259582	106260006
113892017	113892441
65770704	65771128
13638688	13639112
46468876	46469300
31251530	31251954
150558521	150558945
9926216	9926640
184053213	184053637
8811209	8811633
61515981	61516405
52926633	52927057
57255891	57256315
185216846	185217270
123278094	123278518
193992104	193992528
75629359	75629783
57166702	57167126
148734014	148734438
141717532	141717956
46334777	46335201
88054244	88054668
157085985	157086409
192520898	192521322
117158721	117159145
193987538	193987962
190267031	190267455
138047191	138047615
186695234	186695658
133657494	133657918
156799718	156800142
31899908	31900332
3175231	3175655
151296310	151296734
145738834	145739258
111111627	111112051
171548027	171548146
188985744	188985882
166555503	166555927
145940483	145940907
67164413	67164837
122292042	122292466
123444492	123444916
149597644	149598068
59049940	59050364
54180688	54181075
119278505	119278929
175658681	175659105
185164843	185165267
122747541	122747965
189083328	189083752
49213873	49214297
174661802	174662226
158629926	158630350
5772754	5773178
62788940	62789364
45179376	45179800
124921024	124921448
87040388	87040812
125461888	125462312
44902757	44903181
25597956	25598380
67043441	67043865
4605774	4606198
75736516	75736940
28390579	28391003
66811501	66811925
50035687	50036111
44293723	44294147
184221403	184221827
138066992	138067416
49450538	49450962
45735724	45736148
137138743	137139167
27799618	27800042
113342109	113342533
40971524	40971948
53703095	53703519
12525527	12525951
152891857	152892281
182727962	182728386
11181883	11182307
50899598	50900022
124110470	124110894
46977200	46977624
171844491	171844915
143067839	143068263
165730848	165731272
131987977	131988401
29193874	29194298
15995317	15995741
16925461	16925885
38031848	38032272
141775778	141776202
139260703	139261127
118356682	118357106
94327031	94327455
128208890	128209314
128183055	128183479
157828165	157828589
43248091	43248515
72900434	72900858
128229279	128229703
161167503	161167927
189750626	189751050
17839452	17839876
13503036	13503482
106285174	106285598
53215443	53215867
52822023	52822447
107702130	107702554
179491843	179492267
28430456	28430880
106580894	106581318
9998890	9999314
71928259	71928683
55911661	55912085
138653337	138653761
58223143	58223567
97833108	97833532
30054614	30055038
127036598	127037022
127836077	127836501
11891392	11891816
53730728	53731152
119147355	119147779
32376365	32376789
4356343	4356767
32461556	32461980
78906620	78907044
150263064	150263488
100810307	100810731
141573572	141573996
158635869	158636293
28119058	28119482
138003769	138004193
49705689	49706113
126378982	126379406
141184009	141184433
153387327	153387751
57365106	57365530
141173969	141174393
14377227	14377651
37612782	37613206
11300603	11301027
141021055	141021479
148976869	148977293
128285031	128285455
9972638	9973062
55902369	55902793
185671377	185671801
11876503	11876927
15668530	15668954
128775411	128775835
155658424	155658848
42940773	42941197
3237971	3238395
18015714	18016138
32726981	32727405
126471024	126471433
55047189	55047613
195598135	195598559
123698826	123699250
136936745	136937169
39333514	39333938
5028720	5029144
185272992	185273416
185792405	185792829
147133657	147134081
58005412	58005836
80575238	80575662
62479027	62479451
184002751	184003175
25704971	25705395
50259259	50259683
110929106	110929530
123522229	123522653
128745924	128746348
177096821	177097245
53277826	53278250
141848615	141849039
194827339	194827763
82061934	82062358
150726503	150726927
51990447	51990871
79081851	79082275
30793251	30793675
57963464	57963888
152882921	152883345
10515538	10515962
127104099	127104523
126955464	126955888
66689163	66689587
171873986	171874410
61356783	61357207
128825252	128825676
