3297382	3297778
19535984	19536391
864776	865171
12391667	12392023
42792700	42793099
43459917	43460327
60251533	60251982
12934488	12934865
3246026	3246408
74712401	74712756
21095895	21096278
21078763	21079135
74110846	74111240
56161024	56161398
839346	839727
8389657	8390011
45971848	45972212
43490376	43490741
77915645	77915980
11995427	11995775
60305624	60305974
3129303	3129655
3585815	3586208
3666291	3666649
11519098	11519444
57069693	57070103
60253413	60253795
21498449	21498771
43245080	43245414
1664060	1664465
45282768	45283151
45299020	45299388
23412022	23412373
8696723	8697091
43200945	43201307
11310495	11310834
11732957	11733309
7221419	7221758
28821944	28822299
55803030	55803376
74515694	74516082
61646594	61646958
71510018	71510373
56737702	56738043
21220028	21220367
48033492	48033848
11553380	11553720
56724468	56724804
21756699	21757078
47385116	47385482
56751401	56751752
34268016	34268364
6920030	6920366
68158976	68159339
8988289	8988631
48346205	48346622
29302368	29302703
68101178	68101501
961601	961959
74695268	74695636
47037037	47037382
24229728	24230064
12327918	12328277
10787347	10787648
3063001	3063326
56448786	56449124
43861152	43861582
4106441	4106750
43302874	43303200
19477703	19478036
59568622	59568972
55225119	55225464
61343805	61344124
29004383	29004698
10520121	10520445
77404114	77404465
61662057	61662419
47883624	47883955
29737987	29738327
55549066	55549359
55113608	55113936
74635467	74635806
45280941	45281305
49147500	49147823
45938757	45939083
18772003	18772349
56431547	56431864
45550161	45550523
44731329	44731661
2104883	2105245
39325438	39325773
55789170	55789468
68449129	68449433
71863539	71863929
9073623	9073941
6521845	6522175
22306691	22307003
46002251	46002578
74766927	74767278
9575507	9575817
30812023	30812339
8478647	8478989
74919442	74919754
19577541	19577890
52901858	52902190
3703691	3703993
12886573	12886893
77006542	77006871
22067638	22067958
19192027	19192349
56197020	56197331
61630873	61631217
60092903	60093246
74061072	74061374
34902420	34902768
60382052	60382367
12659891	12660196
30129252	30129544
32810967	32811274
46201619	46201940
19958707	19959001
64771939	64772264
19069103	19069424
12727013	12727385
8449953	8450270
9516487	9516799
74421792	74422087
18759631	18759917
44061090	44061396
43271237	43271571
20510101	20510376
7038242	7038568
23501531	23501864
57504767	57505116
59249090	59249416
13813308	13813633
45973037	45973373
35358476	35358837
45275482	45275875
63392701	63392987
77288808	77289115
19180844	19181183
21085507	21085826
72219227	72219530
57490898	57491200
60649893	60650231
47536179	47536489
61173340	61173681
48311161	48311476
7022289	7022606
9612257	9612549
21656283	21656600
34923251	34923581
32241495	32241823
46548193	46548533
59798615	59798902
13159536	13159840
10560493	10560776
21166940	21167214
8480527	8480825
20143151	20143410
7177171	7177468
44626628	44626936
51970721	51971004
49814793	49815133
58989502	58989839
46190659	46190971
56067238	56067546
45523920	45524213
33530384	33530734
49194506	49194833
11387937	11388220
497037	497348
7452376	7452658
61106536	61106830
45756905	45757188
55526545	55526847
65183151	65183492
30132451	30132728
76635546	76635828
24048830	24049156
5868245	5868532
11040903	11041187
6219177	6219468
53082556	53082844
31702739	31703006
72531745	72532039
21202235	21202517
14086638	14086915
12237233	12237554
34389583	34389880
55848026	55848297
39878746	39879037
47254982	47255280
74138721	74139001
3594350	3594607
4068626	4068918
61517267	61517548
12038995	12039310
46974233	46974512
74092811	74093111
6482589	6482900
7164663	7164937
38971652	38971918
11655344	11655635
32966525	32966818
3995539	3995810
32309292	32309558
39610594	39610855
11860163	11860464
19024511	19024781
32723988	32724249
25179228	25179489
47730347	47730672
7950852	7951113
23985402	23985652
35056224	35056483
20711761	20712024
23476208	23476460
66290636	66290919
39608255	39608525
21699022	21699293
51645916	51646162
48577537	48577814
25185229	25185540
13630192	13630490
39694356	39694620
9792623	9792921
23963713	23963984
43554119	43554380
55710799	55711080
66403065	66403318
59850859	59851124
77140847	77141137
55989338	55989613
71708007	71708266
57663644	57663923
48804458	48804735
67863112	67863371
8982523	8982797
11512702	11512983
59218801	59219057
13558102	13558371
57655405	57655674
59102380	59102623
43419466	43419740
60822660	60823021
44741958	44742221
61515462	61515726
34862410	34862684
42966305	42966565
5057774	5058054
32935081	32935358
22094380	22094662
20393670	20393904
44809969	44810199
45549079	45549352
77139001	77139275
35117894	35118181
9148012	9148271
44562727	44562992
60990312	60990575
55637691	55637981
477652	477918
72160945	72161174
11937936	11938179
29321156	29321454
44238173	44238569
68157646	68157901
51918986	51919227
3481873	3482133
55105116	55105416
46203179	46203402
12893832	12894115
4017555	4017800
3151490	3151764
64163196	64163442
30019828	30020093
72608417	72608660
71647631	71647909
47294435	47294691
60786848	60787122
30294569	30294808
70320298	70320523
20958831	20959121
75461228	75461518
76639053	76639312
624046	624294
78015752	78015991
56916464	56916722
3441383	3441610
34349657	34349903
9683433	9683668
60692462	60692688
35158936	35159184
70339695	70339936
29869558	29869770
73968951	73969180
60090428	60090690
29557333	29557571
9684055	9684304
61771308	61771527
74587379	74587641
32175671	32175888
2083746	2083981
35024713	35024992
33864740	33864949
41710388	41710629
9771566	9771834
9971408	9971600
43728766	43729028
42159039	42159311
31902735	31902975
55578079	55578321
60683549	60683799
46303485	46303761
11872581	11872783
74514009	74514316
52443000	52443233
48171289	48171534
77912221	77912460
48636746	48636994
9951328	9951544
29135916	29136131
57450375	57450596
35113632	35113864
47175274	47175515
6886329	6886547
43753282	43753627
43429981	43430234
22124081	22124305
61185753	61185967
37546370	37546592
12394471	12394739
61178604	61178792
12396428	12396677
72143464	72143691
28786776	28787020
68122057	68122262
3998825	3999037
57298862	57299115
11741616	11741846
13680684	13680901
9673560	9673808
33336544	33336765
62759053	62759286
32389791	32390014
61245675	61245904
37993277	37993481
8882592	8882832
32987937	32988123
29851719	29851962
55229159	55229365
3885292	3885505
12271665	12272156
44576834	44577057
19494775	19495001
74398754	74399005
8507485	8507701
5023358	5023615
51654234	51654449
5879487	5879681
46439631	46439872
10490815	10490934
14178742	14179029
20379059	20379295
12422979	12423232
25265856	25266059
33497096	33497285
33597717	33597903
76746253	76746478
25330116	25330311
34522320	34522524
13003516	13003794
44135768	44135980
43151777	43151988
3454774	3454961
34152312	34152516
33357077	33357276
58755967	58756164
46764910	46765152
54536548	54536683
41151126	41151293
53051851	53052032
34874951	34875182
55574119	55574315
39633251	39633424
24585623	24585832
73566240	73566430
45564068	45564276
59303105	59303318
33992824	33993033
72020507	72020698
61642425	61642606
322613	322815
3643754	3643965
21283136	21283303
61511633	61511764
31419498	31419726
76745038	76745245
34337175	34337370
52650414	52650621
29399689	29399874
20284367	20284544
64227405	64227621
74771581	74771794
61705142	61705310
42855550	42855730
53448953	53449176
52346907	52347064
19173965	19174095
59916826	59917023
61007218	61007401
12121267	12121458
59169842	59170013
12767184	12767313
52763601	52763803
63605926	63606115
42964469	42964659
46568402	46568601
19364565	19364745
8084267	8084406
6541301	6541725
52226310	52226512
73191070	73191247
44530158	44530306
46238355	46238545
49874677	49874807
23887249	23887439
72675881	72676063
5073337	5073569
47388166	47388342
73439489	73439683
61182619	61182760
7272344	7272561
56735238	56735428
68599586	68599697
7174798	7174980
47745287	47745393
10230136	10230353
29261230	29261433
41905964	41906147
21993245	21993410
2994608	2994811
74634155	74634339
58081515	58081704
9722624	9723048
77929184	77929380
72753641	72753763
40851912	40852074
10437950	10438141
902190	902614
12278236	12278430
12744180	12744379
24393142	24393316
14074287	14074479
666251	666455
20787456	20787600
75477553	75477684
616359	616783
41167657	41167801
18775073	18775497
42258935	42259130
71977845	71977966
54719386	54719810
38515508	38515641
21596729	21596845
74923890	74924083
712662	712909
64884911	64885052
21359665	21359863
46194021	46194445
23683643	23683814
12531865	12531984
24201478	24201679
45872130	45872272
20657504	20657610
43653809	43653993
7789947	7790146
27454568	27454750
12539951	12540153
55297541	55297710
77783357	77783464
60067343	60067542
18551929	18552104
56164289	56164399
7735312	7735453
29086459	29086587
71749641	71750065
26541693	26541811
51749665	51749809
23252608	23252742
43861152	43861632
24597955	24598127
741791	742215
48662085	48662509
68245856	68245983
72369540	72369964
29652282	29652706
19688714	19688920
46166063	46166487
7872472	7872896
3970892	3971316
52314576	52314701
48694720	48695144
60798272	60798696
61009534	61009690
2224006	2224134
75612065	75612272
3771440	3771621
39112462	39112632
54456799	54457223
71784350	71784507
45122478	45122902
29536974	29537160
12890641	12890764
57126718	57126845
7000646	7000769
32585920	32586344
1585848	1586272
2471515	2471939
64284027	64284199
30499745	30500169
13832243	13832369
11728415	11728534
20633914	20634061
30790475	30790899
55899168	55899592
61409122	61409283
55626596	55626702
66327736	66327842
30510674	30511098
33991635	33992059
22068991	22069160
2947994	2948418
19333982	19334188
24351480	24351904
56435767	56435917
6543453	6543595
5424898	5425322
73965007	73965113
25937689	25938113
34965791	34966215
43496431	43496575
44045189	44045613
22180143	22180276
831029	831182
34599053	34599477
66669577	66669723
48188522	48188946
48185419	48185843
71820076	71820500
75362720	75363144
51225260	51225684
48910916	48911089
10851868	10851984
53528476	53528900
54312649	54313073
3596676	3597100
3380568	3380706
13216029	13216453
11761732	11761844
24384529	24384668
36125161	36125293
2932169	2932593
11154401	11154825
2547589	2547728
8525765	8526189
8899077	8899216
45459118	45459262
62076712	62077136
47577637	47578061
30049120	30049544
597026	597177
32446686	32447110
57313477	57313901
45557344	45557768
67151988	67152412
74117951	74118375
37739376	37739800
74559844	74560268
63420941	63421047
72335365	72335789
45844454	45844600
56452960	56453072
5066376	5066800
56208385	56208809
54370156	54370580
41143756	41144180
43021085	43021509
63455638	63456062
32368040	32368183
58078951	58079375
62873762	62874186
56975848	56975987
68266072	68266496
58216588	58217012
70429895	70430006
67136527	67136951
11309197	11309621
22314038	22314462
60689636	60690060
19400236	19400660
45458045	45458469
29290836	29291260
30051009	30051139
54376687	54377111
13103394	13103818
12047001	12047154
12686102	12686526
27860800	27861224
12283139	12283563
46705130	46705554
46482324	46482748
73986633	73987057
7926523	7926947
65377853	65378277
13811978	13812402
51884068	51884233
51094309	51094733
28550168	28550592
3869869	3870293
39486635	39487059
54243290	54243714
25188855	25188975
72127135	72127559
56722834	56723258
43900261	43900685
42481230	42481654
61491148	61491572
11570799	11571223
19988009	19988433
71998627	71999051
45554488	45554912
45991609	45992033
46777194	46777618
9549434	9549858
1914463	1914887
11859403	11859827
38676496	38676920
20675407	20675831
7626813	7627237
32447540	32447964
63234618	63235042
13823985	13824148
42475386	42475810
19862061	19862485
8359084	8359508
19492267	19492691
6401687	6402111
30473858	30474282
7196417	7196841
730074	730498
21982349	21982773
54697002	54697426
29190814	29191238
53966132	53966556
60625084	60625508
14415764	14416188
40176147	40176571
11963868	11964292
68131945	68132369
44098391	44098815
47413744	47414168
30156261	30156685
61603368	61603792
36370279	36370703
8219750	8220174
39348061	39348167
74909032	74909456
21603361	21603785
64486418	64486842
66514479	66514903
19912546	19912970
53189196	53189620
29133752	29134176
23495883	23496307
73258908	73259332
21082807	21083231
3187208	3187632
47955629	47955762
2985603	2986027
46463899	46464323
34000175	34000599
69452001	69452425
54230833	54231257
72956303	72956727
55842308	55842732
41200855	41201279
12057591	12058015
53244970	53245394
34846204	34846628
43313461	43313885
20426076	20426500
19748319	19748743
19749416	19749560
46941737	46942161
8426327	8426751
47813932	47814356
61685083	61685507
30130867	30131291
3238749	3239173
33876520	33876944
3710851	3711275
18895904	18896328
47155549	47155973
31611785	31612209
42862351	42862775
19325150	19325574
7488532	7488956
44924002	44924426
76208129	76208553
74779444	74779868
34915328	34915752
50430213	50430637
30479794	30480218
70803381	70803805
46765016	46765440
42159159	42159583
814689	815113
39632040	39632464
48104959	48105383
5106694	5107118
7980120	7980544
74147508	74147932
45681141	45681565
45945979	45946403
2766248	2766672
20991762	20992186
13548063	13548487
63103666	63104090
2541937	2542361
13909488	13909912
27472915	27473339
20960127	20960551
59625032	59625456
70368525	70368949
13530845	13531269
41176102	41176526
2337499	2337923
48724394	48724818
56247739	56248163
47882856	47883280
3635378	3635802
56807727	56808151
32401620	32402044
11398673	11399097
32707148	32707572
41678661	41679085
32606325	32606749
45705334	45705758
12074711	12075135
52583738	52584162
21939648	21940072
8609107	8609531
58335785	58336209
52338490	52338914
47085646	47086070
67304100	67304524
8654455	8654879
7805910	7806334
23765206	23765630
22013796	22014220
12092691	12093115
64867457	64867881
23141860	23142284
26771163	26771587
77794507	77794931
6069138	6069562
33675866	33676290
19089038	19089462
48725603	48726027
14075164	14075588
45631696	45632120
55719012	55719436
64060711	64061135
51796617	51797041
629769	630193
46476164	46476588
72009675	72010099
29091138	29091562
28551331	28551755
41241412	41241836
21392542	21392966
37151467	37151891
48384080	48384504
74018601	74019025
47376249	47376673
61450637	61451061
77077775	77078199
22008664	22009088
48136699	48137123
54802923	54803347
74370499	74370923
51751013	51751437
55311755	55312179
48626943	48627367
46862021	46862445
39652379	39652803
34408985	34409409
2230691	2231115
67839412	67839836
34746900	34747324
56159571	56159995
46523526	46523950
11549164	11549588
55106039	55106463
30781545	30781969
19943836	19944260
42921382	42921806
3121251	3121675
4130691	4131115
52942243	52942667
55734869	55735293
27956494	27956918
74192846	74193270
57736369	57736793
44257603	44258027
59992702	59993126
31075271	31075695
38958630	38959054
20139273	20139697
43318577	43319001
29840975	29841399
55861285	55861709
60233431	60233855
46585383	46585807
27478089	27478513
68079233	68079657
6604196	6604620
18822091	18822515
21241855	21242279
69065769	69066193
14978952	14979376
48554491	48554915
60740694	60741118
44243106	44243530
9739490	9739914
42896130	42896554
38975647	38976071
3655672	3656096
5546642	5547066
27019359	27019783
3852284	3852708
29537091	29537515
28469863	28470287
33578982	33579406
41900765	41901189
35159027	35159451
37312864	37313288
75414626	75415050
43387153	43387577
9831101	9831525
12478637	12479061
25769343	25769767
45529594	45530018
43793303	43793727
19431268	19431692
19284793	19285217
74517114	74517538
10249246	10249670
5975285	5975709
286428	286852
22252527	22252951
72364324	72364748
1513542	1513966
10560619	10561043
7349426	7349850
831155	831579
61618519	61618943
644287	644711
55710897	55711321
66592483	66592907
3773370	3773794
3772537	3772961
34241959	34242383
44202940	44203364
3653050	3653474
11913980	11914404
48393156	48393580
59855199	59855623
8480662	8481086
3794492	3794916
20686471	20686895
20991969	20992393
29265141	29265565
13113020	13113444
11487995	11488419
1499257	1499681
8536179	8536603
25358375	25358799
61787069	61787493
44087135	44087559
77113215	77113639
37415271	37415695
30254414	30254838
43753732	43754004
30249492	30249916
3281392	3281816
46195262	46195686
34479259	34479683
35358660	35359084
4182098	4182522
32537413	32537837
58475605	58476029
65131076	65131500
14031601	14032025
58756071	58756495
10682281	10682705
69753621	69754045
9661558	9661982
61911738	61912162
10006177	10006601
72952410	72952834
30041829	30042253
47866492	47866916
73403428	73403852
39479482	39479906
52625245	52625669
72942850	72943274
23501693	23502117
77513118	77513224
53905823	53906247
32241622	32242046
29960462	29960886
3150313	3150737
31331531	31331955
48659945	48660369
12086681	12087105
48100047	48100471
60125583	60126007
60326974	60327398
43973134	43973558
10194572	10194996
66327807	66328231
55578214	55578638
18714846	18715270
46295618	46296042
33168940	33169364
8921378	8921802
20711855	20712279
67610238	67610662
46166262	46166686
41710500	41710924
31323950	31324374
45284365	45284789
44373548	44373972
67568182	67568606
68117883	68118307
43949292	43949716
19252714	19253138
7038377	7038801
48345561	48345985
29143761	29144185
19754747	19755171
6729773	6730197
53010692	53011116
34787300	34787724
13003643	13004067
19799616	19800040
8324639	8325063
74712558	74712982
61157342	61157766
55988357	55988781
30129400	30129824
76786480	76786904
13746537	13746961
8478826	8479250
74779657	74780081
61662332	61662438
38001266	38001690
33519125	33519549
69516643	69517067
62895255	62895679
60118356	60118780
46991040	46991464
10016105	10016529
73881709	73882133
56471203	56471627
11591	12015
47310886	47311310
57661575	57661999
32092322	32092746
29938055	29938479
7020999	7021423
46131826	46132250
47794811	47795235
64416262	64416686
52690823	52691247
71508932	71509356
9403784	9404208
32156572	32156996
2180564	2180988
19862990	19863414
7877545	7877969
75457512	75457936
12237382	12237806
73608829	73609253
51436037	51436461
8052276	8052700
56328623	56329047
1806901	1807325
71638943	71639367
55113766	55114190
33627909	33628333
48509213	48509637
21851962	21852386
43870978	43871402
53006481	53006905
59912890	59913314
3322862	3323286
77720212	77720636
73463	73887
1751188	1751612
51646034	51646458
56248503	56248927
37066213	37066637
75833261	75833685
32967054	32967478
49745080	49745504
45257118	45257542
11323100	11323524
24146841	24147265
49063904	49064328
43459917	43460327
35010597	35011021
20611393	20611817
33091824	33092248
9296138	9296562
71558777	71559201
49936117	49936541
10784595	10785019
72265659	72266083
74853627	74854051
20683366	20683790
70204776	70205200
13375534	13375958
76419735	76420159
3653307	3653731
43169643	43170067
2293089	2293513
40976226	40976650
65373070	65373494
77417420	77417844
61997374	61997798
64215977	64216401
52220280	52220704
24037917	24038341
67512846	67513270
11952183	11952607
28846452	28846876
45684444	45684868
60763273	60763697
50679675	50680099
45821941	45822365
47867941	47868365
10856207	10856631
7367425	7367849
58344006	58344430
33417895	33418319
50221133	50221557
72881794	72882218
12604450	12604874
43381614	43382038
54415866	54416290
60603256	60603680
61190887	61191311
34035726	34036150
21269053	21269477
3323087	3323511
24979912	24980336
10794789	10795213
52598371	52598795
55133980	55134404
77586981	77587405
21498602	21499026
9798087	9798511
45058237	45058661
42864185	42864609
27772281	27772705
49866146	49866570
24543215	24543639
23923171	23923595
1559495	1559919
32461428	32461852
72235044	72235468
34341299	34341723
19836144	19836568
12841068	12841492
3149184	3149608
58493602	58494026
29599519	29599943
76644498	76644922
70301712	70302136
29137433	29137857
46516942	46517366
47252564	47252988
20563145	20563569
72265858	72266282
32481249	32481673
6272307	6272731
45991827	45992251
3468266	3468690
22914577	22915001
75053418	75053842
74846078	74846502
6874420	6874844
46166860	46167284
46515393	46515817
57507513	57507937
68650513	68650937
29913712	29914136
5787862	5788286
58352069	58352493
832182	832606
56074805	56075229
60659201	60659625
63106428	63106852
34888971	34889395
19904344	19904768
57383084	57383508
43754686	43755110
34204410	34204834
82771	83195
