135897662	135898127
130879850	130880353
131905172	131905667
136608007	136608532
124885208	124885695
36008745	36009221
133576395	133576840
131893884	131894389
131057539	131058032
139233560	139234051
123975441	123975870
127082528	127082998
90427770	90428214
131768994	131769481
135777215	135777690
136022859	136023301
123239679	123240120
131495419	131495940
134053657	134054086
71199329	71199767
132488821	132489322
127474186	127474588
129728053	129728484
130352124	130352538
133933129	133933574
134211615	134212080
124040941	124041397
139686093	139686740
129261391	129261889
124082260	124082713
135144113	135144633
133559400	133559838
133741693	133742259
138756234	138756710
136268988	136269450
131124365	131124823
127379742	127380137
125112854	125113275
129976691	129977077
137335162	137335572
129160708	129161159
127905853	127906270
127177684	127178111
132546043	132546423
123698773	123699187
135111722	135112201
137977844	137978254
126112138	126112584
132386414	132386861
135134533	135134953
122731359	122731800
139117900	139118360
136964263	136964711
130496851	130497254
34403721	34404142
134630961	134631348
127314001	127314396
116444486	116444866
99619090	99619473
35696533	35696943
135978507	135978977
115606922	115607307
138396431	138396856
136055279	136055682
124457679	124458122
124861558	124861930
139379424	139379848
133005444	133005875
129957529	129957930
129961512	129961866
129320378	129320732
34664240	34664697
131936272	131936683
94496631	94497051
35882253	35882617
127615054	127615696
130797438	130797861
97431116	97431481
124449138	124449523
131580474	131580847
136061379	136061794
132869371	132869766
131625811	131626250
138495722	138496102
92163965	92164334
136271902	136272308
130887259	130887645
139383025	139383471
101610824	101611192
34252877	34253311
37913563	37914026
137035853	137036223
132379556	132379921
136351428	136351833
130348729	130349123
137590346	137590752
124887410	124887840
80984545	80984948
101553436	101553819
131397472	131397870
131200850	131201252
131690167	131690594
135383033	135383417
127298980	127299377
130266211	130266656
4339360	4339711
18442650	18442999
132404346	132404858
127536646	127537094
38087950	38088321
3467580	3467949
129702886	129703238
139929709	139930123
126889063	126889486
140121904	140122328
101946851	101947243
131901340	131901782
134225400	134225800
135847992	135848355
37747137	37747496
137341316	137341769
126164182	126164553
33722110	33722473
138859375	138859816
127534261	127534684
138235754	138236185
101026035	101026405
136036374	136036737
135045153	135045555
33466635	33467043
34379312	34379704
5886075	5886476
140339710	140340091
138304418	138304851
133816458	133816838
128991124	128991557
137581381	137581790
19457429	19457802
136647265	136647681
131017481	131017894
127181786	127182179
129468729	129469108
112231950	112232312
81054363	81054739
136019823	136020223
129464684	129465080
80072908	80073286
80048586	80048963
34500663	34501033
129544078	129544470
102790416	102790775
100161421	100161817
130965388	130965757
140429242	140429652
34603634	34604065
117249877	117250244
74639923	74640268
27888669	27889071
19925941	19926346
35945749	35946108
112006839	112007218
129467502	129467898
100836644	100837034
124497255	124497696
125227291	125227634
135450430	135450815
100230876	100231224
139294590	139295015
120932326	120932671
34675081	34675467
108644005	108644389
33229259	33229642
86876069	86876453
112282750	112283152
80071766	80072121
136859532	136859934
139652810	139653164
130497537	130497942
138689449	138689868
4315587	4315959
100652228	100652636
101077748	101078156
103267869	103268188
128320726	128321087
94896190	94896572
74421740	74422104
95396978	95397378
116420229	116420597
97889897	97890284
127656869	127657264
129253599	129253933
36555829	36556177
140567281	140567622
117424368	117424764
137670722	137671116
124260462	124260799
124857522	124857916
4759295	4759666
1009100	1009475
117101357	117101730
130705936	130706331
34612753	34613158
110103457	110103858
120406903	120407274
123518128	123518471
124920533	124920873
100797011	100797430
100149231	100149626
133326787	133327168
34633911	34634239
133928554	133928957
21812978	21813329
134466531	134466896
97930188	97930584
116870171	116870550
95871439	95871780
136218845	136219216
100173941	100174309
101903009	101903381
112163742	112164132
14353469	14353835
130632175	130632550
117415835	117416154
34985289	34985684
116844747	116845126
126147695	126148078
121358025	121358365
140181416	140181748
36991603	36991928
132998420	132998827
129452617	129453035
125261092	125261441
129373826	129374165
115555539	115555898
124623766	124624129
125141610	125141965
139842451	139842867
33415416	33415786
2859817	2860134
94902540	94902904
139923594	139924154
37415195	37415552
92213042	92213398
135675543	135675901
97365561	97365931
125215497	125215796
130285726	130286056
33374905	33375243
95553093	95553434
124397290	124397608
124506616	124506955
135853010	135853420
139839155	139839520
124754922	124755247
74653902	74654221
13034200	13034530
124383316	124383711
111524100	111524459
131103667	131104059
129263155	129263545
74895846	74896199
140473316	140473688
36728917	36729291
116569644	116570057
34074221	34074580
21455332	21455698
139588644	139589052
93677182	93677524
90299501	90299844
137552279	137552625
117501162	117501465
127601906	127602285
130683803	130684179
139525870	139526244
35116808	35117172
95527637	95527996
130217587	130217913
133557933	133558275
102028845	102029187
33452710	33453126
100716853	100717178
114837072	114837390
112203002	112203337
72586831	72587177
132647912	132648289
111576304	111576642
385832	386149
34702140	34702493
133922141	133922497
34899558	34899893
108177675	108178026
97893649	97893982
130705051	130705501
139940961	139941316
4366755	4367087
91193387	91193767
136454504	136454912
89563388	89563728
35736113	35736453
128136994	128137377
133873704	133874070
19471774	19472182
131790757	131791094
72725926	72726241
18255059	18255409
26975683	26976026
132331894	132332203
137291299	137291647
131865340	131865722
35790303	35790647
118646042	118646356
80070270	80070584
15135201	15135556
123201449	123201803
36873296	36873668
613800	614164
139538961	139539326
117068114	117068489
19048988	19049325
130073466	130073775
90788310	90788673
115665456	115665787
118353771	118354122
27247711	27248031
95264294	95264623
130846135	130846487
139062132	139062480
116163619	116163982
72728352	72728718
129064309	129064627
123984760	123985067
132552619	132552957
35825942	35826513
95478746	95479114
77388829	77389130
103200181	103200507
33921981	33922335
90293589	90293919
3240693	3241018
140130893	140131236
71650463	71650776
32579732	32580062
110184508	110184864
35553973	35554310
126803287	126803668
138494570	138494936
100967972	100968312
114360073	114360385
75637906	75638224
114860016	114860355
123822336	123822677
12702164	12702483
35603854	35604364
133739028	133739339
87019038	87019366
33778779	33779086
100360965	100361312
132499857	132500221
14846799	14847133
139655283	139655617
5590075	5590396
80650334	80650663
95916570	95916948
108663767	108664092
36023436	36023794
131464565	131464979
124225345	124225695
128190260	128190599
124312722	124313108
109934498	109934787
129622468	129622831
119499315	119499675
124767907	124768237
125572641	125572963
95922188	95922574
123382055	123382345
92217918	92218247
71642572	71642884
87568984	87569333
98994714	98995075
85576469	85576809
74219388	74219725
130717630	130718028
136658086	136658436
114384231	114384548
120545461	120545777
124308215	124308575
86159329	86159651
34994441	34994762
36102995	36103351
107625546	107625872
139014747	139015107
73099486	73099792
126306308	126306616
4797381	4797718
34546925	34547283
101761158	101761525
123748083	123748364
123111153	123111513
92864633	92864953
85949203	85949491
86211831	86212204
35481408	35481716
33287027	33287363
118912158	118912471
85834560	85834879
101737173	101737517
33623968	33624283
7052607	7052889
139962216	139962560
112665856	112666162
71838494	71838821
136060397	136060696
96827757	96828061
117776323	117776630
90277832	90278189
20941123	20941420
99871523	99871841
104473649	104473967
98980498	98980831
35477277	35477570
27529714	27530038
119334501	119334801
77800546	77800864
15142974	15143244
97545361	97545665
117777344	117777677
102569600	102569895
87012022	87012309
34437343	34437682
117669307	117669638
893805	894092
131174704	131175036
111328085	111328427
22008600	22008980
38160653	38161014
38417012	38417348
4987908	4988277
35611272	35611602
100472893	100473234
103476940	103477231
101762800	101763077
126162084	126162422
129967427	129967742
92208780	92209099
88649829	88650170
9942836	9943155
126116274	126116671
35954957	35955242
119622844	119623160
139030488	139030859
96589706	96590025
130268134	130268452
32572299	32572653
7234136	7234461
140589692	140590015
116169262	116169577
99079681	99079977
2857628	2857912
32251484	32251783
77392020	77392291
91933761	91934057
5600501	5600832
71183000	71183318
139621123	139621454
117053280	117053632
33738102	33738459
125118962	125119251
79765743	79766030
139035162	139035444
27333175	27333479
132483476	132483812
136398219	136398535
123817960	123818350
86198109	86198394
71614593	71614902
86930230	86930533
37904259	37904580
18208201	18208510
116417710	116418055
103363465	103363768
79034737	79035045
14428799	14429129
86788020	86788344
139682101	139682461
5186455	5186759
95719520	95719794
136591502	136591845
35910910	35911214
96764866	96765163
97316631	97316950
15104848	15105152
137631032	137631322
17063587	17063854
129535337	129535648
20624804	20625102
73900100	73900389
5869763	5870072
132372837	132373266
15211488	15211800
103881532	103881820
86264054	86264368
86235703	86236003
139524908	139525220
5799280	5799562
7570162	7570433
93657529	93657831
133582720	133583038
33081281	33081610
119257348	119257671
6354125	6354416
116353944	116354290
123964239	123964562
125844155	125844411
19493117	19493418
119423416	119423687
138593775	138594095
94520693	94521014
95468798	95469123
122724095	122724382
21709519	21709813
127602806	127603189
77853326	77853626
98098634	98098949
139258173	139258494
128124131	128124418
101537136	101537440
25716314	25716604
37390760	37391033
114162360	114162636
94537763	94538044
117673547	117673833
21235769	21236036
26326562	26326811
100663328	100663626
118763076	118763391
139566057	139566434
127618218	127618596
93747535	93747846
101994046	101994333
34591727	34592045
20356348	20356631
71669151	71669439
139944237	139944588
73125128	73125427
130110421	130110708
97443787	97444071
16192174	16192493
96064976	96065296
117197089	117197385
88817232	88817542
110187577	110187879
19028937	19029221
21789482	21789763
16257618	16257892
33925176	33925496
17811042	17811322
89048922	89049196
32378548	32378823
94489610	94489915
137979207	137979512
111034842	111035136
130526413	130526712
114875307	114875571
34929574	34929829
132872482	132872761
104221325	104221597
36407043	36407385
104292452	104292736
81744836	81745129
94717067	94717349
12776325	12776610
125987815	125988072
79425305	79425611
130123118	130123404
22216962	22217225
134622806	134623093
33223835	33224083
32432020	32432289
27726196	27726457
128393644	128393908
117167879	117168155
100232411	100232731
116499743	116500039
123294058	123294325
4762603	4762884
96975859	96976132
130288143	130288404
764060	764360
33720132	33720452
96444431	96444768
88040101	88040400
72037119	72037421
74886861	74887121
99204143	99204441
128170254	128170553
125753661	125753954
3732639	3732919
95766039	95766306
95748501	95748796
33403381	33403627
119409561	119409830
33852275	33852542
139736757	139737044
73864710	73864972
96725268	96725577
133307796	133308064
88225048	88225318
96328664	96328951
81216892	81217169
118355854	118356130
73539905	73540162
72164386	72164673
96074927	96075224
86153600	86153921
122318385	122318664
122052119	122052359
36862158	36862462
6107074	6107333
135519788	135520047
21111024	21111274
112174223	112174484
75722468	75722742
6054539	6054827
75697016	75697269
123931374	123931654
140476684	140476959
122128009	122128263
127209232	127209499
124208335	124208605
99090064	99090345
15232055	15232368
131398364	131398658
77880461	77880715
77357795	77358033
36166582	36166866
18213294	18213569
7536399	7536681
75201802	75202071
111906260	111906528
36995898	36996168
117443820	117444147
118925841	118926093
100684564	100684865
35729767	35730024
131176780	131177087
100978200	100978465
94900431	94900748
35813492	35813798
139240355	139240607
4297322	4297628
37594515	37594772
96067228	96067499
111945500	111945818
127952050	127952340
133336597	133336891
112820700	112820951
88515489	88515775
36597457	36597722
117300576	117300846
73217412	73217688
1940134	1940405
5442481	5442717
34562186	34562461
100377821	100378096
22470022	22470276
103357931	103358204
26856454	26856714
131641589	131641868
138392297	138392592
137033909	137034175
35756547	35756865
130549045	130549346
72547893	72548155
93633400	93633646
112915232	112915535
127630677	127630909
125226029	125226339
347731	348033
123505277	123505543
103085261	103085544
128771397	128771667
2087735	2088000
104211632	104211931
103364706	103364929
127615054	127615696
75472019	75472250
135128029	135128291
1005174	1005408
126127586	126127869
16266713	16266936
135924006	135924287
119351698	119351972
130912877	130913154
136196234	136196469
33742578	33742824
131182468	131182810
134615497	134615782
806627	806892
124483279	124483559
108604386	108604623
38363094	38363328
27033859	27034106
117444310	117444659
139923254	139923685
111433566	111433811
118286828	118287072
26656337	26656590
76180859	76181102
35051443	35051699
112650160	112650434
130783117	130783365
35096072	35096420
4604643	4604868
128908599	128908840
16133789	16134083
81436100	81436350
133293103	133293346
35661169	35661434
2181865	2182143
33617601	33617872
139958581	139958871
35646789	35647073
127242864	127243133
5832997	5833270
131172279	131172531
6024157	6024383
131614356	131614602
130046306	130046545
928437	928707
33517451	33517721
139622568	139622877
112945572	112945790
32526510	32526756
133723363	133723605
22307091	22307307
32581605	32581843
115582231	115582464
71459984	71460236
134242243	134242449
100686046	100686296
19465014	19465262
109899933	109900137
104227630	104227889
101623170	101623416
34646885	34647156
90721427	90721658
116615698	116615931
134150779	134151010
134637889	134638114
100955382	100955646
998564	998988
116036752	116036993
15403237	15403476
86853652	86853899
135526654	135526865
123492181	123492396
104150155	104150393
98984475	98984712
21466006	21466221
137875005	137875257
140667009	140667291
113102693	113102922
126885164	126885421
135287589	135287811
107570371	107570618
130180372	130180629
21813923	21814168
25964235	25964447
107505746	107505977
102978557	102978801
26723601	26723805
32589162	32589369
111230687	111230919
34548059	34548307
18297555	18297776
4197676	4197925
12884879	12885077
137750352	137750593
37262505	37262722
128018342	128018578
17531687	17531956
104364508	104364747
32379313	32379562
138508191	138508472
34139704	34139967
35511193	35511433
5715163	5715370
106160265	106160484
133894073	133894304
124465370	124465586
12329423	12329692
96776440	96776655
123374596	123374808
137273523	137273767
134351403	134351665
91615971	91616215
3441294	3441513
19174326	19174563
101538210	101538427
2116211	2116462
136303009	136303269
4077556	4077801
137311610	137311922
91208773	91209027
131944948	131945171
5899377	5899604
136114493	136114788
94188491	94188700
139678722	139678971
72534457	72534679
134829779	134829991
130199828	130200033
138711844	138712079
121284409	121284635
89252436	89252695
98489104	98489315
16039464	16039684
33225657	33225882
76994721	76994934
140108142	140108438
112642885	112643129
7186301	7186521
93799460	93799703
91356355	91356567
117270069	117270278
33170933	33171132
89905130	89905342
73616799	73617025
104329610	104329815
112083320	112083545
113189855	113190080
86535597	86535751
124402329	124402573
95217650	95217856
98498703	98498966
135286539	135286843
115473448	115473671
31800092	31800315
104490530	104490759
34332443	34332632
35903070	35903279
18791180	18791375
129709895	129710112
1837571	1837760
21195199	21195429
130547251	130547481
91337806	91337991
130567958	130568231
87312509	87312757
90565763	90565989
124907209	124907390
124049783	124049994
100249475	100249673
127155361	127155549
75207744	75207973
22452524	22452751
136262129	136262369
38334333	38334545
115683833	115684032
74818219	74818430
15837164	15837367
134079305	134079508
34191647	34191819
22239068	22239273
136063703	136063913
6667749	6667939
111297922	111298149
77385942	77386163
6049865	6050077
123129141	123129286
80736492	80736725
22244760	22244973
21183155	21183363
111945849	111946151
79319629	79319849
139870094	139870321
77692155	77692367
120249845	120250111
36328888	36329108
75814883	75815114
98833857	98834068
132930278	132930479
130341849	130342273
136581020	136581231
136226230	136226477
139148070	139148283
116725369	116725611
138370651	138370880
86552887	86553019
582001	582200
38371565	38371752
32968501	32968746
6827472	6827655
36450255	36450449
85846069	85846279
4662153	4662301
139660955	139661186
131755386	131755582
101775348	101775567
119835878	119836111
44227350	44227627
116071574	116071786
136858117	136858368
21253080	21253276
75423126	75423342
35825942	35826513
99215983	99216187
135058008	135058220
127527175	127527362
87873818	87873999
94195550	94195741
140172078	140172322
89612188	89612334
91388787	91389211
140189102	140189287
77617163	77617368
101440643	101440833
133646435	133646591
136024964	136025193
112980025	112980233
130397010	130397220
72546355	72546567
135916363	135916579
122138273	122138418
2824689	2824856
127149739	127150163
14768636	14768775
1869836	1870260
95449297	95449530
12819921	12820139
124202620	124202866
6055276	6055465
29285924	29286051
32395885	32396034
112336665	112336856
10366292	10366455
101925187	101925300
21213735	21213961
78481296	78481482
11319562	11319747
27276523	27276721
138058449	138058638
38708064	38708252
88313332	88313531
139637462	139637648
80592245	80592378
128023947	128024148
133826224	133826364
132820549	132820765
71175037	71175230
108400164	108400325
112580257	112580442
110246490	110246683
140317690	140317903
98823476	98823900
38400762	38400906
21070402	21070530
107919492	107919664
4382789	4382991
17742187	17742377
21318380	21318598
20885089	20885284
120984643	120984833
110887920	110888122
125216734	125217158
81749699	81749911
133745444	133745598
130680589	130681013
136860105	136860405
79018369	79018481
94438434	94438649
16032944	16033101
87947498	87947700
22119713	22119866
130108973	130109125
37582529	37582953
137791683	137791826
77260062	77260224
13088808	13089054
32351837	32352261
131258165	131258342
127516730	127516877
102338218	102338642
132373369	132373711
133607597	133608021
132512140	132512564
79602654	79602787
132482894	132483239
109920687	109920860
90407715	90408139
76298853	76299034
115733785	115733988
37482384	37482623
114738093	114738276
17802339	17802539
92989118	92989316
71773137	71773318
137534523	137534633
30066013	30066185
135077276	135077434
135144113	135144633
133244325	133244495
77185993	77186127
85814273	85814441
135569557	135569981
140995527	140995733
130953802	130954016
18143119	18143266
127074624	127074819
120318638	120318807
91894002	91894171
72027636	72027833
103463004	103463145
80619591	80619700
29830953	29831075
18824187	18824374
91147373	91147615
111612682	111612788
140862943	140863098
123869225	123869649
90498916	90499340
132919005	132919157
93678081	93678234
6845998	6846167
38642649	38642859
123373250	123373674
111955093	111955287
101127622	101127750
35258818	35259242
140475162	140475328
89102097	89102521
15824423	15824605
89939673	89939817
21392389	21392523
104074110	104074252
107922068	107922274
139458941	139459365
92815300	92815724
90282146	90282570
136321685	136321863
112108164	112108367
1460226	1460413
72492958	72493097
140515834	140516258
139334389	139334514
15552103	15552269
4073529	4073671
140071106	140071285
14442245	14442669
130945983	130946407
125864923	125865347
126801380	126801504
35835413	35835605
89695742	89696166
38433049	38433212
20524871	20524977
4048447	4048871
86909431	86909855
100745487	100745695
141102302	141102548
71032227	71032390
14400740	14400851
135042045	135042469
80366431	80366625
128965597	128966021
2132470	2132894
74434183	74434339
36793248	36793672
34256088	34256512
114522438	114522596
21789746	21789943
140156732	140156914
138332587	138332751
129655506	129655613
133026152	133026576
89951873	89952047
136242245	136242404
93535992	93536131
130740263	130740445
124587014	124587153
910984	911408
127581383	127581539
116917634	116917821
140083607	140083816
101299190	101299369
21586351	21586775
71808156	71808367
125600769	125601193
29692192	29692300
134283218	134283642
136208930	136209088
137109626	137110050
139820706	139820907
36788677	36788840
106939268	106939692
134731431	134731855
108175836	108176260
114061735	114061851
72424188	72424612
108188290	108188714
123744018	123744249
132439396	132439570
12640138	12640282
139738256	139738432
14465448	14465872
100658304	100658462
132372837	132373274
80456764	80456891
99007644	99008068
129055924	129056091
34376214	34376382
79830806	79831230
99428999	99429339
139521956	139522082
132802325	132802433
124162388	124162812
73244044	73244244
130672995	130673419
88901897	88902321
21153947	21154371
112415378	112415538
137673710	137674134
127087542	127087966
35522152	35522576
75694185	75694609
20611791	20611916
109807208	109807632
87758088	87758202
140916730	140917154
137548134	137548558
74243177	74243601
138913556	138913980
32703764	32703878
131464565	131464979
108210125	108210301
127557169	127557593
87548011	87548126
107148847	107149013
97385521	97385945
86323603	86323756
20291983	20292407
79062508	79062669
36205328	36205458
138618067	138618491
33523373	33523520
36110607	36110718
35096491	35096829
124372694	124373118
101751542	101751966
16640614	16641038
136741259	136741683
129148350	129148774
35733206	35733388
111539649	111539755
80980975	80981399
4679252	4679676
126197004	126197148
132660523	132660947
23123134	23123311
134353788	134353998
80730032	80730456
130650096	130650520
93660511	93660935
19085287	19085711
12464905	12465329
138366861	138367057
71300670	71301094
38620586	38620770
129811248	129811672
21434561	21434723
133814597	133814703
124446750	124446881
93851900	93852324
77555487	77555911
115205473	115205897
114454158	114454275
34155713	34155877
127120347	127120771
134685989	134686413
21141309	21141733
757672	757816
13427498	13427922
123785348	123785772
129361329	129361753
132244059	132244483
35489442	35489612
89230324	89230748
113385719	113386143
100616307	100616437
133356161	133356308
80103394	80103818
97849956	97850380
5424988	5425412
80512216	80512640
124462368	124462792
5450391	5450815
111519015	111519439
130469904	130470328
15513379	15513803
74948688	74949112
4924167	4924591
123834398	123834560
138859375	138859816
73007097	73007521
72967791	72967928
100752497	100752921
71293322	71293746
130865831	130866255
135548730	135549154
92179478	92179653
73255242	73255356
6907780	6908204
35603854	35604364
4327479	4327903
21326518	21326942
92904984	92905113
140338844	140339268
99329147	99329334
132861908	132862332
71122492	71122631
92044165	92044589
91275514	91275938
4849452	4849876
31119863	31120287
26892182	26892606
112716242	112716375
80379775	80380199
127284738	127285162
1604934	1605358
130714395	130714819
129679186	129679610
134712682	134713106
123883838	123884262
133958489	133958913
94741027	94741451
36911129	36911303
111045143	111045567
9790234	9790658
75884345	75884769
37034638	37035062
4750185	4750305
104554199	104554623
114854054	114854478
28820663	28821087
137731254	137731678
134261788	134261957
129326965	129327389
126824447	126824871
1100921	1101345
75458939	75459363
81398667	81399091
68726369	68726475
27548126	27548550
94901607	94901715
139345964	139346388
34869391	34869815
117481124	117481548
22009373	22009797
90589726	90589853
19517522	19517946
132430069	132430493
126486677	126487101
86226460	86226884
7360505	7360929
77311391	77311815
94422095	94422519
109904244	109904668
33785837	33786261
77567227	77567403
74763189	74763613
130485780	130486204
110036423	110036847
89029163	89029587
104249322	104249746
77815773	77816197
14616527	14616638
87034139	87034563
74298720	74299144
74105732	74106156
138372933	138373045
92903989	92904413
34760424	34760848
2228088	2228512
127529057	127529481
139134760	139135184
100400892	100401316
111961277	111961701
137555550	137555974
79906624	79907048
139519463	139519887
81475957	81476381
81848466	81848890
87282370	87282794
36190334	36190758
98103898	98104322
19922501	19922925
15696849	15697273
6739400	6739521
17462835	17463259
78917861	78918285
114849077	114849198
74101882	74102306
96354909	96355333
78470425	78470849
37364715	37365139
120173811	120174235
131572084	131572508
129452830	129453254
111968912	111969336
6909935	6910359
117266442	117266866
139929709	139930123
96349897	96350321
115649663	115650087
77192916	77193340
129907358	129907782
34492011	34492435
139218821	139219245
91147503	91147927
136018090	136018514
137442427	137442851
79280849	79281273
23492133	23492557
33443782	33444206
93796172	93796333
124355032	124355456
16575462	16575886
134747410	134747834
138018547	138018657
104219313	104219737
36407209	36407633
134223995	134224419
137025272	137025696
108371257	108371681
81573799	81574223
93488485	93488909
130483812	130484236
37785683	37785824
115687327	115687751
130392039	130392463
137167216	137167640
130300077	130300501
96582863	96583287
90656374	90656798
140440061	140440485
91711690	91712114
90626268	90626692
77801683	77802107
118971096	118971520
131132866	131133290
139678873	139679297
130186949	130187373
132637568	132637992
94938334	94938758
100969881	100970305
6305979	6306403
138675370	138675794
35658487	35658911
20462373	20462797
92025575	92025999
14652735	14653159
129539991	129540415
111860964	111861388
123536982	123537406
138981449	138981873
140854980	140855404
116810015	116810439
86535690	86536114
10855839	10856263
35816672	35817096
135188248	135188672
38727367	38727791
130564558	130564982
33787801	33788225
107543038	107543462
36974770	36975194
73033127	73033304
102586797	102587221
10479221	10479645
1732661	1733085
136328139	136328563
4228605	4229029
79273606	79273712
34337412	34337836
96447472	96447896
97859073	97859497
75437316	75437740
7094028	7094452
108453073	108453497
77704022	77704446
9352891	9353315
133808135	133808559
102026367	102026791
133884173	133884597
140084912	140085336
136592531	136592654
11149068	11149492
31839268	31839692
92989232	92989656
12723588	12724012
134056698	134057122
123837695	123838119
140497171	140497595
129932402	129932826
130302822	130303246
38642052	38642228
138133503	138133927
103255222	103255646
28774429	28774853
102325608	102326032
135900650	135901074
73193634	73194058
29212268	29212465
95980443	95980867
75815572	75815996
12719391	12719815
79611621	79612045
28951891	28952315
86607292	86607716
76282658	76283082
134715258	134715682
132450919	132451343
134053657	134054103
36855424	36855848
132929248	132929672
105393841	105394265
93518029	93518453
114613781	114614205
133302335	133302759
36632907	36633331
4640014	4640438
130705051	130705501
15873568	15873992
92707411	92707835
33942609	33943033
97955280	97955704
112221298	112221722
115480746	115481170
140013200	140013415
86329255	86329679
32838936	32839360
115905712	115906136
133708674	133709098
128991124	128991557
98670115	98670539
135422066	135422490
33211763	33212187
131588636	131589060
124094254	124094678
36141285	36141709
33813650	33814074
37329548	37329972
71198017	71198441
123984905	123985329
27714340	27714764
28073247	28073671
4549100	4549524
133567724	133568148
127172587	127173011
72400667	72401091
16131286	16131710
136286713	136287137
129142771	129143195
19013154	19013578
97878318	97878742
13688956	13689380
111175022	111175446
95882142	95882566
137634664	137635088
124779057	124779481
138684703	138685127
80744886	80745310
116208517	116208941
4985084	4985508
102773339	102773763
124029852	124030276
36913835	36914259
32705994	32706418
140509017	140509441
34896095	34896519
76896593	76897017
110001754	110002178
892123	892547
27157699	27158123
84137836	84138260
111716258	111716682
130156019	130156443
21413699	21414123
139294590	139295015
96621691	96622115
124692786	124693210
6585082	6585506
140485535	140485959
128982084	128982508
115707865	115708289
92143540	92143964
22813501	22813925
100880151	100880575
93220806	93221230
132998420	132998834
133516074	133516498
75486481	75486905
119409670	119410094
133985433	133985857
96576865	96577289
88331387	88331811
133501636	133502060
36866785	36867209
1709304	1709728
93662420	93662844
117988381	117988805
122871507	122871931
132978987	132979109
12666815	12667239
126722653	126723077
139431357	139431781
14071471	14071895
4679457	4679881
113214525	113214949
124623931	124624355
85818921	85819345
85518340	85518764
132374333	132374757
19102725	19103149
92191226	92191650
35193686	35194110
33860200	33860624
102984956	102985380
140245754	140246178
129973595	129974019
79626777	79627201
140420207	140420631
74383814	74384238
23153036	23153460
129079816	129080240
107688657	107689081
91205477	91205901
116270315	116270739
22986576	22987000
86932452	86932876
130943920	130944035
123062079	123062503
110474625	110475049
38392742	38393166
92207848	92208272
89988768	89989192
85945119	85945543
6197314	6197738
78203735	78204159
19478752	19479176
1018058	1018482
2800415	2800839
126799961	126800385
95398919	95399343
123818246	123818361
72287742	72288166
1429325	1429749
21904752	21905176
27198180	27198604
89204194	89204618
37410782	37411206
22528468	22528892
92861614	92862038
134301960	134302384
94791739	94792163
138330689	138331113
136458092	136458516
112731374	112731798
90509912	90510336
32148548	32148972
35787638	35788062
36248025	36248449
12814400	12814824
86595136	86595560
108480677	108481101
116080011	116080435
107444824	107445248
35385045	35385469
124748322	124748746
80071935	80072359
124954512	124954936
127602083	127602507
37407454	37407878
124356622	124357046
123997068	123997492
85221656	85222080
36980179	36980603
88439861	88440285
27165638	27166062
77813290	77813714
69065396	69065523
81436207	81436631
119257479	119257903
36345317	36345741
126803473	126803897
109322798	109323222
72844492	72844916
26744382	26744806
91804131	91804555
138172947	138173371
136200480	136200904
93652411	93652835
96190263	96190687
5263531	5263955
138853121	138853545
103938596	103939020
121394270	121394694
6568132	6568556
131021451	131021875
22100624	22101048
98030990	98031414
116795620	116796044
139778897	139779321
126188646	126189070
122794853	122795277
134175815	134176239
70709418	70709842
15606642	15607066
89254692	89255116
117034046	117034470
137276505	137276929
138113855	138114279
140404273	140404697
15533252	15533676
88737225	88737649
106551972	106552396
32264144	32264568
114784410	114784834
115123805	115124229
6686388	6686812
15277741	15278165
95004828	95005252
130160317	130160741
107910843	107911267
37309003	37309427
108237608	108238032
35415778	35416202
140948877	140949301
2469582	2470006
26502277	26502701
130325060	130325484
118456230	118456654
125853734	125854158
33604260	33604684
100654665	100655089
123475425	123475849
138590548	138590972
98981943	98982367
99819960	99820384
19946442	19946866
116639002	116639426
125027440	125027864
15485832	15486256
92758927	92759351
3331789	3332213
97886815	97887239
139258319	139258743
134297817	134298241
95090469	95090893
139898665	139899089
129986223	129986647
134404897	134405321
112203570	112203994
123087268	123087692
138867660	138868084
76530906	76531330
74600472	74600896
32069218	32069642
115128810	115129234
118928956	118929380
136209357	136209781
113188368	113188792
131410485	131410909
130587842	130588266
93944705	93945129
21078727	21079151
87008378	87008802
124044065	124044489
71907006	71907430
96723849	96724273
12734474	12734898
130965552	130965976
130248272	130248696
72932919	72933343
138971155	138971579
140512373	140512797
36905580	36906004
140778950	140779374
21135720	21136144
37510961	37511385
140106917	140107341
103135954	103136378
14433824	14434248
137256164	137256588
125693092	125693516
33925331	33925755
112172342	112172766
118914619	118915043
79009072	79009496
26468650	26469074
126587595	126588019
124300548	124300972
119075892	119076316
139664307	139664731
130068080	130068504
110243309	110243733
546842	547266
139397363	139397787
131590519	131590943
6551903	6552327
127623580	127624004
34991665	34992089
123626053	123626477
77145345	77145769
140195600	140196024
5265901	5266325
94644880	94645304
104150756	104151180
35452437	35452861
2200014	2200438
92981754	92982178
92740456	92740880
15416864	15417288
35814391	35814815
120384594	120385018
129441080	129441504
133730290	133730714
132106142	132106566
134167778	134168202
130730237	130730661
136187093	136187517
123622778	123623202
112960115	112960539
26613923	26614347
131937104	131937528
101285782	101286206
132404346	132404858
35566483	35566907
132598966	132599390
79782283	79782707
21473130	21473554
132315419	132315843
100394209	100394633
136418204	136418628
138881040	138881464
136529782	136530206
77224579	77225003
136275272	136275696
16496903	16497327
131652537	131652961
35599786	35600210
98027215	98027639
31807547	31807971
133320648	133321072
136223646	136224070
75333374	75333798
9998421	9998845
504266	504690
131057539	131058032
101405200	101405624
92218611	92219035
1434100	1434524
115468087	115468511
130147180	130147604
34374896	34375320
132629964	132630388
127533147	127533571
14661436	14661860
138621846	138622270
135733028	135733452
90993162	90993586
121092394	121092818
132084566	132084990
37295774	37296198
116761121	116761545
119361769	119362193
97835193	97835617
85576612	85577036
38068642	38069066
128364270	128364694
123638257	123638681
116352180	116352604
130161169	130161593
37209922	37210346
89356133	89356557
111032099	111032523
123678882	123679306
118346879	118347303
112621706	112622130
132978580	132979004
81869797	81870221
139159112	139159536
35071957	35072381
102088418	102088842
136890868	136891292
101955390	101955814
31996346	31996770
140506473	140506897
74658444	74658868
131124365	131124823
127220316	127220740
131607333	131607757
124505641	124506065
136696444	136696868
116117483	116117907
111305389	111305813
137347240	137347664
127073507	127073931
34125725	34126149
140567425	140567849
139776594	139777018
135377909	135378333
7402027	7402451
137478203	137478627
35018492	35018916
126695695	126696119
75681976	75682400
131995665	131996089
125870022	125870446
89721906	89722330
82093363	82093787
131107117	131107541
138865992	138866416
16726104	16726528
80371340	80371764
5437508	5437932
115096152	115096576
17528817	17529241
4375338	4375762
38066575	38066999
75752113	75752537
96141338	96141762
137449887	137450311
94185439	94185863
133870852	133871276
133283938	133284362
124913567	124913991
91193570	91193994
78594225	78594649
75368149	75368573
123555050	123555474
24245948	24246372
139160156	139160580
108644005	108644389
13351754	13352178
124316959	124317383
133589011	133589435
96293636	96294060
6236669	6237093
128891247	128891671
33380401	33380825
126773979	126774403
100652228	100652636
130553323	130553747
127156858	127157282
97992307	97992731
118919001	118919425
90113215	90113639
96923114	96923538
135526771	135527195
99413896	99414320
90895562	90895986
130159328	130159752
14846968	14847392
112213867	112214291
122046384	122046808
34010972	34011396
112322681	112323105
100161610	100162034
130369774	130370198
18060494	18060918
126781974	126782398
133326975	133327399
37508861	37509285
33719441	33719865
130374553	130374977
96422949	96423373
133340737	133341161
17690415	17690839
75575349	75575773
34454627	34455051
18230280	18230704
120476567	120476991
34519313	34519737
89416755	89417179
19122626	19123050
14347926	14348350
131486923	131487347
12699511	12699935
88691020	88691444
93955324	93955748
20423230	20423654
132239440	132239864
124300762	124301186
7844178	7844602
127060054	127060478
140445780	140446204
111278137	111278561
32742400	32742824
130692471	130692895
96728062	96728486
140015761	140016185
131388122	131388546
107850803	107851227
98994990	98995113
123743261	123743685
25003684	25004108
38263519	38263943
91786514	91786938
127704500	127704924
139990059	139990483
41973466	41973890
130296505	130296929
3863254	3863678
10268766	10269190
136923913	136924337
131799766	131800190
7273555	7273979
36798224	36798648
134617858	134618282
137257880	137258304
5843757	5844181
15622610	15623034
123172259	123172683
89728759	89729183
95366035	95366459
100551497	100551921
100265430	100265854
95798352	95798776
88433853	88434277
130509203	130509627
14967424	14967848
139240460	139240884
134510758	134511182
139674234	139674658
110222615	110223039
88123512	88123936
133235207	133235631
15642335	15642759
96282786	96283210
31542327	31542751
138563472	138563896
111695831	111696255
35665112	35665536
140851081	140851505
140404473	140404897
138075351	138075775
22244092	22244516
124222093	124222517
20191445	20191869
95055972	95056396
24832311	24832735
139509729	139510153
123624126	123624550
79371155	79371579
135322696	135323120
102651387	102651811
134037643	134038067
21336429	21336853
126907099	126907523
135111722	135112201
124324099	124324523
38025242	38025666
124043451	124043875
112346486	112346910
3008028	3008452
125835757	125836181
140420426	140420850
126571164	126571588
33104006	33104430
74239604	74240028
33418716	33419140
132500123	132500241
68477032	68477456
12818379	12818803
97375256	97375680
130696612	130697036
132175092	132175516
28648697	28649121
5481288	5481712
89998222	89998646
90245227	90245651
134211615	134212080
130209639	130210063
131865527	131865951
130717630	130718031
5876764	5877188
100818436	100818860
2872546	2872970
99382126	99382550
20526567	20526991
101568583	101569007
71189052	71189476
129967579	129968003
1619895	1620319
111240870	111241294
5976714	5977138
126147695	126148078
132386414	132386861
82790209	82790633
134270918	134271342
22137523	22137947
137608016	137608440
132330007	132330431
115912865	115913289
101335971	101336395
140169893	140170317
78834669	78835093
139842451	139842867
306939	307363
126816854	126817278
34023045	34023469
133450087	133450511
74590740	74591164
292934	293358
139062288	139062712
102583915	102584339
138147422	138147846
93716064	93716488
35726863	35727287
21396134	21396558
119047602	119048026
35736259	35736683
97491514	97491938
91798068	91798492
91096805	91097229
7174896	7175320
125164523	125164947
132240997	132241421
75310267	75310691
135287672	135288096
131316782	131317206
1727340	1727764
72161215	72161639
18104270	18104694
27447036	27447460
32136644	32137068
33185904	33186328
98992269	98992693
98984588	98985012
140003557	140003981
18396043	18396467
139002283	139002707
101517471	101517895
19371926	19372350
87396292	87396716
86527080	86527504
137236265	137236689
109917675	109918099
6566775	6567199
7657821	7658245
29208656	29209080
102582419	102582843
98141892	98142316
101145995	101146419
112217653	112218077
4152884	4153308
17116302	17116726
4831109	4831533
140453361	140453785
137000510	137000934
29211498	29211922
30967440	30967864
94173654	94174078
112015839	112016263
22217099	22217523
127620716	127621140
109900045	109900469
137534584	137535008
15552173	15552597
90328537	90328961
134677177	134677601
133455341	133455765
1994209	1994633
117349600	117350024
110301999	110302423
130336324	130336748
129317677	129318101
139748281	139748705
114569602	114570026
100881474	100881898
135675711	135676135
110762020	110762444
30774414	30774838
15501230	15501654
127295136	127295560
138143940	138144364
132182416	132182840
33264685	33265109
129369227	129369651
2991258	2991682
127013864	127014288
126112138	126112584
2146529	2146953
118755071	118755495
140199052	140199476
90652920	90653344
139365987	139366411
5574989	5575413
139751131	139751555
138663827	138664251
129855595	129856019
85677597	85678021
34701250	34701674
93310183	93310607
33817645	33818069
139719902	139720326
139613645	139614069
36407501	36407762
130342057	130342481
82182722	82183146
111162528	111162952
124499246	124499670
136591641	136592065
23089137	23089561
137252655	137253079
35489531	35489955
141073414	141073838
129159330	129159754
43653680	43654104
101788281	101788705
130616403	130616827
94103357	94103781
71200019	71200443
134051203	134051627
91623916	91624340
132232748	132233172
134379510	134379934
71394973	71395397
135324942	135325366
116559357	116559781
129929149	129929573
111651736	111652160
131905172	131905667
22457417	22457841
135779760	135780184
126690812	126691236
998923	999112
127273634	127274058
138816733	138817157
137489801	137490225
138391260	138391684
72728517	72728941
134278033	134278457
79075278	79075702
139473805	139474229
140189757	140190181
110009117	110009541
132370145	132370569
108301721	108302145
120009553	120009977
37972352	37972776
138802645	138803069
33638552	33638976
97541344	97541768
114928273	114928697
98269172	98269596
132812655	132813079
98506554	98506978
27888864	27889288
117001270	117001694
120689696	120690120
93600382	93600806
139067076	139067500
132251010	132251434
137011934	137012358
35725297	35725721
130805665	130806089
134245055	134245479
131425321	131425745
16921981	16922405
101172467	101172891
27787963	27788387
104114104	104114528
134186323	134186747
130954975	130955399
20423430	20423854
77698012	77698436
77377816	77378240
18237846	18238270
96759119	96759543
138796672	138797096
138818660	138819084
16290028	16290452
133739915	133740339
138075944	138076368
134117433	134117857
93080534	93080958
2570546	2570970
139562668	139563092
80264322	80264746
95766148	95766572
119351834	119352258
90789203	90789627
2244003	2244427
139805292	139805716
97315381	97315805
37859014	37859438
139362593	139363017
89865109	89865533
89366353	89366777
100134836	100135260
26863056	26863480
68495607	68496031
132369836	132370260
133308602	133309026
139011520	139011944
136789561	136789985
37758804	37759228
6495538	6495962
91174586	91175010
98833982	98834406
124091484	124091908
90925191	90925615
106883341	106883765
18149554	18149978
101932169	101932593
131056626	131057050
131903319	131903743
110036623	110037047
130214482	130214906
94502934	94503358
92143750	92144174
82046192	82046616
1922020	1922444
19641098	19641522
25964325	25964749
19521215	19521639
12426212	12426636
136364143	136364567
113345530	113345954
5430892	5431316
138377632	138378056
18947940	18948364
128935295	128935719
35646913	35647337
91535539	91535963
12554624	12555048
101538301	101538725
138048318	138048742
101300348	101300772
17837947	17838371
22447256	22447680
90341280	90341704
22038019	22038443
130892480	130892904
129811451	129811875
140453680	140453856
136209557	136209981
72288987	72289411
75409182	75409606
17042393	17042817
4988080	4988504
133301703	133302127
126979700	126980124
117376586	117377010
130561374	130561798
133736087	133736511
6147820	6148244
115224589	115225013
112734689	112735113
74588428	74588852
79376290	79376714
140956050	140956474
93037026	93037450
125112854	125113275
116696402	116696826
81770196	81770620
124371998	124372422
136326939	136327363
36924877	36925301
21455507	21455931
94533196	94533620
100797011	100797430
893951	894375
113604404	113604828
110184654	110185078
96142903	96143327
129785929	129786353
5429096	5429520
98841367	98841791
17075616	17076040
134615625	134616049
140470425	140470849
18437672	18438096
115505492	115505916
115427601	115428025
132253381	132253805
138302827	138303251
88406950	88407374
132431563	132431987
134434966	134435390
104311865	104312289
111626711	111627135
96633530	96633954
101003915	101004339
135045349	135045773
129921577	129922001
132222672	132223096
696644	697068
138313026	138313450
133977720	133978144
17815716	17816140
140131077	140131501
4296190	4296614
127539512	127539936
139000484	139000908
139324623	139325047
91419017	91419441
74907068	74907492
97945387	97945811
104240781	104241205
139453285	139453709
14087591	14088015
138696730	138697154
111826057	111826481
129450960	129451384
118476120	118476544
139539125	139539549
115479842	115480266
96299119	96299543
111576458	111576882
13088946	13089370
104489885	104490309
138354978	138355402
124052112	124052536
33145859	33146283
139844566	139844990
137300292	137300716
31916526	31916950
38000380	38000804
100361143	100361567
94712415	94712839
128004033	128004457
136268988	136269450
2600326	2600750
93958463	93958887
73034587	73035011
24843462	24843886
124497979	124498403
105394045	105394469
107157209	107157633
111696049	111696473
140322553	140322977
130743586	130744010
80828621	80829045
111967748	111968172
33344126	33344550
136259959	136260383
127437742	127438166
89987410	89987834
138348518	138348942
27535757	27536181
132246306	132246730
124023186	124023610
137271718	137272142
122686969	122687393
92681615	92682039
131369786	131370210
132076521	132076945
44172148	44172572
124465474	124465898
125597538	125597962
21883438	21883862
14353677	14354101
137159098	137159522
128852080	128852504
132519256	132519680
118422153	118422577
100544197	100544621
90640289	90640713
87582055	87582479
139001643	139002067
130981173	130981597
7259805	7260229
38380284	38380708
80408839	80409263
97620048	97620472
93726471	93726895
97316786	97317210
96442656	96443080
139839328	139839752
32334065	32334489
135333805	135334229
139662349	139662773
129463218	129463642
139437787	139438211
130763772	130764196
75227534	75227958
103997758	103998182
72735713	72736137
34621892	34622316
117437355	117437779
88854027	88854451
16718967	16719391
134253551	134253975
130652689	130653113
85834709	85835133
3848795	3849219
108007346	108007770
126991592	126992016
90887886	90888310
101974111	101974535
32552540	32552964
16257734	16258158
112905205	112905629
36833909	36834333
93052024	93052448
133499531	133499955
135687748	135688172
10060317	10060741
135829444	135829868
117503792	117504216
126179888	126180312
