50328679	50329178
104544217	104544692
23538026	23538492
23589921	23590418
90865809	90866295
96027243	96027706
76853498	76853932
71284363	71284803
76120466	76120865
67826640	67827046
69291577	69291989
21572605	21573016
70540680	70541067
75075570	75075977
55158274	55158665
74829006	74829404
91163917	91164317
69378291	69378710
24777289	24777731
99732868	99733277
78328503	78328905
101129588	101130003
99859361	99859795
25148125	25148548
75372356	75372799
55272529	55272930
37411442	37411799
69310672	69311048
72887451	72887859
94952599	94953016
24559759	24560111
77342319	77342700
59495302	59495651
50332068	50332427
74292260	74292660
51240394	51240751
24028658	24029078
94468142	94468526
58633128	58633482
23025843	23026401
20773983	20774348
24578018	24578397
74195419	74195794
24630211	24630566
21575031	21575378
91789914	91790293
76027295	76027682
21560645	21561059
59974057	59974428
100883758	100884135
24398988	24399361
103966483	103966874
77251127	77251504
96741864	96742219
24101149	24101539
23341760	23342132
23122243	23122620
50787731	50788072
30739899	30740290
103759156	103759522
75762787	75763173
75774511	75774883
24900969	24901369
67993326	67993857
79064392	79064753
34261916	34262268
100906515	100906874
23849125	23849511
24379828	24380167
73371651	73372011
74100143	74100515
100413207	100413600
34318331	34318756
21077525	21077897
55737782	55738150
63855531	63855895
102789388	102789778
96566896	96567305
70070297	70070652
105512045	105512460
25501672	25502012
34308793	34309154
94359306	94359688
21325805	21326155
21482828	21483185
96240681	96241045
52445837	52446195
62304344	62304702
79426055	79426407
100462111	100462455
69596032	69596348
91752812	91753173
57783975	57784313
66537458	66537818
23527273	23527622
75380695	75381044
94502888	94503255
94603039	94603433
76044020	76044359
105947132	105947523
23455785	23456135
75955130	75955477
100844159	100844517
103607547	103607911
24423217	24423590
71605715	71606092
100095202	100095531
93439571	93439908
89506672	89507078
36539663	36540015
93079403	93079793
61923401	61923699
33045326	33045645
64108092	64108452
73415229	73415564
70480036	70480371
104387807	104388157
74718244	74718591
105669285	105669649
102427433	102427782
100574635	100575033
36843264	36843585
38063381	38063731
24058184	24058572
75413048	75413448
21945123	21945459
24031953	24032311
105174971	105175339
52598442	52598798
91885159	91885538
56806850	56807171
104376668	104377001
36538687	36539029
36291092	36291409
22446447	22446791
65226918	65227259
68038023	68038380
89133793	89134166
93147437	93147794
65689066	65689426
57046035	57046374
24527480	24527855
100621359	100621703
91639530	91639853
102701658	102702001
93418249	93418620
56958033	56958387
75770237	75770560
90439597	90439916
81930888	81931205
64977829	64978126
34697252	34697575
101112098	101112423
50319607	50319993
81919558	81919879
101317453	101317819
99786386	99786715
88958543	88958875
38343881	38344230
95908862	95909201
25275430	25275774
54908053	54908407
100448814	100449121
105189885	105190227
79314595	79314956
78121331	78121659
65103426	65103793
23764239	23764601
105556846	105557185
61719532	61719845
45737796	45738117
32724118	32724445
104274758	104275097
61028910	61029226
22314476	22314827
77114079	77114415
33029509	33029827
69329958	69330301
77767360	77767781
92573002	92573334
34800864	34801212
105818598	105818876
99984763	99985074
75327632	75327955
96565112	96565426
74926242	74926620
66291438	66291771
23525352	23525710
102562955	102563264
77383496	77383847
64896747	64897059
100849996	100850347
105837166	105837467
37026068	37026380
72983597	72983923
102780548	102780920
90701732	90702072
81630472	81630832
37074167	37074493
103060938	103061244
100075836	100076147
77537018	77537351
103984904	103985236
54006243	54006556
83176626	83176936
95155815	95156193
22320279	22320632
24483179	24483500
74968839	74969205
72219807	72220135
93605530	93605852
81636951	81637270
24905959	24906262
81453806	81454098
90405795	90406120
23399578	23399913
72322158	72322483
100154129	100154472
68050770	68051088
23797268	23797555
24505966	24506292
103544633	103544927
95565360	95565674
21924389	21924741
21165932	21166216
107012707	107013043
32721321	32721620
107172767	107173094
55556258	55556577
62629738	62630037
88480111	88480443
60431763	60432083
77534629	77534970
21159233	21159535
23578493	23578782
21074493	21074830
67893853	67894169
29220700	29221006
86504775	86505080
55518119	55518454
23322249	23322637
21439081	21439468
105106356	105106665
35192194	35192496
21081592	21081896
70494557	70494898
95015760	95016142
103571244	103571613
88082439	88082762
65453333	65453635
103056944	103057247
54833490	54833812
70046864	70047198
24766080	24766398
71439131	71439426
78914839	78915165
24950792	24951113
23287348	23287663
72570756	72571066
35882511	35882799
50346472	50346802
34968054	34968351
105237259	105237602
106734146	106734429
106877343	106877670
71088877	71089168
91643719	91644028
29226354	29226639
103241255	103241563
69574175	69574450
95147698	95147997
94373107	94373412
77339150	77339477
77679767	77680106
104367373	104367742
53418385	53418679
63775514	63775802
29078508	29078784
90381673	90381958
30753064	30753344
70051717	70052015
70193675	70194013
106541734	106542049
22471073	22471368
53772942	53773267
106765053	106765642
102173662	102173960
31125410	31125743
93156728	93157061
80522577	80522856
55240736	55241086
70041479	70041769
102094800	102095118
62327041	62327336
23938346	23938661
104808293	104808579
34792174	34792475
24008841	24009178
76177503	76177794
91604829	91605155
74129147	74129451
23039226	23039560
23656315	23656598
55821357	55821677
42693511	42693823
74769646	74769959
88211891	88212190
92359277	92359585
23463949	23464250
70285456	70285737
103857342	103857763
24881366	24881639
51422517	51422833
76175593	76175879
83766838	83767119
100149092	100149374
104597312	104597635
94889861	94890159
39336821	39337114
66962272	66962537
55239959	55240267
52243038	52243329
34770411	34770673
55369811	55370217
102990846	102991158
93644435	93644699
69283466	69283785
95898562	95898914
23410142	23410456
106551014	106551325
21458450	21458763
77782297	77782590
55280867	55281181
71633219	71633507
25602060	25602356
36283670	36283953
34145277	34145555
88634936	88635259
45315487	45315755
25074618	25074890
62361239	62361542
72980783	72981083
77379598	77380267
87516281	87516561
77561090	77561388
93181070	93181369
88271635	88271901
21323869	21324165
25179629	25179934
75555316	75555598
22386068	22386345
104145789	104146061
94402643	94402936
74724099	74724430
66427760	66428070
71422638	71422920
99882089	99882352
105363032	105363333
100769475	100769801
88655738	88656010
68171260	68171521
100196278	100196584
61736316	61736652
22336693	22336957
35891628	35891904
23452562	23452803
92849061	92849324
32851970	32852267
29485537	29485835
23442817	23443094
49640533	49640834
69709343	69709630
93153235	93153538
54805481	54805772
22855853	22856118
76522557	76522825
23246694	23246975
24802847	24803163
22217131	22217420
93579149	93579477
69556980	69557245
36994758	36995055
54642122	54642397
100713223	100713466
52246859	52247125
21131181	21131449
71034661	71034949
63743533	63743798
21508314	21508582
96460716	96460990
65289938	65290247
106004164	106004505
37216846	37217117
81462696	81462953
35876210	35876480
28844523	28844824
106829357	106829629
74225023	74225318
69408521	69408804
77379598	77380267
69926916	69927171
77925537	77925823
70001995	70002292
74945814	74946077
20999207	20999473
75411979	75412296
78488390	78488668
31755954	31756274
107287444	107287761
95215180	95215465
81421107	81421411
82456668	82456933
67091113	67091368
34567960	34568210
55904847	55905101
65007034	65007320
106873496	106873904
53899049	53899313
22202802	22203084
95993765	95994063
105197598	105197942
21571728	21572004
27453836	27454090
65266797	65267089
70553878	70554164
94900287	94900569
78283762	78284038
77617723	77617997
103821178	103821456
30844560	30844810
45382884	45383159
64527417	64527690
85881649	85881925
37022912	37023183
103860384	103860629
23025843	23026401
74761028	74761312
91227114	91227365
91224823	91225115
101701629	101701905
93685511	93685804
103747855	103748127
25869885	25870182
72187747	72188010
68133954	68134204
75489428	75489699
76517211	76517466
59593914	59594165
105956041	105956313
107020084	107020384
74005720	74006047
65231498	65231776
80679919	80680189
77176496	77176749
52482421	52482712
66868216	66868470
22668969	22669239
107119897	107120321
45722357	45722688
96731263	96731522
56941214	56941470
100659428	100659751
64810922	64811163
102237315	102237580
58338284	58338540
50999288	50999579
88354544	88354818
78228055	78228286
99855605	99855930
22782702	22782935
39191091	39191323
24801389	24801688
59106688	59106929
78630676	78630927
45996523	45996804
75229767	75230070
36156596	36156839
92923084	92923355
31551269	31551522
70279551	70279849
70724325	70724556
104760560	104760810
54887278	54887511
36352925	36353201
65307944	65308171
26007115	26007387
57126725	57126969
60155197	60155470
57022720	57022942
22600104	22600359
74037661	74037970
65138295	65138533
107238840	107239181
54814791	54815027
77013211	77013514
102131886	102132133
37702198	37702418
32395331	32395572
77525920	77526213
72490815	72491035
62646159	62646388
100491615	100491888
55883641	55883870
96075817	96076066
102512800	102513092
67633140	67633377
55359952	55360190
61492015	61492268
76445672	76445949
59978684	59978965
104013142	104013444
94598664	94598917
76373079	76373318
91893638	91893936
105442470	105442773
54396645	54396917
53879680	53879910
23546130	23546363
22293391	22293632
69185116	69185368
69970577	69970827
24766892	24767128
22409140	22409379
24135167	24135415
72759200	72759435
105030392	105030683
91607115	91607374
86523445	86523720
39484658	39484889
64236990	64237231
106501463	106501773
55679837	55680084
50778517	50778779
96150211	96150488
22568572	22568801
91369412	91369662
77111312	77111577
68400783	68401006
53427884	53428144
36287638	36287885
105234848	105235129
75773676	75773903
61092114	61092391
52510485	52510757
70784663	70784903
65377674	65377920
67213110	67213328
75270993	75271224
104836656	104836909
22788276	22788502
42579413	42579643
29223494	29223728
49964540	49964770
106495723	106495955
56269797	56270007
61966844	61967081
51421598	51421825
106410875	106411113
51244693	51244928
20883958	20884217
58539409	58539660
38455143	38455380
54970292	54970519
82032315	82032554
53521731	53521939
105999185	105999420
58574755	58574974
32542861	32543078
107150601	107150799
57953552	57953768
90234192	90234422
68410675	68410894
79032970	79033217
85662327	85662520
60798607	60798821
103384262	103384531
80010389	80010621
56174151	56174353
57649603	57649822
53308092	53308334
22382049	22382237
56889425	56889607
51009667	51009869
58968033	58968255
25204176	25204420
21341847	21342095
106714103	106714413
73761966	73762184
92378013	92378240
106610159	106610384
60816702	60816918
95897667	95897871
69568108	69568327
55912936	55913143
55039090	55039347
93626707	93626961
65450516	65450725
65486758	65487008
52739169	52739421
24740690	24740929
51181262	51181476
57341185	57341452
31449401	31449638
71373908	71374143
21536661	21536897
50053620	50053885
68085378	68085601
22370876	22371075
104561005	104561261
102974425	102974654
106472221	106472460
30683762	30683974
73698637	73698866
74684393	74684630
61942039	61942253
55712478	55712693
94451351	94451599
95893401	95893651
64761650	64761892
107183169	107183462
69393022	69393217
103590221	103590423
31739505	31739656
51750132	51750370
103160929	103161166
87120993	87121191
22191759	22191973
60733195	60733396
92463296	92463509
22456195	22456409
69941972	69942173
70563675	70563876
79224772	79224971
62593683	62593876
79303264	79303469
106743383	106743622
70344305	70344501
35908073	35908337
83929940	83930135
60364574	60364778
56760921	56761159
106691524	106691948
75608789	75608972
100042137	100042341
94647110	94647326
65268577	65268799
75599159	75599365
105116696	105116998
39837664	39837843
94085612	94085822
105191389	105191660
92325002	92325195
59522264	59522453
101119746	101119940
74768846	74769054
22236485	22236641
26303031	26303229
65149274	65149459
36414146	36414356
52118695	52118922
76045136	76045328
48867983	48868161
78070382	78070573
74791645	74791881
97050624	97050853
89884403	89884579
107074486	107074910
20795526	20795736
67076940	67077062
23952527	23952745
38485798	38485980
37242219	37242643
93500692	93501116
24685229	24685422
94437025	94437215
106892287	106892528
31676910	31677150
74975140	74975309
96890834	96891043
102783227	102783444
22025816	22026030
93598926	93599114
21535188	21535296
63641480	63641655
79368443	79368654
82176562	82176986
106572967	106573249
93347226	93347432
95918880	95919084
105957016	105957271
88929589	88930013
74967925	74968148
85994844	85995268
78270994	78271254
87427557	87427707
81735814	81736021
47050269	47050693
58862519	58862738
53145372	53145576
22580073	22580267
63506614	63506823
32694318	32694424
77413524	77413756
22552765	22552958
93579746	93580003
27997654	27997789
51327280	51327499
107042200	107042410
67993326	67993857
73938906	73939083
65879075	65879221
100843375	100843574
80822856	80823059
44618884	44619030
24196847	24197013
31825283	31825497
59911031	59911253
22942091	22942219
70175669	70175821
34965983	34966407
21402398	21402618
80669379	80669551
22362223	22362647
75750363	75750530
25876077	25876236
63601616	63601810
33057772	33057942
106915988	106916206
27200527	27200718
100351812	100351974
77277410	77277538
50100925	50101136
55030847	55031000
73442577	73442757
23947601	23947799
39937214	39937345
100215614	100215794
47747559	47747696
89479461	89479640
37619684	37620108
105914990	105915219
79435627	79435737
57533744	57533877
70503419	70503843
77427361	77427581
23369531	23369725
94609686	94609885
38372894	38373018
34793655	34793873
22328414	22328547
61928532	61928729
40201243	40201410
51066770	51066957
21439604	21439924
60099170	60099306
90660418	90660540
102204473	102204579
70198061	70198256
32482236	32482660
101368651	101368875
105132005	105132429
62027865	62028001
25620213	25620439
106626877	106627104
56198703	56198895
86502328	86502518
81053382	81053806
64770232	64770415
24037991	24038213
22179677	22179867
28611742	28611928
76922683	76922802
102426599	102426812
88362866	88363048
52019098	52019208
69813524	69813724
51086367	51086566
67914494	67914918
87113006	87113430
55896936	55897117
37586877	37587022
20612187	20612352
78017784	78017961
96692057	96692481
68066811	68067003
102904381	102904596
71570703	71570859
37125148	37125346
59351280	59351438
60043500	60043699
37715626	37715807
32403980	32404109
65358645	65358797
25512239	25512394
77336551	77336759
103572130	103572327
107198665	107199089
107120178	107120428
71789457	71789615
104467345	104467769
22508593	22508769
61763759	61763922
45272589	45272750
106518119	106518543
37699908	37700080
46134144	46134568
69468776	69469200
94202725	94203149
66869930	66870354
96523091	96523239
106573138	106573562
23322431	23322855
53390723	53391147
104603833	104604031
74505114	74505239
104079968	104080134
59487240	59487371
97319148	97319572
100991298	100991450
100542602	100542748
60098127	60098286
42069713	42070137
22860224	22860648
74757210	74757418
54955820	54955974
103651711	103652135
89396367	89396791
61937358	61937512
61752975	61753191
21604227	21604374
90985334	90985518
97033588	97034012
100737630	100737817
104541953	104542144
53762713	53763137
87369957	87370155
23127232	23127338
101367353	101367526
39087713	39088137
74515073	74515497
22745216	22745364
50320608	50320787
58159497	58159616
64460874	64460993
65228379	65228803
106804906	106805330
100851603	100851715
59488873	59489297
44363761	44364185
65404548	65404655
21966846	21966967
85597863	85598287
95662612	95663036
45671084	45671508
76350458	76350882
94471774	94471886
46813529	46813953
45895840	45896264
102983220	102983399
102529605	102529766
50474165	50474309
59485823	59485985
87532570	87532994
50784724	50785148
103765017	103765123
93250164	93250588
67934224	67934648
107148279	107148511
71180817	71181020
68303727	68304151
32013521	32013645
102309934	102310358
49928454	49928878
106465499	106465633
29691858	29692282
106995479	106995903
67802487	67802911
74417624	74418048
24712159	24712343
100886179	100886603
28481880	28482304
51623889	51624014
92819096	92819218
70079470	70079894
100498055	100498479
80830630	80831054
95290462	95290581
56331583	56331753
106440987	106441411
31919321	31919440
53018449	53018604
21304893	21305096
107239663	107239833
92116210	92116634
69754831	69754943
89026176	89026600
65630919	65631077
39902187	39902323
54492383	54492807
29554795	29555219
24742728	24743152
75985040	75985464
96362171	96362286
101550122	101550546
23113321	23113430
107250921	107251097
89195629	89195762
20715805	20716229
37667255	37667679
88700399	88700519
23067671	23068095
94115288	94115396
76267269	76267426
30991240	30991365
106477883	106478074
51686715	51686861
94121402	94121826
33180273	33180697
106993688	106993803
25286944	25287368
59729971	59730102
100752063	100752274
22843735	22844159
59159162	59159313
90755763	90755919
60349666	60350090
92035132	92035262
23734432	23734540
96518191	96518331
101006884	101007082
26606348	26606772
67886795	67887219
86928501	86928925
86078128	86078552
69362820	69363244
23770709	23770868
25422474	25422898
59950630	59950736
94270971	94271395
35108774	35108924
74402385	74402809
29998621	29999045
101372743	101373167
78173590	78174014
22689529	22689657
62390033	62390457
95827759	95828183
99896799	99897223
50807645	50808069
21439081	21439468
35141855	35142031
102968059	102968483
81678191	81678615
51836518	51836942
95138091	95138515
24900969	24901369
50296781	50297205
107150707	107151131
79163688	79164112
88411440	88411546
31769465	31769889
79400257	79400681
81529154	81529578
61573599	61573760
101121242	101121389
93700415	93700567
54130383	54130807
99762803	99763227
89643890	89644075
74294007	74294186
39278421	39278535
53618445	53618869
30912610	30913034
24748799	24749223
49931641	49932065
23334668	23335092
50017543	50017967
69792399	69792541
107172945	107173369
78083241	78083665
97646560	97646984
105478488	105478912
62220228	62220652
90580845	90581269
33944849	33945273
21701576	21702000
23523575	23523999
103990362	103990786
26863212	26863636
93055559	93055983
65753146	65753570
61727573	61727997
106834118	106834542
26632917	26633341
56957049	56957473
68715100	68715524
21335092	21335516
54796001	54796135
103539226	103539650
94369859	94370283
24489176	24489600
103541851	103542275
63959881	63960305
86619800	86620224
90366229	90366653
83338839	83339263
66826123	66826547
34377926	34378350
102675534	102675958
56953779	56954203
74958571	74958995
103449193	103449617
23829749	23830173
51595878	51596302
75925671	75926095
96446199	96446305
24035970	24036394
102964598	102965022
97643328	97643752
67584918	67585342
93799558	93799664
100639657	100640081
103438917	103439341
50576066	50576490
74674628	74675052
103498183	103498607
75016179	75016603
105994772	105994924
50504983	50505407
39895830	39896254
87481173	87481597
73975299	73975723
35873806	35874230
77489817	77490241
99817691	99818115
93571275	93571699
28764052	28764476
75260382	75260806
96645263	96645687
73639808	73640232
44264804	44265228
38678199	38678623
104798179	104798603
60651020	60651444
105488050	105488474
93673937	93674109
99991172	99991596
21558401	21558825
66406759	66407183
105881191	105881615
76964113	76964537
46517289	46517713
31221148	31221572
29990718	29991142
102680595	102681019
63905073	63905497
56188001	56188425
65570040	65570464
33467602	33468026
65430311	65430735
107281303	107281417
37445082	37445506
75697120	75697544
89334921	89335345
105287029	105287453
67129067	67129491
22109321	22109745
102784214	102784638
31080221	31080645
34581072	34581496
23926080	23926504
92559635	92560059
44008396	44008820
100937728	100938152
32214982	32215406
22465507	22465931
106974208	106974632
39576714	39577138
94157433	94157857
75345155	75345302
106467450	106467647
32938615	32939039
57999914	58000338
23058569	23058993
55604874	55605298
36432382	36432806
100523211	100523635
107083064	107083210
52119799	52120223
55600174	55600598
89704220	89704644
75079425	75079606
30474316	30474740
83538216	83538640
64011339	64011763
31375950	31376374
89493548	89493972
55598490	55598914
97207824	97207984
23768874	23769298
78266689	78267113
106411760	106412184
36676744	36677168
104038445	104038602
103239503	103239927
104616824	104617248
55249461	55249885
65239094	65239518
49772847	49773271
23997745	23998169
76260844	76261268
68550959	68551383
44116502	44116926
56948974	56949398
74578403	74578527
32256578	32257002
74190635	74191059
65819811	65820235
22458381	22458805
23028390	23028814
100706566	100706990
103011749	103012173
57182642	57183066
105407076	105407500
93604272	93604696
90576403	90576530
69242292	69242716
74998165	74998589
66425971	66426395
94517561	94517985
69122746	69123170
36278248	36278672
23322670	23322992
100365916	100366340
94406251	94406675
34834528	34834952
78119795	78120219
25850646	25851070
74334937	74335361
91622026	91622450
38875015	38875439
74866981	74867405
70512688	70513112
60385486	60385910
55986162	55986586
20959504	20959928
91821236	91821660
64099608	64100032
90767865	90768289
24399151	24399575
80050904	80051328
100029450	100029874
22314631	22315055
26724418	26724842
72883524	72883948
56552185	56552609
59414478	59414902
75551203	75551627
75373692	75374116
23609405	23609829
38666476	38666900
22265094	22265518
104447015	104447439
36723429	36723853
90760414	90760838
24364645	24365069
74252535	74252959
24711328	24711752
30006067	30006491
71687829	71688253
86333793	86334217
105553063	105553487
52480761	52481185
19108053	19108477
106397654	106398078
58829507	58829931
52932961	52933385
53684166	53684590
39886197	39886621
106626976	106627400
97651464	97651888
62391687	62392111
59108171	59108595
46719274	46719698
73203096	73203520
63924137	63924561
50527664	50528088
55109670	55110094
69765971	69766395
48386510	48386934
103557900	103558324
78495803	78496227
105748149	105748573
64393627	64394051
45126872	45127296
24777289	24777731
86002780	86003204
36348843	36349267
91251796	91252220
94838570	94838994
105435457	105435881
71675407	71675831
107280851	107281275
38034763	38035187
79064562	79064986
55032144	55032568
60654786	60655210
106829494	106829918
71776466	71776890
55999583	56000007
82475339	82475763
24199118	24199542
77875538	77875962
91192950	91193374
90927769	90928193
106947848	106948272
29635706	29636130
24446410	24446834
45603747	45604171
22694159	22694583
89017752	89018176
74219101	74219525
22771464	22771888
76980906	76981330
99504096	99504520
77605917	77606341
60631290	60631714
65881683	65882107
106898751	106899175
104073353	104073777
104492376	104492800
59495456	59495880
107147684	107147839
97405224	97405648
25707079	25707503
100571220	100571644
81443629	81444053
106465568	106465992
22515296	22515720
27386319	27386743
103675458	103675882
36423361	36423785
31798579	31799003
55033475	55033899
91950514	91950938
98604925	98605349
99859361	99859795
25900681	25901105
34608288	34608712
35684246	35684670
103987356	103987780
23182334	23182758
24420910	24421334
46185713	46186137
105438903	105439327
39503892	39504316
73509800	73510224
103251882	103252306
23589921	23590418
56714191	56714615
77757091	77757515
74710794	74711218
53647592	53648016
35509681	35510105
105017083	105017507
22902955	22903379
50571658	50572082
52766409	52766833
105525479	105525903
22963750	22964174
77598390	77598814
95065678	95066102
101174624	101175048
25881086	25881510
67752579	67753003
88237555	88237979
37493349	37493773
62635267	62635691
26745952	26746376
95370168	95370592
32573969	32574393
106774980	106775404
71284363	71284812
63828450	63828874
39700833	39701257
21429395	21429819
100936846	100937270
66782269	66782693
22940501	22940925
78013828	78014252
68232719	68233143
92181143	92181567
23475977	23476401
56354891	56355315
60531190	60531614
50727254	50727678
56857556	56857980
92601620	92602044
56617652	56618076
106765053	106765642
23563498	23563922
73386697	73387121
64307700	64308124
32982741	32983165
102761621	102762045
30799673	30800097
101946474	101946898
20955476	20955900
93813336	93813760
100120472	100120896
36574505	36574929
22590178	22590602
35381359	35381783
102780710	102781134
69262612	69263036
77519590	77520014
104652843	104653267
61847690	61848114
53791896	53792320
20819023	20819447
96771236	96771660
34454298	34454722
106986294	106986718
31569961	31570385
99996155	99996579
76346887	76347311
105399673	105400097
76647902	76648326
24820602	24821026
35235257	35235681
42293632	42294056
106866094	106866518
24038715	24039139
96722706	96723130
103468987	103469411
95899394	95899818
100154298	100154722
55843964	55844388
24797028	24797452
23831431	23831855
95738338	95738762
60049506	60049930
75629378	75629802
99793468	99793892
96032470	96032894
90420344	90420768
83322126	83322550
58868310	58868734
70329868	70330292
81768957	81769381
82458361	82458785
99738424	99738848
94879302	94879726
66576142	66576566
93545709	93546133
107061854	107062278
50144325	50144749
21572605	21573016
67617993	67618417
106441186	106441610
59522364	59522788
71180974	71181398
73111517	73111941
68929368	68929792
104237193	104237617
56310435	56310859
106724953	106725377
60036836	60037260
38359310	38359734
68042920	68043344
89001514	89001938
78457697	78458121
30018006	30018430
39960224	39960648
106518336	106518760
54468129	54468553
79062143	79062567
95103368	95103792
38525425	38525849
36497381	36497805
104760681	104761105
74244138	74244562
46079484	46079908
81393860	81394284
77618458	77618882
74213093	74213517
80276479	80276903
95982387	95982811
20264672	20265096
35450981	35451405
103716545	103716969
103971544	103971968
33901615	33902039
61663450	61663874
38717813	38718237
103551909	103552333
65722527	65722951
107283697	107284121
100273632	100274056
35891776	35892200
89481305	89481729
57655794	57656218
47120991	47121415
37809595	37810019
21150398	21150822
54259604	54260028
106642486	106642910
73409649	73410073
64804577	64805001
83466134	83466558
21473961	21474385
46459476	46459900
34262078	34262502
21795122	21795546
39938529	39938953
104160765	104161189
67895176	67895600
67902987	67903411
36989770	36990194
77745194	77745618
77030765	77031189
54642231	54642655
91643875	91644299
59665881	59666305
95800371	95800795
35806092	35806516
36919751	36920175
97165595	97166019
100004687	100005111
76141617	76142041
56220601	56221025
104761292	104761716
106653098	106653522
103558138	103558562
82091630	82092054
23316956	23317380
31150928	31151352
103059841	103060265
69618078	69618502
99657355	99657779
34410838	34411262
45753976	45754400
105666418	105666842
76890652	76891076
99690834	99691258
20884085	20884509
78255712	78256136
101321727	101322151
100233065	100233489
85662404	85662828
88626295	88626719
77712136	77712560
23774976	23775400
95501844	95502268
21131296	21131720
75372356	75372799
24863449	24863873
71478193	71478617
62161604	62162028
75782995	75783419
103763290	103763714
72019525	72019949
96712678	96713102
107130718	107131142
106877518	106877942
91783595	91784019
59889201	59889625
76448699	76449123
77435036	77435460
105136123	105136547
32713605	32714029
44010137	44010561
55627683	55628107
32835446	32835870
107117605	107118029
74296705	74297129
99906560	99906984
77499134	77499558
102274289	102274713
58739206	58739630
105635476	105635900
76950704	76951128
43474990	43475414
58595876	58596300
63678938	63679362
23081940	23082364
92781393	92781817
88199430	88199854
37618900	37619324
23442941	23443365
67604452	67604876
24610516	24610940
85654270	85654694
95003197	95003621
79836054	79836478
54080465	54080889
55764609	55765033
74035691	74036115
52021625	52022049
100612853	100613277
54976360	54976784
21133539	21133963
89548891	89549315
44974806	44975230
103008045	103008469
71605715	71606092
35803142	35803566
106598095	106598519
74417828	74418252
21709337	21709761
23521454	23521878
89802664	89803088
101294401	101294825
95282428	95282852
77494120	77494544
74197807	74198231
75530223	75530647
75981657	75982081
105664888	105665312
69943612	69944036
24834769	24835193
32419872	32420296
57735702	57736126
25074763	25075187
94773689	94774113
70659618	70660042
55897045	55897469
93069877	93070301
65240864	65241288
106714261	106714685
46959578	46960002
97764683	97765107
22401807	22402231
65230493	65230917
93251867	93252291
53865720	53866144
105954381	105954805
101175960	101176384
59828246	59828670
69388369	69388793
76437350	76437774
20664056	20664480
23538026	23538496
87988848	87989272
105263457	105263881
81734417	81734841
22362422	22362846
71051930	71052354
100901442	100901866
94003249	94003673
77277462	77277886
75614110	75614534
105281593	105282017
45722502	45722926
105292645	105293069
104002772	104003196
34565238	34565662
77315149	77315573
96146746	96147170
32875057	32875481
60183456	60183880
105654294	105654718
69714736	69715160
101695159	101695583
75726173	75726597
25204292	25204716
73966966	73967390
91037535	91037959
30739899	30740290
66281832	66282256
100589090	100589514
32814609	32815033
104447217	104447641
37117134	37117558
35802061	35802485
65427385	65427809
72205997	72206421
90724764	90725188
22630920	22631344
103525481	103525905
105734160	105734584
31677063	31677487
91752978	91753402
79477354	79477778
72645217	72645641
62646248	62646672
77630378	77630802
98444632	98445056
107113471	107113895
70014810	70015234
96763330	96763754
29104603	29105027
67983768	67984192
104563333	104563757
73225132	73225556
105574253	105574677
67585119	67585543
91223271	91223695
86521835	86522259
77788684	77789108
70249953	70250377
96464982	96465406
70641371	70641795
72265832	72266256
100403098	100403522
107198864	107199288
59041291	59041715
62031426	62031850
99907815	99908239
68000055	68000479
106986559	106986983
107048436	107048860
29637357	29637781
77769372	77769796
34529385	34529809
52205537	52205961
106478018	106478442
87265610	87266034
104183335	104183759
96968164	96968588
47911378	47911802
93673241	93673665
101943129	101943553
38138416	38138840
101014219	101014643
107256547	107256971
24779867	24780291
102101979	102102403
64319292	64319716
31031507	31031931
91905695	91906119
21325968	21326392
35451191	35451615
67920607	67921031
68201345	68201769
53794295	53794719
42683534	42683958
45756733	45757157
69618278	69618702
20295794	20296218
52866887	52867311
96823493	96823917
40886976	40887400
70270495	70270919
75264217	75264641
64968243	64968667
55032345	55032769
52940287	52940711
35698640	35699064
25159597	25160021
60546464	60546888
53752432	53752856
66299505	66299929
24608729	24609153
105757281	105757705
95883576	95884000
63834465	63834889
24861510	24861934
40458148	40458572
24238529	24238953
95696010	95696434
61530881	61531305
75039991	75040415
64266278	64266702
54954989	54955413
104352583	104353007
39278458	39278882
102132835	102133259
52993764	52994188
34433721	34434145
74179215	74179639
58486006	58486430
100784528	100784952
93017791	93018215
104321329	104321753
101817006	101817430
77385288	77385712
24092237	24092661
36783088	36783512
99946021	99946445
62074369	62074793
54659312	54659736
89994146	89994570
68764803	68765227
90975722	90976146
67398621	67399045
78163156	78163580
84406592	84407016
60122947	60123371
69077098	69077522
100769619	100770043
74550793	74551217
97132427	97132851
22782795	22783219
103030019	103030443
24505020	24505444
97477091	97477515
58175786	58176210
60632075	60632499
104994778	104995202
50087446	50087870
69014144	69014568
60050534	60050958
86928705	86929129
59824899	59825323
64477119	64477543
52538398	52538822
58041650	58042074
53662669	53663093
101317614	101318038
52543974	52544398
29150873	29151297
87547304	87547728
93524195	93524619
25777457	25777881
34384285	34384709
29243554	29243978
51201589	51202013
39162621	39163045
74098472	74098896
93579322	93579746
91066116	91066540
62228375	62228799
103242356	103242780
76922742	76923166
39888433	39888857
50363644	50364068
106551978	106552402
105937550	105937974
56958218	56958642
25881308	25881732
96668073	96668497
21303055	21303479
31847266	31847690
102751450	102751874
95267076	95267500
20346187	20346611
65086323	65086747
53290272	53290696
72982695	72983119
102887969	102888393
104013289	104013713
107167711	107168135
70285589	70286013
76557377	76557801
21296089	21296513
99654937	99655361
31926605	31927029
106918865	106919289
77477687	77478111
92378092	92378516
22458584	22459008
58598243	58598667
105148719	105149143
92365589	92366013
101539429	101539853
77491862	77492286
106933602	106934026
106667303	106667727
95143753	95144177
105952113	105952537
65826276	65826700
105611424	105611848
94359478	94359902
107175746	107176170
70495920	70496344
61929339	61929763
22600219	22600643
70036706	70037130
81718556	81718980
55181958	55182382
