30934453	30934904
75867636	75868023
223555275	223555689
65058776	65059274
44706506	44706936
178029295	178029651
70874989	70875404
1136044	1136467
44104983	44105385
3427620	3428020
42067762	42068164
74619099	74619478
135208421	135208831
99001530	99001929
73114950	73115343
48647871	48648292
85152772	85153252
30462122	30462526
73089629	73090054
46688519	46688909
73439595	73440031
75292013	75292433
101769276	101769629
100879272	100879678
42890247	42890635
18568912	18569306
26800686	26801064
65144724	65145107
102857274	102857664
37012329	37012699
85956065	85956436
27321456	27321841
20861181	20861589
99265885	99266254
11724400	11724757
71088922	71089334
74007149	74007519
68067634	68067978
25419280	25419652
85493562	85493943
71146969	71147356
60901727	60902070
27976989	27977363
103232319	103232677
25584770	25585176
75855045	75855385
113357608	113357953
68349515	68349895
106720792	106721168
38342405	38342750
21265713	21266091
96840269	96840646
99185645	99186052
86041319	86041714
85647720	85648103
65267791	65268179
36997867	36998231
84541957	84542313
31556435	31556817
43055951	43056352
239165172	239165631
102637043	102637439
85527461	85527814
42722113	42722484
64873485	64873821
89039532	89039874
37623037	37623372
71737351	71737730
74710282	74710634
85512600	85512982
48338274	48338652
43173968	43174325
85779240	85779559
179279401	179279737
152882205	152882704
69152454	69152815
75904469	75904812
9939778	9940168
73390905	73391260
26552905	26553260
71228217	71228635
11822180	11822586
25050475	25050853
10549250	10549597
101805146	101805502
75836226	75836594
10972435	10972803
31392982	31393372
1773514	1773883
30387866	30388276
76826873	76827232
16790312	16790695
9953943	9954313
11833025	11833406
240960924	240961299
47550265	47550635
48333689	48334049
100997625	100998022
74561997	74562361
65414397	65414747
55065733	55066069
68978882	68979225
35635528	35635868
30338588	30338944
1754614	1755015
42096847	42097207
10800115	10800470
11828501	11828916
72151048	72151406
84530087	84530414
239892172	239892520
72025464	72025859
98326318	98326694
69951756	69952136
7237352	7237724
28675365	28675746
98313753	98314103
118571903	118572299
57986956	57987308
44271295	44271680
113016968	113017349
27184562	27184906
12003717	12004115
9473757	9474111
27906334	27906710
20391099	20391450
85906306	85906680
47214126	47214535
43839597	43839951
1549820	1550151
20490805	20491165
69792473	69792850
26173901	26174227
97175125	97175473
128349030	128349420
121278801	121279164
33700733	33701085
20297945	20298285
71175554	71176061
1821300	1821683
40064991	40065338
237936107	237936450
220507204	220507593
27926622	27926967
20578782	20579142
26828307	26828658
67877986	67878304
28378518	28378835
109252850	109253189
103422725	103423070
85934383	85934697
68942577	68942930
100175554	100175883
59252296	59252640
64558000	64558338
120399164	120399518
231921111	231921442
15717255	15717569
175561927	175562277
219712392	219712742
190525814	190526160
20611185	20611528
73517341	73517702
95688025	95688400
101223309	101223667
9282840	9283199
72098730	72099093
46691623	46691974
73200752	73201110
113507241	113507580
96054909	96055251
85977612	85977966
106162214	106162546
64715153	64715498
96926454	96926811
136467497	136467849
217531373	217531700
70297982	70298312
71327600	71327937
158184056	158184414
18701808	18702133
25015596	25015932
45201224	45201552
95897425	95897765
58798373	58798700
70844741	70845043
11586802	11587152
68822365	68822697
11264647	11264965
29531976	29532331
64276836	64277185
73312754	73313111
29419688	29420037
235790362	235790691
11722842	11723214
27165501	27165840
218653914	218654280
136555079	136555433
95989114	95989458
101601348	101601659
97626146	97626504
119640194	119640539
73220218	73220563
241453263	241453596
57947978	57948327
230451835	230452168
18033044	18033369
39174805	39175139
105852102	105852460
96011266	96011621
169630209	169630541
20595778	20596101
714296	714636
30064302	30064633
74942146	74942499
40987222	40987553
10237528	10237894
101655115	101655425
121070769	121071107
232571729	232572088
74378612	74378913
88301323	88301706
131090146	131090496
26692013	26692335
21185877	21186206
178976901	178977248
88459456	88459788
7184446	7184746
47995049	47995398
241543748	241544073
228103008	228103323
39956026	39956341
20842178	20842493
171729756	171730049
234312918	234313237
20155611	20155952
70870914	70871219
65116092	65116423
28843978	28844341
46877703	46878033
103089419	103089727
11919305	11919682
159580707	159581034
101958658	101958976
228749164	228749505
29461386	29461737
86307042	86307379
1554498	1554827
26968658	26968963
86745633	86745945
38059774	38060094
39455257	39455581
113642508	113642856
65780389	65780742
95622576	95622890
69066410	69066722
98423219	98423540
219741355	219741676
68589156	68589516
56418775	56419086
192623652	192623985
177319684	177320000
131678025	131678350
95781101	95781448
169998317	169998638
44314337	44314676
102622738	102623079
27069181	27069493
69170664	69170995
28817171	28817487
30431273	30431572
217642397	217642732
43397095	43397435
15777427	15777766
128821012	128821335
64115974	64116267
223803971	223804305
206812831	206813149
85154144	85154453
56357622	56357922
11272713	11273041
10212719	10213021
98356981	98357295
71173977	71174311
65100608	65100958
27392725	27393046
9279833	9280201
237981018	237981331
68668897	68669206
46220575	46220864
105796234	105796596
40781882	40782187
46163553	46163878
11552153	11552482
208610791	208611101
27946151	27946488
19562782	19563110
220267648	220267979
46005778	46006123
45208765	45209083
46290089	46290412
190007911	190008223
232665260	232665575
30146026	30146339
135761826	135762166
220324114	220324449
220163445	220163804
68073618	68073927
236504103	236504406
43202186	43202534
3307400	3307744
97466755	97467093
20525973	20526267
36734532	36734844
38735525	38735871
152855518	152855865
43251621	43251994
161920237	161920541
65867678	65867978
88971376	88971681
27303991	27304297
150170012	150170324
216898734	216899032
202096982	202097301
120460400	120460756
218650214	218650497
238653693	238654010
11878659	11878958
220341000	220341322
72364599	72364956
26685385	26685693
43086099	43086420
72553001	72553337
174313944	174314260
165871588	165871904
171785271	171785765
68412717	68413020
38830591	38830925
87035486	87035820
110267698	110268051
114006781	114007092
102447751	102448102
66656158	66656467
38118106	38118466
25451686	25451998
58989350	58989685
178589434	178589750
101346758	101347057
68478217	68478539
219166015	219166308
85618369	85618717
68519317	68519610
30929912	30930214
178770830	178771184
234620071	234620399
70044124	70044421
38209282	38209576
220142374	220142715
25599577	25599935
173836752	173837083
57724664	57724996
159975138	159975429
107199052	107199349
46884143	46884416
30936942	30937295
11618093	11618387
227898115	227898428
231766846	231767179
89203304	89203603
85293943	85294241
191184630	191184954
201766229	201766535
127955369	127955716
11419	11847
37641588	37641901
179779053	179779332
236688093	236688421
175206248	175206553
201348397	201348709
50629556	50629836
218858584	218858904
46768935	46769238
75280671	75280978
174904656	174904978
84968620	84968906
70568344	70568640
205009942	205010278
7343129	7343415
113961508	113961812
23535916	23536234
53700438	53700766
27543853	27544173
118960307	118960656
86054524	86054854
30295169	30295468
43456686	43457014
74477286	74477617
203453370	203453691
68936558	68936887
95980848	95981154
242892943	242893253
103456421	103456691
70913945	70914279
233470600	233471130
209040092	209040388
98207268	98207580
43836497	43836799
235459201	235459497
238330190	238330492
180083723	180084035
11885269	11885585
149267046	149267336
219051029	219051341
211367760	211368054
103136514	103136799
174267158	174267455
228336604	228336903
113716435	113716757
172968633	172968909
128936797	128937106
15728513	15728803
231476117	231476449
216796026	216796343
232578561	232578856
219968891	219969172
172430598	172430950
200850380	200850669
9910543	9910872
233918676	233918985
106071271	106071568
128407347	128407653
216979394	216979706
129494172	129494471
48816367	48816662
121834558	121834888
120022823	120023108
236460563	236460897
11925066	11925374
159610571	159610875
40471773	40472075
232770813	232771096
71772840	71773162
45182826	45183139
238421427	238421778
101038835	101039129
16938471	16938788
113384114	113384407
10575102	10575415
69786869	69787136
219894435	219894721
234352222	234352537
232542379	232542677
58675207	58675549
220159562	220159914
69136973	69137264
86031758	86032061
85864602	85864925
170681327	170681634
25144076	25144362
135002981	135003276
237421610	237421929
220394921	220395243
127535012	127535292
90108144	90108489
143791912	143792251
26367989	26368281
114361608	114362008
71012476	71012770
219844561	219845070
48133999	48134308
60809019	60809319
212610082	212610356
202969012	202969305
113484328	113484638
44518849	44519143
97616937	97617278
43054778	43055062
241377697	241378016
54334125	54334395
72377507	72377815
74488697	74489022
169966305	169966600
232466366	232466688
74917750	74918045
121828583	121828914
88359917	88360206
85109262	85109573
24632820	24633123
56410684	56410982
105904218	105904515
25923076	25923353
42313659	42313965
208905553	208905861
228270839	228271127
1900935	1901228
1542502	1542818
18559379	18559659
46521327	46521645
69941823	69942105
172272654	172272917
134601900	134602199
74078420	74078728
119639150	119639466
201770460	201770755
42997706	42998037
212320016	212320288
239693671	239693995
232579959	232580357
149684245	149684527
60869478	60869809
75063603	75063886
101226785	101227097
216784924	216785190
109544866	109545197
73120776	73121056
202660635	202660938
637053	637323
1890212	1890501
73086938	73087205
100794555	100794841
47615408	47615720
53203556	53203827
232765178	232765481
218853275	218853590
27239740	27240062
86595437	86595746
80465851	80466151
28789588	28789906
42080851	42081145
230207171	230207459
114147945	114148215
22578739	22579029
202725307	202725598
232277127	232277420
69239968	69240274
120417653	120417965
218578244	218578530
241929241	241929560
20063172	20063512
23422223	23422524
153572399	153572683
150454131	150454376
239867440	239867745
70528279	70528639
220024787	220025097
97220144	97220474
175613651	175613910
174075371	174075643
175636302	175636616
27145612	27145927
163077522	163077812
235964607	235964884
65291879	65292202
100859413	100859730
121842553	121842836
179756189	179756467
219137438	219137715
204647068	204647364
151344170	151344475
20981467	20981752
23683190	23683491
121310492	121310815
137136400	137136666
219513252	219513550
27414466	27414737
13147088	13147359
218515511	218515804
99218065	99218344
100106900	100107186
107159236	107159568
67549834	67550136
74494215	74494495
37007434	37007698
137142274	137142583
3584360	3584702
71451122	71451396
43358685	43358990
89179916	89180200
88890588	88890859
100877245	100877497
110273952	110274269
172397799	172398067
238581721	238582006
77180919	77181165
112459766	112460057
50973702	50973978
152803752	152804061
236674880	236675149
74814862	74815118
192431018	192431308
200604590	200604879
31748974	31749279
95652195	95652462
71098617	71098964
39740808	39741099
110303710	110303995
97073102	97073397
121886390	121886656
47146022	47146318
171217879	171218122
73119877	73120166
207854175	207854454
3466054	3466328
237252231	237252511
10849508	10849791
54749875	54750158
220217225	220217509
56188498	56188748
144041707	144041972
41926002	41926276
219552236	219552513
49173669	49173919
131911546	131911879
241790661	241790944
74051132	74051394
8825967	8826268
24283784	24284073
26726282	26726584
121453192	121453494
200844785	200845080
203696288	203696587
111874632	111874926
96688471	96688781
122055092	122055369
230645528	230645791
220035906	220036179
71558649	71558913
171265621	171265894
179387682	179387958
191861123	191861412
99029365	99029632
27593147	27593452
120233850	120234218
178847971	178848235
109605603	109605873
106020317	106020641
69387189	69387422
18704	19006
173326803	173327114
118927278	118927549
24149858	24150141
39957923	39958150
30249356	30249634
233476348	233476683
191237144	191237422
43804476	43804752
38692946	38693252
64749939	64750220
36873444	36873706
206631517	206631816
47499530	47499855
113699391	113699691
101822040	101822305
98316687	98316949
147840478	147840759
42316514	42316790
10124361	10124652
46592079	46592357
232551970	232552242
242604874	242605166
170384776	170385056
232660264	232660571
43832273	43832548
138646487	138646772
20293420	20293717
120048490	120048773
62125999	62126268
71775798	71776086
176231538	176231777
197615774	197616062
10975454	10975785
119622761	119623037
47261269	47261561
36687038	36687306
88486680	88486952
73907340	73907640
127954569	127954853
96079768	96080091
149873951	149874219
232092042	232092324
110473008	110473286
88969218	88969473
101629174	101629444
11558151	11558428
72595031	72595338
54892590	54892871
240028089	240028368
118760986	118761231
76123964	76124207
55847366	55847639
158880869	158881122
200569372	200569659
102035564	102035845
127825637	127825935
230665938	230666180
235044364	235044621
54884782	54885039
153032419	153032708
176962373	176962643
18360062	18360348
121837807	121838094
173892250	173892500
179343806	179344089
65547601	65547852
238030892	238031160
236655035	236655324
217547219	217547474
4006931	4007196
23637846	23638084
202047628	202047885
63652011	63652306
44942812	44943049
232477252	232477528
150571801	150572042
197876818	197877096
238062755	238063006
850183	850436
208898893	208899167
230138520	230138770
122159923	122160180
75631165	75631400
96932909	96933200
73383775	73384057
238480666	238480969
227971870	227972135
237969432	237969745
42009774	42010018
24387316	24387612
129079398	129079674
173330493	173330776
170623877	170624117
667420	667684
238832335	238832596
103777944	103778211
176279660	176279927
105466061	105466327
25047921	25048205
26310996	26311236
227994582	227994856
234160027	234160330
85525956	85526203
96782827	96783107
36922996	36923230
241853764	241854055
184159817	184160072
232513312	232513619
36891356	36891583
135218126	135218409
45870811	45871104
71757900	71758177
173671194	173671448
91947581	91947883
223573014	223573292
221398215	221398485
178199738	178199988
120584001	120584260
48828557	48828808
10176144	10176447
3828449	3828681
9918080	9918349
34237849	34238081
208937079	208937316
127729623	127729872
11969390	11969681
233309193	233309464
110914819	110915075
165456554	165456803
178628446	178628736
85996781	85997095
36899440	36899683
235197621	235197905
121852885	121853142
153717936	153718170
230580713	230580945
24307253	24307546
239422066	239422319
238380156	238380413
224835046	224835307
42740409	42740724
86600058	86600306
234766173	234766422
137181026	137181310
218751526	218751782
241089645	241089905
172386525	172386786
99953571	99953844
86315131	86315399
69602930	69603177
9511635	9511850
121444389	121444647
232382283	232382564
68510027	68510292
85764838	85765105
88512080	88512321
10328389	10328696
172992055	172992298
43040340	43040544
35653682	35653919
91799414	91799596
79446590	79446830
55659228	55659442
27502787	27503074
99104467	99104684
17827403	17827630
101868247	101868566
55738731	55738970
230872941	230873203
98885721	98885963
65865642	65865898
39457040	39457290
210199225	210199465
206750367	206750656
171181150	171181413
177518658	177518896
97778081	97778315
39820927	39821152
45834924	45835164
25887647	25887864
153782418	153782688
241083249	241083546
109200454	109200694
73917908	73918118
206790647	206790896
113238639	113238900
227080689	227080939
143919875	143920095
72343333	72343594
138623582	138623814
89131243	89131496
233006858	233007108
25745038	25745276
166810598	166810849
70369855	70370146
192676919	192677164
120165364	120165596
232539561	232539874
239482004	239482254
103059749	103059976
10957571	10957815
200353580	200353847
86116187	86116491
122655193	122655461
46782223	46782463
199174454	199174715
9346298	9346583
3875323	3875546
113837677	113837932
200350743	200351003
85765778	85766046
221552032	221552288
209238273	209238508
143868503	143868737
232316740	232317011
206544767	206545118
171829953	171830216
54730394	54730661
214018479	214018706
153492224	153492499
25532301	25532553
71384614	71384901
204680087	204680336
78900192	78900488
80300230	80300492
24047628	24047861
13071428	13071671
67960829	67961086
134644284	134644514
80163481	80163753
56304732	56304956
27630955	27631213
55395772	55396007
61653491	61653747
141344026	141344246
224557118	224557380
201577755	201577994
42613847	42614116
70531066	70531310
198033431	198033688
105911425	105911664
61886059	61886327
84858296	84858508
226525235	226525475
239628810	239629061
62220640	62220888
219033637	219033904
103370109	103370337
143044247	143044498
3775772	3775992
165873371	165873634
86100879	86101091
235453602	235453893
47003945	47004170
202023139	202023372
224858397	224858620
207665328	207665548
216693333	216693580
180275695	180275930
128991150	128991437
209331135	209331379
161850984	161851214
182331447	182331687
160664022	160664268
86991917	86992130
32997775	32997983
200715986	200716252
132431573	132431833
112456737	112456976
55276088	55276380
103065912	103066154
63528094	63528328
74560363	74560600
174749210	174749442
119129118	119129417
207256905	207257158
17900902	17901128
45812439	45812703
127807793	127808032
71688042	71688263
203438618	203438859
15043964	15044246
239213672	239213936
192419869	192420138
27526374	27526637
152893444	152893667
30908977	30909211
219763032	219763292
202228719	202228959
37395588	37395833
71204526	71204793
179884961	179885158
118790062	118790275
236044649	236044906
176068413	176068652
158348770	158349004
217268808	217269055
205190220	205190459
97429437	97429741
23574427	23574692
73404551	73404884
119932087	119932325
70781271	70781539
223966547	223966780
192555747	192555965
75103512	75103773
135540409	135540629
47562236	47562482
236649554	236649812
176193883	176194152
89173676	89173896
98280881	98281121
147684939	147685172
202545471	202545728
74702125	74702339
207648514	207648756
113448488	113448732
163010182	163010415
106192838	106193085
236015847	236016091
113896025	113896253
232161775	232162038
134537772	134537988
198677997	198678235
58133342	58133573
40675723	40675944
102135410	102135690
162107454	162107693
231712663	231712934
148777883	148778132
161180734	161180964
71504671	71504932
241779905	241780183
88853818	88854018
201443621	201443851
30313732	30313979
131631358	131631603
136498907	136499143
63416162	63416371
88607438	88607674
175022807	175023008
62020502	62020781
208599059	208599313
122113695	122113935
120511009	120511208
55945374	55945594
112645384	112645621
55242170	55242382
63926219	63926459
219874963	219875189
238683444	238683704
82461488	82461694
73162186	73162390
217971464	217971700
24027150	24027383
179565656	179565889
68082025	68082245
42323107	42323340
31657896	31658087
224539790	224540000
201346173	201346431
5765790	5766018
213727964	213728169
204349056	204349230
225314220	225314413
662620	662835
25198371	25198618
239172177	239172430
60787930	60788188
105731037	105731249
75693928	75694150
219717646	219717903
72161077	72161294
189234184	189234421
11788044	11788266
69534512	69534849
163747298	163747503
218764303	218764560
104575690	104575925
196996147	196996385
198667764	198667989
167395933	167396164
232537656	232537904
50718740	50718952
233305317	233305589
15198241	15198498
151467308	151467483
218933557	218933790
95536184	95536388
201336097	201336317
79206820	79207058
96819747	96819972
239279465	239279695
205556733	205556951
229183014	229183246
105350148	105350390
238767041	238767255
158192756	158192965
31084976	31085203
134875889	134876112
228913662	228913880
11213450	11213696
211442344	211442554
73487480	73487727
34321692	34321908
29179828	29180093
102852054	102852249
146510112	146510362
45251957	45252172
133408783	133408999
36585072	36585288
86306013	86306196
84250039	84250238
62684111	62684373
190615890	190616133
29181547	29181768
231917622	231917875
218938725	218938982
133304754	133304964
219157232	219157491
26220748	26220991
32111861	32112080
97523823	97524098
219221350	219221636
109744515	109744732
100862684	100862927
48827433	48827630
232422651	232422911
102387202	102387414
178469267	178469465
180286854	180287069
231851992	231852214
209119992	209120242
85875792	85876035
33598130	33598337
110493895	110494104
219523377	219523609
207646341	207646594
228631099	228631351
111611226	111611399
23789683	23789909
85413360	85413616
133106740	133106907
232428119	232428359
241000506	241000657
127391920	127392128
63306072	63306279
149846528	149846713
172455339	172455562
203043201	203043372
40140797	40141007
99453633	99453858
47104040	47104233
64814110	64814306
176983706	176983948
240745986	240746230
175442767	175442997
50763540	50763764
165698580	165698850
40440344	40440572
119976409	119976630
75691777	75691990
213551128	213551304
97025120	97025362
27205315	27205522
134965263	134965470
74627082	74627310
50719680	50719891
198243230	198243434
165594203	165594409
218007487	218007687
50756834	50757034
241519231	241519468
96069071	96069261
219122470	219122704
36928730	36928944
76425045	76425287
160966528	160966764
192029905	192030085
102972111	102972360
239896288	239896490
173569125	173569345
50371520	50371718
246553	246778
10410692	10410886
20882002	20882217
11674927	11675160
37039497	37039686
219860779	219860993
210825836	210826043
233401773	233402003
7224073	7224299
205042714	205042949
43021711	43021885
223836502	223836748
25565340	25565579
53429409	53429612
135536001	135536256
61922164	61922379
103457758	103458011
24835993	24836212
173575336	173575530
96658591	96658803
149431721	149431919
219984241	219984464
33808386	33808608
142156939	142157134
216887841	216888054
209119096	209119323
28976308	28976505
24605316	24605556
74426179	74426415
90246390	90246601
33605162	33605375
28030435	28030627
106536450	106536603
38763282	38763537
212022693	212022894
236079680	236079849
50703435	50703625
138224902	138225131
72222313	72222529
242535083	242535301
38542952	38543138
144017044	144017256
228522996	228523248
190847636	190847838
176991812	176992051
220360143	220360398
88754434	88754616
127285750	127285953
121062923	121063139
207846511	207846734
208557011	208557241
232651437	232651669
171943413	171943637
102500401	102500602
197318391	197318623
130694000	130694197
105854471	105854695
231024925	231025172
231968902	231969101
172140	172365
101487302	101487516
31954862	31955078
89218949	89219175
70725314	70725430
65938275	65938478
157192088	157192294
89267474	89267618
71175554	71176061
529464	529669
231577346	231577574
219938206	219938391
228804341	228804559
237471131	237471323
2124624	2124849
203735472	203735679
242017899	242018113
38782406	38782651
89249677	89249789
121433190	121433415
102782964	102783187
26074848	26075069
31919600	31919768
240821738	240821943
154335355	154335579
238231330	238231545
65092758	65093024
135169656	135169851
233157396	233157654
65369767	65369937
152904653	152904810
75325989	75326219
134986102	134986350
173729003	173729278
235166860	235167069
166060566	166060786
143980105	143980300
226147656	226147864
234741529	234741742
96804496	96804716
99251195	99251619
101435058	101435217
237218274	237218486
101044175	101044385
151908227	151908404
45837698	45837905
152095457	152095639
106714625	106714836
86070782	86070966
58821418	58821571
60934866	60935080
40483873	40484051
133929084	133929259
157749121	157749312
26744140	26744341
133206499	133206693
23127056	23127277
118979674	118979846
65019521	65019668
47116226	47116466
20335463	20335700
177502976	177503190
183628157	183628334
36198325	36198520
95539999	95540216
42466005	42466211
65140469	65140677
25937710	25937879
113957877	113958100
37763427	37763638
66814488	66814667
73857923	73858121
43454879	43455092
113956694	113956956
31577808	31578018
80209700	80209895
73042946	73043370
182942471	182942642
122353853	122354022
169818249	169818412
70882392	70882606
132170846	132170971
224854016	224854218
43249455	43249650
200328163	200328394
25104690	25104804
15299929	15300122
139587003	139587203
71679800	71680001
27601119	27601308
135249519	135249657
40715243	40715445
18331061	18331171
65492338	65492452
179626612	179626805
121707032	121707259
169988585	169988705
46561107	46561531
128113088	128113297
241172373	241172599
216134640	216134871
225866896	225867059
134193004	134193212
72998095	72998289
217563635	217563806
86448309	86448501
155480398	155480613
177517167	177517319
62138734	62138938
102439695	102440119
38808637	38809061
148695398	148695618
89542864	89543085
225222185	225222344
178664349	178664543
114128180	114128376
119613320	119613532
153046512	153046690
71526634	71526800
154019676	154019867
165394747	165395171
237085150	237085344
43354411	43354557
169615814	169616002
142923362	142923518
224592330	224592440
40587916	40588077
80162938	80163201
101211371	101211596
53742978	53743131
191895349	191895572
164202569	164202758
103592633	103592745
26214500	26214734
216735874	216736011
67461711	67461893
45721936	45722078
161775496	161775708
108966518	108966734
27308505	27308643
33666400	33666598
173678146	173678284
180990313	180990527
238074077	238074290
240065606	240065815
111569414	111569613
162948301	162948494
159321268	159321399
129513038	129513257
33620804	33620983
23847294	23847471
239266079	239266286
120275097	120275295
239371567	239371744
164735329	164735527
177419297	177419453
225233851	225234001
231627134	231627331
39062274	39062383
11049883	11050069
205124924	205125068
64088462	64088653
193027269	193027434
226533446	226533634
102003921	102004152
171669356	171669536
10400458	10400564
160824919	160825122
54403689	54404113
151768603	151768793
7567536	7567687
134318735	134318892
101834554	101834766
68690505	68690700
199161490	199161652
159602240	159602442
137690377	137690553
187506563	187506735
175327607	175327777
85092276	85092700
182043606	182043796
43156080	43156318
225511046	225511265
55001078	55001257
66802567	66802793
20215327	20215525
71150613	71150804
240874010	240874178
176976091	176976205
194828383	194828489
121437906	121438071
71222583	71222829
66028258	66028428
63250731	63250874
239082420	239082627
18299011	18299162
232057233	232057404
11729755	11729957
85999614	85999821
139603906	139604028
129226877	129227050
53650129	53650282
216319258	216319414
46238080	46238252
225515534	225515958
7812308	7812508
234837355	234837550
171672311	171672518
119296999	119297176
67704031	67704231
160612371	160612512
95742550	95742762
144270732	144270929
192020467	192020636
36549390	36549564
24644606	24644779
217383971	217384167
238595300	238595484
10188919	10189054
88491056	88491268
43158723	43158914
237089624	237089779
8901810	8902004
232894959	232895383
70368277	70368479
128236934	128237089
29552739	29553163
138705412	138705599
88650565	88650761
53037707	53037849
191544993	191545417
178128266	178128474
64882450	64882624
215867352	215867506
201600555	201600739
220374429	220374644
96394772	96394955
178013781	178013890
89504737	89504953
193150966	193151150
29044315	29044541
31913502	31913664
240931224	240931392
237261770	237261943
3183150	3183345
208095072	208095277
172015774	172016198
200461396	200461588
121857053	121857224
3852869	3852989
139544762	139544895
188364768	188364933
37253285	37253470
165773917	165774102
101857212	101857392
69534145	69534478
97173967	97174112
131130159	131130341
86525896	86526034
163157789	163157979
21540160	21540283
161826863	161827020
54506641	54506836
61362746	61362862
204090292	204090399
68452455	68452593
170789729	170789914
176953128	176953300
85241972	85242149
99795710	99795875
27473049	27473261
122288593	122288748
198464401	198464598
19549936	19550120
121194886	121195067
142312365	142312789
175641088	175641194
238041573	238041681
102918323	102918747
28619741	28619935
120932714	120932875
15888965	15889101
56336064	56336219
112425196	112425377
98364974	98365133
90016144	90016346
69947709	69947918
130154897	130155035
220298709	220298881
74148389	74148587
86623678	86623848
43467759	43467911
97215782	97215942
178197190	178197344
121766637	121766793
72006167	72006308
190331530	190331655
84722776	84722960
110874085	110874264
142197	142379
45956820	45957244
206950710	206951134
17081748	17081943
179669546	179669736
9983565	9983777
223478474	223478898
45465396	45465820
182607638	182607792
3698659	3698855
241496262	241496442
210290284	210290478
71418086	71418510
58337902	58338326
19065328	19065752
201827921	201828090
102686663	102686834
164917647	164918071
86252342	86252766
20303393	20303531
49718005	49718213
233625990	233626414
73980973	73981397
138848088	138848215
218375604	218375732
162427095	162427201
188446117	188446541
113482532	113482705
179171189	179171365
173886737	173886903
238318766	238318960
99683186	99683379
28886378	28886484
151405040	151405464
227850191	227850332
239662989	239663140
149944401	149944555
136231243	136231438
233191949	233192119
74369657	74369763
230931806	230931985
189156470	189156631
49997999	49998423
18585955	18586379
183531654	183532078
10282603	10282743
188365717	188365874
69253098	69253522
32551651	32551855
63715356	63715542
218899516	218899723
168975277	168975434
163154577	163154703
41724196	41724346
43370009	43370433
72029216	72029435
208337981	208338118
196524984	196525408
219260679	219260834
161209757	161209950
25389022	25389189
224662971	224663140
59528928	59529352
191715292	191715496
166150298	166150461
165352206	165352385
232794764	232794951
169805135	169805559
64282407	64282831
38501793	38502217
41641704	41641849
188039301	188039725
204774512	204774671
46503845	46504269
62145083	62145242
190277226	190277368
64822530	64822954
204318575	204318999
42588725	42588922
225148937	225149176
122949052	122949159
48698184	48698340
107189127	107189311
231689261	231689428
38036582	38037006
47404023	47404135
169203243	169203362
190953698	190953830
165286777	165286937
32779024	32779183
290228	290334
191208990	191209186
178623530	178623954
148089737	148089845
81493359	81493471
212368712	212368818
11970090	11970271
38104760	38104914
219271306	219271521
142938864	142939032
42612403	42612532
120963815	120964239
235409217	235409329
243153735	243153947
64539580	64539726
182579760	182580184
171823737	171823845
99682452	99682876
180801539	180801658
198992336	198992760
176951058	176951232
118818955	118819379
43333193	43333318
119992212	119992415
210072951	210073131
49843929	49844353
25014024	25014185
147802578	147803002
39351639	39351807
179145145	179145264
171092587	171092699
62524876	62525029
73587433	73587857
11054505	11054672
200269944	200270368
223426529	223426953
198572256	198572680
86902922	86903054
225643106	225643530
53669968	53670392
179994489	179994669
20817772	20817878
97671081	97671505
16400055	16400195
38303798	38303982
24244340	24244515
209260056	209260257
160041805	160042229
232347483	232347656
181923340	181923764
122732739	122732878
189890068	189890229
88991143	88991327
173648003	173648427
113894589	113894695
21341172	21341596
228904595	228904768
42423834	42424258
63029215	63029639
166635714	166635832
11040290	11040714
55127060	55127229
21644919	21645343
26994006	26994221
167038070	167038494
160414072	160414233
125561733	125561845
220554404	220554828
16706519	16706943
47892080	47892203
9126924	9127048
25829863	25830027
80483515	80483939
18616677	18617101
25264110	25264534
166984398	166984822
210421207	210421342
137931063	137931487
206640908	206641043
158159100	158159242
206540710	206540906
105028868	105029292
20706064	20706193
159892630	159892793
98390900	98391324
60379371	60379795
38673581	38674005
38750985	38751135
101652979	101653403
86025199	86025338
9013083	9013243
85408495	85408607
199522235	199522659
191142075	191142230
23728095	23728519
95996112	95996536
233893656	233893838
180763600	180764024
67442374	67442798
7177841	7178265
163183728	163183887
211949743	211950167
242598691	242599115
62639160	62639584
101966796	101966920
183050815	183051239
36545676	36546100
233198064	233198488
59409393	59409817
156107304	156107728
24766066	24766490
70872856	70873280
154333624	154334048
103209052	103209476
44125422	44125846
2702477	2702627
46412332	46412756
43751536	43751682
103320348	103320465
183514163	183514342
131555615	131555826
87456308	87456732
231663489	231663913
44787461	44787885
192083142	192083296
20877146	20877570
65577880	65578304
169193310	169193734
239956934	239957358
9250926	9251350
192578531	192578955
42033405	42033829
224724861	224725004
238594180	238594291
238384221	238384356
202101048	202101472
46277627	46278051
191247696	191247822
135223860	135223968
19866897	19867321
132904335	132904759
109576614	109576761
55808567	55808991
75468810	75469234
25352238	25352413
95943331	95943755
198479926	198480064
199179426	199179547
10054834	10055258
105561117	105561242
139131532	139131956
188003082	188003216
218621246	218621670
240609724	240610148
178538918	178539342
9695628	9696052
206678343	206678495
186155882	186156029
75708042	75708466
174900615	174901039
132430383	132430547
134023634	134024058
122505924	122506045
152861314	152861456
70529211	70529397
109618490	109618665
20850742	20851166
216814657	216815081
198919010	198919434
122568803	122569227
208966815	208966954
100908469	100908893
178119151	178119575
225873769	225873934
242882449	242882873
202042199	202042377
72972900	72973324
70584439	70584863
28563429	28563853
216878277	216878434
80726253	80726677
206869118	206869240
174616853	174617277
217080666	217081090
119418761	119419185
36579273	36579394
75209853	75209959
197714585	197715009
74347395	74347538
154375927	154376093
120581287	120581711
47164499	47164923
19512735	19513159
122645898	122646045
113403125	113403278
128210940	128211364
231789121	231789545
126274047	126274471
89240666	89241090
160855401	160855825
227677972	227678078
241505775	241505963
71016854	71017023
69064371	69064795
10264627	10265051
128028227	128028651
218933688	218934112
97075045	97075160
54990777	54991201
85470799	85471223
105490030	105490163
61862929	61863353
232717114	232717317
178026391	178026815
75539043	75539467
197940471	197940895
114723195	114723619
27309376	27309547
220386097	220386229
163190479	163190903
44471194	44471618
150417779	150418203
33637961	33638385
48243901	48244014
161289042	161289466
105593292	105593716
81551140	81551564
158050732	158050838
122893787	122893928
191916818	191917242
122476392	122476554
84484962	84485386
236702043	236702198
207558357	207558781
211958396	211958820
183735058	183735195
130681387	130681811
17490957	17491381
1588834	1589258
57776641	57777065
217561371	217561795
183632274	183632698
171785271	171785765
148033492	148033916
74375034	74375179
535334	535453
26178740	26179164
71297406	71297830
85442189	85442613
10818306	10818730
136576783	136577207
21250470	21250636
2105672	2106096
36096712	36097136
173037223	173037378
62650453	62650582
201983353	201983460
42564611	42565035
223662001	223662425
1858552	1858976
176554799	176555223
216601539	216601675
151928064	151928170
229997850	229998274
128082226	128082650
199239051	199239475
175895690	175896114
10938907	10939331
65800253	65800677
10927640	10928064
173796763	173796939
176174499	176174923
161067166	161067590
101510182	101510606
45711137	45711561
8833357	8833781
102490011	102490435
136502307	136502731
68585058	68585482
203023510	203023934
3739938	3740362
118543260	118543684
24211218	24211642
190152597	190153021
74859349	74859773
67808940	67809364
80114870	80115294
233199944	233200368
212869808	212870232
161108742	161109166
180305348	180305772
148958926	148959350
223558572	223558996
219575362	219575786
55402700	55403124
37232151	37232575
224111831	224112255
114737197	114737621
149322804	149323228
224625882	224626306
16734479	16734903
242538058	242538180
47881382	47881806
208926783	208927207
165416831	165416937
46859440	46859864
158633928	158634352
29276678	29277102
71222037	71222246
234551777	234552201
144920205	144920629
28196464	28196888
88487435	88487859
131555067	131555256
74135170	74135325
241504243	241504667
139585148	139585257
180105358	180105782
166257782	166258206
45241203	45241627
213432353	213432777
158354140	158354564
196942942	196943366
15937730	15938154
181224201	181224625
175209743	175210167
96729116	96729540
226754067	226754491
71192123	71192265
220601895	220602319
180707190	180707614
223846641	223847065
1550663	1551087
10808550	10808974
501104	501528
26457934	26458358
192096603	192097027
218030926	218031350
48793651	48794075
177970892	177971316
74771810	74772234
122080558	122080702
109033702	109034126
85663394	85663818
10445834	10446258
114165297	114165721
85945165	85945589
165360719	165361143
30931686	30932110
164048027	164048138
97269809	97270233
224644663	224644875
207018932	207019356
122446861	122447285
86057769	86058193
178557564	178557988
72447329	72447753
208761600	208762024
96779095	96779519
233717776	233718200
90265407	90265572
165770147	165770571
236671470	236671894
4402166	4402590
89286493	89286917
157446119	157446543
214111392	214111816
222921953	222922377
224171056	224171480
188708102	188708216
201374774	201374907
102600513	102600627
192403791	192404215
32360540	32360650
26778549	26778671
230775472	230775896
46996952	46997376
135480287	135480711
130913697	130913899
234774462	234774886
85238864	85239288
165335944	165336368
189389376	189389517
156922406	156922830
12556642	12557066
6913278	6913702
83423345	83423769
15686648	15687072
715832	716256
55538700	55539124
28715811	28716235
25790287	25790711
50571621	50572045
98267030	98267454
130607133	130607557
235519974	235520097
150185525	150185949
17652044	17652468
20642952	20643376
62526968	62527134
155309397	155309821
175564853	175564959
210937614	210938038
63771162	63771586
195732221	195732341
178130027	178130451
112658487	112658911
238080048	238080472
178062793	178063217
211482436	211482860
239744515	239744939
98773994	98774418
166095636	166096060
217148234	217148658
233533778	233534202
64629932	64630356
181969206	181969630
223824229	223824335
52643445	52643869
20724918	20725342
180205416	180205840
198056140	198056564
32062488	32062613
227667208	227667632
190538980	190539404
68258662	68259086
43451396	43451502
183935814	183936238
84304611	84305035
223182643	223183067
152266508	152266632
153599500	153599924
234823786	234824210
232549947	232550371
101519393	101519817
115309049	115309155
119026984	119027408
10660359	10660783
107203806	107204230
85358191	85358615
73847042	73847466
11816674	11817098
188442043	188442467
66240597	66241021
182437846	182438270
190888587	190889011
54725113	54725537
217381449	217381873
64555103	64555527
71381941	71382365
197977896	197978320
164011779	164012203
156672368	156672792
204889203	204889627
232274879	232275303
54311752	54312176
215452160	215452584
128615778	128615939
96676923	96677085
231679310	231679734
84651263	84651687
3785995	3786419
44569995	44570419
241535058	241535482
162432939	162433363
35260880	35261304
219482834	219483258
47982496	47982920
23859271	23859695
108800868	108801292
23553113	23553537
74054128	74054552
153597236	153597660
82250818	82251242
24451321	24451745
197296667	197297091
160796462	160796886
209120114	209120538
1131767	1132191
202283763	202284187
58781064	58781488
75801191	75801615
65206019	65206443
176052118	176052542
147419219	147419325
8944042	8944466
201659603	201660027
121672320	121672744
113222947	113223371
66723244	66723668
65396537	65396643
105994282	105994706
242820155	242820579
51937456	51937880
237411697	237412121
54050841	54050970
220502791	220503215
20425044	20425468
158429208	158429632
102801751	102802175
133157653	133158077
173730085	173730509
197141742	197142166
37570556	37570980
39062319	39062743
135800884	135801308
69664459	69664883
231729255	231729679
229522489	229522913
39606775	39607199
97268256	97268680
33258583	33259007
218899625	218900049
8665545	8665969
180988954	180989378
81877677	81878101
99134538	99134962
16954304	16954728
18931158	18931582
241434351	241434775
11514568	11514992
228228435	228228859
25424118	25424542
894028	894452
97534607	97535031
170646420	170646844
207029110	207029264
43419272	43419696
89259003	89259427
3082423	3082847
160778296	160778720
28472752	28473176
45179274	45179698
238513605	238514029
136971999	136972423
193606581	193607005
223768445	223768561
100877371	100877795
68971704	68972128
85067379	85067803
195183933	195184357
19969212	19969636
26958834	26959258
236025565	236025989
194560083	194560507
27356625	27357049
220295471	220295895
87568646	87569070
159757762	159758186
11005006	11005430
144444132	144444556
220425152	220425260
220701364	220701788
119884123	119884547
60886174	60886598
201567869	201568293
231187874	231188298
198224595	198225019
274457	274881
92083276	92083403
72806682	72807106
241165245	241165669
46554756	46555180
209133816	209134240
138417211	138417635
38967965	38968389
106505075	106505499
211900227	211900651
166730929	166731353
2847884	2848308
69663923	69664347
148747355	148747779
234356869	234357293
193614264	193614688
68423224	68423648
45124512	45124936
59812071	59812495
60666591	60667015
191375829	191376253
239276253	239276677
25053205	25053629
65297175	65297599
10442651	10442765
175411624	175412048
124751277	124751701
178354431	178354855
70139078	70139502
211898459	211898883
158890737	158891161
175854951	175855375
208837927	208838351
3676411	3676835
1891673	1892097
47615583	47616007
15085171	15085595
225713973	225714397
113799465	113799889
56236936	56237360
220322747	220323171
72377673	72378097
71836967	71837391
147434813	147435237
27653192	27653616
10933111	10933535
204890962	204891386
97426675	97427099
232789878	232790302
29518717	29519141
154143649	154144073
147491610	147492034
220406447	220406871
124784666	124785090
7259129	7259553
203143662	203144086
231714777	231715201
86524523	86524947
83829855	83830279
65580189	65580613
186493777	186494201
109877263	109877687
220600915	220601339
149315604	149316028
129144991	129145415
208339598	208340022
63714040	63714464
121427222	121427338
202663594	202664018
225224286	225224710
169471203	169471627
26538927	26539351
183649409	183649833
222889606	222890030
46593402	46593826
123208634	123209058
166963134	166963558
29175579	29176003
97011094	97011518
192893803	192894227
190498035	190498459
43447067	43447491
127807907	127808331
101099188	101099612
162443003	162443427
121100891	121101315
175975823	175976247
196362848	196363272
1793374	1793798
199186995	199187419
192733976	192734400
179261685	179262109
142669230	142669654
169017353	169017777
147170183	147170607
201933985	201934409
45805593	45806017
204261465	204261889
85085244	85085668
43711445	43711869
19946389	19946813
190935039	190935463
16000870	16001294
63014466	63014890
238001791	238002215
233190675	233191099
191179421	191179845
207423950	207424374
99701811	99702235
193055126	193055550
207125006	207125430
19741670	19742094
174432775	174433199
233993983	233994407
237516199	237516623
52022612	52023036
241436497	241436921
140704258	140704682
80103513	80103937
192109748	192110172
17852252	17852676
174532163	174532587
19250962	19251386
114344848	114345058
233844620	233845044
9278679	9279103
199884574	199884998
54433696	54434120
27374847	27375271
166420353	166420777
241284198	241284622
216974837	216975261
53967294	53967718
158901867	158902291
118227834	118228258
119785940	119786364
150244880	150245304
231674369	231674793
220364840	220365264
140412791	140413215
137631824	137632248
66201422	66201846
112806345	112806769
64782729	64783153
195031509	195031933
21638096	21638520
183903090	183903514
73070427	73070851
62137700	62138124
28752876	28753300
75841180	75841604
222833829	222834253
242489065	242489489
79088675	79089099
191668925	191669349
186073008	186073432
196931527	196931951
75833309	75833733
90065997	90066421
71211953	71212377
215695482	215695906
178974548	178974972
209013528	209013952
74759355	74759779
12188651	12189075
47315457	47315881
101821136	101821560
236302911	236303335
108798897	108799321
192435784	192436208
97677897	97678321
177682003	177682427
33495633	33496057
69128272	69128696
175901175	175901599
241556374	241556798
153611502	153611926
106135385	106135809
28636362	28636786
3383492	3383916
74734193	74734617
90265462	90265886
27929215	27929639
89411915	89412339
234885283	234885707
72364769	72365193
134399149	134399573
69435144	69435568
173458398	173458822
51732669	51733093
109949894	109950318
119765695	119766119
236584344	236584768
213413142	213413566
112493954	112494378
113191077	113191501
10612082	10612506
38390140	38390564
583627	584051
107213282	107213706
37515059	37515483
146241959	146242383
72025464	72025859
101813664	101814088
127622433	127622857
168975986	168976410
76014668	76015092
42684136	42684560
89180050	89180474
217552342	217552766
73911867	73912291
26537074	26537498
211060176	211060600
132249986	132250410
42555557	42555981
228726929	228727353
37802897	37803321
36772047	36772471
164467722	164468146
202924935	202925359
201677099	201677523
229546141	229546565
181845288	181845712
54279985	54280409
174436009	174436433
102163099	102163523
153483852	153484276
61226050	61226474
121041170	121041594
6056157	6056581
175468043	175468467
120986071	120986495
11783004	11783428
190663409	190663833
175002887	175003311
25520683	25521107
71091621	71092045
23589520	23589944
241071321	241071745
20250406	20250830
31302472	31302896
233304150	233304574
169204533	169204957
231964571	231964995
110871724	110872148
20732765	20733189
68949911	68950335
142699919	142700343
201480002	201480426
47140722	47141146
96045236	96045660
9710732	9711156
213385040	213385464
51651505	51651929
161126468	161126892
206428355	206428779
242641932	242642356
114636287	114636711
47766409	47766833
55298118	55298542
68693621	68694045
78182068	78182492
181848476	181848900
30915253	30915677
163175122	163175546
67275418	67275842
131914366	131914790
74967699	74968123
206585650	206586074
204937124	204937548
138701508	138701932
70687448	70687872
236711676	236712100
63002188	63002612
160147081	160147505
19036270	19036694
242672049	242672248
233963318	233963742
196803003	196803427
55384554	55384978
90126604	90127028
201827983	201828407
144020761	144021185
101535774	101536198
217908689	217909113
242331520	242331944
113339838	113340262
44522835	44523259
161012498	161012922
232475931	232476355
138644037	138644461
8802694	8803118
160944842	160945266
60792609	60793033
206768445	206768869
217193062	217193486
235654000	235654424
192386327	192386751
200838414	200838838
20595920	20596344
5506026	5506450
54955957	54956381
61990812	61991236
219818139	219818563
190212164	190212588
42098302	42098726
232574929	232575353
47168786	47169210
60782084	60782508
37416821	37417245
232579959	232580357
43484003	43484427
714459	714883
89260842	89261266
217087216	217087640
105986216	105986640
232270438	232270862
187323734	187324158
89948216	89948358
174614042	174614466
100854133	100854557
97163586	97164010
171701822	171702246
177921153	177921577
27805859	27806283
232406245	232406669
141867155	141867579
83743617	83744041
150451774	150452198
31636717	31637141
136671291	136671715
3201869	3202293
162844983	162845407
65260400	65260824
43297079	43297503
65244494	65244918
27745208	27745632
154431930	154432354
162129639	162130063
173091050	173091474
178280869	178281293
175850418	175850842
187121272	187121696
178033081	178033505
238490295	238490719
146303645	146304069
191646353	191646777
169777079	169777503
190627851	190628000
70426448	70426872
219592533	219592957
42304469	42304893
219922688	219923112
172667651	172668075
167217758	167218182
182446258	182446682
204516024	204516448
75146818	75147242
79757554	79757978
28177677	28178101
106015291	106015715
182768741	182769165
43769421	43769845
72011934	72012358
175470406	175470830
58358225	58358649
242672110	242672534
88788697	88789121
187325172	187325596
196183200	196183624
142870426	142870850
219141710	219142134
228344775	228345199
188163810	188164234
88990423	88990847
189184550	189184974
332546	332970
176116174	176116598
96809844	96810268
152748253	152748677
75957004	75957428
128929722	128930146
86597650	86598074
144332844	144333268
242674771	242675195
70418101	70418525
35339808	35340232
150186170	150186594
150655817	150656241
233457405	233457829
135415231	135415655
44475077	44475501
24307408	24307832
45667290	45667714
192366273	192366697
236845075	236845499
241673228	241673652
80553298	80553722
1557658	1558082
20426129	20426553
172978335	172978759
35568174	35568598
101949143	101949567
224904236	224904660
176045672	176046096
130939489	130939913
70781406	70781830
95745702	95746126
21977017	21977441
72808619	72809043
26838310	26838734
31138332	31138756
10425778	10426202
207421059	207421483
18636535	18636959
208490517	208490941
31290139	31290563
158866769	158867193
53048757	53049181
11460866	11461290
84194945	84195369
102018385	102018809
178997029	178997453
110373335	110373759
29434831	29435255
134020438	134020862
85665954	85666378
62952350	62952774
677303	677727
100206882	100207306
132559384	132559808
129289381	129289805
121716202	121716626
213459717	213460141
220019741	220020165
95536267	95536691
118804197	118804621
21595539	21595963
77661981	77662405
165554174	165554598
70976782	70977206
226529999	226530423
28824018	28824442
68936725	68937149
105961425	105961849
192735478	192735902
135003124	135003548
197457177	197457601
127785280	127785704
109824536	109824960
73496302	73496726
68361625	68362049
239924539	239924963
237478182	237478606
108786515	108786939
159036154	159036578
241687983	241688407
53735779	53736203
72426067	72426491
213641618	213642042
112973686	112974110
65298638	65299062
209257058	209257482
17352642	17353066
240831069	240831493
154440774	154441198
33259812	33260236
211227888	211228312
152649115	152649539
239795091	239795515
217004586	217005010
46399300	46399724
180942015	180942439
109561123	109561547
190986720	190987144
42287232	42287656
240297043	240297467
130551836	130552260
150954460	150954884
47242368	47242792
178011832	178012256
165849311	165849735
101470014	101470438
173956012	173956436
212080951	212081375
9905658	9906082
46525679	46526103
219330786	219331210
219381290	219381714
121665346	121665770
97246472	97246896
218812609	218813033
113448637	113449061
47600866	47601290
135746521	135746945
154626820	154627244
211309843	211310267
74902180	74902604
184113595	184114019
172782995	172783419
1754614	1755015
161135236	161135660
73459691	73460115
181941802	181942226
57743912	57744336
46843027	46843451
74730066	74730490
11168554	11168978
170532859	170533283
112608217	112608641
210327912	210328336
224702605	224703029
97581782	97582206
225613830	225614254
239186415	239186839
66146033	66146457
950063	950487
120961532	120961956
36586129	36586553
148668479	148668903
181384913	181385337
158310288	158310712
182295139	182295563
29532133	29532557
204916219	204916643
223682346	223682770
9797872	9798296
112505208	112505632
73912068	73912492
47422222	47422646
44619466	44619890
180615888	180616312
80087654	80088078
2099083	2099507
48338455	48338879
200625305	200625729
63919140	63919564
26207483	26207907
95719359	95719783
183105475	183105899
152585492	152585916
38953279	38953392
233751843	233752267
236502706	236503130
112879227	112879651
198220898	198221322
169350907	169351331
56976315	56976739
164983472	164983896
180856072	180856496
11252153	11252577
86537067	86537491
215175033	215175457
37642579	37643003
204972899	204973323
72832968	72833392
1043119	1043543
219095479	219095903
106586011	106586435
16794684	16795108
157048997	157049421
56150385	56150809
216796172	216796596
9877360	9877784
74688447	74688871
64789247	64789671
242663888	242664312
45556461	45556885
74643829	74644253
97485756	97486180
217741748	217742172
113991721	113992145
46394498	46394922
79268045	79268469
167276026	167276450
220354820	220355244
10198264	10198688
56359291	56359715
3583338	3583762
20379369	20379793
27063846	27064270
232597300	232597724
49846918	49847342
78658331	78658755
190563015	190563439
233232154	233232578
131525832	131526256
239015777	239016201
164328463	164328887
120867312	120867736
75692634	75693058
72016959	72017383
177686053	177686477
216500394	216500818
173065186	173065610
79857125	79857549
233230272	233230696
7037240	7037664
228020167	228020591
118593443	118593867
41071520	41071944
46844001	46844425
178160866	178161290
216418676	216419100
75881116	75881540
86041509	86041933
43407935	43408359
103456657	103456764
105915714	105916138
80082506	80082930
206561246	206561670
135122887	135123311
74222943	74223367
186447845	186448269
68873463	68873887
182756966	182757390
96332368	96332792
202830228	202830652
131859274	131859698
75652329	75652753
128457967	128458391
241400134	241400558
172101931	172102355
99818704	99819128
190627176	190627600
54330905	54331329
198716173	198716597
99193735	99194159
18447445	18447869
61045489	61045913
98912138	98912562
123276902	123277326
59503139	59503563
100231859	100232283
235959684	235960108
136015804	136016228
152475914	152476338
43396104	43396528
239168110	239168534
109013300	109013724
131133979	131134403
128287860	128288284
113335353	113335777
85682687	85683111
210660604	210661028
108553200	108553624
99231903	99232327
239648328	239648752
33166137	33166561
216262339	216262763
197162834	197163258
238483845	238484269
152972460	152972884
109663312	109663736
25277485	25277909
19369190	19369614
153411570	153411994
28830056	28830480
105860372	105860796
59098840	59099264
238523039	238523463
43498340	43498764
54931827	54932251
207367436	207367860
81079830	81080254
218874852	218875276
71378753	71379177
97524497	97524921
47214126	47214535
112377045	112377469
240952778	240953202
74406093	74406517
173349071	173349495
19577470	19577894
43823879	43824303
97429574	97429998
20050857	20051281
204020151	204020575
236407268	236407692
201170575	201170999
61021353	61021777
113841816	113842240
155258603	155259027
196398464	196398888
64227743	64228167
166703535	166703959
16083412	16083836
152294068	152294492
131534135	131534559
78342792	78343216
44177512	44177936
238652678	238653102
74799321	74799745
19886981	19887405
73263327	73263751
213756938	213757362
161114212	161114636
175214719	175215143
182997323	182997747
20876138	20876562
26189370	26189794
194448691	194449115
71187546	71187970
159314467	159314891
65034488	65034912
75543094	75543518
65914003	65914427
86930755	86931179
85730194	85730618
32062548	32062972
213114181	213114605
101600396	101600820
69968291	69968715
151887359	151887783
238939379	238939803
72100737	72101161
223779769	223780193
172813584	172814008
224813882	224814306
230576839	230577263
111827281	111827705
90254721	90255145
38107701	38108125
182104078	182104502
204103430	204103854
15667462	15667886
221324978	221325402
46245888	46246312
111786279	111786703
44895413	44895837
121046779	121047203
102179294	102179718
160568671	160569095
105895048	105895472
6966554	6966978
118529800	118530224
26223329	26223753
170078307	170078731
109224134	109224558
189378586	189379010
83460408	83460832
218517984	218518408
16174169	16174593
172424595	172425019
62933139	62933563
225228025	225228449
175045081	175045505
232535595	232536019
211577844	211578268
70898170	70898594
144857224	144857648
96932093	96932517
181775583	181776007
121801988	121802412
201990270	201990694
233386732	233387156
83299049	83299473
1770132	1770556
233304372	233304796
238700885	238701309
139572050	139572474
43331829	43332253
27502911	27503335
89233549	89233973
675994	676418
42566318	42566742
155232091	155232515
228727854	228728278
143634946	143635370
211920175	211920599
42239714	42240138
136555232	136555656
202921345	202921769
147458718	147459142
188523619	188524043
216307169	216307593
127117096	127117520
183515494	183515918
192167171	192167595
63525189	63525613
132559613	132560037
86747471	86747895
115712619	115713043
229848457	229848881
149834504	149834928
99807034	99807458
173842025	173842449
35640342	35640766
69003236	69003660
202140704	202141128
209121143	209121567
28451292	28451716
1046762	1047186
149793416	149793840
53183886	53184310
118846774	118847198
16799133	16799557
28642167	28642591
190304054	190304478
68337217	68337641
100645885	100646309
3447444	3447868
239213801	239214225
137854271	137854695
99862459	99862883
97136252	97136676
31374370	31374794
11051783	11052207
228612773	228613197
55290800	55291224
40405305	40405729
23637968	23638392
232265413	232265837
99771615	99772039
74667382	74667806
26828484	26828908
141649355	141649779
215175685	215176109
43304652	43305076
47164702	47165126
236423122	236423546
15047090	15047514
141566398	141566822
89303728	89304152
164039248	164039672
73140706	73141130
212212071	212212495
89453790	89454214
76277307	76277731
150467582	150468006
43392554	43392978
220253168	220253592
7154485	7154909
118293701	118294125
46456396	46456820
172290260	172290684
43301970	43302394
10182658	10183082
45355719	45356143
73439595	73440031
234292652	234293076
230296034	230296458
220388078	220388502
179538827	179539251
197333123	197333547
18569134	18569558
166913859	166914283
164025994	164026418
36932810	36933234
65669537	65669961
1660131	1660555
84719679	84720103
61451810	61452234
240761781	240762205
50901987	50902411
209272391	209272815
158485602	158486026
177319843	177320267
202209686	202210110
47737861	47738285
46616569	46616993
61032459	61032883
23742184	23742608
172560137	172560561
47243655	47244079
119701797	119702221
88650642	88651066
51562791	51563215
170132543	170132967
238924278	238924702
189959009	189959433
22895433	22895857
152050062	152050486
74477415	74477839
74562164	74562588
172797410	172797834
43683402	43683826
187419803	187420227
220112955	220113379
152033180	152033604
44025433	44025857
120524488	120524912
43434957	43435381
29566691	29567115
63805387	63805811
232264853	232265277
44997319	44997743
220863543	220863967
197672971	197673395
71204662	71205086
114055111	114055535
149896957	149897381
48849722	48850146
67464414	67464838
54050922	54051346
1604633	1605057
102059092	102059516
141621303	141621727
134277216	134277640
25500083	25500507
214799299	214799723
200466980	200467404
128288900	128289324
114066358	114066782
85594298	85594722
168068536	168068960
42785974	42786398
64977774	64978198
106385952	106386376
181468772	181469196
156113227	156113651
29179174	29179598
136542531	136542955
65970088	65970512
19903980	19904404
153031698	153032122
43819471	43819895
206404315	206404739
65215759	65216183
27514853	27515277
210288327	210288751
55276193	55276617
9022205	9022629
9713978	9714402
33700881	33701305
238774393	238774817
131113552	131113976
55998730	55999154
71509596	71510020
149569278	149569702
189321210	189321634
207188123	207188547
30920082	30920506
26467311	26467735
43036828	43037252
46828465	46828889
45400660	45401084
46579816	46580240
127931705	127932129
201535059	201535483
189848136	189848560
85515802	85516226
72488182	72488606
241519375	241519799
204259238	204259662
33171268	33171692
10163490	10163914
184224601	184225025
216876772	216877196
231025045	231025469
172304179	172304603
20800497	20800921
97240107	97240531
171253538	171253962
96658658	96659082
27273128	27273552
85726090	85726514
171217993	171218417
143738341	143738765
240703111	240703535
202936960	202937384
113717834	113718258
85173346	85173770
85375250	85375674
85458335	85458759
241795997	241796421
108685954	108686378
172562609	172563033
64587379	64587803
45572424	45572848
65092869	65093293
41162521	41162945
31900547	31900971
187727542	187727966
231778142	231778566
203076728	203077152
11833216	11833640
33898941	33899365
234259359	234259783
66227010	66227434
239248374	239248798
227487182	227487606
173326947	173327371
145648312	145648736
54784795	54785219
9293794	9294218
202897883	202898307
43158805	43159229
87775907	87776331
143746873	143747297
208185450	208185874
85830311	85830735
19569082	19569506
77331599	77332023
67437483	67437907
45848955	45849379
10237704	10238128
240198530	240198954
138596021	138596445
169706074	169706498
64250835	64251259
31609463	31609887
33895598	33896022
233310826	233311250
228410625	228411049
41627216	41627640
138668072	138668496
228269286	228269710
228242710	228243134
242972052	242972476
46106495	46106919
628930	629354
33051121	33051545
178582534	178582958
129071091	129071515
209522158	209522582
21618252	21618676
82509208	82509632
216160984	216161408
99185843	99186267
79226537	79226961
172256	172680
72177384	72177808
162980302	162980726
81616378	81616802
228190187	228190611
89977539	89977963
113416628	113417052
99539671	99540095
46116257	46116681
239206222	239206646
13196363	13196787
134290456	134290880
47042214	47042638
87568860	87569284
99855716	99856140
200471045	200471469
37813024	37813448
149431823	149432247
96714600	96715024
172081805	172082229
110288201	110288625
122140282	122140706
2686736	2687160
63821734	63822158
144040275	144040699
24246944	24247368
241195955	241196379
152664838	152665262
26079235	26079659
170733894	170734318
163279370	163279794
218797349	218797773
120768889	120769313
10571875	10572299
242254606	242255030
176828911	176829335
110420444	110420868
201982040	201982464
130643295	130643719
154478800	154479224
170639005	170639429
1904470	1904894
10374062	10374486
55796131	55796555
160025252	160025676
100550359	100550783
204195823	204196247
70359343	70359767
70520357	70520781
54342289	54342713
177250515	177250939
44760	45184
84071624	84072048
119249860	119250284
239594354	239594778
20762282	20762706
86525957	86526381
9613548	9613972
121010639	121011063
167373172	167373596
65190829	65191253
47354979	47355403
95688843	95689267
181856067	181856491
235202511	235202935
3587442	3587866
168545922	168546346
226135534	226135958
194449337	194449761
73907492	73907916
70714509	70714933
236547435	236547859
199002375	199002799
220144413	220144837
197504377	197504801
216975045	216975469
108832125	108832549
74346428	74346852
96783579	96784003
67230090	67230514
200349645	200350069
102867964	102868388
27247804	27248228
220383894	220384318
181105447	181105871
9576803	9577227
31899551	31899975
149571218	149571642
170784920	170785344
12091646	12092070
158192843	158193267
183959119	183959543
32288420	32288844
43457622	43458046
102409795	102410219
27926784	27927208
131100514	131100938
232505464	232505888
170308580	170309004
74692100	74692524
19616470	19616894
174262274	174262698
90143953	90144377
162803034	162803458
9843790	9844214
77749322	77749746
25152084	25152508
164664879	164665303
65949132	65949556
106864949	106865373
190539186	190539610
238380270	238380694
190563221	190563645
163154637	163155061
201629557	201629981
55844811	55845235
62081872	62082296
233190874	233191298
58568195	58568619
23626215	23626639
121282832	121283256
26101489	26101913
230838938	230839362
86296396	86296820
232110390	232110814
198318002	198318426
242613461	242613885
18011741	18012165
155363651	155364075
241500500	241500924
10957687	10958111
105723391	105723815
85416263	85416687
234838143	234838567
64822733	64823157
121214496	121214920
56349071	56349495
39005549	39005973
145943752	145944176
75357282	75357706
105741826	105742250
74307424	74307848
54481267	54481691
66146845	66147269
139081487	139081911
65483177	65483601
16668991	16669415
176962490	176962914
8700661	8701085
109612074	109612498
36935433	36935857
143929378	143929802
20652259	20652683
46348269	46348693
50833934	50834358
91782733	91783157
220162755	220163179
20622616	20623040
81750455	81750879
113250615	113251039
162079624	162080048
19168763	19169187
8140962	8141386
27711928	27712352
22849505	22849929
135548072	135548496
208206526	208206950
89113099	89113523
239196239	239196663
106513199	106513623
243153823	243154247
114477698	114478122
3005320	3005744
71615311	71615735
183165869	183166293
227797150	227797574
114735229	114735653
127865168	127865592
161097468	161097892
180460003	180460427
230309757	230310181
194105466	194105890
206992332	206992756
76508541	76508965
70321530	70321954
97422868	97423292
205736313	205736737
8425053	8425477
221018937	221019361
18871566	18871990
228211745	228212169
1843102	1843526
143361283	143361707
26695145	26695569
239061876	239062300
46256381	46256805
101653185	101653609
64266265	64266689
242640567	242640991
174819668	174820092
135461713	135462137
223726876	223727300
61107900	61108324
66503050	66503474
169102778	169103202
127507180	127507604
89249730	89250154
79219522	79219946
34795534	34795958
69238730	69239154
47104149	47104573
96777546	96777970
201483272	201483696
47007958	47008382
112449851	112450275
45395697	45396121
208634285	208634709
118943276	118943700
233926274	233926698
47348697	47349121
232259403	232259827
174336838	174337262
153504872	153505296
141355401	141355825
72254561	72254985
190493902	190494326
176147072	176147496
119079275	119079699
225151589	225152013
112676932	112677356
239615298	239615722
28672694	28673118
27976197	27976621
47187713	47188137
131090312	131090736
112354843	112355267
221030088	221030512
86249119	86249543
74989826	74990250
68586998	68587422
225511169	225511593
85695847	85696271
11822180	11822586
102841693	102842117
47540221	47540645
30893355	30893779
89132053	89132477
11828706	11829130
240685396	240685820
32247862	32248286
238632163	238632587
230933440	230933864
236874907	236875331
23768248	23768672
139473760	139474184
89203446	89203870
112716472	112716896
173320672	173321096
73512414	73512838
144599455	144599879
119312207	119312631
166555107	166555531
27233677	27234101
45877924	45878348
8768686	8769110
89572628	89573052
237042222	237042646
219867142	219867566
33258788	33259212
167241273	167241697
235727580	235728004
25172010	25172434
11076403	11076827
197623557	197623981
97498986	97499410
177679465	177679889
189630184	189630608
53994667	53995091
45927809	45928233
33433453	33433877
113103174	113103598
76630702	76631126
21388257	21388681
10379797	10380221
189377210	189377634
24836066	24836490
127984912	127985336
136875896	136876320
231286914	231287338
139789371	139789795
34963761	34964185
171379991	171380415
26394353	26394777
216924232	216924656
240301473	240301897
161860894	161861318
108189041	108189465
111611922	111612346
15329374	15329798
186473518	186473942
91757665	91758089
42501959	42502383
136928780	136929204
192163685	192164109
237993950	237994374
178637142	178637566
10444082	10444506
30370628	30371052
3883470	3883894
102857461	102857885
199336027	199336451
121641173	121641597
73516424	73516848
217611058	217611482
127808648	127809072
66257672	66258096
196385528	196385952
65662762	65663186
163174406	163174830
174828048	174828472
90059989	90060413
35424365	35424789
191142124	191142548
635037	635461
214116273	214116697
112483319	112483743
231663695	231664119
54950771	54951195
135613250	135613674
241324253	241324677
230613675	230614099
235486191	235486615
175010593	175011017
47270310	47270734
95954988	95955412
234116913	234117337
53942681	53943105
241580385	241580809
81369	81793
85830943	85831367
206429511	206429935
18182897	18183321
145206623	145207047
102447915	102448339
11584880	11585304
110013271	110013695
161437938	161438362
151341568	151341992
96714801	96715225
103059896	103060320
173061335	173061759
233203878	233204302
36083260	36083684
132440020	132440444
238341097	238341521
176304125	176304549
63348501	63348925
113442898	113443322
65224093	65224517
45147866	45148290
161640486	161640910
152489725	152490149
233192603	233193027
68714840	68715264
164539229	164539653
91779082	91779506
20735366	20735790
151405239	151405663
4448446	4448870
226192894	226193318
220918590	220919014
28716016	28716440
143491793	143492217
88927330	88927754
228948660	228949084
115923089	115923513
121670179	121670603
219448889	219449313
26282376	26282800
191583479	191583903
210798205	210798629
144339481	144339905
221394734	221395158
61992060	61992484
163989356	163989780
175481814	175482238
237827887	237828311
1617437	1617861
235889774	235890198
100436199	100436623
20792228	20792652
627489	627913
10626902	10627326
11975593	11976017
84799614	84800038
232354771	232355195
208217647	208218071
130570989	130571413
201523191	201523615
84600312	84600736
171830031	171830455
75384477	75384901
84445669	84446093
6493066	6493490
232550152	232550576
160878650	160879074
182302986	182303410
21586148	21586572
44850722	44851146
112355059	112355483
211528234	211528658
210196029	210196453
201440677	201441101
65614088	65614512
11638681	11639105
201936132	201936556
70141553	70141977
120432409	120432833
47562376	47562800
196537387	196537811
140674351	140674775
231807017	231807441
46715507	46715931
129439103	129439527
109493981	109494405
103232484	103232908
75092579	75093003
188445388	188445812
42301809	42302233
56899100	56899524
160942208	160942632
222903086	222903510
201542606	201543030
149587161	149587585
110914932	110915356
1249999	1250423
86471382	86471806
217526245	217526669
85555200	85555624
28767015	28767439
225314314	225314738
207873228	207873652
21116329	21116753
102862191	102862615
198642510	198642934
85773358	85773782
241749602	241750026
8942786	8943210
240115654	240116078
239679841	239680265
113625763	113626187
141721901	141722325
205224885	205225309
178059894	178060318
109471635	109472059
12307664	12308088
43412153	43412577
155052122	155052546
226888065	226888489
38949298	38949722
98914243	98914667
75864707	75865131
96678593	96679017
61660734	61661158
62637218	62637642
75517781	75518205
128211148	128211572
85244814	85245238
182472350	182472774
190489672	190490096
204586024	204586448
110065832	110066256
38766115	38766539
117267767	117268191
157912147	157912571
65898774	65899198
190566771	190567195
161233682	161234106
108999541	108999965
20277104	20277528
37456680	37457104
46775219	46775643
72940947	72941371
157314402	157314826
220861935	220862359
220701570	220701994
111442837	111443261
106137602	106138026
71234641	71235065
196169086	196169510
84441552	84441976
85092476	85092900
37004929	37005353
211063852	211064276
166759434	166759858
137553908	137554332
192704836	192705260
25915882	25916306
152633954	152634378
179283836	179284260
212744006	212744430
134716642	134717066
26804928	26805352
118726315	118726739
68521282	68521706
156225353	156225777
