22431799	22432302
139739610	139740092
123807229	123807690
27283691	27284125
57154469	57154902
9688420	9688876
146252060	146252494
27454651	27455053
105771876	105772297
25991206	25991595
11622913	11623344
141647462	141647883
118342331	118342772
101693040	101693474
142170969	142171427
23550136	23550548
119755845	119756243
86132830	86133223
143799521	143799922
38268150	38268519
141477246	141477636
144614259	144614685
23267894	23268264
85538333	85538722
74086532	74086973
81595143	81595565
130832327	130832720
94987375	94987759
49084674	49085059
40851294	40851669
47868585	47869023
132816424	132816865
99370277	99370685
38625808	38626177
122261040	122261395
123685696	123686062
118874294	118874652
29034452	29034884
134461712	134462084
6698160	6698516
1978736	1979140
82692730	82693164
127888826	127889253
124166994	124167344
22775906	22776294
123584537	123584912
59720468	59720842
62380046	62380406
103826851	103827214
24857440	24857852
56923136	56923525
142396806	142397219
142185031	142185400
134221475	134221854
118316336	118316730
124778460	124778848
27584746	27585122
23145355	23145724
117899738	117900091
102135459	102135849
80997259	80997619
27918538	27918927
22530468	22530864
121820857	121821211
8608202	8608578
133204246	133204604
62381334	62381706
26428760	26429133
125437537	125437920
100872024	100872370
140418003	140418367
121135705	121136062
131814836	131815219
135697842	135698194
61573041	61573420
103819731	103820088
10447613	10447994
125605169	125605505
138346893	138347217
11816399	11816747
427542	427877
123651092	123651494
95091958	95092354
21994891	21995255
27062553	27062878
10190254	10190587
136464620	136464963
58255887	58256258
141678378	141678736
125452645	125452968
42177155	42177525
114449945	114450314
20233734	20234083
10131403	10131768
144110665	144111036
127836645	127837002
140353109	140353471
19229602	19229962
5997455	5997829
22452706	22453103
135703527	135703868
17557100	17557432
101839237	101839598
128412911	128413253
11801179	11801527
22094797	22095146
38571870	38572239
119427207	119427544
128746176	128746554
38269094	38269443
29197695	29198061
30670278	30670655
48078975	48079331
105430266	105430619
109735151	109735496
139698745	139699119
101571903	101572264
57841672	57842023
98572215	98572606
142357005	142357423
77280057	77280383
1972184	1972561
130548021	130548372
9226525	9226856
134467999	134468330
126656790	126657137
8594443	8594770
99853111	99853439
134581782	134582198
10275277	10275623
10696400	10696778
19637047	19637383
37010751	37011122
24272539	24272896
131761902	131762242
8923244	8923605
101576221	101576566
99182234	99182598
141403961	141404288
25946188	25946578
2672023	2672385
53408745	53409088
144212433	144212796
40059293	40059639
120879329	120879688
41692218	41692605
23331765	23332151
121963439	121963770
41400206	41400530
20089264	20089665
99097809	99098145
140643086	140643487
26528059	26528397
55464221	55464612
145597395	145597761
124232859	124233203
42269856	42270217
39847288	39847717
127395961	127396282
10444810	10445152
140035357	140035717
6637114	6637469
27721347	27721688
145288467	145288847
144483293	144483692
123745801	123746170
142737114	142737456
139779829	139780216
23329843	23330212
48114807	48115140
21641871	21642255
95369346	95369670
130838448	130838798
102345111	102345457
1683630	1683958
10682884	10683213
133887734	133888056
71446730	71447020
118056935	118057280
30239772	30240093
117778433	117778776
144363760	144364167
28451514	28451834
72930816	72931155
67424437	67424773
91013004	91013347
20042338	20042709
126709012	126709327
28181830	28182148
124172636	124173028
24923088	24923416
6786078	6786437
136478129	136478443
22766512	22766859
128508700	128509000
53024971	53025274
52438628	52438960
6658264	6658621
97176594	97176903
121617950	121618284
141169708	141170036
2027572	2027955
96317617	96317922
28277077	28277390
52921059	52921409
145800839	145801174
102339215	102339527
19125156	19125474
98834253	98834589
23153617	23154004
18537819	18538123
42547618	42547954
122273098	122273428
26548232	26548543
143705416	143705758
125438265	125438611
62008688	62009015
30027747	30028087
124034685	124034985
33282151	33282497
19615254	19615602
17009929	17010249
11446973	11447339
146125567	146125903
95284579	95284935
127579188	127579495
82802704	82803009
133067707	133068025
24052035	24052327
126712916	126713239
42242956	42243299
134215172	134215500
28627173	28627504
142094386	142094770
120098693	120098992
145693009	145693376
22445266	22445609
97192355	97192707
97340220	97340587
21894287	21894622
81143059	81143390
104123727	104124057
130694300	130694612
101847748	101848053
56987048	56987417
41470306	41470618
139712587	139712918
25473319	25473605
37637329	37637667
139711152	139711451
2034470	2034789
128219226	128219561
127522557	127522890
25041130	25041447
12698211	12698511
134465602	134465914
38578902	38579243
30085150	30085478
73759432	73759727
94995273	94995615
86209646	86209948
75000381	75000689
143528858	143529202
142193593	142193910
143863888	143864258
143716015	143716416
122654493	122654815
49891551	49891852
105337685	105338016
67601133	67601449
11325101	11325448
120781247	120781552
28220930	28221243
143553294	143553628
15235839	15236126
33539020	33539318
40110617	40110919
27758618	27758914
9008152	9008483
29873625	29873939
66674091	66674384
131027432	131027788
101271159	101271480
128738009	128738322
145049005	145049307
5934261	5934580
67976340	67976702
6815633	6815966
48909834	48910154
107093293	107093592
25027651	25027997
11424569	11424920
120429071	120429408
20238328	20238619
8887307	8887641
28861880	28862162
117800642	117800931
74217787	74218062
81904205	81904515
143946297	143946601
124706040	124706340
127313257	127313545
73856268	73856580
121968939	121969255
135917754	135918068
119515733	119516064
144302524	144302863
21763478	21763841
67351117	67351455
8130737	8131032
11593918	11594242
19612177	19612476
70854600	70854922
17434351	17434694
145181340	145181672
125659992	125660285
98594747	98595061
72887513	72887797
124077891	124078171
102313613	102313939
102644775	102645068
61325084	61325391
144516906	144517248
126924194	126924515
6893266	6893576
142441596	142441900
26184980	26185248
143820085	143820431
126741542	126741846
124775693	124775984
29732535	29732875
26513030	26513350
21772860	21773151
144594770	144595119
125901030	125901339
28602607	28602912
144465737	144466080
87137293	87137646
17460127	17460427
24749300	24749616
22225336	22225647
25434694	25435033
33192291	33192583
133157178	133157477
98608094	98608374
10405573	10405911
119132862	119133177
20081261	20081612
66557190	66557561
104719571	104719854
37773726	37774079
133064171	133064474
12899848	12900141
11269027	11269342
42029175	42029456
95834898	95835215
94834593	94834869
94373371	94373660
38592170	38592479
138505126	138505408
13519759	13520042
143555040	143555423
65294677	65294978
27930270	27930609
66977198	66977482
120886656	120886994
18725945	18726248
146012743	146013073
22876726	22877139
119431353	119431626
30776501	30776779
107777503	107777802
10834698	10835009
11411272	11411644
57006258	57006567
33448508	33448838
126841018	126841297
106920508	106920805
3142112	3142436
22480356	22480716
120366392	120366677
103823158	103823448
73067462	73067754
53320216	53320529
71000812	71001136
24369079	24369349
103597447	103597724
18422459	18422753
134508677	134508961
134898383	134898666
99953188	99953512
38242531	38242816
131687787	131688088
132049182	132049463
41003867	41004193
49838191	49838474
87631221	87631514
127822193	127822464
95825721	95826017
8528101	8528398
131141862	131142137
6687662	6687969
135898715	135898983
68402551	68402839
95586398	95586696
11271231	11271533
53854208	53854511
39891553	39891833
97345440	97345720
94577693	94578014
10785966	10786299
83219827	83220114
79837043	79837325
107589894	107590181
40065825	40066119
59521163	59521438
23606507	23606813
144366845	144367146
141646202	141646500
67341034	67341321
11759781	11760092
66746845	66747100
145704350	145704644
61048736	61049024
41261655	41261987
57470470	57470785
49033738	49034020
69402945	69403220
56884741	56885056
71520558	71520860
119121055	119121363
21669746	21670074
100370821	100371096
120276213	120276511
141368683	141369010
6539999	6540267
142394714	142395058
94973208	94973505
140225615	140225923
41386317	41386666
37782078	37782410
22941703	22942014
37924676	37924982
8637185	8637510
144512970	144513278
27459608	27459896
107604040	107604323
40809133	40809415
24106370	24106644
71580657	71580918
118627605	118627890
37248021	37248306
90996821	90997134
105402194	105402460
18938433	18938725
103714175	103714445
144129677	144129976
64303906	64304165
125042659	125042938
37557881	37558167
27172805	27173102
57350442	57350762
117460195	117460486
124934682	124934995
6188826	6189099
41287645	41287922
41559232	41559495
31109594	31109867
87715621	87715893
82147540	82147800
37853848	37854120
22419398	22419709
126444288	126444587
32412236	32412515
83355787	83356072
24086921	24087193
6673766	6674059
67334027	67334311
144065813	144066121
23796138	23796420
22004320	22004614
129701324	129701591
55545417	55545691
130315650	130315960
143808269	143808582
30458283	30458567
122842366	122842602
104086102	104086350
135489040	135489310
142044688	142044964
35009762	35010016
107868772	107869052
37185867	37186185
72687312	72687587
21952758	21953124
99483380	99483639
10282711	10283025
22613614	22614066
39184957	39185228
57101797	57102063
120992489	120992761
6776856	6777133
141447775	141448070
104385489	104385745
120521962	120522207
124050580	124050834
58487813	58488092
62475861	62476137
131107007	131107267
58909583	58909844
143381258	143381525
145056637	145056939
42660452	42660744
41393422	41393712
139948455	139948753
31042876	31043140
103420064	103420327
103209706	103209977
13402337	13402637
145575160	145575406
27449765	27450079
33497738	33498034
25910782	25911047
130738622	130738864
30046009	30046272
129871490	129871759
8527258	8527519
70544237	70544462
19265954	19266231
74416720	74416995
4695387	4695657
61936075	61936400
26231553	26231809
32081106	32081370
11603874	11604166
29580581	29580876
19991225	19991549
130788720	130788992
22446604	22446862
91657141	91657416
103598029	103598324
103664078	103664325
141644044	141644335
11828033	11828320
70437943	70438206
145539669	145539941
141841231	141841493
22832130	22832403
143734923	143735229
21953046	21953359
42928750	42929002
109092708	109092946
141442135	141442407
64213329	64213610
134668254	134668502
129334960	129335230
57700100	57700401
27181293	27181547
142070047	142070352
128906939	128907190
100180430	100180688
121951316	121951585
40057227	40057485
135918375	135918677
133501846	133502098
36948406	36948666
18054840	18055098
60834170	60834422
133152858	133153124
1840608	1840850
22046358	22046620
118341230	118341496
28645338	28645606
96260967	96261214
55482204	55482463
38713703	38713939
17352719	17352966
128047249	128047502
16689233	16689473
138903187	138903442
29177935	29178177
41998210	41998500
102658579	102658821
42994206	42994494
105142464	105142728
72564139	72564407
38824052	38824307
56991756	56991979
59307825	59308096
74585279	74585534
17722107	17722357
9618082	9618321
133227829	133228080
123691118	123691414
62156574	62156831
63077922	63078194
36716461	36716689
37708990	37709240
75083695	75083939
48651532	48651795
99175992	99176253
71747221	71747471
105800094	105800349
144025003	144025277
71025901	71026166
142183361	142183644
64058211	64058508
140049964	140050207
57114825	57115064
101859364	101859614
39853264	39853506
55671390	55671654
81161832	81162093
97239521	97239771
38899473	38899714
61523630	61523885
116088993	116089232
28479723	28480014
14121893	14122158
55081917	55082178
16451466	16451701
131776825	131777086
38688270	38688510
66618314	66618579
126131388	126131589
64078260	64078513
1273405	1273655
82503177	82503447
22871909	22872186
38283251	38283491
53649714	53649940
30015150	30015404
42010895	42011215
58122127	58122405
56972734	56972983
144354705	144354970
102171110	102171328
143820879	143821192
135855972	135856251
17191523	17191773
120464169	120464414
22144799	22145063
102768582	102768833
100878145	100878365
130760681	130760902
37851226	37851479
86999538	86999762
118486619	118486845
39749586	39749814
20292830	20293092
28348216	28348430
131694184	131694418
66860800	66861049
26621710	26621967
23019458	23019670
95003587	95003853
124475141	124475368
66946006	66946247
6232112	6232363
106794044	106794279
32406647	32406892
145735059	145735362
119674701	119674926
19204002	19204266
144822695	144822950
112809487	112809736
74961169	74961396
28491297	28491553
98881713	98881960
96249462	96249712
99390040	99390304
97145053	97145271
71657811	71658056
49231307	49231556
139963735	139964001
23239123	23239380
126242991	126243201
138855525	138855772
134418891	134419139
8105373	8105623
81003892	81004141
95725665	95725924
29172319	29172551
125488511	125488742
42948432	42948728
125574149	125574381
132871884	132872117
19971472	19971726
40962645	40962887
80979442	80979655
96770940	96771170
109278767	109279005
82166188	82166397
23103662	23104147
142179219	142179471
38029130	38029385
87521022	87521257
124835665	124835909
134132655	134132894
130036200	130036440
30404773	30405048
4854594	4854860
101586269	101586539
59614390	59614617
62704676	62704860
82620849	82621084
73199433	73199661
23842000	23842228
41852838	41853052
113813422	113813634
26394324	26394542
143775357	143775581
10331945	10332178
79163043	79163226
71060278	71060482
48227901	48228093
95579911	95580136
103694840	103695069
22658177	22658396
54500701	54500931
28213160	28213371
98905488	98905707
82645003	82645248
121136516	121136733
18066453	18066703
125550672	125550833
87905244	87905463
125050071	125050303
50826335	50826584
55649051	55649261
144313670	144313948
9815392	9815645
118095384	118095575
39910459	39910680
9606695	9606935
76395646	76395860
124498823	124499037
65608220	65608437
143626984	143627234
70468591	70468771
17770193	17770432
41943311	41943525
81910551	81910826
11266981	11267203
144976756	144976992
24763580	24763733
27104844	27105089
37888436	37888690
123479335	123479614
18671691	18671961
79305698	79305930
146245464	146245729
142309576	142309765
21911533	21911792
126130659	126130896
75878065	75878305
95917537	95917809
57805524	57805725
79766631	79766842
133785414	133785581
41815403	41815652
11161971	11162183
23020919	23021202
121101574	121101808
74577797	74577985
33101796	33101987
124031226	124031415
140718053	140718325
26315535	26315757
59372272	59372446
143230775	143230976
70576017	70576244
107858204	107858443
133663759	133663971
11422090	11422343
81152887	81153163
36631199	36631450
25224661	25224881
127881698	127881920
41685910	41686171
9899205	9899416
146127371	146127598
131314767	131314971
23447116	23447303
42129198	42129465
17058245	17058442
61760089	61760294
97295237	97295419
130699724	130699940
29858407	29858613
22280114	22280359
55078736	55079053
141954359	141954573
19670860	19671081
109085460	109085669
55078396	55078677
142085737	142085967
127616195	127616371
109930712	109930922
22022098	22022325
66362619	66362873
50947481	50947689
104524357	104524591
91007887	91008075
33278715	33278926
27181964	27182224
6715704	6715942
9195818	9196062
41278668	41278909
23716888	23717088
144818719	144818958
99176862	99177077
63015417	63015619
143781734	143782001
59425843	59426063
96309731	96309982
114184075	114184257
1729503	1729761
119522816	119522988
58333179	58333408
27621417	27621651
101156230	101156478
145566750	145566984
68778905	68779121
80677519	80677738
122723225	122723389
66948788	66949012
47579893	47580132
11141877	11142121
52926942	52927126
14068599	14068798
52576160	52576375
11509174	11509387
26558730	26558909
67372067	67372254
80935914	80936137
124992929	124993141
10498745	10498929
7770969	7771267
56941481	56941713
126618688	126618925
146030449	146030702
115183127	115183327
135643831	135644042
15501696	15501871
126606450	126606604
87100884	87101072
30413451	30413643
95625193	95625431
72740190	72740443
123689760	123689959
130951788	130952008
65311918	65312072
130960591	130961015
131219898	131220078
63614356	63614567
101553106	101553303
71751920	71752144
144397028	144397243
144388889	144389109
22760208	22760438
100818999	100819200
102534042	102534246
14717737	14717955
95006983	95007179
22287851	22288063
99049405	99049613
18769772	18769948
96902860	96903062
96281601	96281856
87797511	87797702
141210338	141210553
96069206	96069438
115858944	115859131
79144657	79144876
99395423	99395618
30140487	30140682
100010243	100010378
87570495	87570667
50213779	50213964
10773412	10773602
53490367	53490546
53878471	53878650
23177606	23177826
90860574	90860684
108793829	108794070
22406799	22407039
106730336	106730525
27312190	27312390
133408171	133408381
120449794	120449961
60964753	60964943
54775930	54776161
96036985	96037215
58986891	58987071
49049217	49049436
98800262	98800461
19616174	19616345
62722613	62722816
107439632	107439884
91522281	91522464
59924829	59925005
215784	216003
82283357	82283510
143632552	143632793
86059722	86059931
133070032	133070229
98464873	98465297
91583355	91583552
6735522	6735708
142322567	142322758
93085538	93085793
103875282	103875499
84737183	84737607
28692626	28693050
105789178	105789296
24102578	24102751
95604651	95604854
117920299	117920444
70858471	70858674
120653750	120653907
61385785	61386209
144467245	144467527
32785327	32785751
115466820	115466956
101539252	101539422
134708954	134709097
145151000	145151217
92265604	92265792
109716153	109716305
101950907	101951063
58026330	58026552
143897782	143897998
103045072	103045239
8524671	8524895
140659197	140659428
11612644	11612797
131540145	131540296
61145949	61146099
86375435	86375662
23612774	23612986
143791796	143791997
89332771	89333195
145634705	145634953
145014841	145014989
132873396	132873514
78518368	78518792
145733990	145734219
128190861	128191013
54654784	54654905
65480285	65480449
102107988	102108194
15311188	15311387
117852122	117852271
96978878	96979065
9178188	9178387
145911180	145911427
17612707	17612850
6281518	6281640
34748821	34748956
20898654	20898867
4092152	4092347
22674069	22674239
38642614	38642813
79884936	79885360
24245288	24245426
26295233	26295469
59447475	59447669
54199332	54199550
119485334	119485533
90738159	90738278
4691434	4691612
140260384	140260575
110747569	110747693
97246947	97247142
102149522	102149727
123091245	123091425
118050212	118050395
98565828	98565950
142518053	142518285
81937906	81938033
33663362	33663513
37659220	37659412
122681943	122682367
96861454	96861570
29504896	29505099
40795001	40795174
30965050	30965168
59161822	59161981
103742190	103742342
28588318	28588514
78222801	78222988
25367401	25367624
3394113	3394260
42529294	42529513
64331062	64331238
43291198	43291370
28994818	28994995
35998842	35999043
16463239	16463443
58403878	58404302
125538098	125538522
123459664	123460088
102217272	102217453
114384670	114384881
6921135	6921292
112248715	112248839
27373467	27373666
145982650	145982822
24835321	24835480
2241455	2241631
121357964	121358388
106104642	106104831
24276888	24277050
38042020	38042194
60740876	60741300
103820788	103820967
190388	190584
127711319	127711493
18656488	18656628
117560589	117560735
32211122	32211263
62623668	62623792
104116361	104116785
105338284	105338567
49183628	49183774
80596937	80597097
127079112	127079536
110338187	110338366
131739276	131739460
136840897	136841057
92405695	92406119
145051327	145051535
53435963	53436387
73830879	73831078
113774243	113774385
143922250	143922356
48171955	48172379
90701474	90701665
41702370	41702579
93824614	93824720
142098676	142098832
23056013	23056437
123248555	123248661
117863539	117863656
146223012	146223436
63544535	63544720
87883252	87883676
36932766	36933190
75765734	75765925
101637948	101638134
103612963	103613144
25333288	25333493
30088123	30088547
131840544	131840968
37559195	37559354
96114838	96115262
10502123	10502304
18205216	18205371
38258250	38258674
27761348	27761501
143690557	143690685
28176058	28176482
72732319	72732444
6884438	6884552
138859406	138859548
56793966	56794390
26007406	26007830
55614223	55614417
125244918	125245342
32403850	32404274
57160898	57161071
19786411	19786609
108767789	108768213
90083869	90084293
107775350	107775479
27402186	27402371
139178026	139178132
86084121	86084261
74361491	74361648
68251821	68251971
64086364	64086563
121997066	121997490
70532258	70532432
27323223	27323437
1644086	1644268
142037033	142037191
71859154	71859300
22722260	22722684
144926215	144926413
141764049	141764473
94706433	94706561
12523046	12523272
126714886	126715021
86985724	86985875
85944327	85944484
55344381	55344535
140641411	140641524
80527765	80527907
17637361	17637785
110664637	110665061
62669017	62669441
66944684	66944856
104776645	104776798
32175333	32175457
117925013	117925155
133109731	133110155
37016706	37017130
22613614	22614066
28984757	28984905
130740871	130741064
67089057	67089481
141348888	141349312
9687040	9687202
41722512	41722655
70025183	70025607
110678520	110678652
26942784	26942944
22560600	22560787
23104180	23104506
132040935	132041359
41801613	41802037
81492255	81492372
22643157	22643311
101688923	101689053
128926742	128926850
123628726	123629150
134394188	134394612
61309434	61309858
144140149	144140321
48105608	48106032
117715419	117715598
95370091	95370226
37978139	37978563
131809152	131809304
117848094	117848518
106437261	106437393
63157543	63157967
98748660	98748843
142636973	142637148
64162778	64162899
80565095	80565205
8932422	8932538
6282598	6283022
108792002	108792426
896920	897085
17772267	17772691
7327130	7327554
21732376	21732530
110463105	110463529
109257970	109258394
103973735	103973850
144136061	144136485
94139860	94140284
142085853	142086277
110359228	110359382
57837777	57838201
108508027	108508451
11104518	11104696
140495537	140495961
80941783	80942207
86202339	86202763
138738304	138738473
17777013	17777153
79419914	79420028
73907251	73907362
94648053	94648477
69766301	69766725
95565680	95566104
131893955	131894126
66280044	66280468
125561006	125561430
53917386	53917810
82545396	82545820
51310862	51310998
128577250	128577674
110328359	110328783
37217725	37218149
16637240	16637664
4733014	4733139
117939553	117939708
60127588	60128012
146095154	146095329
53001544	53001968
126969978	126970402
107016504	107016928
136742415	136742839
145692239	145692663
69306794	69307218
49834281	49834705
131704461	131704885
125763913	125764023
65370543	65370653
48905430	48905854
76560376	76560800
75235223	75235647
126799963	126800387
105690837	105691261
29493583	29493727
129281733	129282157
90265471	90265895
38614300	38614435
2230395	2230819
50142892	50143316
91013350	91013635
40207884	40208308
120516489	120516913
3584664	3585088
110294314	110294738
31354789	31355213
99938980	99939404
96325387	96325811
55318012	55318436
101170552	101170976
64315081	64315505
103284662	103285086
100298874	100299298
92093838	92094262
131663263	131663687
10399572	10399996
119724601	119725025
143750835	143751259
10671672	10672096
42315637	42315743
39709521	39709632
15420214	15420320
89301944	89302368
71027051	71027199
3442447	3442871
7255402	7255581
120657431	120657544
87368898	87369322
15236174	15236301
119850038	119850462
119824137	119824561
21779465	21779889
91484947	91485371
49863362	49863786
123629851	123630275
26307636	26308060
32964125	32964549
99712952	99713376
82553874	82553980
47484491	47484915
23103662	23104147
134353918	134354342
407766	408190
37728463	37728887
22786336	22786760
6569050	6569474
100850211	100850635
10656374	10656480
65341545	65341722
37409028	37409452
42948975	42949214
27713080	27713245
8800110	8800534
24052170	24052594
107717255	107717679
29908556	29908980
32082727	32083151
114214484	114214908
32593767	32594191
125965917	125966341
143376768	143377192
40983702	40983864
54721289	54721713
124484352	124484776
76314368	76314479
124702465	124702889
19233497	19233921
53191244	53191668
10948531	10948638
15095686	15096110
92355886	92355992
67445636	67446060
33403192	33403616
108825611	108826035
33326795	33327219
128748431	128748593
102513621	102514045
47916810	47917234
73454721	73455145
144918657	144918810
38144151	38144575
90730646	90730752
103646399	103646823
75002645	75003069
2212248	2212672
125487550	125487974
12724301	12724725
29208486	29208910
126350184	126350608
97787875	97788299
143905625	143906049
82563559	82563983
101873777	101874201
30914277	30914701
82214896	82215011
41832962	41833386
67831559	67831983
63317635	63318059
137726334	137726758
31985461	31985885
4919852	4920276
114390818	114391242
72723164	72723272
75278446	75278584
109063407	109063831
22108212	22108636
76169473	76169897
6429872	6429991
13516778	13517202
104807661	104808085
118777511	118777935
120779981	120780405
21104258	21104682
106785116	106785540
123870427	123870851
130709370	130709794
35744622	35745046
75110944	75111050
62248618	62248728
125561850	125562274
12516815	12517239
80647409	80647833
1845509	1845933
135550366	135550790
30524310	30524734
55856593	55857017
65487602	65488026
47619775	47620199
49233485	49233909
53666607	53667031
40558045	40558469
12891355	12891779
98572505	98572664
27319140	27319564
98930796	98931220
39847288	39847732
26519382	26519529
95132464	95132888
142246696	142247120
22562076	22562500
129665572	129665996
55390654	55391078
54486076	54486500
110965901	110966325
93830530	93830954
54223667	54224091
125462387	125462811
28983358	28983782
107533988	107534412
100404012	100404436
19727763	19728187
105454516	105454940
135490655	135491079
9534453	9534877
25038549	25038973
145955417	145955841
118248031	118248455
62637276	62637700
108612139	108612563
76217434	76217858
17999180	17999604
117779429	117779853
20400501	20400623
37788864	37789288
145758051	145758475
62051541	62051965
145550359	145550477
66949495	66949919
143210138	143210562
64876633	64877057
144517039	144517463
56599683	56600107
4138442	4138866
27445848	27445990
32808968	32809392
62526432	62526856
110732453	110732877
89911005	89911429
27618036	27618460
37037297	37037721
127287532	127287956
144467415	144467839
24921817	24922241
22553195	22553619
117651083	117651507
26231658	26232082
8846817	8847241
82189909	82190333
10174264	10174688
123792274	123792698
98656433	98656543
37593767	37594191
37476676	37477100
14314612	14315036
21966112	21966536
57354340	57354446
125384953	125385377
123197853	123198277
37683992	37684416
23386044	23386468
119685829	119686253
26417739	26418163
64177854	64178278
80009565	80009989
72919450	72919874
96531390	96531814
144875898	144876322
140808881	140809305
57530597	57531021
57361417	57361841
144692746	144693170
4399338	4399762
95485347	95485771
88594280	88594386
16975350	16975774
121096791	121097215
32020199	32020623
127234019	127234443
11872642	11872780
78814764	78815188
110573837	110574261
133490863	133491287
144563546	144563970
8056422	8056846
104137065	104137489
131428820	131429244
128864273	128864697
21867817	21868241
135273851	135274275
22840215	22840639
73195000	73195424
28742028	28742452
128175961	128176385
130744032	130744456
117727892	117728316
88844309	88844733
63167747	63168171
101158005	101158429
113477238	113477662
53861714	53862138
73123009	73123433
109900019	109900443
9226671	9227095
26167079	26167503
37405584	37406008
69985054	69985478
22551691	22552115
35452966	35453390
146159898	146160322
32240717	32241141
59634155	59634579
30848842	30849266
63924319	63924743
73825268	73825692
87045478	87045902
126137907	126138331
129026891	129027315
139490933	139491357
59685046	59685470
10282842	10283266
87804103	87804527
61694214	61694638
103639600	103640024
6115978	6116402
116599096	116599520
126602285	126602709
30462470	30462894
37159953	37160377
75034895	75035319
141768380	141768804
142110509	142110933
6792276	6792700
131823068	131823492
33373465	33373889
19085053	19085477
56993415	56993839
86169639	86170063
88707397	88707821
41160306	41160730
134382889	134383313
104291262	104291686
90894860	90895284
144889240	144889664
22774833	22775257
54922943	54923367
101378104	101378528
69122617	69123041
70241832	70242256
125259170	125259594
102559460	102559884
74136852	74137276
71060381	71060805
130047220	130047644
107845611	107846035
21481383	21481807
53711928	53712352
138637855	138638279
25729549	25729973
96215115	96215539
10913359	10913783
137072171	137072595
6949201	6949625
80964700	80965124
22573541	22573965
125601617	125602041
121457565	121457989
115242289	115242713
38267129	38267553
113819050	113819474
68645939	68646363
20913811	20914235
41010361	41010785
143885066	143885490
22769878	22770302
142357005	142357423
98271199	98271623
132258037	132258461
2368258	2368682
122265447	122265871
56433455	56433879
22067998	22068422
112428317	112428741
75054501	75054925
127500344	127500768
53415892	53415999
98787189	98787613
84312641	84313065
32189107	32189531
141302071	141302495
61585003	61585427
8558989	8559413
139926653	139927077
23273134	23273558
85516959	85517383
112976413	112976837
13512537	13512961
74347814	74348238
82463835	82464259
61172763	61173187
7212735	7213159
73899232	73899656
5828301	5828725
76061218	76061642
134594238	134594662
17434988	17435412
108080795	108081219
146294891	146295315
6642995	6643419
96705516	96705940
146291277	146291701
19176798	19177222
39130433	39130857
72746053	72746477
143069871	143070295
49534249	49534673
138168384	138168808
23789545	23789969
558754	559178
125022364	125022788
106002335	106002759
105542504	105542928
68732970	68733394
12323822	12324246
76187351	76187775
112112781	112113205
130903868	130904292
55122095	55122519
26435076	26435500
53396488	53396912
10226663	10227087
17995438	17995862
137763865	137764289
71227772	71228196
53636568	53636992
480441	480865
134658133	134658557
21848217	21848641
41744182	41744606
50291735	50292159
27472071	27472495
69095614	69096038
18871844	18872268
98182835	98183259
126559145	126559569
137938399	137938823
120017960	120018384
10047464	10047888
56492277	56492701
104219553	104219977
110564217	110564641
114079941	114080365
66776797	66777221
37551879	37552303
68934353	68934777
124428369	124428793
105342071	105342495
128598072	128598496
118426603	118427027
8783391	8783815
17142296	17142720
66697284	66697708
32802895	32803319
131530471	131530895
1926120	1926544
144804576	144805000
82908529	82908953
38560932	38561356
119119984	119120408
126265360	126265784
130827863	130828287
48281881	48282305
115801396	115801820
145237457	145237881
101031465	101031889
42713564	42713988
94069963	94070387
124070528	124070952
21971863	21972287
114478684	114479108
61526387	61526811
111834303	111834727
16870370	16870794
141678378	141678736
104788709	104789133
143084002	143084426
80399597	80400021
38832799	38833223
63896572	63896996
133074988	133075412
52630904	52631328
51721407	51721831
140108510	140108934
128047360	128047784
27805840	27806264
60032048	60032472
21989691	21990115
120719668	120720092
78059616	78060040
22862076	22862500
48117579	48118003
6345634	6346058
99793006	99793430
139197082	139197506
142610082	142610506
37374076	37374500
15978063	15978487
105378028	105378452
108509185	108509609
19981208	19981632
67453871	67454295
29027713	29028137
26548373	26548797
34980985	34981409
144089427	144089851
10586074	10586498
99570222	99570646
90996128	90996552
95323796	95324220
107205357	107205781
17592972	17593396
116286320	116286744
17779917	17780341
53379697	53380121
94468275	94468699
124285830	124286254
60347055	60347479
106945248	106945672
37010751	37011126
70423664	70424088
143758021	143758445
109902542	109902966
126929336	126929760
97325321	97325745
21432112	21432536
43135919	43136343
31321970	31322394
118929831	118930255
54793240	54793664
48861631	48862055
145909648	145910072
128414152	128414576
11396085	11396509
139114953	139115377
111844616	111845040
74322571	74322995
48908942	48909366
79833538	79833962
18130532	18130956
80199606	80200030
30264330	30264754
38327585	38328009
125979230	125979654
75027034	75027458
37943756	37944180
142147912	142148336
17356758	17357182
143374952	143375376
15934916	15935340
52722810	52723234
62381504	62381928
87576501	87576925
55305398	55305822
115857408	115857832
107777641	107778065
38270732	38271156
125568666	125569090
33405010	33405434
10822281	10822705
27748220	27748644
92425505	92425929
145060136	145060560
74659172	74659596
127407138	127407562
144130264	144130688
143420346	143420770
89725148	89725572
49498828	49499252
81599407	81599831
121075908	121076332
143154763	143155187
48137318	48137742
126341341	126341765
119043462	119043886
26095300	26095724
70623432	70623856
58783828	58784252
49427072	49427496
138903313	138903737
5790101	5790525
95820779	95821203
53513965	53514389
33329125	33329549
11136988	11137412
118875731	118876155
19649491	19649915
132928706	132929130
29814318	29814742
144481307	144481731
807510	807934
32837027	32837451
134842613	134843037
82002828	82003252
23621756	23622180
6658429	6658853
9553247	9553671
62899507	62899931
126461561	126461985
20974237	20974661
81807601	81808025
56727596	56728020
103446828	103447252
5178863	5179287
42618950	42619374
79527504	79527928
103932664	103933088
112456415	112456839
145669408	145669832
54399136	54399560
10571183	10571607
104808885	104809309
37066492	37066916
102212888	102213312
127230896	127231320
101522362	101522786
98852094	98852518
102586655	102587079
95905768	95906192
127829287	127829711
120875173	120875597
109746288	109746712
6807086	6807510
65330196	65330620
82692730	82693183
95339566	95339990
30001544	30001968
64515122	64515546
118031504	118031928
20647157	20647581
76319054	76319478
2308266	2308690
83469907	83470331
123173038	123173462
133780734	133781158
37917537	37917961
23599950	23600374
62641840	62642264
24010832	24011256
144528784	144529208
22745395	22745819
74545333	74545757
61626601	61627025
81143225	81143649
20854927	20855351
118605253	118605677
99902615	99903039
19589856	19590280
8344985	8345409
142062907	142063331
29476386	29476810
144896514	144896938
53627702	53628126
74359787	74360211
66474256	66474680
22773001	22773425
134571672	134572096
144443481	144443905
26285087	26285511
126541099	126541523
67341864	67342288
145689315	145689739
72618706	72619130
97127857	97128281
30458428	30458852
30765885	30766309
70370148	70370572
702077	702501
29631411	29631835
90424917	90425341
27943043	27943467
141937463	141937887
19675575	19675999
64236338	64236762
29205041	29205465
4644523	4644947
126369557	126369981
135844767	135845191
11269166	11269590
133737802	133738226
51810502	51810926
49838344	49838768
125983289	125983713
37119957	37120381
61643793	61644217
109293269	109293693
21657256	21657680
145719527	145719951
126517691	126518115
67388786	67389210
11973036	11973460
54647035	54647459
62565304	62565728
128749893	128750317
74224578	74225002
22961740	22962164
56225916	56226340
125018824	125019248
143553439	143553863
40019921	40020345
59553858	59554282
39306374	39306798
70544324	70544748
118897599	118898023
104719710	104720134
28893013	28893437
81083177	81083601
41649630	41650054
17766167	17766591
15501784	15502208
103581252	103581676
119960879	119961303
82306633	82307057
104762107	104762531
59663949	59664373
107282342	107282766
80156027	80156451
95463168	95463592
22950465	22950889
115631240	115631664
54763994	54764418
15026488	15026912
41568861	41569285
17476474	17476898
126441665	126442089
49179290	49179714
40851294	40851669
77754069	77754493
91131237	91131661
98868807	98869231
101234091	101234515
18001192	18001616
133067865	133068289
36924264	36924688
141686784	141687208
26323737	26324161
27303806	27304230
43264958	43265382
110654741	110655165
133206052	133206476
144656847	144657271
143946441	143946865
91513583	91514007
128755180	128755604
65582485	65582909
76254980	76255404
958665	959089
74219009	74219433
94653932	94654356
17771188	17771612
27441128	27441552
126398155	126398579
6140543	6140967
55309700	55310124
27339682	27340106
53333403	53333827
55195773	55196197
128378121	128378545
62428136	62428560
135038959	135039383
127094386	127094810
126290517	126290941
33482085	33482509
11411272	11411644
48423388	48423812
116140004	116140428
118896444	118896868
107630027	107630451
37395668	37396092
29940330	29940754
49668293	49668717
21279070	21279494
134714619	134715043
135348532	135348956
20484769	20485193
27192033	27192457
1309979	1310403
100905775	100906199
144614259	144614685
436541	436965
96149770	96150194
57700699	57701123
42778072	42778496
73422178	73422602
134508805	134509229
42071672	42072096
111571751	111572175
141474229	141474653
108718239	108718663
99357549	99357973
130740970	130741394
131550359	131550783
63814454	63814878
541988	542412
30599274	30599698
10539171	10539595
21995055	21995479
20237115	20237539
544808	545232
55468548	55468972
97778817	97779241
82754528	82754952
95514886	95515310
142937915	142938339
134747738	134748162
119776771	119777195
24749441	24749865
142396806	142397224
68372030	68372454
141400808	141401232
140035522	140035946
74396765	74397189
69755693	69756117
90629222	90629646
2312749	2313173
104022717	104023141
39410926	39411350
102858904	102859328
62674176	62674600
16696251	16696675
27732861	27733285
57360435	57360859
19171692	19172116
11815122	11815546
48815922	48816346
52763036	52763460
7744424	7744848
70533903	70534327
145099777	145100201
11702937	11703361
134581782	134582198
29417396	29417820
121969085	121969509
59933699	59934123
816881	817305
77418594	77419018
26492754	26493178
145873290	145873714
139126516	139126940
79344053	79344477
66044947	66045371
143561738	143562162
26313477	26313901
63951961	63952385
91960477	91960901
126272562	126272986
102125611	102126035
144230117	144230541
21826546	21826970
140668389	140668813
7305451	7305875
21376193	21376617
124468176	124468600
145081857	145082281
37009689	37010113
19607711	19608135
120034990	120035414
80695721	80696145
35345902	35346326
79632513	79632937
67521547	67521971
22707798	22708222
6563767	6564191
141216454	141216878
144868929	144869353
126729482	126729906
113057564	113057988
50967498	50967922
85934202	85934626
121072873	121073297
102108651	102109075
40997313	40997737
8895666	8896090
137944022	137944446
6745024	6745448
121621579	121622003
50180314	50180738
101732147	101732571
145711606	145712030
28269440	28269864
8351654	8352078
4031456	4031880
23238345	23238769
142639513	142639937
54797865	54798289
38852706	38853130
23082321	23082745
112265359	112265783
123842197	123842621
10456319	10456743
87359303	87359727
28824505	28824929
144188783	144189207
109299309	109299733
128902308	128902732
97385789	97386213
119755845	119756246
75672120	75672544
82424675	82425099
6560636	6561060
66055563	66055987
101684972	101685396
73576249	73576673
96398804	96399228
47955721	47956145
17827769	17828193
37194286	37194710
116383107	116383531
71314628	71315052
73232049	73232473
144578149	144578573
124057610	124058034
120082726	120083150
94372475	94372899
11769287	11769711
99032088	99032512
120136161	120136585
15399601	15400025
19041824	19042248
29369055	29369479
9196655	9197079
65176692	65177116
128830433	128830857
145518634	145519058
72764882	72765306
103697695	103698119
126852106	126852530
70088260	70088684
124407515	124407939
27482216	27482640
27325922	27326346
19229761	19230185
10805985	10806409
131433609	131434033
101732903	101733327
28458499	28458923
27809545	27809969
129037936	129038360
134587629	134588053
108920514	108920938
56870389	56870813
134063888	134064312
145024017	145024441
112439254	112439678
55995980	55996404
62475988	62476412
129944463	129944887
53027197	53027621
31453564	31453988
129188753	129189177
102075075	102075499
49815282	49815706
122188748	122189172
11828168	11828592
18304592	18305016
33423636	33424060
74516835	74517259
51290602	51291026
99877884	99878308
89931299	89931723
142096349	142096773
117848294	117848718
31896131	31896555
92003331	92003755
11447151	11447575
37824587	37825011
95930331	95930755
3504068	3504492
131310147	131310571
41669731	41670155
42910628	42911052
15663545	15663969
62841541	62841965
26052819	26053243
144301496	144301920
59323466	59323890
54317407	54317831
53633752	53634176
17454152	17454576
94381244	94381668
80264389	80264813
27758766	27759190
29270813	29271237
40339351	40339775
59492280	59492704
38644741	38645165
41680082	41680506
128637670	128638094
69344757	69345181
119917360	119917784
68369039	68369463
81802168	81802592
81402087	81402511
130065297	130065721
122466694	122467118
144413982	144414406
55735695	55736119
145258177	145258601
142170969	142171435
142137862	142138286
142204178	142204602
75019007	75019431
124890175	124890599
30788942	30789366
97192519	97192943
145615472	145615896
128175002	128175426
37962481	37962905
33427264	33427688
108291068	108291492
135697115	135697539
92248592	92249016
117004976	117005400
79752644	79753068
143684751	143685175
179544	179968
52800673	52801097
37186000	37186424
16621877	16622301
19234639	19235063
143014808	143015232
22480546	22480970
28944911	28945335
19685611	19686035
142398281	142398705
122439765	122440189
115694761	115695185
128981584	128982008
58094689	58095113
142264547	142264971
120653806	120654230
121464910	121465334
22054135	22054559
144256396	144256820
17581843	17582267
131654816	131655240
97022087	97022511
85560465	85560889
119941779	119942203
123360218	123360642
32406749	32407173
87056278	87056702
30130171	30130595
13585181	13585605
86291423	86291847
59230940	59231364
29692048	29692472
48423602	48424026
100617190	100617614
33330630	33331054
49532545	49532969
72248321	72248745
21998620	21999044
145134160	145134584
69601992	69602416
82935507	82935931
43286138	43286562
15357496	15357920
24920720	24921144
6747940	6748364
72522961	72523385
40954411	40954835
96286510	96286934
56451042	56451466
98387837	98388261
80087699	80088123
140621680	140622104
67434877	67435301
28463731	28464155
123561406	123561830
48265712	48266136
19102550	19102974
103575910	103576334
53388250	53388674
38255080	38255504
24272699	24273123
91657259	91657683
87626264	87626688
28889309	28889733
66910379	66910803
145161989	145162413
104883467	104883891
41050908	41051332
40037105	40037529
126943751	126944175
23605306	23605730
24065371	24065795
127579318	127579742
95736723	95737147
19170257	19170681
8749467	8749891
39782623	39783047
22094956	22095380
64315280	64315704
99847566	99847990
54131142	54131566
103448979	103449403
80454558	80454982
75232553	75232977
7281765	7282189
67337157	67337581
127533339	127533763
134445536	134445960
41261799	41262223
96640094	96640518
124204808	124205232
124498912	124499336
8374725	8375149
142457001	142457425
106765075	106765499
123676370	123676794
11365732	11366156
72880676	72881100
20986768	20987192
132908667	132909091
81842791	81843215
38267330	38267754
37483669	37484093
42052666	42053090
141550533	141550957
143379338	143379762
96208302	96208726
22084059	22084483
38084035	38084459
142119917	142120341
71129364	71129788
29027931	29028355
111059828	111060252
63976299	63976723
30611804	30612228
73896852	73897276
143758222	143758646
91093540	91093964
106918042	106918466
18041646	18042070
143885266	143885690
13235155	13235579
86211376	86211800
131217815	131218239
67379091	67379515
110225715	110226139
1231162	1231586
26149164	26149588
42155484	42155908
135051482	135051906
109286510	109286934
144804788	144805212
19128650	19129074
81949018	81949442
141531638	141532062
143837271	143837695
27751194	27751618
135843939	135844363
145501514	145501938
86363760	86364184
61613048	61613472
22530468	22530864
134486681	134487105
108245268	108245692
136580025	136580449
95231936	95232360
11286754	11287178
124936824	124937248
67445835	67446259
17781441	17781865
137382200	137382624
15718114	15718538
116422008	116422432
28193362	28193786
80944926	80945350
124331288	124331712
85766594	85767018
40406660	40407084
143791942	143792366
123706370	123706794
25041300	25041724
141248367	141248791
27950654	27951078
60612436	60612860
110235421	110235845
136671814	136672238
117966218	117966642
75172079	75172503
58507439	58507863
140108716	140109140
25824236	25824660
95274442	95274866
10389538	10389962
99717733	99718157
10407751	10408175
126649944	126650368
995656	996080
122382814	122383238
140643291	140643715
126289031	126289455
20360663	20361087
117636072	117636496
142854390	142854814
119990002	119990426
118874450	118874874
123685870	123686294
143681979	143682403
109476699	109477123
5923392	5923816
6229635	6230059
48227979	48228403
98424274	98424698
131456701	131457125
16460424	16460848
136455208	136455632
9905486	9905910
64134768	64135192
40194233	40194657
111072583	111073007
130605933	130606357
11391431	11391855
54109579	54110003
25166118	25166542
74790014	74790438
19061079	19061503
27474263	27474687
74538977	74539401
6827796	6828220
102178569	102178993
34541599	34542023
24973513	24973937
144876702	144877126
100994634	100995058
99559058	99559482
137670717	137671141
27532700	27533124
141365566	141365990
124789076	124789500
62647873	62648297
102022579	102023003
34806074	34806498
27735272	27735696
101870927	101871351
144649428	144649852
22424414	22424838
127838982	127839406
718008	718432
103548009	103548433
101487928	101488352
85966635	85967059
38780848	38781272
40847450	40847874
64023595	64024019
141801338	141801762
55150844	55151268
50852531	50852955
19929660	19930084
121655113	121655537
145792525	145792949
41435298	41435722
80425317	80425741
8243001	8243425
53537524	53537948
50367477	50367901
56843088	56843512
26428934	26429358
131616488	131616912
125682355	125682779
103770890	103771314
22044085	22044509
29360487	29360911
82783096	82783520
2262946	2263370
73336319	73336743
123651284	123651708
144814974	144815398
125141606	125142030
30583987	30584411
6185355	6185779
56969972	56970396
105967626	105968050
99572886	99573310
61314223	61314647
59801860	59802284
82023629	82024053
82513662	82514086
34137269	34137693
122824055	122824479
124191193	124191617
73201061	73201485
90579608	90580032
139709305	139709729
101859457	101859881
28126809	28127233
143555214	143555638
76751451	76751875
