56538143	56538676
79888343	79888858
40566807	40567348
45410219	45410750
90863182	90863608
75242690	75243166
73928741	73929229
65325350	65325820
51169086	51169507
80748134	80748545
51425057	51425480
78600667	78601114
70805075	70805499
51178047	51178459
89600703	89601160
39109838	39110297
69758262	69758708
41196102	41196538
64973591	64974067
62126282	62126711
89447897	89448355
67066623	67067094
99322780	99323217
41149820	41150247
74913339	74913791
74731044	74731436
74604052	74604500
85874308	85874712
75127580	75128096
51673366	51673817
92625498	92625907
77835678	77836221
41151303	41151721
63779464	63779892
80859968	80860443
79476715	79477131
90303944	90304354
45497286	45497684
80285726	80286139
64237451	64237903
70780354	70780768
74189687	74190118
85471390	85471780
53072672	53073070
45455172	45455621
101555335	101555763
67196015	67196406
83679536	83679989
74924230	74924708
56189898	56190275
63340102	63340567
56783310	56783695
51455043	51455410
78715208	78715566
90418192	90418591
41757994	41758367
22460932	22461645
74927460	74927837
76440246	76440652
67155152	67155550
91429209	91429626
92249641	92250034
91790798	91791225
42351919	42352298
55582600	55583044
62127699	62128088
76431787	76432223
80145859	80146250
89157718	89158111
69768082	69768465
57852013	57852432
66911453	66911868
75092466	75092888
57834399	57834812
64445729	64446141
50295928	50296329
72448341	72448741
20561595	20562017
69770540	69770951
66990687	66991095
76443274	76443694
75600413	75600821
73419663	73420050
69351417	69351868
91477456	91477911
65596491	65596913
41849771	41850134
41074791	41075195
33992879	33993301
72492023	72492426
98985611	98986003
69217229	69217593
40881969	40882296
68966303	68966734
90016012	90016419
44955807	44956183
65020354	65020762
41184003	41184461
42996605	42996979
89959463	89959947
78259107	78259493
62546576	62546923
69868264	69868653
66790057	66790597
90283284	90283682
85498554	85498908
88998235	88998629
78469698	78470159
44067616	44068004
66149197	66149573
78251713	78252074
67749264	67749621
51484820	51485284
65102095	65102521
65809952	65810389
73992616	73993005
71117452	71117825
40396971	40397386
59249561	59249925
91599071	91599462
62637132	62637537
63385810	63386155
42103586	42103969
45750964	45751323
65346549	65346986
42281699	42282100
68842779	68843184
75193913	75194319
85839795	85840159
101547187	101547559
65127963	65128350
67239000	67239383
42196713	42197099
45329318	45329649
71735825	71736169
78487985	78488373
77789146	77789551
57853175	57853548
70021462	70021874
52093620	52093960
75660081	75660458
42677716	42678072
89985875	89986278
86397557	86397936
79320651	79321101
89750057	89750439
65589998	65590422
74667524	74667914
64183207	64183595
22836720	22837136
40971268	40971575
90441855	90442258
88790041	88790446
45145535	45145859
58158334	58158707
34635250	34635625
55460510	55460910
41522730	41523253
74674682	74675081
84107429	84107790
60800010	60800351
99202472	99202807
78400586	78401095
89973935	89974309
69755038	69755385
42376578	42376983
32943434	32943798
52371050	52371444
65611152	65611514
93461174	93461527
73997139	73997603
74200612	74201049
75497133	75497511
99447718	99448062
79673359	79673734
40571554	40571916
84811584	84811924
40337313	40337659
52432021	52432438
89200593	89200957
75321629	75322001
79001743	79002120
84228135	84228488
73014443	73014796
41896046	41896462
44876362	44876730
58474753	58475152
75280412	75280744
45997845	45998203
38991868	38992217
96900067	96900423
52500537	52500923
57430499	57430830
58024743	58025088
93631060	93631434
77925816	77926245
88993428	88993812
101413291	101413634
47488192	47488534
71740956	71741309
43668265	43668672
69686975	69687327
78534437	78534831
72093519	72093911
58363038	58363371
90614499	90614869
80465678	80466064
89720971	89721343
38732459	38732884
22511058	22511452
52548537	52548875
74257076	74257484
73557907	73558257
90701117	90701467
101458133	101458515
59821132	59821452
89560797	89561178
55401072	55401443
66273183	66273546
90514804	90515155
59785107	59785435
66895945	66896282
99619941	99620289
74614923	74615325
40811911	40812290
60812986	60813312
34502240	34502597
90190328	90190718
81558749	81559137
65023439	65023823
99062287	99062667
31780834	31781220
65930946	65931279
72072735	72073099
91499686	91500121
42426125	42426470
65693095	65693486
63140101	63140468
31727526	31727874
43496539	43496881
45490985	45491438
31421483	31421852
81558120	81558549
79272058	79272417
55731902	55732242
77316584	77316985
59430387	59430759
78200499	78200869
89714706	89715091
86401973	86402363
78910716	78911106
89421921	89422247
101798366	101798692
76483069	76483434
44069566	44069939
68598924	68599369
82490345	82490697
44870647	44871019
63034579	63035003
90630035	90630434
91593093	91593417
42064927	42065256
77327417	77327799
55818694	55819026
80711243	80711631
73565745	73566094
101628960	101629326
72604956	72605310
63902344	63902705
58519947	58520267
84049424	84049774
89672744	89673106
48799673	48800025
92634364	92634703
85142248	85142596
90764547	90764892
52209730	52210059
35000547	35000910
41314674	41315034
71825266	71825598
91191319	91191657
59793752	59794078
81567383	81567694
71777463	71777796
78405546	78405891
92620629	92620978
74265273	74265615
77909841	77910227
72022922	72023256
102181391	102181721
42942680	42943013
95802685	95802997
66116498	66116846
67215747	67216116
87167812	87168153
61209148	61209479
65378666	65379021
98452557	98452904
76013395	76013784
41230274	41230652
67145696	67146047
44061852	44062183
35261936	35262296
76025156	76025528
70861493	70861832
99394180	99394478
73598284	73598616
60621065	60621368
46596560	46596882
65677930	65678278
80534497	80534847
46604356	46604681
29960239	29960645
78113792	78114179
88817777	88818150
90686362	90686734
68846303	68846718
40613073	40613423
52069211	52069538
47763653	47764004
98964873	98965245
67081400	67081724
70752559	70752861
75063376	75063714
73969438	73969783
52519627	52519956
100296024	100296344
78162794	78163148
64359761	64360101
78195189	78195590
60619045	60619381
65677131	65677532
52068384	52068740
63074200	63074508
90844429	90844808
76102309	76102665
91445416	91445764
45418790	45419100
95120184	95120521
59914541	59914892
56091970	56092327
86408347	86408657
67725876	67726186
93573864	93574218
86383810	86384142
31489671	31489996
50440549	50440881
41624198	41624549
46006743	46007087
78202771	78203336
94867479	94867819
60878000	60878318
89899947	89900255
75930658	75930979
40636755	40637110
93352286	93352661
68155735	68156074
68545288	68545625
79202125	79202509
72578299	72578611
78774723	78775041
86273516	86273807
72565109	72565451
28331271	28331593
72045029	72045347
74284556	74284946
44195979	44196336
41198514	41198872
58513861	58514199
48644673	48645004
75061215	75061554
91576400	91576715
43218899	43219241
78533298	78533620
76478020	76478327
44174174	44174497
65563284	65563637
101168024	101168328
43577801	43578090
91846104	91846405
49267936	49268268
99753448	99753747
83917143	83917448
77400035	77400380
73533244	73533555
91474909	91475267
68675793	68676118
63891795	63892129
45459609	45459966
69815752	69816067
49527787	49528105
62841613	62841915
85369573	85369975
74532305	74532646
62352640	62352969
74600209	74600534
89901778	89902426
58562182	58562486
57904222	57904531
23887591	23887910
81068818	81069138
99640787	99641133
91475676	91475997
75437808	75438170
98835695	98836050
69168210	69168510
73076547	73076883
22512176	22512561
31782255	31782591
40630270	40630638
65393895	65394224
48577980	48578335
56138341	56138657
41186248	41186631
79032837	79033162
49258245	49258546
42358688	42358999
65504410	65504775
65481491	65481815
66859383	66859734
30218046	30218398
96870485	96870772
79632377	79632717
32954854	32955179
55940601	55940893
81398836	81399135
60209767	60210087
85197949	85198279
40602251	40602589
59825016	59825321
51200609	51200940
61487368	61487697
29267931	29268260
74419842	74420193
22436045	22436457
57632879	57633177
72963055	72963577
85832987	85833306
70759305	70759616
101548603	101548988
75335200	75335526
45866221	45866549
62417981	62418280
34029926	34030282
44358478	44358767
68128778	68129096
22460932	22461645
76349804	76350102
44591140	44591457
69702659	69702960
71944085	71944417
101810125	101810405
66208946	66209245
43517664	43517979
48542825	48543144
75801303	75801621
69076047	69076359
74665967	74666306
79030490	79030823
91814853	91815161
79100884	79101214
76020670	76020989
41038715	41039021
81772959	81773248
101829139	101829447
85587565	85587860
34659769	34660102
74782159	74782455
45471357	45471681
98854841	98855160
78077260	78077613
75824799	75825080
39872391	39872669
56081299	56081606
86374774	86375076
51694106	51694438
90043890	90044207
99949254	99949555
76626225	76626527
94663193	94663460
39000053	39000345
74243454	74243804
74613012	74613353
72036304	72036589
71407561	71407869
68664902	68665209
72519032	72519342
28368627	28368961
50344088	50344372
77411172	77411464
43803784	43804093
71185359	71185624
29394416	29394734
58505171	58505461
90836604	90836945
37175868	37176195
66483862	66484170
68447363	68447629
91811829	91812122
90762819	90763170
91768034	91768330
90776464	90776754
97778610	97778906
64978361	64978672
52623665	52623994
88874479	88874789
76622678	76622983
78931070	78931410
38682160	38682484
59924960	59925255
93258094	93258371
51675051	51675324
81262413	81262706
67143574	67143919
85421820	85422094
74595265	74595606
90905284	90905569
40509428	40509707
60472067	60472324
41187087	41187429
46087709	46087986
57959487	57959760
84506770	84507063
66680110	66680418
88215551	88215885
76094451	76094791
59539630	59539910
35370724	35370997
51791634	51791928
101409779	101410077
83680310	83680650
36043866	36044170
48377264	48377568
51573588	51573903
62599145	62599450
54375087	54375403
32267074	32267374
66544714	66544995
71395505	71395790
29382793	29383088
44164685	44164936
32270065	32270379
45750155	45750484
91025654	91025943
33425008	33425266
79043428	79043741
78689256	78689573
59467055	59467332
86343708	86343998
50651083	50651362
43806723	43807017
74166302	74166552
95569393	95569692
79299497	79299802
72892263	72892529
93064821	93065086
71104449	71104737
40859400	40859675
33518867	33519129
57032448	57032751
60017146	60017419
81288642	81288886
77947343	77947664
57113960	57114224
51695512	51695817
90038177	90038482
52274489	52274726
97789079	97789344
38646584	38646868
80527208	80527486
52198138	52198418
56788821	56789056
93579229	93579502
68943475	68943787
85388798	85389093
56066599	56066889
34354158	34354446
52199813	52200056
80988791	80989063
50408723	50408980
32160115	32160394
58335479	58335745
87286612	87286863
22467014	22467347
45507717	45507989
66154989	66155271
49148098	49148364
78609627	78609893
63758946	63759235
59158506	59158783
64338650	64338957
43663723	43663985
60651900	60652177
39978271	39978543
27262436	27262702
100244654	100244911
29432056	29432340
36793363	36793597
68608876	68609164
75976126	75976392
49154100	49154333
68851886	68852267
92597250	92597491
46384139	46384411
45927597	45927911
44511900	44512180
67131044	67131330
51829211	51829467
98288769	98289031
64044339	64044591
59453451	59453720
38982999	38983272
101693075	101693330
92392970	92393251
63196744	63197040
52074621	52074861
55727520	55727768
40660302	40660598
92622326	92622590
93497871	93498117
34880254	34880501
53027758	53028029
93340406	93340654
89901778	89902426
75978518	75978809
70725968	70726233
80878093	80878383
60426879	60427141
34027906	34028161
33494161	33494386
91236974	91237248
38172840	38173073
42066673	42066961
99826680	99826937
51942169	51942416
90829978	90830252
81269925	81270172
67532647	67532887
90099954	90100214
20398380	20398509
43733077	43733324
55700455	55700753
90035266	90035548
71303894	71304149
68831423	68831697
85131294	85131562
40322505	40322765
99813225	99813469
88787146	88787476
22462047	22462523
86683148	86683450
84915080	84915616
83518440	83518720
55856612	55856860
60843946	60844194
52475835	52476069
92821046	92821300
58043461	58043702
48629213	48629467
58157546	58157798
48933686	48933920
94870655	94870868
72765953	72766187
35581276	35581538
69595700	69595983
46082628	46082843
98721272	98721515
57819747	57820010
49338759	49339002
89019855	89020109
56210119	56210342
81693087	81693316
61913323	61913564
88787744	88788031
55509851	55510095
38184046	38184293
64361729	64362016
74329283	74329531
49714217	49714441
56345031	56345272
74073691	74073935
92926824	92927074
79588957	79589198
79152472	79152761
35736880	35737099
31151551	31151811
53489591	53489823
82432178	82432452
45076935	45077185
75890167	75890358
56578481	56578732
66121578	66121815
49255703	49255946
62533378	62533663
77195769	77195972
38856208	38856494
98971943	98972264
84642649	84642892
50168985	50169261
69022830	69023061
89377620	89377904
58153335	58153552
40078716	40079019
54161307	54161551
34256367	34256617
99644955	99645261
42429938	42430253
69338101	69338342
71167449	71167659
44719047	44719314
44231345	44231590
40094115	40094362
84692476	84692701
40167233	40167478
43477988	43478232
86029253	86029524
91685439	91685689
102204592	102204800
33248279	33248513
78192777	78193064
77386774	77387027
92399260	92399506
45906515	45906736
76221061	76221291
58731181	58731423
68487418	68487628
59652561	59652808
73975971	73976257
38975923	38976143
89244867	89245107
91141479	91141701
45691872	45692136
42264893	42265165
90431531	90431745
100243933	100244187
61080013	61080230
22802979	22803233
77265692	77265952
49438285	49438526
76577646	76577876
69121468	69121666
93237287	93237531
94711596	94711795
101840538	101840754
38766434	38766651
80142188	80142434
45030646	45030862
43030153	43030372
61224889	61225081
48404515	48404719
77952170	77952392
101173217	101173474
83669226	83669460
54255200	54255420
92934955	92935165
79206367	79206617
23061151	23061358
99424885	99425125
100270242	100270455
39418176	39418427
89954762	89955041
76214218	76214373
66125015	66125238
33584990	33585212
72825434	72825622
55489210	55489464
78167544	78167788
34402363	34402544
78292440	78292688
68503202	68503465
81448050	81448251
78608098	78608321
81148807	81149048
76050718	76050955
102042131	102042357
50124882	50125096
33314070	33314283
68124399	68124632
82400874	82401126
39283433	39283651
38056941	38057125
42663430	42663633
92769315	92769527
53879083	53879298
100450248	100450452
57933177	57933420
101212295	101212494
57161855	57162044
60033585	60033770
21927304	21927512
99111644	99111854
70929221	70929424
41165875	41166113
95835212	95835409
79422975	79423168
61459700	61459901
65903541	65903762
89864917	89865133
82232048	82232221
38706652	38706866
94707561	94707758
66998546	66998721
31731581	31731803
63695084	63695305
90216426	90216626
99602246	99602501
41873373	41873539
53058090	53058240
75494355	75494657
34286312	34286508
84240944	84241151
100879280	100879487
91147117	91147541
70647707	70647927
79511024	79511228
84234410	84234641
39145912	39146121
52509394	52509610
33136417	33136636
93442859	93443073
73345412	73345603
84915080	84915616
60663416	60663532
71867909	71868096
73536760	73536959
80659540	80659709
45686099	45686275
59983496	59983658
45569159	45569361
41799244	41799436
69557814	69557991
75940232	75940485
39464334	39464533
30227987	30228201
43479826	43480045
93175019	93175257
34533637	34533851
90630683	90630923
74346473	74346687
84864424	84864651
64316979	64317178
35212525	35212728
29906171	29906378
60419848	60420059
102192570	102192795
102195093	102195358
89011513	89011665
85181528	85181713
89440695	89440944
38287980	38288176
79007222	79007420
84105399	84105574
33228579	33228819
77876650	77876866
42763869	42764059
102314025	102314246
41184003	41184461
98628355	98628532
78858262	78858686
80061540	80061742
73373790	73373997
50554317	50554512
31507664	31507897
48003969	48004190
56541384	56541567
56310320	56310447
48280249	48280412
80952530	80952726
81702602	81703026
45599432	45599570
49517897	49518089
45002861	45003057
101816774	101816962
42222762	42222967
92516850	92517020
38543713	38543881
70042211	70042402
71418485	71418655
66526513	66526712
94540376	94540571
47666526	47666700
89182107	89182360
40646621	40646861
27304842	27305014
66220007	66220182
40994388	40994556
66339202	66339379
99348938	99349362
57598878	57599106
90293984	90294242
44838176	44838337
72634816	72634993
52180866	52181056
64385324	64385515
66790057	66790597
87459038	87459462
74436845	74436998
42883909	42884097
100924129	100924252
32941523	32941947
64455510	64455709
65693649	65693965
77133309	77133474
66129125	66129341
86048419	86048596
63823903	63824053
45545675	45545807
66978083	66978279
66881029	66881154
44793971	44794395
77835678	77836221
92396266	92396680
35989781	35989898
66161775	66161953
79477536	79477759
95213769	95213942
33534954	33535112
63220496	63220649
37427429	37427853
48940260	48940431
35311337	35311467
95125708	95125872
76527512	76527936
75591732	75591905
64183493	64183745
55806122	55806332
23894198	23894342
37103337	37103515
72077167	72077275
60028556	60028678
95069281	95069705
73757057	73757231
28371252	28371482
81400743	81401167
86159334	86159501
50967715	50968139
33378776	33378916
60044079	60044245
92485597	92485808
82573599	82574023
30367481	30367905
70655268	70655692
78707723	78708147
33526268	33526395
69672833	69672948
90757881	90758096
84703635	84703856
48650461	48650624
75933299	75933459
45560428	45560617
64648606	64649030
78194278	78194702
99884015	99884439
63581080	63581254
79631058	79631260
31186786	31186979
40564979	40565188
34650682	34650854
61343789	61343925
28266698	28267122
99901797	99902221
75074191	75074388
67596223	67596397
40837770	40837887
62363882	62364306
50474160	50474584
89577441	89577865
66678950	66679131
57506097	57506242
65888388	65888540
70475334	70475461
71200075	71200499
95567813	95567929
62314177	62314601
92511827	92512251
41310761	41311185
69425969	69426117
67198265	67198689
43511273	43511412
70785132	70785297
69433825	69434004
72095113	72095277
85554051	85554192
29861120	29861289
70506634	70507058
80188787	80189211
85861294	85861422
85478254	85478438
71015093	71015238
79165933	79166144
39446366	39446790
64208354	64208523
80805059	80805483
79048647	79048858
93595726	93596150
77478813	77479237
88148063	88148487
77926849	77927015
29275584	29276008
101557550	101557974
37426945	37427149
85712202	85712393
89787018	89787187
62941309	62941428
75193913	75194373
52263587	52264011
43775484	43775908
71883407	71883831
78731250	78731674
67258610	67259034
59131803	59131992
74340733	74340948
71487538	71487962
74200612	74201056
44825100	44825206
75119986	75120410
78287329	78287522
30032906	30033330
70719648	70719821
22509263	22509414
70271543	70271967
64982751	64983175
74004562	74004702
31428181	31428605
88736757	88736880
35585516	35585940
71865135	71865559
52455671	52456095
41896046	41896524
70552043	70552467
74628689	74629113
57795664	57795770
75566714	75567138
78423725	78423924
52970230	52970654
59704913	59705099
31897585	31898009
81127643	81128067
45091001	45091425
66791295	66791404
26505655	26506079
64812069	64812493
79103865	79104289
29984724	29985148
63317647	63318071
43648626	43648793
72143310	72143428
92429193	92429327
57438730	57438838
40179923	40180347
50437594	50438018
41234018	41234442
90316230	90316654
75694273	75694455
45517749	45518173
74358075	74358499
77942701	77942838
70797554	70797978
62774987	62775411
80383214	80383638
92490125	92490549
74588143	74588567
101796978	101797402
33299435	33299859
50194503	50194927
53052156	53052580
79832888	79833312
101191047	101191160
31595257	31595681
91832534	91832958
100501204	100501628
93226687	93227111
70972055	70972170
35498460	35498884
40599887	40600046
27083864	27084288
66579786	66580210
31863840	31864264
75268440	75268864
52051977	52052401
64441572	64441996
22462047	22462534
82374211	82374635
72633898	72634031
48009333	48009757
27134584	27134694
98539448	98539872
66254555	66254979
48280918	48281027
40049070	40049494
100521359	100521783
66237927	66238351
35272712	35273136
61411223	61411382
39873854	39874278
101609194	101609618
74220121	74220545
75080272	75080378
31734826	31735250
71732831	71733255
80912014	80912438
34914016	34914135
30322545	30322969
39605315	39605436
50534260	50534684
45903514	45903938
44885305	44885415
70557903	70558327
58407791	58408215
93584922	93585044
64501860	64502284
80476256	80476680
60167402	60167546
74774962	74775386
41222716	41223140
99125074	99125194
33508591	33508748
67122757	67123181
80602110	80602534
29147446	29147870
102234510	102234934
31498578	31499002
30230913	30231337
56117054	56117478
47486888	47487312
65326093	65326307
70390168	70390592
22833111	22833535
99966097	99966521
38295053	38295477
70730115	70730539
93561738	93562162
39731005	39731429
22387463	22387887
61029356	61029780
60683434	60683858
70414223	70414647
30234319	30234743
51579013	51579437
49103724	49104148
101203230	101203654
51413308	51413732
59464673	59465097
60371340	60371764
33452234	33452658
57912059	57912483
23874365	23874789
39894341	39894765
74426842	74426999
59062630	59063054
74358275	74358699
62164073	62164497
85855999	85856423
77159047	77159471
33967433	33967857
69518095	69518519
101389806	101389945
70535951	70536375
75101220	75101644
29656834	29657258
82078065	82078489
65781567	65781748
27772580	27773004
85956581	85957005
61256790	61257214
75335982	75336101
83290738	83291162
78557222	78557646
86345968	86346126
25746954	25747378
67397593	67398017
52546484	52546908
49967306	49967730
58474753	58475152
89207622	89208046
62120231	62120655
72920738	72920874
81491736	81492160
98838359	98838783
97436703	97436814
70801178	70801602
89167492	89167916
73024883	73025307
75242690	75243166
69353934	69354358
89773506	89773930
59398013	59398437
69776846	69777270
69871499	69871923
20192657	20193081
72674497	72674921
93877123	93877547
64275433	64275857
80352948	80353372
55933946	55934073
22472635	22473059
88203678	88204102
63797750	63798174
49662937	49663361
72877999	72878423
86775354	86775778
100890296	100890720
48699108	48699532
38939875	38940299
79885754	79886178
34902635	34903059
41036692	41037116
73532142	73532566
100468682	100468827
62533509	62533933
69896296	69896720
22988324	22988748
49508507	49508931
101466433	101466857
29227490	29227914
57899599	57900023
41056047	41056471
93512550	93512974
44536015	44536439
69506131	69506555
70249507	70249931
70015698	70016122
32268033	32268457
47788967	47789391
78001821	78002245
49267076	49267500
86756582	86757006
78577050	78577474
54100299	54100723
40401141	40401565
71862721	71863145
41988162	41988586
22976989	22977413
44557939	44558363
75474969	75475393
57309154	57309578
44828690	44829114
56285788	56285917
89600703	89601160
42098746	42099170
98925330	98925754
98025721	98026145
67036943	67037367
75322782	75323206
43560918	43561342
85106699	85107123
52553952	52554376
74835906	74836330
96888712	96889136
50914543	50914967
41077344	41077768
49093277	49093701
34021816	34022240
89200758	89201182
44315219	44315643
33367107	33367531
91438972	91439396
50167558	50167982
56390452	56390876
75619330	75619754
91436293	91436717
89979748	89980172
85794131	85794555
89869397	89869821
82101874	82102298
74400974	74401398
79243212	79243636
102195368	102195792
21183357	21183781
58054470	58054894
31747660	31748084
79488125	79488549
63458402	63458826
43015220	43015644
89875569	89875993
73997139	73997603
29395909	29396333
43415289	43415713
54886258	54886682
38116837	38117261
75248425	75248849
45996127	45996551
40630428	40630852
75986936	75987360
36570332	36570756
40345375	40345799
82339562	82339702
41477022	41477446
67793500	67793924
90319757	90320181
63712352	63712776
89849337	89849761
101450306	101450730
57933723	57933903
67373459	67373883
71266328	71266752
82395795	82396219
58369605	58370029
48622964	48623388
84704157	84704581
100332335	100332759
92493860	92494284
57798653	57799077
88167075	88167499
45402428	45402852
101276830	101277254
79500486	79500910
75109587	75110011
31091696	31092120
58261503	58261927
37581283	37581707
43638503	43638927
46007728	46008152
93481521	93481945
98392355	98392779
91801602	91802026
90883513	90883937
52369346	52369770
71549230	71549654
47977652	47978076
88801463	88801887
25591069	25591493
73014606	73015030
78469698	78470159
89437437	89437861
41487260	41487684
78368502	78368926
60736353	60736777
60032054	60032478
91612171	91612595
36344818	36345242
101548603	101548988
74249655	74250079
44580485	44580909
56286265	56286689
71678738	71679162
51981005	51981429
81703386	81703810
82105545	82105969
44487487	44487911
52228255	52228679
67094051	67094475
42152238	42152662
30335419	30335843
73127615	73128039
23742787	23743211
42430098	42430522
37974509	37974933
45607137	45607561
41032002	41032426
72754408	72754832
68166040	68166464
80966066	80966490
30277455	30277879
58035634	58036058
93545104	93545528
68675960	68676384
43093210	43093634
100284326	100284750
25006840	25007264
56066757	56067181
30113542	30113966
85113975	85114399
68923982	68924406
59272484	59272908
50420440	50420864
100882184	100882608
68343587	68344011
78555553	78555977
55810851	55811275
52430635	52431059
33287011	33287435
69374082	69374506
34908795	34909219
79032981	79033405
69595879	69596303
89954891	89955315
34411494	34411918
40581559	40581983
64388908	64389332
24123028	24123452
58809293	58809717
44085174	44085598
45410219	45410750
85405437	85405861
75655200	75655624
50606514	50606938
99925211	99925635
66377467	66377891
30953254	30953678
75129802	75130226
75495631	75496055
27603963	27604387
67409239	67409663
99416540	99416964
47626006	47626430
56281546	56281970
65728059	65728483
79464313	79464737
72981778	72982202
46006984	46007115
22432703	22433127
75824933	75825357
28973226	28973650
85957726	85958150
60621216	60621640
68570490	68570914
71146957	71147381
63341226	63341650
35283488	35283912
77400192	77400616
84723247	84723671
66300015	66300439
92203561	92203985
59436767	59437191
51628098	51628522
64945973	64946397
99190732	99191156
86303562	86303986
98298329	98298753
57637794	57638218
40714090	40714514
41579615	41580039
85326929	85327353
101454974	101455398
74926041	74926465
75184723	75185147
70502938	70503362
60056956	60057380
60564812	60565236
45428630	45429054
98442175	98442599
68198682	68199106
45722399	45722823
54642695	54643119
52079508	52079932
70054971	70055395
46794841	46795265
28472465	28472889
64306189	64306613
89454205	89454629
33900851	33901275
75890238	75890662
39933279	39933703
85878450	85878874
92525588	92526012
101757643	101758067
74924230	74924708
77255936	77256360
56312000	56312424
79199892	79200316
78245258	78245682
67472768	67473192
35811758	35812182
84864498	84864922
83736115	83736539
22792185	22792313
78164310	78164734
75132369	75132793
83419496	83419920
96394055	96394479
76351176	76351600
73617585	73618009
74189687	74190134
99930850	99931274
62351286	62351710
68923104	68923528
80928963	80929387
79322738	79323162
99447886	99448310
43577940	43578364
70239120	70239544
67215747	67216116
38273965	38274389
73852872	73853296
102148449	102148873
63318314	63318738
44842502	44842926
100669864	100670288
75244135	75244559
84788099	84788523
68627124	68627548
40882132	40882556
99579066	99579490
69167035	69167459
69348642	69349066
74428175	74428599
29214071	29214495
59464872	59465296
92132563	92132987
91088309	91088733
62360663	62361087
83878097	83878521
49469730	49470154
45533828	45534252
66373394	66373818
62434927	62435351
73448769	73449193
98815778	98816202
73925990	73926414
74794651	74795075
41952662	41953086
78591352	78591776
70244164	70244588
80707923	80708347
102195568	102195992
31588832	31589256
34816000	34816424
45005802	45006226
64718932	64719356
81456491	81456915
71103212	71103636
50608232	50608656
25753544	25753968
74753193	74753617
41588997	41589421
69852120	69852544
65032673	65033097
70861650	70862074
102118774	102119198
56721030	56721454
22868779	22869203
44829971	44830395
42115320	42115744
27228943	27229367
32422989	32423413
79166095	79166519
75745128	75745552
57853355	57853779
50430592	50431016
73063324	73063748
99975460	99975884
68503305	68503729
101475064	101475488
65043677	65044101
80188991	80189415
76214265	76214689
65628709	65629133
22882858	22883282
81549330	81549754
80615595	80616019
75135310	75135734
33601608	33602032
73823907	73824331
72093519	72093911
60286022	60286446
74010067	74010491
85407260	85407684
59063304	59063728
71529695	71530119
77405112	77405536
66544857	66545281
40574590	40575014
90925637	90926061
91811984	91812408
97006074	97006498
43802293	43802717
27136496	27136920
81071228	81071652
94518291	94518715
35729364	35729788
73861682	73862106
79327548	79327972
69869291	69869715
40631701	40632125
67714622	67715046
47913189	47913613
85987014	85987438
81053873	81054297
91185980	91186404
75227570	75227994
79007325	79007749
57838171	57838595
86135315	86135739
90641137	90641561
94956134	94956558
63495916	63496340
76129259	76129683
101816844	101817268
91162668	91163092
44611620	44612044
35264229	35264653
65809952	65810389
98851332	98851756
58725977	58726401
78209552	78209976
69794799	69795223
92849877	92850301
90236837	90237261
68943608	68944032
48043641	48044065
35364560	35364984
58534131	58534555
30367686	30368110
102080689	102081113
93456575	93456999
62820666	62821090
71544611	71545035
20814780	20815204
79082244	79082668
23712141	23712565
64135966	64136390
64384276	64384700
45670239	45670663
69815895	69816319
74837999	74838423
74628889	74629313
81467254	81467678
68681868	68682292
63779464	63779892
43478097	43478521
85362371	85362795
85131433	85131857
58600943	58601367
68852106	68852530
68227499	68227923
74495148	74495572
73832070	73832494
61476650	61477074
47319725	47320149
57403210	57403634
101569336	101569760
69868464	69868888
20398425	20398849
58348171	58348595
62477645	62478069
48812670	48813094
80711438	80711862
70473669	70474093
68522326	68522750
65042175	65042599
60667006	60667430
63296337	63296761
51455988	51456412
91361852	91362276
72335168	72335592
87576263	87576687
67713514	67713938
59477851	59478275
63438868	63439292
75250792	75251216
78400586	78401095
47881155	47881579
34652517	34652941
41877903	41878327
99450056	99450480
41062090	41062514
74228597	74229021
72825560	72825984
91147320	91147744
45514096	45514520
69652245	69652669
32179378	32179802
59144551	59144975
41229114	41229538
94697463	94697887
92623676	92624100
77377611	77378035
71429118	71429542
79087993	79088417
45911032	45911456
45746993	45747417
33947052	33947476
73856446	73856870
65488901	65489325
63878987	63879411
66125099	66125523
36204419	36204843
69071186	69071610
31682188	31682612
58044546	58044970
78195189	78195590
73075434	73075858
75397380	75397804
89547351	89547775
22423198	22423622
95209767	95210191
69592154	69592578
72977896	72978320
60632863	60633287
49763348	49763772
67906044	67906468
27109840	27110264
74666109	74666533
48237067	48237491
96898263	96898687
80879357	80879781
91599071	91599462
24102162	24102586
100044924	100045348
65312751	65313175
28295571	28295995
85369573	85369975
81207785	81208209
55785129	55785553
54009665	54010089
20829412	20829836
31437528	31437952
57179584	57180008
22978923	22979347
29158490	29158914
74159204	74159628
83781379	83781803
29210369	29210793
80351455	80351879
31506716	31507140
29949094	29949518
102195782	102196206
64812268	64812692
69654388	69654812
50526987	50527411
99347170	99347594
21183597	21184021
51573721	51574145
51866107	51866531
44719151	44719575
48317299	48317723
66121694	66122118
64753506	64753930
70708815	70709239
59572443	59572867
56067411	56067835
75018337	75018761
49898742	49899166
67240731	67241155
84403287	84403711
84326298	84326722
50549586	50550010
48402056	48402480
63891946	63892370
73215657	73216081
67368738	67369162
42448855	42449279
82374416	82374840
64679677	64680101
69767285	69767709
22387663	22388087
96303659	96304083
45958341	45958765
96370066	96370490
70538329	70538753
51132738	51133162
79742974	79743398
68658609	68659033
34485458	34485882
83501216	83501640
32951397	32951821
64429525	64429949
92787904	92788328
78488177	78488601
33991888	33992312
68229558	68229982
79502180	79502604
71741101	71741525
80859968	80860448
69945229	69945653
82513866	82514290
90431608	90432032
66512936	66513360
67676178	67676602
42508602	42509026
60876028	60876452
28368764	28369188
83754230	83754654
56034319	56034743
79059831	79060255
32949674	32950098
83611893	83612317
91094532	91094956
73076696	73077120
75247402	75247826
89447897	89448355
90727591	90728015
29987655	29988079
72514756	72515180
42426305	42426729
99511800	99512224
88502368	88502792
66161870	66162294
41158011	41158435
69453909	69454333
93064928	93065352
41206600	41207024
73373931	73374355
71523151	71523575
99066451	99066875
35145576	35146000
91536101	91536525
54566071	54566495
80140491	80140915
38746500	38746924
50443667	50444091
59602231	59602655
22451385	22451809
61487512	61487936
90809714	90810138
45281009	45281433
76136527	76136951
64447772	64448196
50169133	50169557
82824782	82825206
90452879	90453303
59050368	59050792
44720547	44720971
63450108	63450532
41120795	41121219
89836265	89836689
52019682	52020106
68128939	68129363
99394334	99394758
20815059	20815483
51069285	51069709
73307840	73308264
102182466	102182890
73576385	73576809
89682936	89683360
50914747	50915171
41223614	41224038
37425813	37426237
39156427	39156851
98348221	98348645
32295750	32296174
49914766	49915190
74913339	74913791
29419309	29419733
79317591	79318015
31047214	31047638
48751614	48752038
39061151	39061575
41730929	41731353
55488531	55488955
70809129	70809553
85414667	85415091
62765025	62765449
46572904	46573328
91161971	91162395
39842000	39842424
60800185	60800609
31779995	31780419
81444664	81445088
41717011	41717435
52628677	52629101
78112582	78113006
75978652	75979076
74084855	74085279
102417876	102418300
51392965	51393389
41095885	41096309
75987135	75987559
48799848	48800272
59063538	59063962
44066150	44066574
39875692	39876116
22527620	22528044
74365284	74365708
85299131	85299555
85388963	85389387
49125503	49125927
33684641	33685065
89013857	89014281
91144231	91144655
69356973	69357397
59722167	59722591
81274543	81274967
91429209	91429631
69359333	69359757
64752284	64752708
79319115	79319539
52295240	52295664
86123124	86123548
70555255	70555679
65579135	65579559
72039387	72039811
81527148	81527572
77024523	77024947
44422955	44423379
76023532	76023956
100760285	100760709
64647466	64647890
65487520	65487944
41195436	41195860
81283788	81284212
71735973	71736397
59854981	59855405
54009050	54009474
91234574	91234998
78113991	78114415
60578972	60579396
37990925	37991349
40886448	40886872
53676643	53677067
44579221	44579645
45528759	45529183
84431099	84431523
57664334	57664758
39920227	39920651
29743392	29743816
89843097	89843521
59053177	59053601
41187252	41187676
55133077	55133501
44719911	44720335
80750201	80750625
42442125	42442549
65353133	65353557
23216743	23217167
40628981	40629405
45379718	45380142
101243064	101243488
60507407	60507831
69366415	69366839
80664276	80664700
29382910	29383334
42841264	42841688
45314617	45315041
92065839	92066263
99911690	99912114
74699708	74700132
31754315	31754739
62536928	62537352
52018596	52019020
101873574	101873998
50543962	50544386
102022031	102022455
63414387	63414811
74496203	74496627
101668031	101668455
31867764	31868188
81586785	81587209
70539561	70539985
31492780	31493204
70002385	70002809
91182188	91182612
68966303	68966734
48895297	48895721
99202620	99203044
85455765	85456189
76440246	76440652
76935025	76935449
75621930	75622354
72767495	72767919
98685758	98686182
79272236	79272660
75240469	75240893
75418267	75418691
86374926	86375350
42259065	42259489
81262546	81262970
40036607	40037031
41435540	41435964
88817958	88818382
23482152	23482576
62998534	62998958
45091702	45092126
88021548	88021972
51913976	51914400
32245734	32246158
92625498	92625907
25092151	25092575
65931104	65931528
52362686	52363110
39446565	39446989
30039980	30040404
64292772	64293196
91768183	91768607
88153120	88153544
22528691	22529115
45018607	45019031
35014562	35014986
85548530	85548954
48573848	48574272
45466769	45467193
70752706	70753130
39916946	39917370
49246118	49246542
45141057	45141481
40615437	40615861
45686214	45686638
51165990	51166414
67175468	67175892
88761030	88761454
45737448	45737872
31514372	31514796
65301296	65301720
71596276	71596700
65693284	65693708
40376839	40377263
29915447	29915871
66693875	66694299
29695923	29696347
94029239	94029663
22436045	22436457
57656773	57657197
33285584	33286008
48205053	48205477
90103120	90103544
55611118	55611542
69351417	69351868
31873268	31873692
41266712	41267136
59785271	59785695
70321739	70322163
77841518	77841942
52463530	52463954
70877498	70877922
59576155	59576579
31282244	31282668
54184049	54184473
79320651	79321101
102212500	102212924
89900092	89900516
70464882	70465306
25301538	25301962
99696040	99696464
75680594	75681018
76606096	76606520
39371339	39371763
90028966	90029390
56783503	56783927
73983868	73984292
59568914	59569338
44091293	44091717
39871047	39871471
63688761	63689185
