114468706	114469051
148787968	148788327
71553791	71554151
1727996	1728355
3108323	3108695
16918379	16918758
1695120	1695492
152283853	152284205
7072509	7072883
48965107	48965453
124485910	124486273
6976118	6976475
1124372	1124718
154006319	154006699
37803723	37804049
15957912	15958237
40910659	40911033
7805731	7806098
40926568	40926911
38321437	38321791
6000105	6000504
2221742	2222087
87843539	87843910
88906778	88907110
25314067	25314472
71370898	71371220
39470967	39471353
57904167	57904501
38862497	38862820
129349008	129349400
57167678	57168008
83660479	83660829
8404918	8405249
25441573	25441867
108658190	108658499
164465577	164465887
8178551	8178857
24421100	24421393
151164036	151164365
52762003	52762315
186518783	186519110
140578163	140578496
16003066	16003387
112563255	112563603
148440009	148440328
38732777	38733120
6875719	6876047
183859286	183859617
41663529	41663811
74595315	74595622
24490340	24490636
7803896	7804216
171180749	171181106
57410719	57411070
77101022	77101331
38181291	38181609
115580586	115580890
24981736	24982043
152722780	152723082
8470494	8470816
75094452	75094753
166052428	166052743
37604609	37604958
146478834	146479136
140572782	140573095
25989777	25990080
668036	668336
4432356	4432659
129375445	129375733
76649164	76649467
152020462	152020764
101014582	101014885
148629359	148629643
89580552	89580840
53777879	53778202
55083991	55084312
7989157	7989462
8919787	8920079
3482278	3482602
3039052	3039360
15884273	15884568
174178963	174179272
78161645	78161961
13550589	13550893
74439455	74439768
114199508	114199804
4996851	4997144
57666351	57666641
190714233	190714513
1901023	1901301
81990952	81991253
190825634	190825901
30716092	30716359
75236604	75236871
6021452	6021724
129301022	129301349
84174004	84174303
12634732	12635032
78016548	78016815
100870170	100870436
39978065	39978399
53411649	53411951
101017181	101017502
111437560	111437846
154354236	154354532
134067818	134068130
182449793	182450076
141444937	141445239
122173441	122173706
6333773	6334101
84031593	84031874
1345677	1345975
90148161	90148447
40311278	40311592
123638048	123638332
82834566	82834835
69241741	69242020
40319152	40319466
78306569	78306853
139840310	139840632
174427022	174427314
140216880	140217178
103953733	103954015
129486765	129487043
7083831	7084095
40327494	40327745
155473285	155473580
47688361	47688664
54774843	54775121
86291644	86291924
79565920	79566208
83189775	83190080
41694931	41695186
6721963	6722292
15651636	15651889
3347854	3348114
4490167	4490438
25443213	25443460
6332819	6333090
168543927	168544180
47124778	47125018
77299222	77299487
141281005	141281312
119786321	119786619
129112497	129112748
736414	736733
48129807	48130112
30382062	30382332
6548405	6548720
78522075	78522360
27686170	27686462
41260872	41261144
110343591	110343867
54796211	54796478
56178730	56178984
58293002	58293296
55185121	55185404
170534324	170534586
25047293	25047596
5792064	5792304
15480639	15480900
78539859	78540150
41214669	41214955
190123469	190123735
99977250	99977517
140020589	140020843
76498649	76498924
108939787	108940066
2443434	2443755
89436873	89437109
596484	596762
112864930	112865176
2980170	2980461
49034500	49034793
38063678	38063950
107423310	107423575
76837210	76837468
185926402	185926679
10076346	10076590
103967912	103968148
129784670	129784961
57826466	57826737
154064131	154064410
4184676	4184926
103220886	103221142
171059784	171060058
25769564	25769843
58057120	58057378
56814785	56815067
80838386	80838657
103541802	103542085
128508176	128508445
77679560	77679791
147163144	147163392
124694041	124694286
94712773	94713027
184761455	184761701
147940273	147940517
3445224	3445528
139602239	139602474
175635625	175635908
187123060	187123355
102090456	102090697
68193040	68193295
170414115	170414393
99388749	99389018
38677211	38677452
165653076	165653332
87144682	87145013
190861791	190862064
82272864	82273126
165700953	165701242
83643033	83643288
40899671	40899953
25793904	25794137
33062610	33062883
95327876	95328126
6329058	6329348
83206448	83206696
115729018	115729278
142228385	142228632
151882027	151882285
8268969	8269213
184393433	184393691
121640167	121640414
13658167	13658411
21767482	21767746
48277332	48277591
4337031	4337306
183994774	183995023
7337572	7337854
113243044	113243267
189294093	189294403
84692321	84692563
100326720	100326970
15233189	15233457
177968561	177968820
1630904	1631180
188527712	188527980
52697359	52697600
55100464	55100724
40843051	40843346
187508647	187508892
88600685	88600934
77008387	77008624
139792266	139792508
47492633	47492868
75800024	75800264
7103755	7104052
7846036	7846271
154128776	154129030
142297018	142297271
171774622	171774873
71467193	71467462
74122946	74123195
184328309	184328567
1811713	1811995
156363500	156363762
185666979	185667241
90175991	90176256
75600984	75601226
154153931	154154176
185459239	185459515
107160054	107160294
183846436	183846769
152966952	152967220
112204285	112204542
186942797	186943038
148082115	148082354
112996369	112996624
84412104	84412341
184178044	184178279
15731623	15731836
141559092	141559327
22390956	22391185
114873645	114873888
29190	29384
185084997	185085305
122405762	122405996
150835712	150835953
185089597	185089881
125183463	125183692
75000040	75000242
169506737	169506988
141805667	141805916
177044923	177045196
100729481	100729750
48318154	48318349
184183630	184183915
144695180	144695478
10159414	10159693
88894837	88895061
130562454	130562674
86669112	86669320
182222949	182223212
166414477	166414769
168998259	168998489
48580463	48580699
105781744	105781965
74312140	74312351
16796561	16796767
1731538	1731772
5401617	5401873
18691011	18691261
48292452	48292687
88072019	88072208
140554992	140555258
6252498	6252722
3049188	3049433
87419779	87420019
11767573	11767786
150185406	150185635
41884852	41885118
58308950	58309196
171011308	171011564
152197946	152198250
164253973	164254203
58030161	58030461
20396908	20397124
76988909	76989128
18595268	18595496
146155325	146155550
7763435	7763682
41283127	41283336
155539929	155540172
46650255	46650460
102651747	102651980
166277188	166277390
185932673	185932915
17449399	17449619
148905206	148905454
174673844	174674037
110971162	110971390
122229019	122229251
23369782	23369992
54670978	54671247
154671462	154671663
164933889	164934102
154004628	154004865
56733224	56733448
111236693	111236958
138956978	138957194
108104422	108104634
100384109	100384324
84181758	84182020
113156254	113156487
47706789	47707018
16207274	16207474
99861064	99861294
169844920	169845146
103178916	103179164
146877544	146877745
8596207	8596460
167942778	167943015
17638473	17638734
8243961	8244193
170232870	170233095
87417328	87417568
140933818	140934031
156708366	156708563
3944274	3944541
2188183	2188398
1066696	1066940
157966773	157966965
43134063	43134305
126234693	126234883
1350061	1350310
6335672	6335897
48907507	48907691
142575236	142575442
110725432	110725629
15397922	15398127
128709778	128709994
123372044	123372239
150902080	150902293
140524798	140525001
71049453	71049690
123499056	123499287
40721129	40721322
185185349	185185581
114249765	114249976
130283934	130284133
131484741	131484973
8609378	8609678
119963169	119963359
2950683	2950947
85425070	85425286
173946295	173946501
78739387	78739595
677782	678069
38730592	38730813
110327590	110327779
27693799	27694023
144320571	144320781
37972449	37972657
13655739	13656050
106392829	106393027
9705121	9705357
81973699	81973929
152565822	152566093
6765375	6765636
185960986	185961190
138654362	138654621
39979560	39979773
78915707	78915900
78124836	78125071
42284085	42284311
184183122	184183366
48945508	48945701
141782590	141782743
1912497	1912689
151130662	151130883
122657973	122658191
75397654	75397874
27862997	27863184
111132513	111132736
22131178	22131375
156275196	156275392
122198835	122198993
7772175	7772366
68154784	68155008
187071178	187071403
71425019	71425230
133563450	133563654
172955269	172955499
61066892	61067084
86717844	86718365
15807323	15807536
122383917	122384129
89739927	89740107
14255977	14256189
82388620	82388814
20775090	20775319
88770214	88770454
10556329	10556539
113558527	113558696
147016354	147016536
114015983	114016188
190833471	190833642
103266624	103266850
84430286	84430419
83123298	83123466
55189065	55189285
90355634	90355804
31694111	31694311
69364204	69364425
9764769	9764997
17474031	17474234
182064488	182064691
106395150	106395395
17550796	17551017
104707307	104707494
150920707	150920919
78520690	78520860
84561170	84561362
33161878	33162064
188915103	188915296
143274378	143274568
42867686	42867889
70746993	70747174
157889714	157889937
65024418	65024842
822748	822948
6265966	6266175
139951867	139952056
27012064	27012299
185203594	185203747
187867860	187868102
54572574	54572998
83995247	83995461
175143515	175143695
74207189	74207385
99916326	99916556
76816991	76817181
29972347	29972495
151881340	151881540
120971148	120971326
152038569	152038808
25182275	25182402
31372593	31372750
14873835	14874013
163969722	163969860
86048830	86049039
138741111	138741305
15240442	15240583
111507476	111507681
180228829	180228985
122821618	122821799
107290695	107290899
6089515	6089727
139416190	139416315
18077502	18077703
127525508	127525701
166265014	166265120
148015459	148015652
169864241	169864439
7297773	7297971
74730238	74730373
133149039	133149226
128990159	128990371
88191408	88191591
10551413	10551555
170731543	170731768
89594199	89594347
88976157	88976358
159651192	159651397
75596426	75596610
160367743	160367926
83383586	83383795
88465062	88465222
122113726	122113842
5826461	5826673
6345611	6345832
22899228	22899437
40919011	40919219
37385363	37385546
47928715	47928895
190011408	190011599
36401476	36401679
154049156	154049323
40151567	40151787
164113276	164113460
11722001	11722194
14789632	14789802
162173769	162173955
119903031	119903181
41361142	41361327
86717844	86718365
76769514	76769676
55837637	55837842
140452095	140452260
1750422	1750630
1550685	1550859
186959465	186959592
167086943	167087367
56995639	56995839
110254219	110254380
38858418	38858616
85180482	85180664
6919518	6919698
38761289	38761401
38759734	38759874
141516245	141516388
54357303	54357423
88296923	88297128
48111657	48112081
57702910	57703105
104021042	104021188
164471547	164471741
186104878	186105059
153329690	153330114
41890227	41890396
119202183	119202304
72095526	72095745
166034289	166034492
75186313	75186419
70689198	70689404
112727484	112727908
81283855	81284018
141174453	141174649
83350561	83350798
77965813	77965966
107819882	107820034
150931613	150932037
174209543	174209718
23137512	23137663
20249860	20250003
73168798	73169222
42997473	42997626
110624176	110624374
21790968	21791117
88760611	88760788
24198117	24198279
3454155	3454579
68784257	68784428
90823055	90823276
3951771	3951991
134075899	134076082
7705516	7705662
106062163	106062306
140089092	140089201
68198449	68198625
8430629	8430812
139011605	139012029
170969023	170969222
10583840	10583971
177711148	177711311
167515623	167515770
165621530	165621954
170540714	170540896
153421951	153422375
36189440	36189598
134945536	134945682
139497885	139498309
155543782	155544206
146540603	146540755
9125440	9125621
83281838	83281999
11430549	11430750
88014829	88014951
122865230	122865396
24689085	24689286
141247656	141247819
122647799	122648223
177198840	177199019
89290454	89290655
10091220	10091327
129730727	129730892
71410013	71410437
44631400	44631591
134241706	134242130
26062838	26063262
121898712	121899136
160408459	160408622
107971656	107972080
119890579	119890695
53454341	53454519
44451003	44451167
123653486	123653649
25927490	25927700
143048177	143048344
95542768	95542920
25532981	25533132
28688370	28688498
146531116	146531228
114315969	114316120
37979519	37979720
88274769	88274924
89377932	89378128
30720486	30720630
155480645	155480780
5461972	5462144
155903603	155904027
150817694	150817902
36352826	36352971
108655406	108655544
4262016	4262225
236132	236238
84565921	84566098
140374344	140374450
162241512	162241936
103371076	103371182
89945315	89945491
79875177	79875601
38070759	38071183
46331080	46331504
154556011	154556159
78354655	78354823
10015484	10015650
99064180	99064286
1160990	1161153
88954567	88954714
77973523	77973688
2415047	2415471
154265561	154265768
48946658	48947082
104986247	104986399
15964846	15965005
143768526	143768713
148328576	148328686
27704656	27705080
84203280	84203480
110219891	110220061
42570608	42571032
143906448	143906631
10166442	10166866
14751521	14751945
81911074	81911498
141772313	141772446
8887629	8887813
125033144	125033294
23719185	23719609
42282514	42282620
181585902	181586326
154566297	154566721
110920064	110920222
75719852	75719976
31047478	31047587
91236308	91236542
147466205	147466629
7721393	7721611
4254550	4254731
106441929	106442353
75548429	75548538
39697422	39697556
81961181	81961605
186055729	186055844
148511532	148511676
116773741	116773907
2765878	2766076
111553094	111553248
111891961	111892067
6676409	6676833
165938071	165938495
153767954	153768120
114992268	114992458
169945878	169946302
154239844	154240268
114279886	114280310
8548771	8549195
58029774	58030053
96126003	96126427
128460080	128460221
8169984	8170408
146075708	146076132
13432907	13433331
160096663	160097087
7196118	7196542
5814728	5814926
101232308	101232732
38185982	38186406
76579015	76579439
67953614	67954038
129495945	129496076
65873694	65873814
5052259	5052412
183727447	183727871
56050861	56051014
177972594	177973018
152682319	152682478
16027924	16028032
25995418	25995539
104012781	104013205
756282	756706
92034387	92034527
44740620	44741044
26083536	26083960
17326073	17326258
78230158	78230264
169075158	169075264
123498122	123498271
10539705	10539842
37454712	37454832
47670828	47671252
81287212	81287320
140540903	140541081
140148922	140149346
38784540	38784743
174338305	174338453
100733044	100733210
22238911	22239061
113686883	113687000
108834578	108834696
177885238	177885662
7158699	7158827
187647055	187647301
124580916	124581340
6000105	6000504
10016804	10017228
24033944	24034368
140973234	140973658
4679924	4680348
112952857	112953281
22609062	22609254
167245455	167245879
78279436	78279860
108951500	108951924
76813631	76814055
32776822	32776954
79873146	79873285
125634440	125634864
118998498	118998638
79513512	79513936
123523657	123524081
122924607	122924761
123679088	123679512
190895190	190895614
11807460	11807884
184171144	184171299
48548479	48548642
1914708	1915132
96046070	96046494
15459165	15459589
174911423	174911536
115053967	115054391
71875678	71876102
73370927	73371351
101293672	101293787
140430896	140431320
89300072	89300215
55549907	55550072
37568489	37568669
148764446	148764552
88759508	88759630
111440027	111440451
175041643	175042067
78619432	78619856
74312240	74312664
46933946	46934370
163090281	163090402
1312348	1312772
152525559	152525691
184319788	184320212
26460907	26461077
24430516	24430940
110354531	110354955
164469613	164470037
83500133	83500557
146538037	146538461
26134467	26134891
140576176	140576600
88156935	88157359
183849165	183849589
73885180	73885604
144296909	144297022
145064222	145064390
81046534	81046958
190045412	190045569
180788398	180788822
6682984	6683159
82326935	82327359
186226134	186226558
156920889	156921313
158900049	158900155
107187325	107187749
112775635	112776059
6666411	6666613
109493783	109493911
148846218	148846642
11955712	11956136
85499718	85500142
104836394	104836818
15965793	15966217
163959430	163959548
140661682	140662106
4386519	4386943
78394658	78395082
33650606	33651030
21769977	21770401
86005553	86005977
163418688	163419112
112552755	112553179
170407286	170407710
143771608	143772032
22963993	22964417
48005686	48005795
90032377	90032538
48035839	48036263
74528409	74528833
69041260	69041684
45455230	45455654
54063330	54063754
17563898	17564033
46846301	46846725
130265104	130265528
77669840	77670264
128321888	128322312
4509645	4510069
67987744	67988168
187394040	187394464
154495668	154495780
95048836	95049260
138532107	138532531
140419038	140419214
8412298	8412722
146761282	146761706
184521325	184521749
20250990	20251414
56187826	56188250
109695932	109696356
155003898	155004322
155424882	155425020
8586920	8587344
32464568	32464992
140682577	140683001
20424032	20424456
27320384	27320808
86068585	86069009
185427848	185428272
35153596	35154020
12726114	12726538
26331790	26332214
107250142	107250566
139443586	139444010
113859577	113860001
73567918	73568342
156893231	156893655
110236970	110237394
56212747	56212882
53881916	53882040
164405963	164406387
152533688	152534112
17810167	17810338
47566364	47566788
24990298	24990722
119145410	119145834
40982320	40982744
169631454	169631878
3882460	3882593
159093640	159094064
109414190	109414614
101769989	101770413
88426975	88427399
175553302	175553726
19488039	19488463
84283636	84284060
65404955	65405379
174457980	174458404
94685783	94686207
77705393	77705817
90952064	90952488
55837903	55838062
122577316	122577740
181749547	181749971
185172135	185172262
68737575	68737999
103930269	103930693
119604064	119604488
88418297	88418721
42304365	42304789
55874879	55875303
110926624	110927048
71978966	71979390
167173943	167174367
173935574	173935681
144942736	144943160
31675919	31676343
39183580	39184004
187870070	187870494
188301188	188301612
17599130	17599554
164602340	164602764
23338912	23339336
166385940	166386364
166458120	166458544
72049900	72050324
87819686	87820110
145277517	145277941
44495974	44496398
113020801	113021225
24516435	24516859
79590577	79591001
55827540	55827964
168949691	168950115
2674870	2675294
47664977	47665401
16445108	16445532
77426006	77426430
145532986	145533410
173123593	173124017
175077381	175077805
160124107	160124531
75973402	75973826
174222842	174222948
48559462	48559886
86965121	86965545
35409251	35409675
90080018	90080442
140150608	140151032
139859465	139859889
159588758	159589182
138928705	138929129
178260912	178261336
93308598	93309022
26070810	26071234
182490650	182491074
75177425	75177849
83763733	83764157
7930809	7931233
87816894	87817318
170712860	170713284
96077308	96077732
53849718	53850142
74173953	74174377
164509082	164509506
154077447	154077871
146137671	146138095
1811830	1812254
47935817	47936241
6703272	6703386
84503351	84503775
109755920	109756344
41727208	41727632
55307009	55307433
1261850	1262003
98948948	98949372
79533542	79533966
171912082	171912506
85671410	85671834
27049919	27050343
44427634	44428058
53848724	53849148
112981360	112981784
5823317	5823741
101342507	101342931
99120345	99120769
140626194	140626618
926475	926899
7193925	7194349
183730876	183731300
68064469	68064893
6136294	6136718
78980628	78981052
103652283	103652707
9766620	9767044
103184191	103184615
89140131	89140555
16291489	16291913
165638056	165638480
70183575	70183999
88140684	88141108
121764994	121765418
4109315	4109446
181587340	181587764
164676083	164676507
159114283	159114707
6111975	6112399
133254092	133254516
4147379	4147803
41855961	41856385
113525683	113526107
82765836	82766260
135827538	135827962
38895247	38895671
171295933	171296357
56310992	56311416
25236337	25236761
36160808	36161232
178171227	178171651
95225528	95225952
22436498	22436922
23968331	23968755
42373427	42373851
110348642	110349066
38036872	38037296
27668554	27668978
27002457	27002881
17348999	17349423
145708540	145708964
154684577	154685001
13629342	13629766
82181564	82181988
145675944	145676368
39593063	39593181
54522481	54522905
65647432	65647856
90479302	90479726
190510339	190510763
149952528	149952952
1339676	1340100
172767380	172767804
138045400	138045824
83139509	83139933
91278266	91278690
86678095	86678519
137558519	137558943
72579315	72579739
119811253	119811677
174415490	174415914
6548523	6548947
15164367	15164791
77351909	77352333
48908724	48909148
173813458	173813882
158125685	158126109
78288002	78288426
23457077	23457501
129231457	129231881
41959649	41960073
94709857	94710281
101856215	101856639
173934575	173934999
150292132	150292556
4727801	4728225
187590550	187590974
134404753	134405177
177262100	177262524
186989153	186989577
47707554	47707978
120992335	120992759
189892264	189892688
86890143	86890567
40230589	40231013
20420494	20420918
77548196	77548620
153656479	153656903
187641080	187641504
120235474	120235898
127326521	127326945
75054927	75055351
48131314	48131738
40929621	40930045
41216730	41216892
76916894	76917318
12853910	12854334
94120696	94121120
19793044	19793468
125255185	125255609
119274010	119274434
159417149	159417573
20301129	20301553
11420168	11420592
1026223	1026647
93084515	93084939
66731201	66731625
56504249	56504673
157090064	157090488
80497552	80497976
78386408	78386832
70022624	70023048
5636416	5636840
156730932	156731356
25146477	25146901
74519300	74519724
186017166	186017590
85372697	85373121
53242255	53242679
63575367	63575791
138984133	138984557
6550243	6550667
153306724	153307148
89460575	89460999
110495518	110495942
166017939	166018363
89133130	89133554
101663167	101663591
11625289	11625713
8689868	8690292
885548	885972
132565778	132566202
187058586	187059010
131729644	131730068
86339229	86339653
128653841	128654265
3794500	3794924
77029540	77029964
103352474	103352898
155040465	155040889
127548410	127548834
39461364	39461788
69850649	69851073
37391582	37392006
7240004	7240428
142267321	142267745
170487478	170487902
122743886	122744310
165805226	165805650
114332478	114332902
151218998	151219422
181370517	181370941
154706920	154707344
147162389	147162813
47004610	47005034
52751525	52751949
113249038	113249462
87927584	87928008
141251466	141251890
136339486	136339910
54467653	54468077
16266454	16266878
61329818	61330242
48271904	48272328
137785723	137786147
38171180	38171604
4695835	4696259
122919197	122919621
115307757	115308181
190642500	190642924
76357894	76358318
178288479	178288903
40978238	40978662
102518349	102518773
2355915	2356339
125632553	125632977
95311972	95312396
84827055	84827479
45444533	45444957
123835424	123835848
37795165	37795589
83723068	83723492
186759900	186760324
176430432	176430856
186555234	186555658
121077243	121077667
8963067	8963491
160376757	160377181
124024021	124024445
24262886	24263310
71601596	71602020
111432132	111432556
98905691	98906115
75718920	75719344
29806859	29807283
123139924	123140348
96087020	96087444
167422966	167423390
90403406	90403830
134994399	134994823
4329305	4329729
189051490	189051914
92038002	92038426
126662992	126663416
123573506	123573930
169473191	169473615
57534402	57534826
79963227	79963651
1279957	1280381
137752685	137753109
8943046	8943201
88774088	88774512
8888693	8889117
77968177	77968601
141531137	141531561
140337204	140337628
70036362	70036498
136292254	136292678
185321620	185322044
44929344	44929768
96016499	96016923
87574390	87574814
163880230	163880654
104420269	104420693
15758110	15758534
159593338	159593762
108275457	108275881
122342740	122343164
8023526	8023950
156717154	156717578
153700606	153701030
112768847	112769271
175795073	175795497
10065336	10065760
187457451	187457875
155427418	155427842
107730245	107730669
82840356	82840780
1747884	1748308
139103972	139104396
9160061	9160485
183010436	183010860
185643988	185644412
85391356	85391780
77905288	77905712
73993497	73993921
79785574	79785998
113683861	113684285
164600319	164600743
17649566	17649990
56301221	56301645
90870894	90871318
110899054	110899478
89627621	89628045
78274931	78275355
173154036	173154460
151788219	151788643
16279797	16280221
148447442	148447866
71517815	71518239
7039088	7039512
8588310	8588734
79438194	79438618
127503906	127504330
124582277	124582701
190357316	190357740
165870623	165871047
99427849	99428273
108440156	108440580
99666506	99666930
95092754	95093178
238222	238646
9002167	9002591
55250734	55251158
135391653	135392077
109670256	109670680
122291847	122292271
120988326	120988750
46888737	46889161
166785377	166785801
143804584	143805008
78880715	78881139
144452532	144452956
76498812	76499236
155947187	155947611
18044349	18044773
39660382	39660806
121208004	121208428
26326778	26327202
83520492	83520916
41695616	41696040
143946431	143946855
41156737	41157161
77347418	77347842
13600841	13601265
147837618	147838042
143761664	143762088
115299450	115299874
157598343	157598767
15957240	15957664
120134030	120134454
90407149	90407573
169239379	169239803
4596975	4597399
140971455	140971879
15198680	15199104
48018239	48018663
159546042	159546466
4521017	4521441
155700512	155700936
108074339	108074763
3420113	3420537
144403926	144404350
4987510	4987934
24477814	24478238
162177875	162178299
104855329	104855753
1608259	1608683
38806294	38806718
165982027	165982451
34722191	34722615
30717649	30718073
114702571	114702995
119585787	119586211
42819478	42819902
37668380	37668804
24474594	24475018
3320251	3320675
101828571	101828995
62485239	62485663
112858504	112858928
140202339	140202763
6909441	6909865
73904548	73904972
115101635	115102059
138148052	138148476
120550004	120550428
39437506	39437930
113554522	113554946
175240304	175240728
13646722	13647146
176174621	176175045
14898822	14899246
25669726	25670150
23777314	23777738
47947908	47948332
3011013	3011437
35910231	35910655
101955161	101955585
74904018	74904442
15869676	15870100
40509986	40510410
2011537	2011961
155250364	155250788
114169510	114169934
13655867	13656291
129081167	129081591
16272512	16272936
80274297	80274721
82327134	82327558
159174492	159174916
55299812	55300236
160685486	160685910
170861638	170862062
109604577	109605001
94631258	94631682
109704789	109705213
13908745	13909169
144828974	144829398
22870843	22871267
115701348	115701772
24106771	24107195
17818691	17819115
147113184	147113608
174202200	174202624
75857874	75858298
112719962	112720386
110215169	110215593
90579041	90579465
135856455	135856879
54568404	54568828
174341403	174341827
157496571	157496995
178476106	178476530
153375525	153375949
77228209	77228633
2179436	2179860
114799853	114800277
153020665	153021089
115305782	115306206
184523819	184524243
23616131	23616555
103341654	103342078
119805018	119805442
153381595	153382019
24242283	24242707
26129693	26130117
103544808	103545232
6475829	6476253
36236896	36237320
128886475	128886899
70189011	70189435
100806206	100806630
154052796	154053220
26861846	26862270
74300005	74300429
165689640	165690064
113135811	113136235
103636161	103636585
56753770	56754194
46273040	46273464
119345197	119345621
28075437	28075861
177298817	177299241
140690034	140690458
153502630	153503054
169552631	169553055
187218129	187218553
112396173	112396597
167941519	167941943
56275566	56275990
9661314	9661738
119693208	119693632
147432067	147432491
70482755	70483179
140619562	140619986
127504665	127505089
104125258	104125682
67422505	67422929
77432196	77432620
78620789	78621213
16510574	16510998
120134796	120135220
65895578	65896002
72392697	72393121
114605874	114606298
2789393	2789817
148018121	148018545
42521827	42522251
185905167	185905591
177113053	177113477
5712258	5712682
109102864	109103288
27177970	27178394
5806312	5806736
2088874	2089298
156874236	156874660
11635915	11636339
83476435	83476859
99707967	99708391
73192342	73192766
100298476	100298900
164476022	164476446
71135391	71135815
253015	253439
8017224	8017648
170208045	170208469
139476727	139477151
11425596	11426020
120207517	120207941
163760943	163761367
9766819	9767243
183399487	183399911
56261419	56261843
38895988	38896412
133478793	133479217
167013064	167013488
150611852	150612276
119955700	119956124
162341033	162341457
106418037	106418461
100446734	100447158
6383954	6384378
18368649	18369073
133513437	133513861
125243396	125243820
160868138	160868562
85450311	85450735
6874986	6875410
126683688	126684112
123749095	123749519
26789688	26790112
90519688	90520112
55842842	55843266
44762091	44762515
105273338	105273762
147926658	147927082
74964519	74964943
26412312	26412736
155728176	155728600
114682870	114683294
39136879	39137303
21471055	21471479
159499621	159500045
24810967	24811391
16584120	16584544
5309642	5310066
160113175	160113599
83309603	83310027
13656184	13656474
38834498	38834922
175685211	175685635
83976082	83976506
18697329	18697753
47385863	47386287
41179081	41179505
93192047	93192471
17174880	17175304
40552862	40553286
146813091	146813515
120707115	120707539
7852202	7852626
57493108	57493532
141230204	141230628
157030966	157031390
87843709	87844133
69770387	69770811
113687571	113687995
83819548	83819972
148468931	148469355
178302072	178302496
140528050	140528474
140538856	140539280
76480530	76480954
65450657	65451081
5379738	5380162
100482264	100482688
35936023	35936447
177490427	177490851
48932747	48933171
190825778	190826202
184078366	184078790
69137442	69137866
74920311	74920735
24317072	24317496
148758542	148758966
17113833	17114257
21880829	21881253
140574671	140575095
46939522	46939946
170644348	170644772
84376603	84377027
160237060	160237484
103531133	103531557
117279715	117280139
4482277	4482701
177581701	177582125
170074027	170074451
113486058	113486482
154497288	154497712
103932463	103932887
39256726	39257150
81136604	81137028
163420603	163421027
118955323	118955747
81243890	81244314
123748332	123748756
11499079	11499503
177557045	177557469
107443986	107444410
142142439	142142863
143203998	143204422
116011647	116012071
148600308	148600732
148299888	148300312
78499357	78499781
113153220	113153644
158435880	158436304
165918482	165918906
140006305	140006729
122798504	122798928
73161639	73162063
118369100	118369524
26237081	26237505
188850186	188850610
123681068	123681492
187091024	187091448
66808763	66809187
143641273	143641697
69890929	69891353
131257763	131258187
113863255	113863679
72419317	72419741
155271011	155271435
6697677	6698101
45743932	45744356
88387054	88387478
24351724	24352148
98908157	98908581
111542004	111542428
163566485	163566909
40845747	40846171
103462865	103463289
174281782	174282206
132351448	132351872
41886414	41886838
174153066	174153490
87404080	87404504
77942366	77942790
174238116	174238540
7877815	7878239
68776015	68776439
138914464	138914888
169104832	169105256
183838944	183839368
140485670	140486094
153269793	153270217
150471065	150471489
145496346	145496770
177071408	177071832
124916122	124916546
137250398	137250822
71397655	71398079
53100606	53101030
57291053	57291477
181830433	181830857
55094200	55094624
8194387	8194811
5411754	5412178
62366624	62367048
61671383	61671807
108981276	108981700
57441945	57442369
126353143	126353567
135616586	135617010
130447910	130448334
164676283	164676707
12846649	12847073
154564580	154565004
159176840	159177264
23858934	23859358
83663338	83663762
8322108	8322532
125502560	125502984
23883387	23883811
10895001	10895425
153357520	153357944
175286123	175286547
122871265	122871689
48087166	48087590
126672248	126672672
54372079	54372503
129703490	129703914
78339489	78339913
171510732	171511156
87799674	87800098
20249933	20250357
9533636	9534060
67968700	67969124
1271730	1272154
183187026	183187450
23000973	23001397
42403310	42403734
41218433	41218857
7464150	7464574
40632083	40632507
24986764	24987188
13250514	13250938
91340209	91340633
17470154	17470578
10405346	10405770
47838637	47839061
127027773	127028197
6691752	6692176
100326852	100327276
26057470	26057894
117101181	117101605
177954338	177954762
128990259	128990683
41816566	41816990
114276619	114277043
124319197	124319621
62607541	62607965
77816739	77817163
1769567	1769991
39001159	39001583
135683200	135683624
6593577	6594001
129964667	129965091
20307561	20307985
56978558	56978982
73887357	73887781
77654596	77655020
15879472	15879896
17764287	17764711
6575636	6576060
75756115	75756539
184544423	184544847
110852510	110852934
65899630	65900054
106587833	106588257
94818678	94819102
167090221	167090645
6682341	6682765
99368813	99369237
87955033	87955457
7153507	7153931
41899762	41900186
152984936	152985360
139902931	139903355
22391050	22391474
76215015	76215439
165859051	165859475
36415863	36416287
113110858	113111282
3749162	3749586
141281159	141281583
65137234	65137658
165856535	165856959
144632899	144633323
77602077	77602501
142054535	142054959
807664	808088
166621992	166622416
146018838	146019262
38182065	38182489
3516496	3516920
190724107	190724531
75242561	75242985
159777997	159778421
890007	890431
68854103	68854527
3882507	3882931
174673923	174674347
134505856	134506280
76633523	76633947
181753249	181753673
122435489	122435913
89735388	89735812
1914915	1915339
189702801	189703225
7191479	7191903
99749963	99750387
176875035	176875459
90359308	90359732
94079104	94079528
56311192	56311616
25368632	25369056
187053993	187054417
144508810	144509234
323867	324291
185064777	185065201
115615908	115616332
23335908	23336332
100919074	100919498
189379506	189379930
155250565	155250989
9697564	9697988
113187923	113188347
30271463	30271887
187287498	187287922
26163037	26163461
176481736	176482160
17281885	17282309
8746066	8746490
119719817	119720241
103421440	103421864
109559006	109559430
158726123	158726547
83773397	83773821
77179135	77179559
173751503	173751927
65578931	65579355
23662405	23662829
177297121	177297545
143838770	143839194
81257786	81258210
60859833	60860257
68758612	68759036
96431253	96431677
22692351	22692775
116794196	116794620
8344432	8344856
17126369	17126793
94258268	94258692
185928626	185929050
6690481	6690905
140613427	140613851
148515263	148515687
157891924	157892348
176031100	176031524
77932778	77933202
149919834	149920258
25940918	25941342
40738891	40739315
54480723	54481147
155466841	155467265
145011913	145012337
35463897	35464321
181478524	181478948
113872543	113872967
169435315	169435739
72575676	72576100
174113508	174113932
25174410	25174834
118055477	118055901
183228265	183228689
123145475	123145899
3195505	3195929
96756814	96757238
124311972	124312396
34955015	34955439
95652915	95653339
95047790	95048214
6887897	6888321
47841369	47841793
108661418	108661842
145493809	145494233
145239938	145240362
83301306	83301730
189167657	189168081
107122522	107122946
77200583	77201007
142031138	142031562
63413701	63414125
154463979	154464403
7960837	7961261
8240183	8240607
14839462	14839886
77966611	77967035
154267667	154268091
28226591	28227015
67556814	67557238
54179632	54180056
31540504	31540928
9104803	9105227
19852535	19852959
99034132	99034556
2528248	2528672
24397558	24397982
187686186	187686610
15849802	15850226
141174537	141174961
55099414	55099838
129141410	129141834
111436044	111436468
108015448	108015872
182503720	182504144
38167637	38168061
118621653	118622077
77507049	77507473
142782119	142782543
37604786	37605210
124271300	124271724
6912495	6912919
83934123	83934547
74908453	74908877
152329615	152330039
41965159	41965583
68612358	68612782
13076532	13076956
142623626	142624050
186148447	186148871
129262709	129263133
151897931	151898355
85080942	85081366
80684645	80685069
87516023	87516447
74789015	74789439
147164480	147164904
174092306	174092730
24795177	24795601
16766245	16766669
95254081	95254505
6046528	6046952
14794279	14794703
183176549	183176973
16507317	16507741
176812971	176813395
122617390	122617814
21508984	21509408
37189663	37190087
71805830	71806254
153878888	153879312
35726770	35727194
10188285	10188709
123221918	123222342
26321175	26321599
151066204	151066628
141664419	141664843
74459336	74459760
33388364	33388788
36245810	36246234
2283252	2283676
122618199	122618623
13861673	13862097
93220303	93220727
169930755	169931179
119875386	119875810
9929246	9929670
129474434	129474858
58030284	58030708
95177975	95178399
95517064	95517488
39809845	39810269
190005774	190006198
86747285	86747709
121791460	121791884
32147586	32148010
72806673	72807097
120221910	120222334
93012519	93012943
110899847	110900271
143592660	143593084
113030848	113031272
190653115	190653539
102007964	102008388
6078083	6078507
39053068	39053492
41992581	41993005
7187796	7188220
12680862	12681286
121971435	121971859
166045562	166045986
26030292	26030716
97273411	97273835
84882717	84883141
109434266	109434690
115030072	115030496
75172304	75172728
137990602	137991026
104350420	104350844
11703629	11704053
105614745	105615169
152225769	152226193
189324428	189324852
189312500	189312924
17810306	17810730
73816832	73817256
122386022	122386446
38995341	38995765
175131521	175131945
185035578	185036002
100645248	100645672
176458016	176458440
88824301	88824725
120411487	120411911
56251336	56251760
3445397	3445821
162623399	162623823
70555197	70555621
11490786	11491210
166299998	166300422
68580678	68581102
85892483	85892907
155480705	155481129
152451946	152452370
39031976	39032400
154452095	154452519
140478238	140478662
41046182	41046606
15677130	15677554
143663248	143663672
148440160	148440584
158913210	158913634
78649573	78649997
7330551	7330975
54519883	54520307
65955269	65955693
23719384	23719808
7652392	7652816
8408561	8408985
48272111	48272535
55051499	55051923
124486072	124486496
89495155	89495579
154080203	154080627
1901131	1901555
169786044	169786468
83773743	83774167
