912931	913370
151451119	151451548
150869600	150870077
48149720	48150145
134966201	134966635
22822227	22822635
44516939	44517340
155391433	155391804
142912162	142912555
100702595	100702989
86941572	86941944
131198304	131198668
128731558	128731959
150820981	150821388
150145766	150146136
26707139	26707533
73815607	73815997
128038591	128038961
75807367	75807780
129007434	129007776
30780053	30780470
25605515	25605875
75943547	75943963
6362620	6362995
127849807	127850177
128065819	128066231
5744118	5744479
131373847	131374256
6641844	6642288
104524094	104524460
99730269	99730597
43300885	43301285
4671267	4671656
93918292	93918657
33972497	33972839
51228747	51229112
131543923	131544299
147959819	147960203
75495764	75496124
116853028	116853397
120627667	120628025
138423488	138423853
23312694	23313035
151065189	151065560
6475261	6475643
28117909	28118265
21806945	21807305
100066853	100067208
157179865	157180252
1215780	1216176
105817108	105817488
18705766	18706125
38409472	38409837
23301431	23301825
100157425	100157774
75649455	75649828
141233146	141233499
102937606	102937975
100161520	100161901
47858955	47859304
29628767	29629165
38255330	38255679
137311216	137311603
137687059	137687403
143824829	143825191
48008475	48008785
23736587	23736951
105683253	105683626
50485736	50486146
44605124	44605478
41980357	41980697
149439222	149439640
140217707	140218041
2904637	2905001
32886226	32886625
23586552	23586976
139702113	139702468
73831692	73832055
154535941	154536319
36710459	36710790
30266446	30266787
142148228	142148598
5526517	5526896
98375010	98375379
73269893	73270238
25138056	25138390
98050308	98050692
112509232	112509619
75920936	75921273
45962816	45963167
40174322	40174699
133826051	133826376
45299634	45300028
34360536	34360900
38375213	38375612
75892278	75892617
36331086	36331459
147939388	147939738
102031187	102031578
92053890	92054234
33934888	33935285
151456648	151456998
24859846	24860200
5534248	5534606
43148036	43148367
27183290	27183713
142705012	142705377
51434790	51435147
45957185	45957548
137583895	137584235
98362400	98362739
148762946	148763267
95156751	95157104
34173811	34174163
47305852	47306190
150941386	150941744
148659819	148660145
29961069	29961398
23610223	23610584
31528245	31528580
157132833	157133152
19748612	19748943
101245675	101246021
36024787	36025123
7464036	7464361
44574196	44574534
103871852	103872214
142246152	142246494
129275419	129275734
143002597	143002934
32519215	32519583
150475821	150476165
26101310	26101670
47140447	47140808
105292780	105293150
73149057	73149396
93072088	93072411
39493366	39493692
142996929	142997297
37241209	37241538
148224747	148225067
120432072	120432430
37221613	37221970
72866147	72866482
82201563	82201892
129882388	129882735
100322895	100323230
22599505	22599841
130560057	130560387
73981052	73981417
100926273	100926609
105697398	105697730
101151079	101151456
41982618	41983070
116570481	116570871
92076487	92076830
98439388	98439738
71200957	71201307
148272687	148273034
43622226	43622567
25299264	25299643
25132942	25133318
134232108	134232518
150595542	150595909
129712004	129712318
30978387	30978736
100720866	100721185
5405654	5405982
50700600	50700983
73140101	73140445
34127754	34128092
134434876	134435219
22528522	22528858
131231413	131231798
53417970	53418296
35664167	35664564
73864224	73864645
20212402	20212728
38972185	38972497
130581658	130582056
105681591	105681951
28059965	28060306
103087611	103087929
143187828	143188157
87872632	87873007
100813085	100813423
52086166	52086485
55661446	55661801
29649372	29649734
142115613	142115954
131339480	131339822
127987638	127987971
1032712	1033128
5125015	5125408
35559880	35560203
99588504	99588839
97650844	97651175
27219363	27219713
127848523	127848880
139330662	139330993
33876469	33876803
128027764	128028093
142491143	142491489
37871897	37872207
2710510	2710891
131192619	131192974
38438352	38438661
30588395	30588733
79648507	79648858
113061797	113062134
42980884	42981211
35464520	35464849
5598542	5598840
43479406	43479762
55317909	55318259
95545905	95546218
66843185	66843536
105229933	105230253
134291111	134291434
31162240	31162568
94876192	94876502
101915538	101915903
92090892	92091220
132003523	132003837
129650697	129651027
35946101	35946408
111392262	111392608
104563334	104563659
54841826	54842171
142273745	142274066
141676046	141676388
98062613	98062934
107103616	107103910
98910583	98910915
51230385	51230757
31776042	31776353
34863309	34863614
100781537	100781931
25133878	25134194
23978594	23978887
42784991	42785301
5705051	5705387
96657002	96657337
151843113	151843451
113350395	113350710
23125651	23125964
158575480	158575780
105794324	105794658
73441120	73441513
100449673	100450041
73226023	73226385
73482175	73482530
37324344	37324652
148663864	148664234
134105324	134105635
134117250	134117748
45175797	45176097
56142023	56142371
107786699	107787010
25891259	25891571
66836790	66837116
94829147	94829453
87193602	87193921
137588405	137588697
39504594	39504909
137846282	137846590
73620890	73621365
157043351	157043644
97870713	97871037
44280561	44280908
37006948	37007273
141437793	141438170
37026747	37027087
62476032	62476379
54907344	54907661
128858406	128858728
101054536	101054876
44111908	44112248
140353259	140353541
134197977	134198302
139305648	139305931
134959263	134959562
104488847	104489206
105172375	105172713
38385239	38385534
44961747	44962065
137277044	137277363
45013370	45013674
42016732	42017026
100302839	100303235
16965938	16966224
95174334	95174624
8763777	8764086
111495345	111495616
133701472	133701798
42019367	42019681
101182084	101182473
35749123	35749420
97735874	97736218
3105309	3105661
95141036	95141341
2749370	2749682
150788513	150788786
30315759	30316069
100048094	100048434
2926663	2926968
28101793	28102090
142153153	142153459
31023198	31023531
23584580	23584870
95704757	95705086
65187252	65187582
12428757	12429058
124425272	124425597
150808208	150808501
142172166	142172470
123341598	123341905
83565436	83565712
142937719	142938026
130725230	130725539
98434469	98434775
93717132	93717418
2404490	2404795
128523637	128523996
73280482	73280801
826034	826345
143077222	143077557
86099053	86099345
138701827	138702137
101186105	101186425
50244968	50245263
100397090	100397419
24851952	24852286
142578690	142579017
139475608	139475968
42225788	42226100
141485767	141486093
156266222	156266524
37771853	37772165
100835772	100836094
56072533	56072852
54856285	54856598
17022270	17022580
42054240	42054547
38407771	38408133
138759834	138760141
86866198	86866518
150118167	150118492
129702812	129703114
4650486	4650797
6555987	6556304
44896561	44896870
112538762	112539081
35577053	35577381
151323533	151323842
66949232	66949536
112190530	112190843
128099429	128099715
28961420	28961735
38147074	38147353
98963202	98963497
26409128	26409448
41042676	41042982
29279301	29279601
137693608	137693894
47219860	47220187
30603958	30604239
4869739	4870043
81099398	81099700
142110713	142110982
31412985	31413289
27784748	27785026
1472111	1472471
67090190	67090530
64772707	64773009
151442485	151442791
123512366	123512653
128520161	128520437
94065364	94065665
37238491	37238800
102045073	102045375
123007606	123007902
1619139	1619471
142219043	142219333
23317034	23317339
112135981	112136270
123220929	123221217
23095263	23095558
85379712	85380046
22900417	22900697
151012174	151012458
117633492	117633799
121733023	121733333
154744749	154745040
140143842	140144136
97795525	97795831
107383849	107384168
76145243	76145542
110082423	110082702
135485864	135486144
42730701	42730977
148936492	148936776
101007252	101007562
48194443	48194720
98429305	98429582
31014465	31014756
123264658	123264939
20687856	20688141
39785808	39786135
2800246	2800546
100887542	100887828
107754584	107754898
27200610	27200927
118910051	118910371
36015535	36015804
129247598	129247912
135243275	135243541
97924121	97924451
73959561	73959850
27190346	27190753
97797966	97798261
51135422	51135731
157066315	157066616
155205359	155205675
5717664	5717971
128021210	128021539
149450796	149451101
1233507	1233815
96808811	96809111
120446012	120446269
28966665	28966940
45194227	45194528
99591796	99592101
130754021	130754294
47128443	47128730
6388593	6388893
36406716	36407026
155172831	155173150
135357606	135357889
7693252	7693538
154705439	154705749
75574715	75575005
96733986	96734268
132265514	132265840
6066123	6066402
37956700	37957019
98638011	98638319
51498216	51498486
5821204	5821638
54909470	54909768
73393492	73393807
127432839	127433127
75272266	75272540
44170688	44170966
25109650	25109955
142340050	142340359
140711960	140712228
93532168	93532438
12107119	12107415
28136306	28136570
29146050	29146321
31017540	31017824
2508594	2508918
14497493	14497784
28133324	28133587
131734520	131734803
111381822	111382100
55323254	55323575
43994183	43994494
36358677	36358962
142135141	142135417
133538591	133538868
4699204	4699485
155655293	155655595
50535721	50536042
22766024	22766326
106377029	106377309
91762923	91763297
150053484	150053805
123916142	123916410
157225652	157226000
122794365	122794624
17809522	17809771
1452471	1452771
157092450	157092749
139874978	139875267
32101831	32102100
106300461	106300828
55482912	55483204
103047369	103047661
155561044	155561354
140510924	140511223
72385637	72385921
22149921	22150203
11251760	11252047
129016417	129016668
148906695	148906994
137341042	137341330
2387674	2387972
105807217	105807514
31483036	31483328
31783947	31784223
25860116	25860397
23902876	23903150
25932459	25932749
101083687	101084002
42916097	42916391
111375792	111376068
76961231	76961503
39620051	39620306
24329918	24330200
55708927	55709207
47484335	47484621
4793540	4793894
51293065	51293328
2286797	2287113
31174096	31174406
117835985	117836281
86555959	86556267
148553440	148553721
5867434	5867748
114505679	114505951
70294155	70294471
142193378	142193674
139024866	139025168
34470021	34470282
158146718	158147038
1543982	1544297
89975752	89976043
66022565	66022865
30840357	30840642
30452743	30453009
36168031	36168389
106842339	106842615
115763103	115763355
41744758	41745064
814186	814513
117355897	117356181
99510764	99511060
142571024	142571311
81345383	81345646
39935995	39936273
83576634	83576886
12558807	12559141
126747626	126747889
28336583	28336860
107519880	107520131
55347661	55347955
100423628	100423911
36513033	36513301
73115816	73116128
71959128	71959393
23469969	23470251
75391836	75392129
128938167	128938429
22143347	22143657
29448442	29448717
92219642	92219926
134409445	134409717
49892300	49892556
73819612	73819912
149007359	149007615
87987619	87987864
45911761	45912056
106787947	106788213
157190661	157190944
139778870	139779168
126248426	126248704
34799200	34799434
18385356	18385620
73021296	73021668
128503597	128503842
158769803	158770083
28962291	28962545
118816115	118816375
106182981	106183254
5013314	5013770
48339242	48339505
148823356	148823626
129469897	129470180
17746407	17746690
100787330	100787617
131438416	131438680
30549797	30550062
28666302	28666604
152556861	152557133
149504282	149504553
51496005	51496230
25894226	25894506
130666953	130667228
27235854	27236143
47475475	47475734
2491058	2491354
140346915	140347189
12283828	12284103
73808985	73809270
131376831	131377115
82358836	82359063
5279876	5280153
35077496	35077814
154801352	154801615
88176115	88176361
134012707	134012951
118838036	118838307
141349759	141350025
127087418	127087717
149359698	149359980
151047410	151047705
12714547	12714831
25608584	25608845
129252623	129252879
22491866	22492148
136090986	136091297
151402768	151403024
101922767	101923077
100933672	100934063
52985746	52986007
141354355	141354581
135306062	135306320
144733778	144734042
99214070	99214319
112054999	112055265
112051321	112051571
50764468	50764684
83285334	83285603
36060976	36061230
3937136	3937385
1126530	1126860
14731321	14731568
98871827	98872085
38700164	38700456
8230066	8230309
99056756	99057041
107749762	107750021
102706169	102706405
128911679	128911917
96694333	96694612
76876584	76876858
45961773	45962065
2720568	2720843
17680422	17680671
90258692	90258981
144088961	144089201
92462333	92462623
130380734	130381020
89252433	89252685
34130992	34131203
10929008	10929230
112799859	112800153
31822070	31822341
151008647	151008894
35841536	35841822
3522113	3522361
152038536	152038780
128544700	128545015
153078685	153078956
28338575	28338804
45893933	45894213
55500944	55501192
100005260	100005523
150715242	150715533
142551684	142551922
127269342	127269623
95106360	95106598
32386950	32387190
100738147	100738417
121635100	121635376
157021631	157021901
44236019	44236300
134199368	134199616
75698497	75698792
134530331	134530541
139184774	139185036
99123372	99123624
128850380	128850650
138550698	138550944
104503227	104503461
12726288	12726605
149983277	149983491
64942319	64942562
140026142	140026384
33756279	33756491
86534607	86534828
94024810	94025076
93003760	93003981
46392014	46392257
95319737	95319938
128803812	128804067
97989979	97990244
1513715	1513980
34715427	34715701
106420469	106420727
155137690	155137937
99679406	99679682
47984874	47985096
38262169	38262401
1222633	1223007
105297438	105297690
107515158	107515380
105819230	105819469
18650037	18650273
105405631	105405898
2758588	2758854
135020464	135020738
101331665	101331926
150685618	150685905
100080821	100081127
150683177	150683424
127348840	127349067
44887288	44887551
101879988	101880310
142700619	142700811
33498894	33499148
96044273	96044536
37549763	37549967
6036880	6037154
84670998	84671244
134922992	134923236
82369622	82369847
37274510	37274759
21547339	21547558
24615858	24616093
33374083	33374323
134317786	134318006
115820332	115820565
129464773	129465017
151479954	151480247
55338836	55339094
134043048	134043307
148787789	148788085
1595988	1596269
97642856	97643087
3194587	3194844
150660090	150660367
73598143	73598340
26130587	26130821
73808075	73808226
27729232	27729455
149580564	149580837
90042278	90042509
78139964	78140186
100231517	100231815
101448380	101448602
80057814	80058049
39781899	39782151
70321999	70322225
4519117	4519364
37893182	37893428
38473605	38473834
105649975	105650241
1798287	1798549
42871383	42871592
142146000	142146206
32244048	32244332
134143940	134144217
135800058	135800340
876118	876352
93694343	93694499
115778331	115778555
24421625	24421883
34967619	34967857
5603221	5603510
104284122	104284356
134143098	134143463
97464941	97465162
86444387	86444612
45702896	45703169
21301467	21301677
22626446	22626686
148892481	148892729
130125880	130126120
108100498	108100717
71198347	71198572
20638250	20638449
5896104	5896354
101514149	101514376
16138309	16138520
142334004	142334284
77388676	77388940
102107606	102107835
140043011	140043248
151000576	151000871
16735325	16735546
24627564	24627796
148702891	148703172
26438976	26439206
95424321	95424538
22041108	22041323
133939145	133939342
155149469	155149710
151048202	151048444
39559547	39559788
99728637	99728896
90663879	90664111
64676813	64677091
73466056	73466280
35956614	35956882
142606753	142606980
91265520	91265720
33847454	33847713
154982342	154982606
142508922	142509129
65479035	65479265
140344993	140345252
45118009	45118302
135099684	135099888
29142271	29142493
80310682	80310891
108137655	108137886
139703823	139704039
8335788	8335999
42137310	42137542
151773389	151773581
12331606	12331835
137782161	137782406
91509965	91510218
149296112	149296269
126496817	126497009
100965393	100965648
140714746	140714973
152033931	152034112
101500227	101500637
73617562	73617839
1105429	1105666
2471224	2471470
92250370	92250583
6023613	6023847
38393932	38394183
91557347	91557532
45151615	45151840
48376695	48376901
50437163	50437391
11383559	11383764
127144912	127145091
23694208	23694411
36527424	36527638
90084812	90085034
77649940	77650156
34022036	34022266
22768135	22768377
24921334	24921566
144134792	144135004
38836604	38836816
134379118	134379339
87986698	87986924
140192926	140193176
47832178	47832419
102053017	102053260
95500509	95500695
42312952	42313169
5179676	5179928
142420240	142420441
89927570	89927793
120195129	120195344
86568610	86568801
107657285	107657501
142564139	142564346
144435871	144436089
22589904	22590138
24827746	24827982
28893872	28894131
132915459	132915578
33225401	33225617
77280946	77281171
145787205	145787445
24705377	24705576
123505688	123505900
126443237	126443411
98030538	98030799
6598535	6598786
116442985	116443180
132341683	132341922
29229388	29229620
66459734	66459983
138571295	138571507
66302096	66302297
99942200	99942415
82440059	82440256
41736127	41736309
116759588	116759788
146942444	146942659
2517298	2517526
35470253	35470471
40092165	40092376
115890126	115890307
30101486	30101738
12498235	12498438
28429076	28429297
93180468	93180672
44058712	44058965
8405267	8405398
100227026	100227244
93251384	93251642
113338774	113338952
12663628	12663840
85183679	85183877
75988626	75988878
139303676	139303899
130406844	130407045
142001857	142002065
1216736	1216970
100958625	100958829
95470318	95470528
37248164	37248354
38358508	38358678
16110968	16111158
90718771	90718942
95352984	95353196
123275662	123275889
19161700	19161905
73027275	73027499
15344743	15344917
307109	307324
154799723	154799949
25760097	25760205
44254014	44254191
30204184	30204417
116166267	116166485
100769914	100770103
143434236	143434425
67642062	67642234
16931008	16931246
99577394	99577675
35633613	35633845
75760013	75760225
157668242	157668454
55322565	55322838
156352864	156353045
139119404	139119602
29153510	29153740
132202926	132203155
16117800	16117940
48028462	48028656
27762740	27762949
26721501	26721702
65086616	65086820
100186155	100186361
152520455	152520879
86777803	86777965
47235323	47235503
7702239	7702499
23053867	23054101
372635	372868
142038517	142038732
41355418	41355632
122710840	122711013
120748067	120748261
22772441	22772665
99013229	99013453
111370704	111370844
47932835	47933057
20784564	20784748
29986530	29986697
128482147	128482388
43982676	43982825
18392076	18392211
128983025	128983221
92617480	92617665
26318471	26318647
2249188	2249387
99814898	99815118
27250062	27250269
140375141	140375315
105400739	105400950
136854007	136854192
130516699	130516939
99527197	99527407
138411177	138411299
45903402	45903617
37535310	37535510
134386153	134386311
133029140	133029333
19794238	19794358
115550599	115551023
38145600	38145799
38787680	38787869
78927547	78927741
127660343	127660542
56160716	56160951
73689705	73689932
40272233	40272409
45004204	45004386
5436171	5436396
37392590	37392764
25022651	25022858
55212120	55212275
23224667	23224850
128067422	128067646
47294183	47294377
44347003	44347222
81877233	81877437
113414330	113414532
97128613	97128830
106587762	106587951
11467397	11467588
158820277	158820390
29385350	29385542
41751368	41751601
52235894	52236002
127228974	127229156
156686175	156686404
34536845	34537024
5527534	5527768
129724037	129724206
115347416	115347604
112120401	112120825
40720345	40720543
40369250	40369376
81076652	81077076
86227739	86227912
18159616	18160040
51437558	51437750
28312063	28312257
120721551	120721669
37873231	37873441
3713281	3713453
110738807	110738985
26540492	26540694
38403068	38403325
1633233	1633352
116311840	116312095
127218418	127218588
22700432	22700640
31232569	31232764
127238478	127238690
95317188	95317360
29284023	29284231
108446331	108446514
77533042	77533206
50869595	50870019
155608039	155608239
37733949	37734102
103913342	103913495
15055806	15055989
119912215	119912639
41639528	41639693
3129202	3129448
39397356	39397558
158187744	158187957
126894066	126894258
32982777	32982968
18395877	18396024
98477247	98477671
104621758	104621961
26404861	26404995
2760628	2760801
50132183	50132361
24755421	24755845
131630220	131630432
158148309	158148488
24762550	24762974
27824164	27824315
29675365	29675554
5214215	5214437
72300626	72300839
2961517	2961725
6199832	6200076
16707669	16707859
147962111	147962357
97921094	97921301
147781219	147781421
127675878	127676025
73579391	73579583
116449883	116450010
126540181	126540335
93906252	93906396
23140313	23140737
158526611	158526765
15047241	15047408
29894216	29894334
99229375	99229496
20369332	20369558
121006978	121007139
128114336	128114577
105042107	105042319
72738143	72738367
44284021	44284131
105070290	105070460
110729973	110730160
98634528	98634703
142658124	142658316
107738248	107738464
27960946	27961074
116625004	116625146
50269524	50269948
1223165	1223455
143018940	143019132
111126727	111126909
134440283	134440448
115898846	115899008
25878826	25878983
94536803	94536949
36167078	36167217
32840176	32840395
152530558	152530747
90338062	90338486
82110931	82111071
36086975	36087157
87427228	87427388
154581273	154581384
142636773	142636950
38110333	38110501
75386442	75386660
138803105	138803529
107365573	107365997
6897456	6897658
139190399	139190604
18733127	18733286
114062655	114062801
95313507	95313664
19481931	19482100
38414006	38414430
123792896	123793320
148959120	148959342
75947957	75948381
88030462	88030625
143760756	143761180
78216866	78217019
82234696	82234823
155589647	155589846
132394828	132394950
75081791	75082215
70163194	70163618
7581037	7581461
92722165	92722329
29917839	29917961
51422726	51422883
89783623	89783761
111403321	111403547
158364977	158365158
72756649	72756830
106433549	106433746
134628518	134628942
114179781	114179906
33283033	33283162
3240279	3240423
18104029	18104135
154719237	154719661
158200619	158201043
32204364	32204486
134917571	134917756
158488855	158489028
98470057	98470272
139005815	139005991
155949641	155949809
139705764	139705880
128045049	128045203
41085216	41085384
80549428	80549852
19091533	19091731
41982618	41983072
362145	362277
100289403	100289582
5569274	5569497
31673627	31673809
3439539	3439963
87046124	87046264
154490517	154490631
73043665	73043877
121187669	121187840
155008516	155008940
20480335	20480759
150709992	150710175
106688907	106689331
26900073	26900233
51209233	51209339
75601799	75601984
105575103	105575254
134671414	134671548
131225660	131225815
129917850	129918274
44837037	44837219
128116748	128116947
149157645	149157859
142186696	142186851
149973339	149973477
65987673	65987850
50663170	50663594
148639117	148639233
103164881	103165026
121392725	121393149
15760640	15760788
155517281	155517455
21293821	21293965
130987963	130988162
91459426	91459615
111403606	111403791
65580474	65580580
132824145	132824569
158439854	158440278
79435628	79436052
100230609	100230795
116797815	116797945
8075489	8075913
77855344	77855768
6629454	6629662
152404140	152404318
44627684	44628108
92157903	92158103
26324799	26324959
151007724	151007904
114303735	114303841
29348919	29349343
103393566	103393694
20237450	20237874
47798769	47798947
141997790	141998214
142953511	142953711
101345664	101346088
151727288	151727396
73474497	73474921
151157289	151157408
135329999	135330423
104781504	104781928
8458390	8458528
144552066	144552176
30199383	30199807
135196987	135197152
24934401	24934825
22539844	22539996
77570073	77570207
130644579	130645003
133119010	133119434
116426785	116427209
138134430	138134609
7143104	7143276
150725777	150725982
124496355	124496779
143069254	143069392
11597272	11597696
2648669	2648853
50159367	50159791
73386140	73386564
131108989	131109413
40873518	40873634
133427599	133427741
78806351	78806457
134855588	134855760
64079459	64079883
141454830	141455029
143113777	143113925
33925834	33926023
18360706	18360860
4837860	4838072
115388179	115388603
1807312	1807454
20691708	20691875
152091322	152091746
140175553	140175977
147839737	147840161
120365598	120365741
92857658	92857830
64411572	64411996
129112284	129112461
16604612	16604792
97896282	97896462
142000458	142000882
120977468	120977892
139286962	139287142
100494843	100494957
34636490	34636914
154792490	154792914
7721052	7721476
127962109	127962533
119977299	119977723
149321828	149322024
135388835	135389259
33090482	33090604
50107641	50108065
44415090	44415213
302727	303007
128248990	128249414
7221902	7222114
142023530	142023725
116767744	116767892
33147411	33147561
154624256	154624680
36168031	36168389
113721919	113722343
81673946	81674105
103892830	103893254
100386853	100386969
37960163	37960269
124077	124501
100492346	100492770
46972731	46973155
1479214	1479638
29803834	29804258
16840696	16841120
106790877	106791301
77287038	77287462
20578808	20579232
79370998	79371422
108093147	108093571
106808073	106808497
140623868	140624292
92684921	92685345
8257252	8257366
152890085	152890509
100398990	100399126
6595851	6596275
64090921	64091067
44059877	44060081
19753267	19753691
857867	858291
46192283	46192707
150114913	150115337
76142239	76142663
90917548	90917972
43494703	43494900
107283877	107284301
129304222	129304646
73778369	73778793
2559840	2560264
144210397	144210821
149496886	149497310
29336827	29337251
130692183	130692607
100878430	100878562
43850117	43850541
76266443	76266867
43739520	43739944
76067259	76067463
88464409	88464833
25256374	25256798
136372444	136372868
25019083	25019212
7804392	7804816
51419831	51420255
158235085	158235192
103797208	103797632
150756990	150757134
1598057	1598481
2683051	2683244
157198654	157199078
40644410	40644834
11380940	11381364
148704752	148704912
66290648	66290841
39193219	39193643
109730289	109730438
42679516	42679940
42425494	42425918
135395737	135395925
125311010	125311434
49041104	49041528
6146172	6146300
81129070	81129188
143598635	143599059
141452540	141452685
79728128	79728552
108233258	108233391
82356307	82356484
1222934	1223053
155191794	155191915
51367435	51367859
34205681	34205815
151560623	151560729
123741359	123741469
13156762	13157186
77763565	77763989
6469944	6470368
48464345	48464769
156556706	156557130
43250914	43251338
134854004	134854128
142240486	142240592
50602264	50602688
158908837	158909261
44387870	44388294
156442824	156442930
93429043	93429467
115807199	115807623
45217766	45218190
24441571	24441995
104624426	104624850
28880226	28880348
75849359	75849783
130499660	130499766
95315405	95315829
98984511	98984935
80546035	80546459
72100160	72100584
6970524	6970712
44470877	44471301
131229620	131230044
105128562	105128685
152591440	152591864
98590653	98591077
105690431	105690855
114066848	114067272
115319941	115320365
132338873	132339297
134638952	134639376
111201901	111202325
43111262	43111686
103908216	103908640
42019522	42019946
84650398	84650822
99650980	99651120
81585825	81586249
123132526	123132950
156375560	156375687
134238707	134239131
116231750	116232174
40226157	40226581
158678419	158678582
4889234	4889343
1749490	1749914
51074158	51074582
19787314	19787738
21565621	21566045
137138951	137139375
6619024	6619448
124956544	124956968
150574157	150574581
43760793	43761217
96407535	96407959
99689316	99689740
90057039	90057463
42111512	42111936
151630384	151630597
48031378	48031504
86689049	86689473
156620302	156620726
148764946	148765370
40238752	40239176
105934788	105935212
151317036	151317460
86541008	86541432
33463182	33463606
25429104	25429528
100074826	100075250
127154582	127155006
82073445	82073869
55665573	55665997
73438867	73439024
65967435	65967859
149015116	149015540
147244356	147244780
102090679	102091103
144354019	144354443
18397341	18397765
128177483	128177907
37940820	37941244
116238299	116238723
98476537	98476961
134331413	134331837
12723214	12723638
150705772	150706196
117793599	117794023
102702483	102702589
117313908	117314332
105670366	105670790
33004233	33004657
104653916	104654340
26725991	26726415
17514526	17514950
149186465	149186889
142019755	142020179
107886799	107887223
12251040	12251464
24807616	24807722
143875461	143875885
18913254	18913678
155025779	155026203
148201125	148201231
29787860	29788284
16957890	16958314
100143280	100143704
6593076	6593500
131310660	131311084
158286693	158287117
102212695	102213119
99331093	99331517
138470483	138470907
149366260	149366684
126798696	126799120
48178928	48179352
7370648	7371072
12726946	12727121
97601517	97601941
65606048	65606169
102212998	102213195
4681623	4682047
128306415	128306523
115981560	115981984
44240414	44240838
47523417	47523841
123556480	123556904
25220079	25220198
138663924	138664348
4142985	4143409
38398612	38399036
133675834	133676010
95529198	95529622
103737138	103737562
135346920	135347344
116811115	116811539
113857082	113857506
123437860	123438284
101915538	101915903
6310593	6311017
106007475	106007899
48141690	48142114
81794068	81794492
41733288	41733712
23397189	23397613
50656607	50656746
31100817	31101241
154432164	154432588
18630317	18630741
83818134	83818558
90876782	90877206
5324494	5324918
147983200	147983624
107395078	107395502
143672698	143673122
46429618	46430042
16471704	16472128
140426102	140426526
14774363	14774787
126747751	126748175
105328357	105328781
80328304	80328728
30114035	30114459
5490312	5490736
132615623	132616047
109484397	109484821
1183777	1184201
28575871	28576295
45019061	45019485
1704265	1704689
75279243	75279667
130478616	130479040
91481672	91482096
116078275	116078699
158946878	158947302
151689355	151689779
112092517	112092941
80625308	80625732
6977920	6978344
55241332	55241756
152408294	152408718
93090635	93091059
45930666	45931090
127190282	127190706
66370673	66371097
155326526	155326950
47620423	47620847
121036295	121036719
95495257	95495681
1060352	1060776
134374728	134375152
157847793	157848217
149119356	149119780
107754741	107755165
71336422	71336846
5589038	5589462
50472073	50472497
131934454	131934878
108515199	108515623
150773922	150774346
73808224	73808394
157030766	157031190
108300893	108301317
121625504	121625928
78990529	78990953
95348093	95348517
68568	68992
109844617	109845041
2844049	2844473
117744865	117745289
18610497	18610921
42016874	42017298
302875	303299
78901368	78901792
118230139	118230563
20256915	20257339
94078439	94078863
90149801	90150225
80361978	80362402
77669432	77669856
103528323	103528747
73620890	73621365
139687480	139687904
51046536	51046960
12101651	12102075
156929070	156929494
50746976	50747400
50181886	50182310
87740691	87741115
107142023	107142447
123322654	123323078
114996206	114996630
44526211	44526635
5452206	5452630
33783864	33784288
32250293	32250717
24860886	24861310
50863386	50863810
101386436	101386860
35075252	35075676
77089491	77089915
134042233	134042657
142130679	142131103
121859310	121859734
132079017	132079441
1004495	1004919
35095356	35095780
121203243	121203667
150020514	150020938
107220799	107221223
143105960	143106384
115316111	115316535
108253550	108253974
33148183	33148607
150757866	150758290
54945335	54945759
101054704	101055128
141853138	141853562
149508274	149508698
18739764	18740188
150572832	150573256
152810271	152810695
76243118	76243542
50485736	50486146
47636291	47636715
12725114	12725538
43217254	43217678
23752051	23752475
34224037	34224461
138333604	138334028
77428068	77428492
72850510	72850934
113044273	113044697
52817515	52817939
3583831	3584255
2700437	2700861
121038354	121038778
6463829	6464253
26893355	26893779
45620204	45620628
2143905	2144329
129465467	129465891
27417573	27417997
81130522	81130946
30017861	30018285
156613123	156613547
106600190	106600614
116652700	116653124
122443394	122443818
37472769	37473193
100063369	100063793
19531446	19531870
100317543	100317967
137022656	137023080
20874263	20874687
92239236	92239660
90089233	90089657
157267288	157267712
143026545	143026969
129042056	129042480
128035787	128036211
158611031	158611455
1457026	1457450
100202236	100202660
135047591	135048015
101768471	101768895
20382812	20383236
26131527	26131951
23316001	23316425
38389469	38389893
78236350	78236774
5565894	5566318
83104700	83105124
42882789	42883213
12361909	12362333
22544329	22544445
93812503	93812927
81646638	81647062
149031333	149031757
139875099	139875523
75959964	75960388
3961849	3962273
111350858	111351282
88418748	88419172
151129967	151130391
2594741	2595165
84652393	84652817
87798999	87799423
130443169	130443593
50549570	50549994
46816378	46816802
139039481	139039905
154376329	154376753
42776549	42776973
143760956	143761380
26416606	26417030
56394808	56395232
149484539	149484963
90712156	90712580
65495818	65496242
1560190	1560614
48914904	48915328
23560163	23560587
158118764	158119188
127775637	127776061
92077478	92077902
2561655	2562079
122848790	122849214
107821498	107821922
138437294	138437718
156419737	156420161
120497517	120497941
126430770	126431194
31168638	31169062
97557702	97557816
89778765	89779189
8316981	8317405
137947383	137947807
40486922	40487346
46024234	46024658
75244237	75244661
143070478	143070902
139025803	139026227
92320788	92321212
138330037	138330461
74124192	74124616
97473321	97473745
151267406	151267830
155531326	155531750
1964955	1965379
33963019	33963443
158553636	158554060
117041339	117041763
154744887	154745311
40293050	40293474
23851191	23851615
54544807	54545231
128853679	128854103
5526693	5527117
144151525	144151949
114980825	114981249
27645295	27645719
97763670	97764094
86543798	86544222
1582250	1582674
100799552	100799976
115876096	115876520
44804439	44804863
93251790	93251950
38398813	38399237
17691426	17691850
129284438	129284862
103254734	103255158
155337994	155338418
101594059	101594483
83040307	83040731
139589264	139589688
57372926	57373350
102120401	102120825
31096318	31096742
81406257	81406681
128702794	128703218
24761228	24761652
104056143	104056567
30102183	30102607
150075242	150075666
231025	231449
31215298	31215722
65619428	65619852
142211047	142211471
134563492	134563916
154739302	154739726
105622257	105622681
22149413	22149536
116229028	116229452
44121801	44122225
51320866	51321290
117121061	117121485
129234857	129235281
39742699	39743123
99547218	99547642
105631004	105631428
41868875	41869299
19626925	19627349
78937507	78937931
35715813	35716237
6614145	6614569
77625035	77625459
11413142	11413566
94285252	94285676
33797123	33797547
6992735	6993159
303823	304247
44696338	44696762
74347496	74347920
64085468	64085892
73558638	73559062
92807526	92807950
29577899	29578323
115494638	115495062
128803932	128804356
21340278	21340702
77711167	77711591
98868310	98868734
13564706	13565130
18281462	18281886
99435598	99436022
65670077	65670501
24534390	24534814
148844249	148844673
80288784	80289208
4266003	4266427
111493625	111494049
51230588	51231012
26632087	26632511
149546199	149546623
122168887	122169311
101468518	101468942
105039714	105040138
137501488	137501912
34940425	34940849
149165381	149165805
116222477	116222901
6203988	6204412
26331155	26331579
84660080	84660504
153768900	153769324
128070277	128070701
93925136	93925560
81863758	81864182
128512492	128512916
91506035	91506459
26602443	26602867
50894570	50894994
92874812	92875236
138570461	138570885
22563475	22563899
46525002	46525426
101713512	101713936
27176025	27176449
140004298	140004722
135979728	135980152
38330735	38331159
45108996	45109420
80290995	80291419
33712601	33713025
42925757	42926181
131438565	131438989
51050349	51050773
7004633	7005057
104776725	104777149
31166589	31167013
26237659	26238083
13782331	13782755
116092001	116092425
33004436	33004860
49830650	49831074
115491319	115491743
136559173	136559597
28403696	28404120
123811084	123811508
97951606	97952030
4601403	4601827
87253939	87254363
64497960	64498384
120373171	120373595
149015316	149015740
82229933	82230357
95472572	95472996
11874850	11875274
145545761	145546185
47210119	47210543
99971433	99971857
129702972	129703396
2199722	2200146
77068846	77069270
126879845	126880269
6529226	6529650
101500227	101500637
154568779	154569203
128101402	128101826
97474913	97475337
37960880	37961304
104559078	104559502
2860801	2861225
52992995	52993419
98030683	98031107
142699187	142699611
127858321	127858745
22893591	22894015
27211411	27211835
47892262	47892686
142255710	142256134
52327764	52328188
135694208	135694632
32530404	32530828
143771410	143771834
95319851	95320275
132735770	132736194
127268440	127268864
75590577	75591001
38370443	38370867
44125075	44125499
10452015	10452439
43550605	43551029
99787647	99788071
99815681	99815835
2103390	2103814
101201870	101202294
101457382	101457806
143708933	143709357
134143098	134143463
117589281	117589705
24357913	24358337
156742123	156742547
7392508	7392932
158622613	158623037
119730001	119730425
103213874	103214298
8009377	8009801
117390663	117391087
144367385	144367809
1243369	1243793
26883306	26883730
36291011	36291435
159033630	159034054
83143201	83143625
106209462	106209886
112929209	112929633
22765208	22765632
100425389	100425813
45761559	45761983
17274149	17274573
99786659	99787083
44678862	44679286
32953809	32954233
79763733	79764157
80873458	80873882
73998799	73999223
34127917	34128341
143612061	143612485
84820693	84821117
150662908	150663332
1488494	1488918
24503146	24503570
94674874	94675298
113666540	113666964
55374796	55375220
34198368	34198792
862577	863001
134236804	134237228
73041241	73041665
143589698	143590122
73254319	73254743
106810185	106810609
115271763	115272187
127126646	127127070
134573390	134573814
131173089	131173513
15365679	15366103
67528144	67528568
117025830	117026254
71799045	71799469
72216982	72217406
38380864	38381288
6662715	6663139
826990	827414
27369541	27369965
1609801	1610225
17570649	17571073
98875761	98876185
149400915	149401339
85435650	85436074
120719332	120719756
123795452	123795876
42785129	42785553
151530776	151531200
89941955	89942379
54614427	54614851
18031874	18032298
145350198	145350622
19705021	19705445
143092296	143092720
5512249	5512673
76922327	76922751
97047579	97048003
68047113	68047537
46724625	46725049
4671267	4671656
47709092	47709516
100166917	100167341
20442223	20442647
27973805	27974229
157669135	157669559
1834755	1835179
106770912	106771336
87849242	87849666
93852724	93853148
7800906	7801330
80082997	80083421
82900509	82900933
129677536	129677960
94819722	94820146
50894888	50895312
33499026	33499450
45186354	45186778
138144375	138144799
157668344	157668768
99995380	99995804
72251292	72251716
143534312	143534736
17587911	17588335
143084739	143085163
137613954	137614378
44025438	44025862
63641270	63641694
106619568	106619992
21495342	21495766
129993076	129993500
22540967	22541391
12443010	12443434
56031858	56032282
4039735	4040159
158793499	158793923
30756846	30757270
48456056	48456480
96225454	96225878
6677303	6677727
99577534	99577958
83861982	83862406
120581147	120581571
154201040	154201464
17720487	17720911
142003409	142003833
74282474	74282898
123606971	123607395
144483620	144484044
5631469	5631893
1679930	1680354
99956231	99956655
79131439	79131863
21761952	21762376
109096157	109096581
37241369	37241793
23502464	23502888
118510303	118510727
23052447	23052871
36124014	36124438
40546729	40547153
116165364	116165788
4855201	4855625
25020412	25020836
75830921	75831345
27615945	27616369
29596049	29596473
120991701	120992125
948416	948840
140931301	140931725
91574830	91575254
43966270	43966694
115243478	115243902
91510099	91510523
37589364	37589788
95812403	95812827
7693396	7693820
78911384	78911808
87413715	87414139
99199588	99200012
31164040	31164464
25199577	25200001
150784418	150784842
43623163	43623587
122542769	122543193
55477493	55477917
12770884	12771308
100463113	100463537
78692610	78693034
123134176	123134600
100781537	100781931
143724167	143724591
115803022	115803446
54746507	54746931
6616118	6616542
38491417	38491841
117513689	117514113
1747685	1748109
93642046	93642470
36406886	36407310
101268389	101268813
8405333	8405757
134371592	134372016
108025524	108025948
102615392	102615816
30324364	30324788
23560364	23560788
31803145	31803569
72781917	72782341
92779718	92780142
142146136	142146560
149052875	149053299
92861004	92861428
106102847	106103271
51068620	51069044
155205513	155205937
87135539	87135963
84543918	84544342
38450989	38451413
158654737	158655161
3201905	3202329
122995627	122996051
13302557	13302981
95853974	95854398
32387073	32387497
64911996	64912420
11247176	11247600
4723879	4724303
26035743	26036167
140961821	140962245
50682438	50682862
6295702	6296126
76904624	76905048
44023285	44023709
157259511	157259935
72294561	72294985
66465768	66466192
73244146	73244570
4325900	4326324
92427009	92427433
128850505	128850929
77619172	77619596
2595403	2595827
140511049	140511473
26273362	26273786
130581041	130581465
6641844	6642288
41931932	41932356
157805012	157805436
130756422	130756846
73437307	73437731
2522345	2522769
142622504	142622928
27474609	27475033
129007577	129008001
141374510	141374934
112348313	112348737
46734909	46735333
136596149	136596573
131798502	131798926
100198026	100198450
40523203	40523627
116449944	116450368
14774562	14774986
46785326	46785750
51857205	51857629
151095775	151096199
144089089	144089513
121646843	121647267
150872760	150873184
37696532	37696956
150453935	150454359
101513122	101513546
565378	565802
134530421	134530845
23111656	23112080
132892442	132892866
106792345	106792769
77539449	77539873
2360723	2361147
55895230	55895654
40802924	40803348
142107449	142107873
5517213	5517637
120622208	120622632
4885480	4885904
1443454	1443878
2599775	2600199
82254661	82255085
5128118	5128542
156779758	156780182
115508446	115508870
116468314	116468738
77325508	77325932
40501	40608
117039850	117040274
17341089	17341513
100054166	100054590
131992190	131992614
149413632	149414056
51383969	51384393
38218164	38218588
126521996	126522420
45021067	45021491
66241402	66241826
40946351	40946775
129591974	129592398
130753242	130753666
47978376	47978800
4603376	4603800
36480472	36480896
63643425	63643849
89874190	89874614
144423921	144424345
50841965	50842389
65548674	65549098
1416673	1417097
5938047	5938471
46403270	46403694
151553076	151553500
28136426	28136850
1633330	1633754
116516744	116517168
53425999	53426423
12473629	12474053
91582935	91583359
122172698	122173122
73081931	73082355
34320871	34321295
98161049	98161473
117421649	117422073
99866938	99867362
90661026	90661450
128482218	128482642
126894132	126894556
126707058	126707482
22822432	22822856
139138101	139138525
12534261	12534685
16643669	16644093
134032242	134032666
65958690	65959114
47574284	47574708
44149005	44149429
158813664	158814088
99707316	99707740
9640533	9640957
1163278	1163702
91413801	91414225
128500066	128500490
64348407	64348831
5821204	5821638
99223574	99223998
148846175	148846599
93344525	93344949
151215209	151215633
134845679	134846103
144713175	144713599
149757554	149757978
157553151	157553575
43335824	43336248
55134193	55134617
111593616	111594040
56101467	56101891
100891401	100891825
155423842	155424266
42155387	42155811
99844744	99845168
42178283	42178707
676089	676513
130581873	130582297
151083232	151083656
23510223	23510647
23569924	23570348
103007247	103007671
57376208	57376632
3735271	3735695
29186567	29186991
72398760	72399184
73305422	73305846
115813105	115813529
92392955	92393379
157448890	157449314
154586804	154587228
33131388	33131812
110230505	110230929
17686227	17686651
82702115	82702539
106161567	106161991
73895758	73896182
105705227	105705651
4281462	4281886
11514783	11515207
158288388	158288812
104681593	104682017
32420612	32421036
74039635	74040059
114045445	114045869
42614297	42614721
21730327	21730751
151585148	151585572
35591299	35591723
44854522	44854946
117099012	117099436
73818015	73818439
116503156	116503580
66767616	66768040
138794279	138794703
129470042	129470466
130441992	130442416
82954345	82954769
155088816	155089240
25883113	25883537
99311473	99311897
41744890	41745314
129977269	129977693
36621749	36622173
132959708	132960132
74493328	74493752
149119557	149119981
129915395	129915819
42658182	42658606
67705	68129
26157054	26157478
44092580	44093004
43479563	43479987
30830725	30831149
54732553	54732977
120739640	120740064
149529433	149529857
27240656	27241080
32397164	32397588
113849990	113850414
2607229	2607653
64727317	64727741
120943616	120944040
139452859	139453283
1619272	1619696
4170631	4171055
158934258	158934682
149194682	149195106
155165215	155165639
85480870	85481294
47377101	47377525
2577462	2577886
156762820	156763244
157017314	157017738
12678466	12678890
8476486	8476910
99998263	99998687
148553553	148553977
131265925	131266349
75830250	75830674
104189246	104189670
4672562	4672986
117809231	117809655
117469433	117469857
71626530	71626954
92804497	92804921
136492317	136492741
51128282	51128706
26547248	26547672
136776139	136776563
50669616	50670040
150869600	150870077
17980197	17980621
30785820	30786244
72842764	72843188
15239060	15239484
124405765	124406189
8857997	8858421
106853596	106854020
130756627	130757051
134163529	134163953
33149005	33149429
143875660	143876084
56132815	56133239
29878962	29879386
84628005	84628429
142147406	142147830
151424987	151425411
50764581	50765005
87136783	87137207
23262019	23262443
150389487	150389911
128434091	128434515
35888956	35889380
129133344	129133768
143052548	143052972
156546328	156546752
55670	56094
150888562	150888986
102704322	102704746
32246624	32247048
57485547	57485971
30069317	30069741
21295896	21296320
134351192	134351616
44897865	44898289
105517808	105518232
26588880	26589304
3018894	3019318
143086865	143087289
12476754	12477178
131238713	131239137
105516952	105517376
31515669	31516093
73225298	73225722
15929135	15929559
97124726	97125150
44388988	44389412
861343	861767
151557691	151558115
151099109	151099533
23572830	23573254
100431464	100431888
150683312	150683736
151568965	151569389
131617013	131617437
73437515	73437939
18028509	18028933
38389668	38390092
129016522	129016946
111854940	111855364
67073785	67074209
6035373	6035797
21590725	21591149
4446301	4446725
55187682	55188106
115933154	115933578
73529594	73530018
35798071	35798495
149027065	149027489
134628718	134629142
129222567	129222991
3234175	3234599
35548251	35548675
82445572	82445996
36015646	36016070
4831621	4832045
73030247	73030671
4805746	4806170
28072400	28072824
117145328	117145752
65735976	65736400
151142649	151143073
55790500	55790924
27680466	27680890
100378850	100379274
32731413	32731837
100288282	100288706
38949446	38949870
128974303	128974727
27088043	27088467
113071306	113071730
41089850	41090274
95470376	95470800
114757754	114758178
99869782	99870206
32805212	32805636
91677700	91678124
80244100	80244524
100210728	100211152
113950399	113950823
47337628	47338052
106532258	106532682
17048653	17049077
130084788	130085212
101041016	101041440
158766142	158766566
134204834	134205258
105386311	105386735
6992936	6993360
117431990	117432414
42685504	42685928
99642326	99642750
200706	201130
43839192	43839616
84816044	84816468
44529852	44530276
29159402	29159826
11788469	11788893
89778966	89779390
144484229	144484653
151305245	151305669
97642963	97643387
156722873	156723297
94972168	94972592
20547618	20548042
47847407	47847831
43695155	43695579
37136902	37137326
129794877	129795301
12109286	12109710
111139153	111139577
138968963	138969387
107673721	107674145
44178415	44178839
17221136	17221560
34799309	34799733
41050031	41050455
36513149	36513573
114465331	114465755
134001729	134002153
103981974	103982398
105681754	105682178
20237652	20238076
158387772	158388196
99200774	99201198
24045106	24045530
66100866	66101290
75068271	75068695
157091114	157091538
138332724	138333148
104793311	104793735
4401418	4401842
111495999	111496423
26409282	26409706
47306003	47306427
99766384	99766808
158021639	158022063
101958983	101959407
91874387	91874811
76012385	76012809
128503691	128504115
123389481	123389905
39426302	39426726
36331255	36331679
7929815	7930239
105389179	105389603
126324376	126324800
152652986	152653410
15682630	15683054
148893619	148894043
90379100	90379524
92156954	92157378
2187856	2188280
5594962	5595386
111369577	111370001
122694815	122695239
66359725	66360149
151039918	151040342
86947954	86948378
85374471	85374895
46694682	46695106
71390580	71391004
158365077	158365501
29662547	29662971
41869735	41870159
75677918	75678342
40801486	40801910
107024429	107024853
156612440	156612864
89781949	89782373
56167348	56167772
49816571	49816995
119122265	119122689
155867641	155868065
82072212	82072636
46171916	46172340
125023373	125023797
92493350	92493774
130769882	130770306
113280686	113281110
99086856	99087280
21301532	21301956
51255643	51256067
76018263	76018687
77308116	77308540
1408571	1408995
47514844	47515268
127087548	127087972
151204199	151204623
53968540	53968964
142571172	142571596
36358827	36359251
45978441	45978865
30782978	30783402
23145776	23146200
17594089	17594513
108732312	108732736
31014605	31015029
123264787	123265211
75702652	75703076
43768754	43769178
853098	853522
115890203	115890627
112655047	112655471
41922734	41923158
47272582	47273006
65440754	65441178
106451004	106451428
150412501	150412925
100814768	100815192
101448479	101448903
158755322	158755746
112194664	112195088
51392029	51392453
87538033	87538457
150503913	150504337
30934611	30935035
98909352	98909776
4034829	4035253
134639177	134639601
99058856	99059280
51030497	51030921
15428669	15429093
127650450	127650874
142377081	142377505
45963947	45964371
42117876	42118300
131315085	131315509
131229824	131230248
152457373	152457797
40740196	40740620
119575448	119575872
97924300	97924724
107862900	107863324
18395938	18396362
49227469	49227893
117890905	117891329
31702708	31703132
17691631	17692055
45922016	45922440
86777855	86778279
40938793	40939217
13316604	13317028
135186165	135186589
86849125	86849549
32180154	32180578
149547277	149547701
2234548	2234972
21031105	21031529
102965747	102966171
71217081	71217505
159073859	159074283
149171906	149172330
18159816	18160240
98993066	98993490
10748065	10748489
140771066	140771490
55636382	55636806
55192586	55193010
37683427	37683851
127432968	127433392
50535886	50536310
25934960	25935384
43288451	43288875
90208706	90209130
143202017	143202441
154982457	154982881
64096690	64097114
144622765	144623189
1060551	1060975
150600638	150601062
112099691	112100115
16771014	16771438
65514850	65515274
45042339	45042763
65663917	65664341
44717696	44718120
151038188	151038612
143093231	143093655
116973198	116973622
155598041	155598465
138664137	138664561
43940759	43941183
131689177	131689601
125539584	125540008
6865805	6866229
