78549096	78549562
17259347	17259783
55320441	55320888
36823747	36824194
41560915	41561378
41837711	41838159
40474723	40475144
72206512	72206910
37391893	37392356
27546377	27546853
27077058	27077510
32526893	32527350
43212614	43213046
45307084	45307462
76418087	76418530
58114411	58114836
35730467	35730870
34476293	34476767
37778123	37778577
32688437	32688904
30580018	30580434
72740687	72741099
38716537	38716913
26875079	26875551
37703972	37704553
57930571	57930975
8286457	8287014
55038299	55038697
10519814	10520235
64563316	64563733
41387110	41387516
36833269	36833652
41751172	41751581
77038449	77038858
40176863	40177294
2148047	2148443
43717719	43718119
74394078	74394472
43176498	43176892
36579899	36580289
79075466	79075894
60186827	60187200
42610828	42611255
66168534	66168936
43275164	43275578
39894183	39894570
7976913	7977297
65471509	65471904
30646458	30646856
55969820	55970215
46024234	46024645
1624062	1624458
12927762	12928156
61556267	61556655
47485266	47485732
9632358	9632731
8901329	8901709
48029822	48030217
39735813	39736189
38267917	38268303
37810078	37810503
8041845	8042235
42021340	42021706
66756035	66756393
45019906	45020278
48104125	48104592
9793397	9793772
76246910	76247385
76081028	76081402
40995385	40995741
40669463	40669862
62103113	62103537
40219270	40219709
17763519	17763933
44859609	44859977
46882187	46882582
73234740	73235108
75082553	75082964
36819322	36819733
71251793	71252183
49230546	49230886
55191378	55191799
36504998	36505358
74677275	74677680
72199532	72199890
20896221	20896601
47472382	47472743
3747228	3747594
40253526	40253943
73628976	73629364
65383091	65383465
64902802	64903192
16267087	16267496
39818888	39819338
76704603	76704971
35404926	35405326
39957837	39958231
43296248	43296621
10534390	10534765
42852121	42852519
6376443	6376837
46956319	46956698
21183316	21183681
27907324	27907676
66395159	66395571
5140857	5141205
2319353	2319706
74519173	74519555
74404645	74405022
27230011	27230476
80739633	80740007
55910729	55911098
76861840	76862194
45018189	45018558
4792369	4792757
36570962	36571341
72787591	72787970
47785563	47785942
80309681	80310055
48559812	48560177
26207060	26207416
41755281	41755660
30169558	30169939
37401005	37401365
48347469	48347835
6569315	6569694
19657176	19657525
25930147	25930557
46103747	46104112
34131731	34132127
47772799	47773182
20024930	20025279
38959779	38960124
39705464	39705834
77041885	77042306
7591340	7591708
43313062	43313447
48217237	48217589
47304802	47305179
58220247	58220605
70982227	70982615
5342399	5342812
3817118	3817506
48164813	48165180
56190410	56190783
72956785	72957139
45078484	45078884
41923623	41924000
48277810	48278375
77979578	77980000
44121668	44122045
72489507	72489884
72861000	72861344
25981654	25982228
16424564	16424933
32498239	32498609
43462912	43463269
3640992	3641347
30986295	30986688
70721599	70721980
8203961	8204353
28431539	28431904
72195736	72196127
55749249	55749651
4323900	4324270
8313592	8313912
77389367	77389729
58678524	58678856
48860528	48860913
11839133	11839464
37320839	37321190
32747303	32747645
27280477	27280882
41771685	41772083
17822506	17822872
10230885	10231249
10130179	10130559
6955363	6955749
4806822	4807190
46534611	46534981
41955886	41956248
36740626	36741016
74178257	74178629
4785274	4785647
38514738	38515081
73101879	73102286
42408682	42409043
25928737	25929116
29764276	29764633
27966526	27966892
47633690	47634049
4468872	4469224
42997394	42997706
46891807	46892150
71425509	71425869
28258377	28258717
25896330	25896686
37309148	37309493
37331176	37331537
49841751	49842088
49538891	49539256
74619972	74620311
38776192	38776537
61996582	61996929
19350421	19350766
12935116	12935482
57598847	57599217
48075600	48075971
40115012	40115383
60749669	60750006
74812613	74812965
58513290	58513620
17545159	17545520
40971990	40972322
36130925	36131290
36600339	36600691
73422369	73422740
75538777	75539131
27444147	27444526
25715390	25715735
55935276	55935640
79227104	79227464
38169975	38170311
48624222	48624572
73110119	73110490
40915447	40915786
10521436	10521773
41843795	41844146
57406928	57407283
38269353	38269715
15074780	15075127
46385196	46385525
18120739	18121095
48374733	48375102
26821732	26822060
1026286	1026645
3586290	3586753
2689538	2689918
56381631	56381985
46749009	46749344
56664988	56665362
17794322	17794670
42856461	42856981
80163694	80164081
8022055	8022432
40374180	40374511
53603782	53604098
26743850	26744220
73400266	73400608
74543439	74543754
33866411	33866751
19417212	19417580
28667144	28667479
20130077	20130421
41149959	41150335
64669962	64670292
48171622	48171971
34274113	34274458
67603303	67603621
72562309	72562640
17258197	17258561
17715518	17715898
38195159	38195506
47257678	47258023
72433828	72434155
43930073	43930414
70556357	70556710
8689173	8689488
70553066	70553395
42600543	42600902
61689613	61689946
65370751	65371095
38136709	38137051
34135893	34136252
46026580	46026938
16189135	16189489
77879627	77879988
48919248	48919604
73597296	73597645
63552538	63552875
42245817	42246157
73408691	73409032
38473630	38473983
41957735	41958086
77397228	77397577
26087092	26087481
8062094	8062427
39065545	39065876
37363231	37363558
7080707	7081067
43909554	43909870
1235855	1236187
42428161	42428534
54897038	54897360
72364401	72364751
70114750	70115078
80452551	80452899
2731714	2732069
42942532	42942912
11547629	11547943
31003516	31003824
32106121	32106477
49034174	49034525
67522148	67522468
74275554	74275939
42219027	42219363
74462052	74462416
80382466	80382809
46452042	46452387
55675198	55675558
75052351	75052730
57082260	57082605
61045844	61046165
2256368	2256715
77083692	77084033
72954016	72954369
47634775	47635151
60143346	60143687
38231748	38232124
76839415	76839758
41653991	41654332
38771853	38772204
71187590	71187934
34985724	34986063
26083811	26084140
72777020	72777345
35930651	35930993
40679289	40679605
53679190	53679484
63227827	63228163
4812382	4812715
1090514	1090868
46695958	46696306
26132465	26132812
57243264	57243614
53373340	53373659
7039595	7039934
45918542	45918884
73675679	73676039
48504760	48505094
65713748	65714092
77387860	77388231
73511796	73512189
61502794	61503097
7183848	7184196
33325245	33325575
48192270	48192595
5490787	5491119
47392852	47393186
3767005	3767297
6817138	6817497
41471320	41471648
77982200	77982549
73857391	73857707
28420578	28420893
73844507	73844860
18151559	18151905
45967326	45967680
79700762	79701090
72653574	72653884
39804180	39804531
38597237	38597568
74010266	74010593
40730431	40730785
37779701	37780052
61484139	61484431
36061446	36061784
55824927	55825250
39852249	39852624
59494231	59494564
71994776	71995100
74502490	74502818
10748525	10748837
70723833	70724167
899778	900121
18864127	18864453
47957899	47958222
76989236	76989626
9832193	9832524
78840030	78840333
32869768	32870076
66432515	66432883
41411575	41411921
43226497	43226862
39485609	39485918
48275607	48275955
39653035	39653364
1268760	1269060
1050878	1051177
47938486	47938835
61912205	61912562
12906461	12906763
49811867	49812169
25757960	25758269
27696855	27697453
28804171	28804469
39823274	39823593
49027705	49028052
73649097	73649420
57518170	57518506
78169887	78170280
10549733	10550064
17343325	17343674
3730483	3730814
56524884	56525201
72172834	72173188
4118633	4118972
34074525	34074839
62398429	62398763
47645221	47645562
46048032	46048363
2916295	2916601
21022969	21023272
32078167	32078494
16492695	16492972
78400621	78401004
29852372	29852722
3978182	3978487
15160678	15161027
80509752	80510094
5610211	5610541
53426161	53426461
34296523	34296857
62733074	62733414
8897581	8897907
44079892	44080194
9891147	9891473
48474826	48475156
10220597	10220908
34959362	34959669
54857592	54857920
12933781	12934113
35887382	35887704
48246679	48247026
43505441	43505785
27090724	27091051
2752091	2752452
4470044	4470344
10517896	10518231
17472036	17472387
54793291	54793613
75210812	75211145
46208617	46208947
38115191	38115525
9195502	9195831
33469256	33469567
7816267	7816575
39573789	39574093
7646918	7647225
55087377	55087702
39804870	39805235
75491060	75491385
1572662	1572973
8894862	8895159
67231649	67231964
38589949	38590285
48439364	48439670
76285889	76286192
54731330	54731636
53591389	53591726
34091064	34091384
73841320	73841643
9828071	9828379
48940714	48941042
79979022	79979373
12449241	12449586
27570775	27571060
33860368	33860676
61934460	61934770
72766884	72767217
77898184	77898508
13498123	13498414
27053856	27054173
76493192	76493494
74381852	74382211
7997216	7997519
31325365	31325697
66610119	66610454
7259367	7259639
44913253	44913577
46868415	46868752
42192990	42193355
40171827	40172163
27438877	27439181
2285843	2286171
25572292	25572606
49513033	49513331
27451099	27451414
66007285	66007612
6339367	6339661
78623866	78624193
7961014	7961362
48707949	48708303
38242726	38243083
4965707	4966017
48238859	48239202
76108704	76109034
17517022	17517321
75062870	75063195
66196905	66197229
36489569	36489890
31204294	31204576
46755764	46756138
34176529	34176830
72858405	72858708
47647391	47647785
45879770	45880099
38358107	38358398
79568599	79568892
76009966	76010270
16900844	16901183
27003020	27003325
56494954	56495279
2947041	2947364
56595966	56596288
76967368	76967740
32473539	32473847
80202216	80202492
73500353	73500698
10640439	10640716
41597966	41598268
31263985	31264302
7464342	7464616
36641174	36641487
9809279	9809596
42423134	42423475
7893524	7893870
56072841	56073127
1933947	1934233
64724087	64724389
71152394	71152697
42281081	42281377
12299115	12299396
20847623	20847912
26940318	26940627
48929445	48929788
31376825	31377156
79779618	79779937
80512342	80512633
4634936	4635248
35062585	35062929
1477686	1478054
38183312	38183635
59467368	59467685
36762624	36763014
46569875	46570209
56394796	56395097
44290304	44290611
9862744	9863071
19266158	19266473
56655021	56655339
36648264	36648600
10199080	10199385
63290308	63290614
17633005	17633318
6325379	6325693
80111799	80112108
72086049	72086367
64196792	64197076
43971616	43971928
1929355	1929633
25978542	25978802
4316523	4316826
27442950	27443239
64711855	64712160
35866783	35867086
19669794	19670165
45920452	45920753
37790636	37790999
65796553	65796892
72598185	72598493
77719993	77720296
53434130	53434417
43229400	43229687
16331425	16331725
50460927	50461191
67605705	67606021
27472358	27472670
48894634	48894964
58716148	58716437
12645612	12645913
16356597	16356886
71653633	71653952
41987559	41987873
36714330	36714657
54707222	54707517
73621977	73622310
13017847	13018137
67519459	67519742
25563778	25564045
62770530	62770835
38518775	38519130
42072309	42072639
43348234	43348534
59049176	59049446
49376204	49376460
16905125	16905413
40580433	40580763
17489565	17489844
11047990	11048263
56277423	56277739
62645283	62645569
40268754	40269045
26220351	26220640
75327499	75327809
36917928	36918195
43503166	43503463
16776556	16776881
48555927	48556329
44331238	44331509
43354627	43354942
43173574	43173845
7920064	7920367
46679974	46680271
58798150	58798430
4613190	4613487
77078745	77079101
49662945	49663221
28663667	28663954
27475902	27476178
59713360	59713616
72297328	72297652
62106293	62106586
73126769	73127112
21360415	21360704
43099402	43099730
8013596	8013916
45854005	45854288
26753253	26753582
48073993	48074317
78997599	78997901
79014627	79014935
79174650	79174961
73629925	73630227
20020044	20020328
39478614	39478894
78873172	78873467
5972246	5972544
48628183	48628506
40976221	40976530
39822133	39822473
27918667	27919012
71336326	71336635
18528972	18529294
43472511	43472787
28106304	28106604
37395880	37396140
74454687	74454959
76441682	76442012
63790685	63790956
62359369	62359651
38606520	38606795
79265553	79265863
1358578	1358844
10675785	10676062
16440201	16440489
45776203	45776510
77782486	77782790
71185747	71186016
54756627	54756877
75768511	75768819
20946917	20947199
7118206	7118517
31847492	31847794
40776379	40776680
72375558	72375868
7944730	7945020
31236989	31237241
57388357	57388633
66736986	66737284
19912477	19912753
33446794	33447127
7535810	7536106
46095721	46096013
75084665	75084936
655458	655774
25659942	25660243
26578674	26578972
79504639	79504935
262088	262364
38511313	38511629
6551557	6551830
46151744	46152036
25708052	25708355
7900454	7900743
42988494	42988766
19549273	19549540
49244437	49244745
68618611	68618877
10657449	10657759
54203919	54204191
9305963	9306256
38095857	38096112
1418989	1419250
62384278	62384572
46055762	46056069
75007307	75007579
73746003	73746283
80725069	80725364
74710993	74711256
55817338	55817610
46292975	46293259
15917271	15917520
21219871	21220157
66053661	66053943
77944522	77944814
43210605	43210889
53795554	53795815
16894769	16895058
29885679	29886027
884324	884606
32052740	32053049
29716423	29716681
16318280	16318557
27470978	27471270
47512434	47512730
65685730	65685978
26971019	26971321
3551162	3551428
37225649	37225959
63133215	63133531
27292659	27292910
38689602	38689835
33308143	33308385
14829911	14830156
7340274	7340599
77682475	77682775
41416341	41416595
80258650	80258950
18046415	18046690
9868967	9869269
34093981	34094256
26973911	26974183
25926899	25927205
6908165	6908454
25936697	25936943
38324655	38324948
40558064	40558388
76356892	76357175
71706379	71706642
8085254	8085553
77024674	77024903
7963589	7963856
74001684	74002018
28134817	28135093
8798302	8798605
36010500	36010760
15406164	15406457
76130493	76130749
7117148	7117401
71301223	71301502
30465950	30466232
77015663	77015946
71366072	71366376
17291438	17291731
16819358	16819615
6925329	6925649
38447049	38447301
47031616	47031882
66773567	66773811
56249901	56250139
1533333	1533674
72292785	72293044
72453722	72453981
48556878	48557155
37139433	37139721
40770597	40770855
25821282	25821533
47300830	47301147
65821400	65821695
36891370	36891672
65196891	65197162
74456682	74456933
7124207	7124499
25680792	25681135
15151508	15151774
27507347	27507636
66462273	66462580
73065985	73066233
5095153	5095446
4103166	4103411
80732868	80733201
7726076	7726345
7983295	7983554
37080233	37080503
65289862	65290149
28422794	28423052
37828468	37828789
45393122	45393348
39844307	39844560
66459192	66459451
48255770	48256114
782889	783172
37732528	37732797
7518211	7518463
79215488	79215772
33639764	33640046
1617163	1617408
69469394	69469637
38191412	38191696
46338722	46338997
48703538	48703787
3810852	3811110
80486751	80487016
45741756	45741988
66259257	66259477
30771209	30771479
75243159	75243460
59471034	59471286
53719239	53719467
19896115	19896405
28927021	28927310
7755131	7755424
46801932	46802203
60257037	60257278
39480416	39480678
46145985	46146264
59914638	59914894
74609394	74609656
62368692	62368943
66201468	66201715
10261127	10261411
66427975	66428217
47781315	47781553
41081329	41081570
77890028	77890283
62028388	62028664
41918153	41918374
74553559	74553827
4883919	4884205
62067813	62068079
53813223	53813458
73197868	73198150
43209233	43209576
6316422	6316658
56598239	56598515
53604969	53605207
73319193	73319445
9742754	9743018
61483077	61483291
47109559	47109908
75497175	75497449
21414987	21415233
4207774	4208008
58719242	58719450
44272416	44272641
35596716	35596923
47976563	47976838
4934720	4934973
26867788	26868038
73901095	73901372
48782569	48782810
33940015	33940251
30916073	30916340
40873110	40873338
56076946	56077163
64251187	64251450
21353277	21353521
47113459	47113749
7199758	7200002
1162451	1162750
959337	959639
20943518	20943796
12159761	12159996
29042220	29042452
39120175	39120429
3505851	3506130
55017361	55017583
43797221	43797444
78962798	78963079
17997330	17997609
19913499	19913742
44920329	44920544
30788818	30789055
47857124	47857380
66768046	66768278
60770595	60770854
46962083	46962341
19665896	19666134
79283100	79283355
41089821	41090080
6949129	6949360
4690632	4690890
40611308	40611522
47368156	47368397
38459317	38459550
42160891	42161155
38948140	38948363
37388337	37388637
48157050	48157325
3838409	3838668
46662811	46663079
47625926	47626173
1179462	1179765
42453512	42453744
44899731	44900004
46337129	46337359
17473620	17473907
40111752	40112018
72957696	72957974
40831818	40832095
77848249	77848489
79451373	79451638
33569354	33569642
44953892	44954119
50184104	50184325
74361646	74361871
61959607	61959846
44026492	44026742
76824651	76824864
77384619	77384849
33416411	33416640
12084060	12084299
19689229	19689449
71475208	71475407
32965326	32965577
40315099	40315378
7426458	7426759
9432441	9432675
44364127	44364347
21143066	21143319
62957966	62958234
76408487	76408730
75092622	75092876
2833375	2833679
13241174	13241410
54556297	54556491
79204365	79204652
65599178	65599433
6183097	6183368
27579287	27579514
40270647	40270953
56214124	56214364
32001708	32001956
27206118	27206376
1768797	1769064
77184067	77184332
29046422	29046655
73236742	73237033
49938401	49938623
78338099	78338367
34838898	34839163
1687375	1687611
42956096	42956286
60797839	60798101
75426199	75426451
79269908	79270154
73779492	73779742
2578637	2578918
34890211	34890527
7886059	7886324
42161621	42161857
55860713	55860957
1436593	1436824
1812067	1812322
73996557	73996810
62493473	62493697
80194268	80194528
80064224	80064437
78056508	78056780
62503621	62503817
8023870	8024079
43309101	43309370
36444298	36444525
74723189	74723418
56327065	56327320
17045212	17045470
73743927	73744202
30810554	30810800
79407824	79408086
13501112	13501327
58663749	58663945
79346339	79346572
19372734	19372987
55198777	55198993
1786143	1786382
17304563	17304806
62915523	62915770
63984247	63984461
17854185	17854402
46102449	46102690
62773037	62773258
9480552	9480795
55082456	55082615
61072752	61072952
159106	159475
40672585	40672787
73167991	73168209
74554650	74554866
43669774	43670025
7406378	7406593
19241490	19241702
54943971	54944163
7766040	7766270
15732119	15732375
67565245	67565473
29395316	29395740
35754684	35754937
16289993	16290244
62211076	62211275
54669848	54670116
76795129	76795383
34399938	34400206
77808811	77809031
79103198	79103409
1958161	1958418
49399840	49400051
72280867	72281100
48772564	48772776
17936874	17937102
6189603	6189861
21003091	21003341
3907930	3908202
49134220	49134418
65887973	65888165
30228704	30228954
73760695	73760924
73616109	73616357
73266486	73266748
47445838	47446083
15340163	15340316
67502734	67502922
77948647	77948899
63194964	63195194
35111979	35112201
80372441	80372649
48758729	48758927
45908340	45908538
45578028	45578225
8286457	8287014
36478090	36478307
81034890	81035118
9885531	9885786
61775288	61775535
28353738	28353999
65775193	65775462
74428884	74429091
75888537	75888759
3749552	3749817
77813617	77813822
42201304	42201506
28348824	28349026
36665677	36665888
42018013	42018233
67390923	67391167
54969181	54969398
19715816	19716027
79995171	79995391
9648275	9648509
9023901	9024083
43967064	43967261
42477686	42477882
63096766	63096974
29700280	29700483
40041984	40042222
7760351	7760562
42768416	42768629
39846171	39846279
61943541	61943734
74936896	74937098
40833295	40833519
53045460	53045700
77785191	77785450
7801191	7801359
29860686	29860891
73754862	73755090
78335326	78335554
17400161	17400371
39967910	39968137
17217025	17217236
62141162	62141346
72081578	72082002
46088737	46088947
59652297	59652514
7614808	7615017
32013309	32013516
37886764	37887021
6814374	6814602
37910491	37910743
79977854	79978131
14641274	14641496
54199118	54199292
7255711	7255948
61651097	61651304
73826219	73826495
17338816	17338976
65797849	65798065
42175593	42175829
61773943	61774134
16208148	16208373
1968387	1968595
73775039	73775282
43312070	43312331
40086578	40086778
58647205	58647429
6374875	6375083
7761863	7761997
69080482	69080644
74143859	74144062
48277810	48278375
59628637	59628832
37683558	37683781
47921211	47921446
38555491	38555659
79304161	79304380
40180648	40180847
10532123	10532363
7892120	7892295
42118898	42119102
70536554	70536806
4152742	4152938
55813177	55813373
43094258	43094506
7537773	7537966
72350236	72350442
8657262	8657415
18044658	18044869
32846282	32846706
2185684	2185874
961727	961929
39612563	39612764
15164133	15164383
27243442	27243672
63274486	63274692
54397034	54397167
4064392	4064816
33882789	33883016
4718671	4718859
55183965	55184164
17651604	17651809
25365831	25366033
20811664	20811886
35227491	35227683
17173353	17173565
56296640	56296828
31365811	31365981
5210777	5210929
17908357	17908535
79283341	79283616
55208370	55208580
4890699	4890889
5100319	5100535
42811238	42811396
35207458	35207619
29844733	29844905
37417706	37417860
60501154	60501374
59436287	59436473
62487225	62487428
55952896	55953076
38883266	38883437
38375375	38375573
76172712	76172937
5152894	5153107
76133485	76133727
65626171	65626326
71779300	71779471
3920826	3921018
77632831	77632942
17050134	17050303
58393066	58393490
60498811	60499037
9458219	9458422
34982414	34982625
9425508	9425705
60857730	60857912
65938997	65939152
18095342	18095541
7792589	7792790
79116620	79116810
77715807	77715986
20704961	20705147
77122313	77122525
79988447	79988628
14407	14585
11890393	11890576
76183215	76183378
65356093	65356239
77696237	77696434
40053076	40053268
62024210	62024431
8158986	8159149
60781144	60781344
76311512	76311794
75737323	75737467
40443896	40444111
66968413	66968560
62844002	62844219
42856461	42856981
26075224	26075377
53082874	53083298
74117564	74117778
78098195	78098382
17678020	17678155
65154202	65154626
7728696	7728832
79375857	79375973
74366549	74366717
7620632	7620820
36151440	36151546
30334246	30334464
36890149	36890338
46429172	46429596
34336454	34336618
42700557	42700729
50248280	50248704
20350293	20350452
40591269	40591474
56354631	56354749
57297796	57297988
45922274	45922486
1552141	1552352
7216672	7216845
28882463	28882887
73891531	73891666
6605170	6605382
13828893	13829317
77164835	77165029
46258968	46259392
3350927	3351351
79642985	79643184
43126668	43126827
468858	469049
79228744	79228904
10779385	10779582
8791779	8792203
46413234	46413658
33220020	33220191
61064641	61064784
72812122	72812546
74864344	74864508
38226173	38226362
16004066	16004490
67081044	67081468
48680852	48681019
56618705	56618890
5495791	5495991
3637665	3637840
64422504	64422928
43039352	43039497
79163566	79163720
13951554	13951660
72642518	72642675
79812869	79813049
10587152	10587576
68763349	68763532
17897544	17897968
15901877	15902080
39835533	39835665
45439641	45439819
71837915	71838096
13209855	13210279
6462392	6462587
73056166	73056312
29043992	29044416
35305379	35305509
66770484	66770680
80781103	80781211
46955618	46955809
45794917	45795030
42084501	42084682
76973982	76974406
43361621	43361751
2135063	2135192
47443190	47443338
43889620	43889755
71206631	71206756
47663112	47663295
54577256	54577423
16366969	16367393
39643087	39643255
17584471	17584653
15136276	15136700
69760647	69761071
8279907	8280331
48350674	48350811
25981654	25982228
38875259	38875413
25524658	25524819
20284690	20284894
74835903	74836096
28260342	28260766
37023817	37023980
72404383	72404807
43370900	43371016
76600901	76601325
27618146	27618570
8157187	8157364
36972068	36972492
63023354	63023778
11701184	11701353
74299169	74299593
38440605	38441029
29024976	29025207
72357591	72358015
7490101	7490262
56162003	56162427
45693218	45693642
5608341	5608765
7298366	7298499
27568588	27569012
27175761	27175971
80626526	80626632
33498546	33498675
58252228	58252380
65959340	65959764
48578569	48578725
34303108	34303303
21416322	21416471
36733459	36733883
70475290	70475714
46157682	46157836
41400221	41400645
2840798	2841222
74295308	74295414
62598597	62598807
16593170	16593594
16866066	16866490
20224203	20224344
40826013	40826147
74121305	74121430
49078394	49078818
73823696	73823861
46231141	46231247
79864739	79865163
46114262	46114686
43054568	43054693
49197171	49197323
28452399	28452550
63793907	63794331
2073297	2073721
56288436	56288574
61966893	61967155
38457540	38457964
30936107	30936531
4265504	4265928
32889560	32889670
14789461	14789885
7089746	7089864
57936768	57937192
73127539	73127726
4693260	4693452
6905003	6905132
20923628	20923749
43186176	43186600
65374894	65375124
33444996	33445420
15117135	15117250
49565222	49565646
36175995	36176185
77061291	77061438
20550110	20550247
57824209	57824633
35577594	35577750
64851474	64851648
73671082	73671296
19164323	19164747
29853359	29853565
64911185	64911609
17888851	17889275
5696454	5696878
41155920	41156116
39942626	39942770
37427189	37427613
78075151	78075334
64971779	64971915
19622110	19622534
15752431	15752633
73650218	73650642
48361862	48361981
71952690	71953114
76444822	76444940
28699742	28700166
73923535	73923710
30469271	30469454
53847771	53847878
28605041	28605465
25533481	25533905
60630442	60630866
42643205	42643629
57685172	57685596
40895944	40896368
17565284	17565393
68804683	68805107
53902594	53903018
68140369	68140793
47269183	47269607
26674101	26674221
7685570	7685994
37875070	37875198
26560363	26560491
70385132	70385556
27239461	27239578
29152918	29153342
80669799	80669922
34965595	34966019
66907816	66908240
73521021	73521159
64018017	64018144
57638369	57638793
74884003	74884175
25861409	25861833
52968522	52968946
18223131	18223555
75263008	75263142
19998575	19998999
69081349	69081773
70999606	71000030
54754149	54754573
2611094	2611231
27894715	27895139
68632775	68632881
71417086	71417510
7649108	7649313
18873959	18874089
73030123	73030547
80573780	80573894
53730229	53730653
49717408	49717832
18043371	18043480
49448973	49449397
32408259	32408683
16764625	16764799
9531769	9532193
62488731	62488837
41324109	41324533
72004458	72004594
7576548	7576972
62530318	62530742
25676169	25676365
55481414	55481838
45899049	45899473
32770859	32771283
55945605	55946029
38073222	38073646
7036753	7037177
56788311	56788735
27921159	27921583
77105630	77106054
16492834	16493258
16931406	16931524
79978197	79978361
72208953	72209377
44264260	44264684
61904980	61905086
70427146	70427570
42275725	42276149
47591601	47592025
29297181	29297605
36559193	36559617
31110507	31110931
6399075	6399499
37027796	37028220
19616828	19616971
27062184	27062608
42522771	42523195
79296538	79296962
27011919	27012343
73008436	73008860
40729751	40729912
56347801	56348225
78448294	78448718
43662473	43662897
61966412	61966573
78955115	78955539
59503378	59503802
37025557	37025669
38265699	38266123
79634867	79635291
53070404	53070828
32490688	32491112
49613179	49613603
64161675	64162099
59489832	59489938
1961760	1962184
57394264	57394688
18467484	18467652
50374738	50374855
77144149	77144573
36062504	36062928
27893113	27893537
73689788	73689894
60562405	60562577
30438367	30438791
72733685	72734109
57830772	57831196
28977791	28978215
11812803	11812909
74789984	74790139
31974973	31975397
74028325	74028749
72810605	72811029
26087092	26087517
33390577	33391001
45695779	45696203
69955267	69955691
76015409	76015833
80875537	80875961
40403114	40403538
63090056	63090480
29388639	29389063
7227470	7227894
32854863	32855287
42386936	42387086
33179510	33179934
73267304	73267452
62113876	62114300
5571193	5571617
7284782	7285206
76741560	76741696
61514072	61514496
18720029	18720453
39041406	39041830
66011844	66012268
66530207	66530631
27711868	27712292
59660582	59661006
18615658	18616082
29835214	29835638
10935094	10935518
11784036	11784460
55975365	55975789
64896202	64896626
65135842	65136266
38571711	38571850
21032315	21032739
64621340	64621764
62314154	62314578
36852880	36853304
56406724	56407148
27946167	27946591
41158538	41158962
32276121	32276545
8126610	8127034
42228034	42228195
58717837	58718261
12832046	12832470
67331150	67331574
79917485	79917909
77811051	77811475
80065302	80065726
26648958	26649382
15312174	15312598
61512273	61512697
56199253	56199677
74589423	74589847
7738128	7738552
74500189	74500613
3586290	3586753
8089902	8090326
16232207	16232631
43250273	43250697
27863981	27864405
79783750	79784174
12245903	12246327
18855263	18855390
603745	604169
36693547	36693723
9023977	9024401
1945123	1945547
15429849	15430273
7418039	7418463
68164134	68164558
55844910	55845334
7068406	7068830
61947201	61947625
58308478	58308902
61787681	61788105
80345946	80346370
71307045	71307469
61981083	61981507
40219270	40219709
61523176	61523600
21181971	21182395
42295627	42296051
78226711	78227135
11167777	11168201
69457038	69457462
70598943	70599367
19370694	19370800
4529373	4529537
6757002	6757426
68548533	68548957
1670580	1671004
53626490	53626914
18059616	18060040
38579577	38580001
46306066	46306490
74679438	74679862
38346662	38347086
42749888	42750312
27054928	27055352
37991278	37991702
43182447	43182871
36765998	36766422
41950535	41950959
64306703	64307127
72838966	72839390
79301025	79301449
55479430	55479854
18070174	18070598
71122841	71123265
29593066	29593490
74469621	74470045
48474961	48475385
20896221	20896605
9689905	9690329
67354801	67355225
30393901	30394325
56332177	56332601
79870528	79870952
46031280	46031704
9705758	9706182
65858726	65859150
56174250	56174674
9547843	9548267
47354053	47354477
35774165	35774589
62923647	62924071
32505035	32505459
39675171	39675595
52503626	52504050
34446061	34446485
27911944	27912368
71211503	71211927
66288597	66289021
32645564	32645988
25856337	25856761
8554327	8554751
71591676	71592100
26693666	26694090
78258409	78258833
62934980	62935404
76113424	76113848
8736112	8736222
47918932	47919356
3911270	3911694
6323678	6324102
3595562	3595986
66507555	66507979
61756545	61756969
48112883	48113307
3239110	3239534
20961782	20962206
66902794	66903218
43799531	43799955
63215244	63215668
56604627	56605051
32633446	32633870
159106	159502
66323910	66324334
67054321	67054745
79150413	79150837
902291	902715
43096611	43097035
37021119	37021543
36886116	36886540
31325526	31325950
56026070	56026494
15880973	15881397
37402521	37402945
76170537	76170961
44270739	44270917
36176703	36177127
57037368	57037792
74103568	74103992
76186234	76186658
29773582	29774006
4922924	4923348
26697207	26697631
54042439	54042863
78944203	78944627
49713645	49714069
4060086	4060510
40599257	40599681
15349367	15349791
32016722	32017146
16935712	16936136
2325194	2325306
4464180	4464604
2951916	2952340
68097141	68097565
15164296	15164720
72472376	72472800
29339721	29340145
37234071	37234495
30065170	30065594
4270076	4270500
65624619	65625043
57611927	57612351
60805213	60805637
61926506	61926716
8104557	8104981
36536926	36537350
48228432	48228551
4454401	4454825
57513003	57513427
36204330	36204754
55131704	55132128
79071341	79071448
42281204	42281628
41176372	41176796
73885539	73885963
80086989	80087413
9671930	9672354
9599973	9600397
37073483	37073907
79885766	79886190
65272166	65272590
3454401	3454825
3978325	3978749
14995146	14995570
41401989	41402413
76134155	76134261
18224630	18225054
42978946	42979370
7249152	7249576
79494595	79495019
46639492	46639916
47929080	47929504
11775080	11775504
77965420	77965844
10252735	10253159
26901522	26901946
43099656	43099762
73513539	73513963
45967476	45967900
36097094	36097518
10600699	10601123
14716984	14717408
61575184	61575608
61159610	61160034
41426494	41426918
27435015	27435439
18086698	18087122
35969517	35969941
35798199	35798623
79276516	79276940
62962073	62962497
40708148	40708572
35249335	35249759
21307792	21308216
8024837	8025261
70462207	70462631
8059997	8060421
2315887	2316311
46937462	46937886
30789453	30789588
58185327	58185751
71581645	71582069
72838161	72838585
48171772	48172196
47109943	47110251
30530406	30530830
77785312	77785736
76171210	76171372
55911431	55911855
77775162	77775586
11531668	11532092
42659212	42659636
55994427	55994851
20129017	20129441
36736087	36736511
43275164	43275580
43094362	43094786
33416539	33416963
18281143	18281567
71253380	71253804
61958708	61959132
27919317	27919741
56293030	56293454
19225117	19225541
73815126	73815550
43324270	43324694
14106699	14107123
61519769	61520193
48775257	48775681
29868609	29869033
75396617	75397041
76346439	76346863
1068432	1068856
8649321	8649745
77297558	77297982
2740485	2740909
2362553	2362977
19703805	19704229
80438660	80439084
29852540	29852964
71463226	71463650
18935020	18935444
34097124	34097548
55497260	55497684
40683871	40684295
79678169	79678593
44068225	44068649
79526060	79526484
16654512	16654936
44899855	44900279
32291387	32291811
3676072	3676496
76685079	76685503
79679545	79679969
38632412	38632836
30241888	30242312
6334082	6334506
76626486	76626910
79378434	79378858
9370800	9371224
74299378	74299802
41408210	41408634
8477982	8478406
42839420	42839844
81153129	81153553
3719223	3719647
35125453	35125877
61988955	61989379
10446959	10447383
61190557	61190981
7458868	7459292
52831791	52832215
77751281	77751705
7744821	7745245
31969003	31969427
14715000	14715424
62736134	62736558
3936039	3936463
21341920	21342344
17753346	17753770
76765256	76765680
27944094	27944518
73515040	73515464
48133808	48134232
56385671	56386095
76819719	76820143
61984731	61985155
14099861	14100285
31082053	31082477
17655262	17655686
79447656	79448080
72114675	72115099
21240880	21241304
46740488	46740912
73768100	73768524
74366616	74367040
61981284	61981708
60770712	60771136
48619008	48619432
1073983	1074407
73002823	73003247
29543195	29543619
70073687	70074111
33583642	33584066
76342770	76343194
71583383	71583807
77763541	77763965
17773648	17774072
30920011	30920435
4103306	4103730
59079612	59080036
79312641	79313065
27052213	27052637
74184177	74184601
31096819	31097243
4486996	4487420
66573361	66573785
30462630	30463054
27044508	27044932
61995685	61996109
40161195	40161619
27041347	27041771
48211492	48211916
37132025	37132449
2239650	2240074
67719832	67720256
43743329	43743753
7536471	7536895
53353719	53354143
28625975	28626399
19518198	19518622
17720220	17720644
46174844	46175268
42283858	42284282
81153336	81153760
19770162	19770586
75204430	75204854
73494968	73495392
9579396	9579820
41810585	41811009
8237406	8237830
11884157	11884581
43741135	43741559
29151466	29151890
40705902	40706326
36489715	36490139
18228379	18228803
44024358	44024782
27610511	27610935
83055	83479
18400436	18400860
74052993	74053417
38292055	38292479
6746540	6746964
72915546	72915970
30668015	30668439
76386339	76386763
2916439	2916863
78958559	78958983
42344113	42344537
52250013	52250437
30937977	30938401
19450009	19450433
27138597	27139021
41442722	41443146
76036958	76037382
41891362	41891786
80163885	80164309
45331097	45331521
6797477	6797901
29705678	29706102
61523938	61524362
9549196	9549620
42406321	42406745
32801673	32802097
81034969	81035393
59807039	59807463
20350311	20350735
16409483	16409907
4636457	4636881
46844734	46845158
27573714	27574138
6193825	6194249
37331350	37331774
15857606	15858030
9811509	9811933
6138470	6138894
73702468	73702892
40333348	40333772
72919543	72919967
38242998	38243104
73059732	73060156
2833530	2833954
7998665	7999089
78729390	78729814
73769182	73769606
73286077	73286501
73259116	73259540
8103311	8103735
70657147	70657571
80374600	80375024
16190307	16190731
48055349	48055773
40434656	40435080
37245497	37245921
74185835	74186259
78864295	78864719
45908433	45908857
79031123	79031547
42713924	42714348
40282514	40282938
48458251	48458675
57991638	57992062
49927563	49927987
46690203	46690627
36918064	36918488
46101066	46101490
698039	698463
2299149	2299573
42589201	42589625
43253290	43253714
2628008	2628432
47693447	47693871
530249	530673
17688165	17688589
29042378	29042501
71646255	71646679
1998244	1998668
79486316	79486740
72376759	72377183
41131829	41132253
55749249	55749651
75252830	75253254
80605381	80605805
72529129	72529553
1973958	1974382
47536725	47537149
75724245	75724669
76202407	76202831
65268713	65269137
34899715	34900139
79660822	79661246
60493963	60494387
59558737	59559161
8079454	8079878
78361941	78362365
5035772	5036196
59540972	59541396
72888073	72888497
4596438	4596862
55817468	55817892
54671968	54672392
79371309	79371733
76824755	76825179
17545159	17545520
18754489	18754913
4837554	4837978
64286146	64286570
17569482	17569906
18226365	18226789
16823221	16823645
61483186	61483610
21428750	21429174
36381991	36382415
46600305	46600729
684594	685018
19648184	19648608
79865561	79865985
7911514	7911938
18144820	18145244
54804506	54804930
17349158	17349582
35014515	35014939
17909424	17909848
7080880	7081304
11200311	11200735
41505886	41506310
53254508	53254932
66782040	66782464
14591412	14591836
20799368	20799792
76358739	76359163
42060708	42061132
74244480	74244904
33415409	33415833
45803111	45803535
78868112	78868536
59426695	59427119
72569249	72569673
5184956	5185380
36978735	36979159
51110088	51110512
37079079	37079503
67521001	67521425
48223498	48223922
75687289	75687713
38136035	38136459
81143314	81143738
49788850	49789274
77898979	77899403
2605645	2606069
71556706	71557130
41856396	41856820
41323102	41323526
40760965	40761389
27688270	27688694
41496167	41496591
6119423	6119847
53828323	53828747
43238151	43238575
6925466	6925890
72959809	72960233
30239731	30240155
21415103	21415527
3626626	3627050
57542301	57542725
45925184	45925608
74590064	74590488
48555927	48556414
7405486	7405910
15554350	15554774
36381765	36382189
16349582	16350006
72781720	72782144
6652838	6653262
36612630	36613054
74777663	74778087
54382432	54382856
62021037	62021461
73610054	73610478
67242908	67243332
4823004	4823428
73770024	73770448
1520828	1521252
5697239	5697663
31848836	31849260
73873829	73874253
1994309	1994733
59556397	59556821
20163965	20164389
14672217	14672641
40896147	40896571
2377678	2378102
54828514	54828938
74536628	74537052
59078245	59078669
20097780	20098204
6284841	6285265
75602940	75603364
37821851	37822275
39013215	39013639
77022571	77022995
40828643	40829067
20697956	20698380
5650562	5650986
57971047	57971471
71642793	71643217
36297485	36297909
17120016	17120440
25879470	25879894
66015979	66016403
72984188	72984612
43301395	43301819
68626083	68626507
10538519	10538943
70468560	70468984
6135537	6135961
46212454	46212878
9685850	9686274
41830773	41831197
36313639	36314063
31978699	31979123
30567846	30568270
79822121	79822545
41030515	41030939
38599938	38600362
16825616	16826040
1617265	1617689
26940468	26940892
26654734	26655158
76485270	76485694
61484271	61484695
26276325	26276749
80020409	80020833
70767813	70768237
39933344	39933768
29395518	29395942
60953028	60953452
39957837	39958243
67488504	67488928
22100198	22100622
59504411	59504835
47331412	47331836
65659559	65659983
41276400	41276824
44913415	44913839
48254202	48254626
29044196	29044620
1802684	1803108
36819322	36819744
18601341	18601765
39852419	39852843
41446042	41446466
80735627	80736051
40183137	40183561
9803178	9803602
34458803	34459227
64197868	64198292
80055906	80056330
46340349	46340773
72565640	72566064
21277975	21278399
19552035	19552459
7254555	7254979
30462831	30463255
16487518	16487942
40555244	40555668
12933924	12934348
7319588	7320012
29710450	29710874
38601958	38602382
25334751	25335175
39573923	39574347
39780662	39781086
73268433	73268857
54074184	54074608
5325909	5326333
74385135	74385559
53960481	53960905
58242563	58242987
55576891	55577315
35194977	35195401
48883725	48884149
2273012	2273436
42085910	42086334
43476072	43476496
20752192	20752616
17805707	17806131
1575496	1575920
42027139	42027563
16360025	16360449
74561852	74562276
49776597	49777021
18265914	18266338
35425158	35425582
40817327	40817751
13522764	13523188
35578841	35579265
28667307	28667731
59652411	59652835
57969780	57970204
62702187	62702611
43725985	43726409
34452710	34453134
44344663	44345087
67209150	67209574
73795412	73795836
62093574	62093998
81025677	81026101
38470716	38471140
76879483	76879907
62133622	62134046
14205868	14206292
10130356	10130780
73285550	73285974
62132545	62132969
45819983	45820407
16924496	16924920
42296351	42296775
48529304	48529728
65374164	65374588
13017994	13018418
77881006	77881430
36715658	36716082
67063792	67064216
7977117	7977541
48698122	48698546
46583605	46584029
8694534	8694958
26819470	26819894
80871533	80871957
11294472	11294896
62709117	62709541
73019731	73020155
66259422	66259846
42486628	42487052
38984275	38984699
44138902	44139326
72846014	72846438
17855960	17856384
37123317	37123741
70341702	70342126
66790684	66791108
53381030	53381454
21276918	21277342
80256050	80256474
43045945	43046369
28530367	28530791
26902487	26902911
61503688	61504112
76994469	76994893
38474898	38475322
35212566	35212990
76303914	76304338
37126962	37127386
29732929	29733353
43333910	43334334
4142953	4143377
79949501	79949925
79827135	79827559
66535611	66536035
37248491	37248915
27618353	27618777
8090815	8091239
19989627	19990051
3798345	3798769
67353801	67354225
38473787	38474211
71243848	71244272
17763519	17763933
46713773	46714197
26674946	26675370
73468161	73468585
26369426	26369850
79319030	79319454
19804180	19804604
38870707	38871131
1171718	1172142
4161742	4162166
2427473	2427897
10366689	10367113
27369614	27370038
15822380	15822804
38028929	38029353
20901044	20901468
43383990	43384414
64300415	64300839
13844307	13844731
79916574	79916998
55187224	55187648
73119972	73120396
36891523	36891947
49617487	49617911
29298088	29298512
80316267	80316691
38347882	38348306
58083032	58083456
63552686	63553110
44270810	44271234
27033452	27033876
61943617	61944041
26734489	26734913
5388800	5389224
41867581	41868005
61641968	61642392
77675760	77676184
65555489	65555913
63181726	63182150
28281491	28281915
19337260	19337684
6049198	6049622
38718131	38718555
66395159	66395571
27230011	27230476
33168487	33168911
47076413	47076837
56672570	56672994
80451842	80452266
72764638	72765062
8147084	8147508
77015780	77016204
26080107	26080531
36939475	36939899
75102780	75103204
60494162	60494586
38497396	38497820
10417008	10417432
44048936	44049360
26665089	26665513
62063099	62063523
16917761	16918185
58306774	58307198
31268483	31268907
69114194	69114618
74379799	74380223
7146322	7146746
77295481	77295905
62103333	62103757
54334441	54334865
9777983	9778407
18281348	18281772
77781071	77781495
77743319	77743743
43042700	43043124
73198008	73198432
2731882	2732306
65624819	65625243
29319469	29319893
36724523	36724947
64036449	64036873
7516962	7517386
40464179	40464603
1544243	1544667
73032553	73032977
46908361	46908785
63257300	63257724
62598714	62599138
30669993	30670417
75119682	75120106
66284880	66285304
34819666	34820090
6180028	6180452
44843922	44844346
10301667	10302091
4444827	4445251
16340510	16340934
71338702	71339126
61064685	61065109
40069135	40069559
6330389	6330813
19173812	19174236
77038449	77038865
37309772	37310196
7339043	7339467
47592814	47593238
60758013	60758437
18935287	18935711
81057209	81057633
38175835	38176259
74582107	74582531
55446315	55446739
4800058	4800482
21191936	21192360
19230256	19230680
32473682	32474106
72150127	72150551
8157294	8157718
43906023	43906447
53662984	53663408
20727266	20727690
66979485	66979909
74543588	74544012
38130704	38131128
40395636	40396060
38573391	38573815
74022888	74023312
38285728	38286152
36021644	36022068
37861020	37861444
41408411	41408835
80209794	80210218
81080213	81080637
41034609	41035033
73611475	73611899
26555410	26555834
34957610	34958034
54872485	54872909
55860830	55861254
7155502	7155926
80307918	80308342
60767465	60767889
26988596	26989020
31849620	31850044
28338776	28339200
78456458	78456882
66630481	66630905
19247161	19247585
62083037	62083461
70584175	70584599
1521055	1521479
72383786	72384210
8889479	8889903
68371441	68371865
61567538	61567962
12570659	12571083
62492519	62492943
36663897	36664321
61562008	61562432
78747468	78747892
70451639	70452063
4726572	4726996
26565900	26566324
63419476	63419900
42287624	42288048
65470511	65470935
46220925	46221349
76326750	76327174
42299945	42300369
25782805	25783229
55833087	55833511
10782414	10782838
42910234	42910658
80064323	80064747
55984226	55984650
36713473	36713897
48145444	48145868
42151685	42152109
73408851	73409275
39677886	39678310
64563316	64563733
62159076	62159500
11825915	11826339
79412591	79413015
77078902	77079326
64708524	64708948
27440211	27440635
